04_184A014/bm_kuusi_neulaset.asc
ncols 186
nrows 177
xllcorner 610464
yllcorner 6870672
cellsize 16
nodata_value -9999
[rows 74 to 110 of 177, columns 0 to 83 of 186]
-9999 -9999 -9999 -9999 -9999 -9999 -9999 -9999 -9999 -9999 -9999 -9999 -9999 -9999 -9999 -9999 -9999 -9999 -9999 -9999 -9999 -9999 -9999 -9999 -9999 -9999 -9999 -9999 -9999 -9999 -9999 -9999 -9999 2 2 125 59 0 0 4 46 125 156 110 92 157 186 222 1810 1810 1810 1810 1810 1810 1810 1810 1810 1810 1810 1810 1810 1810 1810 1810 1810 1810 1810 1810 1810 1810 1810 1810 1060 1060 1060 1060 1060 1810 1810 1810 1810 1810 1810 11860
-9999 -9999 -9999 -9999 -9999 -9999 -9999 -9999 -9999 -9999 -9999 -9999 -9999 -9999 -9999 -9999 -9999 -9999 -9999 -9999 -9999 -9999 -9999 -9999 -9999 -9999 -9999 -9999 -9999 -9999 -9999 -9999 0 0 0 2 2 0 73 6 82 0 152 101 100 102 176 183 208 1810 1810 1810 1810 1810 1810 1810 1810 1810 1810 1810 1060 1060 1060 1060 1060 1060 1060 1810 1810 1810 1810 1060 1060 1060 1060 1060 1060 1060 1060 1060 1060 11860 11860 11860
-9999 -9999 -9999 -9999 -9999 -9999 -9999 -9999 -9999 -9999 -9999 -9999 -9999 -9999 -9999 -9999 -9999 -9999 -9999 -9999 -9999 -9999 -9999 -9999 -9999 -9999 -9999 -9999 -9999 -9999 -9999 -9999 121 157 116 2 3 0 4 91 142 73 0 241 126 94 189 179 196 281 1810 1810 1810 1810 1060 1060 1060 1060 1060 1060 1060 1060 1060 1060 1060 1060 1060 1060 1810 1060 1060 1060 1060 1060 1060 1060 1060 1060 1060 1060 1060 1060 1060 1060
-9999 -9999 -9999 -9999 -9999 -9999 -9999 -9999 -9999 -9999 -9999 -9999 -9999 -9999 -9999 -9999 -9999 -9999 -9999 -9999 -9999 -9999 -9999 -9999 -9999 -9999 -9999 -9999 -9999 -9999 -9999 -9999 155 29 24 0 126 100 96 170 291 159 61 272 243 122 120 160 177 187 386 178 1810 1060 1060 1060 1060 1060 1060 1060 1060 1060 1060 1060 1060 1060 1060 1060 1060 1060 1060 1060 1060 1060 1060 1060 1060 1060 1060 1060 1060 1060 1060 1060
-9999 -9999 -9999 -9999 -9999 -9999 -9999 -9999 -9999 -9999 -9999 -9999 -9999 -9999 -9999 -9999 -9999 -9999 -9999 -9999 -9999 -9999 -9999 -9999 -9999 -9999 -9999 -9999 -9999 -9999 -9999 0 0 0 0 0 48 145 115 169 244 292 296 282 240 143 177 187 173 173 190 205 -9999 1060 1060 1060 1060 1060 1060 1060 1060 1060 1060 1060 1060 1060 1060 1060 1060 1060 1060 1060 1060 1060 1060 1060 1060 1060 1060 1060 1060 1060 1060 1060
-9999 -9999 -9999 -9999 -9999 -9999 -9999 -9999 -9999 -9999 -9999 -9999 -9999 -9999 -9999 -9999 -9999 -9999 -9999 -9999 -9999 -9999 -9999 -9999 -9999 -9999 -9999 -9999 -9999 -9999 164 149 121 0 0 2 85 109 132 124 238 201 240 244 234 176 201 193 153 168 175 106 -9999 1060 1060 1060 1060 1060 1060 1060 1060 1060 1060 1060 1060 1060 1060 1060 1060 1060 1060 1060 1060 1060 1060 1060 1060 1060 1060 1060 1060 1060 1060 1060
-9999 -9999 -9999 -9999 -9999 -9999 -9999 -9999 -9999 -9999 -9999 -9999 -9999 -9999 -9999 -9999 -9999 -9999 -9999 -9999 -9999 -9999 -9999 -9999 -9999 -9999 -9999 -9999 -9999 -9999 176 30 0 0 0 2 82 93 119 185 219 95 185 117 133 269 160 404 505 458 -9999 -9999 -9999 -9999 1060 1060 1060 1060 1060 1060 1060 1060 1060 1060 1060 1060 1060 1060 1060 1060 1060 1060 1060 1060 1060 1060 1060 1060 1060 1060 1060 1060 1060 1060
-9999 -9999 -9999 -9999 -9999 -9999 -9999 -9999 -9999 -9999 -9999 -9999 -9999 -9999 -9999 -9999 -9999 -9999 -9999 -9999 -9999 -9999 -9999 -9999 -9999 -9999 -9999 -9999 -9999 -9999 271 29 0 0 0 0 52 91 108 2 3 86 91 49 239 121 94 159 175 6760 6760 6760 6760 6760 1060 1060 1060 1060 1060 1060 1060 1060 1060 1060 1060 1060 1060 1060 1060 1060 1060 1060 1060 1060 1060 1060 1060 1060 1060 1060 1060 1060 1060 1060
-9999 -9999 -9999 -9999 -9999 -9999 -9999 -9999 -9999 -9999 -9999 -9999 -9999 -9999 -9999 -9999 -9999 -9999 -9999 -9999 -9999 -9999 -9999 -9999 -9999 -9999 -9999 -9999 -9999 -9999 156 0 0 0 0 0 3 4 5 75 2 84 93 85 107 -9999 221 0 6760 6760 6760 6760 6760 6760 6760 6760 6760 1060 1060 1060 1060 1060 1060 1060 1060 1060 1060 1060 1060 1060 1060 1060 1060 1060 1060 1060 1060 1060 1060 1060 1060 1060 1060 1060
-9999 -9999 -9999 -9999 -9999 -9999 -9999 -9999 -9999 -9999 -9999 -9999 -9999 -9999 -9999 -9999 -9999 -9999 -9999 -9999 -9999 -9999 -9999 -9999 -9999 -9999 -9999 -9999 -9999 148 153 116 0 0 0 0 0 2 5 2 63 98 111 93 81 3030 3030 3030 6760 6760 6760 6760 6760 6760 6760 6760 6760 6760 6760 1060 1060 1060 1060 1060 1060 1060 1060 1060 1060 1060 1060 1060 1060 1060 1060 1060 1060 1060 1060 1060 1060 1060 1060 1060
-9999 -9999 -9999 -9999 -9999 -9999 -9999 -9999 -9999 -9999 -9999 -9999 -9999 -9999 -9999 -9999 -9999 -9999 -9999 -9999 -9999 -9999 -9999 -9999 -9999 -9999 -9999 245 210 131 124 92 0 0 0 0 0 0 2 2 2 99 109 105 3030 3030 3030 1240 1240 1240 6760 6760 6760 6760 6760 6760 6760 6760 6760 1060 1060 1060 1060 1060 1060 1060 1060 1060 1060 1060 1060 1060 1060 1060 1060 1060 1060 1060 1060 1060 1060 1060 1060 1060
-9999 -9999 -9999 -9999 -9999 -9999 -9999 -9999 -9999 -9999 -9999 -9999 -9999 -9999 -9999 -9999 -9999 -9999 -9999 -9999 -9999 -9999 -9999 -9999 -9999 -9999 416 468 332 145 104 0 0 0 0 0 0 2 2 2 6 94 109 104 3030 3030 3030 1240 1240 1240 1240 6760 6760 6760 1240 1240 1240 1240 1240 6760 1060 1060 1060 1060 1060 1060 1060 1060 1060 1060 1060 1060 1060 1060 1060 1060 1060 1060 1060 1060 1060 1060 1060 1060
-9999 -9999 -9999 -9999 -9999 -9999 -9999 -9999 -9999 -9999 -9999 -9999 -9999 -9999 -9999 -9999 -9999 -9999 -9999 -9999 -9999 -9999 -9999 -9999 -9999 459 405 456 334 116 0 0 0 2 0 0 2 3 2 3 5 82 126 168 3030 3030 3030 1240 1240 1240 1240 6760 6760 1240 1240 1240 1240 1240 1240 1240 6760 1060 700 1060 1060 1060 1060 1060 1060 1060 1060 1060 1060 1060 1060 1060 1060 1060 1060 1060 1060 1060 1060 1060
-9999 -9999 -9999 -9999 -9999 -9999 -9999 -9999 -9999 -9999 -9999 -9999 -9999 -9999 -9999 -9999 -9999 -9999 -9999 -9999 -9999 -9999 128 358 355 452 430 461 224 0 0 0 0 2 2 0 2 53 3 3 5 135 126 186 3030 3030 3030 1240 1240 1240 1240 1240 1240 1240 1240 1240 1240 1240 1240 11890 11890 -9999 -9999 700 700 1060 1060 1060 1060 1060 1060 1060 1060 1060 1060 1060 1060 1060 1060 1060 1060 1060 1060 1060
-9999 -9999 -9999 -9999 -9999 -9999 -9999 -9999 -9999 -9999 -9999 -9999 -9999 -9999 -9999 -9999 -9999 -9999 -9999 -9999 -9999 -9999 186 186 333 422 354 238 160 0 0 0 0 2 2 2 2 3 3 5 5 136 162 225 3030 3030 3030 1240 1240 1240 1240 1240 1240 1240 1240 1240 1240 1240 1240 11890 11890 11890 -9999 700 700 700 1060 1060 1060 1060 1060 1060 1060 1060 1060 1060 1060 1060 1060 1060 1060 1060 1060 1060
-9999 -9999 -9999 -9999 -9999 -9999 -9999 -9999 -9999 -9999 -9999 -9999 -9999 -9999 -9999 -9999 -9999 -9999 -9999 -9999 -9999 -9999 285 245 330 405 367 205 0 87 95 0 0 0 2 2 3 3 3 5 2 89 149 215 3030 3030 3030 1240 1240 1240 1240 1240 1240 1240 1240 1240 1240 1240 11890 11890 11890 11890 11890 11890 -9999 700 700 700 1060 1060 1060 1060 1060 1060 1060 1060 1060 1060 1060 1060 1060 1060 1060 1060
-9999 -9999 -9999 -9999 -9999 -9999 -9999 -9999 -9999 -9999 -9999 -9999 -9999 -9999 -9999 -9999 -9999 -9999 -9999 -9999 -9999 435 268 359 355 346 170 0 0 199 2 2 0 0 2 2 3 3 3 2 2 5 4 -9999 3030 3030 3030 3030 7660 7660 7660 7660 7660 1240 1240 1240 1240 1240 11890 11890 11890 11890 11890 11890 11890 -9999 700 700 700 1060 1060 1060 1060 1060 1060 1060 1060 1060 1060 1060 1060 1060 1060 1060
-9999 -9999 -9999 -9999 -9999 -9999 -9999 -9999 -9999 -9999 -9999 -9999 -9999 -9999 -9999 -9999 -9999 -9999 -9999 -9999 -9999 330 279 346 237 219 123 130 89 87 2 2 103 0 0 2 113 3 3 2 2 5 5 49 3030 3030 3030 3030 7660 7660 7660 7660 7660 7660 7660 1240 1240 1240 11890 11890 11890 11890 11890 11890 11890 11890 -9999 700 700 700 1060 1060 1060 1060 1060 1060 1060 1060 1060 1060 1060 1060 1060 1060
-9999 -9999 -9999 -9999 -9999 -9999 -9999 -9999 -9999 -9999 -9999 -9999 -9999 -9999 -9999 -9999 -9999 -9999 -9999 -9999 -9999 7 48 132 0 28 115 0 92 129 2 2 0 0 0 2 3 3 3 2 2 2 2 5 5 3030 0 3030 3030 374 379 7660 7660 7660 7660 7660 7660 7660 7660 11890 11890 11890 11890 11890 11890 11890 11890 -9999 700 700 700 700 700 1060 1060 1060 1060 1060 1060 1060 1060 1060 1060 1060
-9999 -9999 -9999 -9999 -9999 -9999 -9999 -9999 -9999 -9999 -9999 -9999 -9999 -9999 -9999 -9999 -9999 -9999 -9999 -9999 -9999 143 0 0 0 0 94 93 2 2 2 91 102 124 106 0 2 3 3 2 2 148 2 2 5 3 0 10 82 34 38 32 137 387 7660 7660 7660 7660 7660 11890 11890 11890 11890 11890 11890 11890 11890 11890 -9999 700 700 700 700 700 1060 1060 1060 1060 1060 1060 1060 1060 1060 1060
-9999 -9999 -9999 -9999 -9999 -9999 -9999 -9999 -9999 -9999 -9999 -9999 -9999 -9999 -9999 -9999 -9999 -9999 -9999 -9999 -9999 313 177 0 0 90 93 2 3 3 105 98 0 0 0 0 2 3 3 190 2 2 2 2 2 6 134 120 0 61 65 73 116 288 231 7660 7660 7660 7660 11890 11890 11890 11890 11890 11890 11890 11890 11890 11890 -9999 700 700 700 700 700 1060 1060 1060 1060 1060 1060 1060 1060 1060
-9999 -9999 -9999 -9999 -9999 -9999 -9999 -9999 -9999 -9999 -9999 -9999 -9999 -9999 -9999 -9999 -9999 -9999 -9999 -9999 -9999 298 157 113 82 0 2 85 71 3 2 2 0 168 29 0 0 3 3 2 2 2 2 2 2 3 77 142 0 93 116 163 167 329 358 378 380 11890 11890 11890 11890 11890 11890 11890 11890 11890 11890 11890 11890 11890 -9999 700 700 700 700 700 1060 1060 1060 1060 1060 1060 1060 1060
-9999 -9999 -9999 -9999 -9999 -9999 -9999 -9999 -9999 -9999 -9999 -9999 -9999 -9999 -9999 -9999 -9999 -9999 -9999 -9999 -9999 157 0 68 88 0 0 185 76 3 2 91 0 164 165 0 2 3 3 52 2 2 2 3 3 3 3 139 181 140 168 248 236 214 231 408 509 11890 11890 11890 11890 11890 11890 11890 11890 11890 11890 11890 11890 11890 -9999 700 700 700 700 700 1490 1060 1060 1060 1060 1060 1060 1060
-9999 -9999 -9999 -9999 -9999 -9999 -9999 -9999 -9999 -9999 -9999 -9999 -9999 -9999 -9999 -9999 -9999 -9999 -9999 -9999 -9999 159 0 92 0 87 66 77 122 3 2 0 28 30 0 0 2 3 3 56 125 54 3 54 3 189 3 3 183 150 58 229 185 176 215 378 442 11890 11890 11890 11890 11890 11890 11890 11890 11890 11890 11890 11890 11890 11890 700 700 700 700 1490 1490 1060 1060 1060 1060 1060 1060 1060
-9999 -9999 -9999 -9999 -9999 -9999 -9999 -9999 -9999 -9999 -9999 -9999 -9999 -9999 -9999 -9999 -9999 -9999 -9999 -9999 -9999 0 96 113 0 0 94 74 81 3 84 114 0 0 0 91 2 3 3 3 165 3 3 3 54 123 2 3 3 81 2 117 235 181 175 157 403 448 11890 11890 11890 11890 11890 11890 11890 11890 11890 11890 11890 11890 11890 700 700 700 1490 1490 1490 1490 1490 1490 1060 1060 1060 1490
-9999 -9999 -9999 -9999 -9999 -9999 -9999 -9999 -9999 -9999 -9999 -9999 -9999 -9999 -9999 -9999 -9999 -9999 -9999 -9999 -9999 0 100 91 0 99 96 77 3 76 90 0 0 33 95 114 6 3 6 3 125 3 3 3 3 3 68 3 3 3 142 0 110 222 212 211 228 452 11890 11890 11890 11890 11890 11890 11890 11890 11890 11890 11890 11890 11890 -9999 700 1490 1490 1490 1490 1490 1490 1490 1490 1490 1490 1490
-9999 -9999 -9999 -9999 -9999 -9999 -9999 -9999 -9999 -9999 -9999 -9999 -9999 -9999 -9999 -9999 -9999 -9999 -9999 -9999 -9999 0 102 2 74 85 148 141 2 148 142 61 103 170 294 102 93 2 6 3 3 3 73 71 3 72 3 2 2 2 81 124 0 155 211 220 163 227 474 11890 11890 11890 11890 11890 11890 11890 11890 11890 11890 11890 11890 -9999 1490 1490 1490 1490 1490 1490 1490 1490 1490 1490 1490 1490
-9999 -9999 -9999 -9999 -9999 -9999 -9999 -9999 -9999 -9999 -9999 -9999 -9999 -9999 -9999 -9999 -9999 -9999 -9999 -9999 104 114 2 2 3 178 110 112 142 300 242 267 210 155 105 95 161 3 82 77 3 3 68 70 6 3 6 2 2 2 6 72 45 57 103 211 172 374 401 410 11890 11890 11890 11890 11890 11890 11890 11890 11890 11890 11890 -9999 1490 1490 1490 1490 1490 1490 1490 1490 1490 1490 1490 1490
-9999 -9999 -9999 -9999 -9999 -9999 -9999 -9999 -9999 -9999 -9999 -9999 -9999 -9999 -9999 -9999 -9999 -9999 -9999 -9999 114 113 80 3 87 74 147 85 215 232 471 423 91 99 89 85 3 79 131 79 3 3 3 3 5 2 75 75 2 6 6 2 71 0 95 206 227 384 399 401 458 11890 11890 11890 11890 11890 11890 11890 11890 11890 -9999 6990 6990 1490 1490 1490 1490 1490 1490 1490 1490 1490 1490 1490
-9999 -9999 -9999 -9999 -9999 -9999 -9999 -9999 -9999 -9999 -9999 -9999 -9999 -9999 -9999 -9999 -9999 -9999 -9999 -9999 -9999 98 0 236 224 479 405 449 477 390 270 242 145 49 2 79 81 3 81 3 3 3 2 2 2 2 2 2 81 2 2 6 57 134 55 112 162 394 374 408 414 448 11890 11890 11890 11890 11890 11890 11890 -9999 6990 6990 1490 1490 1490 1490 1490 1490 1490 1490 1490 1490 1490 1490
-9999 -9999 -9999 -9999 -9999 -9999 -9999 -9999 -9999 -9999 -9999 -9999 -9999 -9999 -9999 -9999 -9999 -9999 -9999 -9999 92 0 56 307 208 95 125 328 412 249 241 236 145 176 136 144 85 3 3 78 6 2 2 2 2 2 2 2 73 88 86 93 113 96 58 61 109 110 390 475 411 387 11890 11890 11890 11890 11890 11890 -9999 6990 6990 1490 1490 1490 1490 1490 1490 1490 1490 1490 1490 1490 1490 1490
-9999 -9999 -9999 -9999 -9999 -9999 -9999 -9999 -9999 -9999 -9999 -9999 -9999 -9999 -9999 -9999 -9999 -9999 -9999 -9999 91 0 0 0 64 65 369 330 174 172 254 147 53 138 140 143 79 73 3 3 3 2 2 3 2 2 2 0 0 87 88 134 107 157 75 11 66 159 237 459 472 316 2560 11890 11890 11890 11890 6990 6990 6990 6990 6990 1490 1490 1490 1490 1490 1490 1490 1490 1490 1490 1490 1490
-9999 -9999 -9999 -9999 -9999 -9999 -9999 -9999 -9999 -9999 -9999 -9999 -9999 -9999 -9999 -9999 -9999 -9999 -9999 -9999 -9999 91 43 0 54 0 55 64 99 65 154 188 144 244 161 136 173 79 139 80 2 2 82 0 87 91 85 81 86 104 112 98 59 59 53 0 0 98 198 455 396 462 2560 2560 2560 2560 -9999 6990 6990 6990 6990 6990 1490 1490 1490 1490 1490 1490 1490 1490 1490 1490 1490 1490
-9999 -9999 -9999 -9999 -9999 -9999 -9999 -9999 -9999 -9999 -9999 -9999 -9999 -9999 -9999 -9999 -9999 -9999 -9999 -9999 -9999 86 90 98 64 60 55 0 0 144 146 143 154 198 152 6 177 53 52 230 101 84 103 109 98 97 105 96 105 93 137 136 4 3 3 0 0 0 2560 2560 2560 2560 2560 2560 2560 2560 6990 6990 6990 6990 6990 1490 1490 1490 1490 1490 1490 1490 1490 1490 1490 1490 1490 1490
-9999 -9999 -9999 -9999 -9999 -9999 -9999 -9999 -9999 -9999 -9999 -9999 -9999 -9999 -9999 -9999 -9999 -9999 -9999 -9999 -9999 96 147 142 232 157 67 60 0 6 6 49 110 112 121 64 139 140 289 207 139 105 127 174 191 206 109 103 113 104 98 143 4 0 0 0 24 2560 2560 2560 2560 2560 2560 2560 2560 -9999 6990 6990 6990 6990 1490 1490 1490 1490 1490 1490 1490 1490 1490 1490 1490 1490 1490 1490
-9999 -9999 -9999 -9999 -9999 -9999 -9999 -9999 -9999 -9999 -9999 -9999 -9999 -9999 -9999 -9999 -9999 -9999 -9999 -9999 -9999 -9999 231 64 195 168 250 249 198 227 56 238 82 108 51 74 63 105 171 247 110 161 203 246 251 220 155 168 181 109 142 154 43 0 159 171 172 2560 2560 2560 2560 2560 2560 2560 2560 -9999 6990 6990 6990 6990 1490 1490 1490 1490 1490 1490 1490 1490 1490 1490 1490 1490 1490 1490
-9999 -9999 -9999 -9999 -9999 -9999 -9999 -9999 -9999 -9999 -9999 -9999 -9999 -9999 -9999 -9999 -9999 -9999 -9999 -9999 -9999 -9999 170 166 162 156 203 204 62 73 83 99 28 0 54 95 57 106 174 264 216 266 226 286 272 282 114 164 158 63 58 34 0 27 265 171 258 283 2560 2560 2560 2560 2560 2560 2560 6990 6990 6990 6990 1490 1490 6990 6990 6990 6990 6990 1490 1490 1490 1490 1490 1490 1490 1490
