04_184A014/bm_kuusi_neulaset.asc
ncols 186
nrows 177
xllcorner 610464
yllcorner 6870672
cellsize 16
nodata_value -9999
[rows 111 to 147 of 177, columns 0 to 83 of 186]
-9999 -9999 -9999 -9999 -9999 -9999 -9999 -9999 -9999 -9999 -9999 -9999 -9999 -9999 -9999 -9999 -9999 -9999 -9999 -9999 -9999 -9999 169 173 168 60 90 93 0 0 0 93 12 0 32 32 70 108 176 259 267 259 155 215 193 195 55 45 46 49 0 125 29 28 258 169 258 190 215 2560 2560 2560 2560 2560 2560 6990 6990 6990 6990 1490 6990 6990 6990 6990 6990 6990 6990 1490 1490 1490 1490 1490 1490 1490
-9999 -9999 -9999 -9999 -9999 -9999 -9999 -9999 -9999 -9999 -9999 -9999 -9999 -9999 -9999 -9999 -9999 -9999 -9999 -9999 -9999 -9999 -9999 152 98 56 0 0 0 53 0 96 94 68 32 0 96 160 178 374 446 264 216 123 4 0 0 0 0 27 145 165 278 270 183 259 258 277 0 2560 2560 2560 2560 2560 -9999 6990 6990 6990 6990 6990 6990 6990 6990 6990 6990 6990 6990 1490 1490 1490 1490 1490 1490 1490
-9999 -9999 -9999 -9999 -9999 -9999 -9999 -9999 -9999 -9999 -9999 -9999 -9999 -9999 -9999 -9999 -9999 -9999 -9999 -9999 -9999 -9999 83 94 102 85 31 0 0 32 91 96 102 97 32 0 70 162 170 394 398 400 252 4 5 0 266 261 261 354 264 264 178 186 268 234 229 266 760 760 760 12710 12710 2560 -9999 6990 6990 6990 6990 6990 1720 6990 6990 6990 6990 6990 6990 1490 1490 1490 1490 1490 1490 1490
-9999 -9999 -9999 -9999 -9999 -9999 -9999 -9999 -9999 -9999 -9999 -9999 -9999 -9999 -9999 -9999 -9999 -9999 -9999 -9999 -9999 57 63 153 160 253 351 361 173 98 101 148 99 90 0 0 55 101 72 206 252 156 70 523 19 318 266 257 244 264 270 186 176 243 156 249 232 273 760 760 760 12710 12710 12710 12710 1720 1720 1720 6990 6990 1720 6990 6990 6990 6990 6990 6990 1490 1490 1490 1490 1490 1490 1490
-9999 -9999 -9999 -9999 -9999 -9999 -9999 -9999 -9999 -9999 -9999 -9999 -9999 -9999 -9999 -9999 -9999 -9999 -9999 -9999 -9999 159 159 158 173 352 118 245 351 354 180 155 105 47 0 0 0 0 0 0 58 354 320 0 336 434 239 259 257 175 265 268 259 160 243 247 248 282 760 760 12710 12710 12710 12710 12710 -9999 1720 1720 1720 1720 1720 6990 6990 6990 6990 6990 6990 1490 1490 1490 1490 1490 1490 1490
-9999 -9999 -9999 -9999 -9999 -9999 -9999 -9999 -9999 -9999 -9999 -9999 -9999 -9999 -9999 -9999 -9999 -9999 -9999 -9999 381 198 257 195 135 104 563 70 105 326 102 148 180 244 157 143 0 120 156 160 152 135 310 365 469 274 278 275 273 365 363 272 269 247 161 169 254 760 760 760 12710 12710 12710 12710 -9999 12750 -9999 -9999 1720 1720 1720 6990 6990 6990 6990 6990 6990 6990 1490 1490 1490 1490 1490 1490
-9999 -9999 -9999 -9999 -9999 -9999 -9999 -9999 -9999 -9999 -9999 -9999 -9999 -9999 -9999 -9999 -9999 -9999 -9999 -9999 356 134 70 329 96 207 244 3 268 314 132 92 70 73 160 99 0 29 174 190 196 282 249 273 281 279 270 406 279 266 326 262 251 238 180 247 74 760 760 12710 12710 12710 12710 12710 12710 12750 12750 12750 -9999 1720 1720 6990 6990 6990 6990 6990 6990 6990 6990 6990 1490 1490 1490 1490
-9999 -9999 -9999 -9999 -9999 -9999 -9999 -9999 -9999 -9999 -9999 -9999 -9999 -9999 -9999 -9999 -9999 -9999 -9999 -9999 103 77 95 176 11 285 322 82 66 71 265 165 372 236 58 332 137 109 177 212 233 213 218 202 281 262 264 171 262 226 220 221 237 158 196 202 760 760 760 12710 12710 12710 12710 12710 12710 12750 12750 12750 12750 12750 -9999 1720 6990 6990 6990 6990 6990 6990 6990 6990 6990 1490 1490 1490
-9999 -9999 -9999 -9999 -9999 -9999 -9999 -9999 -9999 -9999 -9999 -9999 -9999 -9999 -9999 -9999 -9999 -9999 -9999 -9999 321 90 77 640 38 40 172 87 40 72 183 18 237 284 109 331 68 240 185 144 184 222 226 293 193 185 271 174 260 244 223 220 158 198 190 0 760 760 760 12710 760 12710 12710 12710 12710 12710 12750 12750 12750 12750 12750 -9999 6990 6990 6990 6990 6990 6990 6990 6990 6990 6990 1490 1490
-9999 -9999 -9999 -9999 -9999 -9999 -9999 -9999 -9999 -9999 -9999 -9999 -9999 -9999 -9999 -9999 -9999 -9999 -9999 102 174 264 178 196 77 -9999 0 192 236 20 4 11 74 414 174 91 61 142 157 113 191 26 289 296 203 265 265 259 163 254 248 174 291 0 206 2 760 760 760 760 12710 12710 12710 12710 12710 12710 12750 12750 12750 12750 12750 12750 12750 -9999 6990 6990 6990 6990 6990 6990 6990 6990 5600 5600
-9999 -9999 -9999 -9999 -9999 -9999 -9999 -9999 -9999 -9999 -9999 -9999 -9999 -9999 -9999 -9999 -9999 -9999 -9999 103 176 151 95 171 83 -9999 -9999 384 525 130 228 203 299 106 301 108 159 251 229 214 6 102 27 201 269 186 247 242 183 250 274 183 0 197 46 760 760 760 760 2090 6730 12710 12710 12710 12710 12710 12710 12750 12750 12750 12750 12750 12750 12750 -9999 -9999 6990 6990 6990 6990 6990 5600 5600 5600
-9999 -9999 -9999 -9999 -9999 -9999 -9999 -9999 -9999 -9999 -9999 -9999 -9999 -9999 -9999 -9999 -9999 -9999 12 103 94 72 93 316 71 5 60 195 248 335 126 295 281 144 27 93 98 176 271 379 80 4 2 24 157 182 178 174 166 191 187 2 6 760 760 760 760 760 760 2090 6730 12710 12710 12710 12710 12710 12710 12710 12710 12750 12750 12750 12750 12750 12750 12750 -9999 6990 6990 6990 22690 5600 5600 5600
-9999 -9999 -9999 -9999 -9999 -9999 -9999 -9999 -9999 -9999 -9999 -9999 -9999 -9999 -9999 -9999 -9999 -9999 110 102 324 37 95 212 73 -9999 98 265 226 116 379 339 382 352 300 341 99 24 291 144 33 78 5 58 0 0 264 175 278 187 0 -9999 760 760 760 760 760 760 760 760 2090 6730 12710 12710 12710 12710 12710 12710 12710 12750 1850 1850 12750 12750 12750 12750 12750 12750 -9999 22690 22690 22690 22690 22690
-9999 -9999 -9999 -9999 -9999 -9999 -9999 -9999 -9999 -9999 -9999 -9999 -9999 -9999 -9999 -9999 -9999 177 180 104 87 377 427 351 22 -9999 134 76 99 430 407 338 380 357 370 386 350 354 91 96 389 353 57 73 0 120 0 200 197 1850 1850 1850 1850 760 760 760 760 760 760 760 760 2090 2090 6730 12710 12710 12710 12710 12710 1850 1850 1850 12750 12750 12750 12750 12750 12750 12750 -9999 22690 22690 22690 22690
-9999 -9999 -9999 -9999 -9999 -9999 -9999 -9999 -9999 -9999 -9999 -9999 -9999 -9999 -9999 -9999 104 169 170 172 168 98 22 467 74 -9999 73 158 106 393 361 428 403 381 387 257 258 472 397 390 397 353 0 59 39 146 0 145 1850 1850 1850 1850 1850 1850 760 760 760 760 760 760 760 760 2090 2090 6730 6730 6730 6730 6730 1850 1850 1850 12750 12750 12750 12750 12750 12750 12750 12750 12750 -9999 22690 22690
-9999 -9999 -9999 -9999 -9999 -9999 -9999 -9999 -9999 -9999 -9999 -9999 -9999 -9999 -9999 84 99 104 121 360 382 167 104 86 35 -9999 62 159 204 367 347 73 233 257 34 35 26 120 0 0 0 0 0 5 6 169 6090 6090 1850 1850 1850 1850 1850 1850 1850 760 760 760 760 760 760 760 760 2090 2090 2090 6730 2090 2090 1850 1850 1850 1850 1850 1850 12750 12750 12750 12750 12750 12750 12750 -9999 -9999
-9999 -9999 -9999 -9999 -9999 -9999 -9999 -9999 -9999 -9999 -9999 -9999 -9999 -9999 0 0 86 98 114 179 480 266 176 176 157 -9999 63 341 241 266 131 123 135 140 154 151 156 27 0 0 33 0 0 0 6090 6090 6090 6090 1850 1850 1850 1850 1850 1850 1850 1850 760 760 760 760 760 760 760 2090 2090 2090 2090 2090 2090 1850 1850 1850 1850 1850 1850 12750 12750 12750 12750 12750 12750 12750 12750 12750
-9999 -9999 -9999 -9999 -9999 -9999 -9999 -9999 -9999 -9999 -9999 -9999 -9999 -9999 0 0 0 58 111 249 255 245 231 243 87 192 107 32 25 154 162 135 136 265 347 163 169 148 0 0 125 26 6090 6090 6090 6090 6090 6090 1850 1850 1850 1850 1850 1850 1850 1850 1850 1850 760 760 760 760 760 2090 2090 2090 2090 2090 1850 1850 1850 1850 1850 1850 2640 2640 12750 12750 12750 12750 12750 12750 12750 12750
-9999 -9999 -9999 -9999 -9999 -9999 -9999 -9999 -9999 -9999 -9999 -9999 -9999 44 0 66 114 116 164 211 218 288 214 56 143 150 196 0 0 222 143 133 329 269 262 175 170 171 0 0 58 6090 6090 6090 6090 6090 6090 6090 6090 6090 6090 1850 1850 1850 1850 1850 1850 1850 1850 760 760 760 760 2090 2090 2090 2090 2090 1850 1850 1850 1850 2640 2640 2640 2640 12750 12750 12750 12750 12750 12750 12750 12750
-9999 -9999 -9999 -9999 -9999 -9999 -9999 -9999 -9999 -9999 -9999 -9999 48 93 72 162 252 254 248 218 195 286 157 3 251 -9999 40 46 0 156 342 225 267 274 185 264 255 178 0 0 58 6090 6090 6090 6090 6090 6090 6090 6090 6090 6090 6090 6090 1850 1850 1850 1850 1850 1850 1850 1850 760 760 2090 2090 2090 2090 1850 1850 1850 1850 1850 2640 2640 2640 2640 12750 12750 12750 12750 12750 1990 1990 1990
-9999 -9999 -9999 -9999 -9999 -9999 -9999 -9999 -9999 -9999 -9999 0 104 162 164 123 165 164 250 243 442 242 163 267 -9999 2 2 113 36 0 76 270 171 177 180 180 284 156 147 179 6090 6090 6090 6090 6090 6090 6090 6090 6090 6090 6090 6090 6090 6090 1850 1850 1850 1850 1850 1850 1850 1850 1850 2090 2090 2090 1850 1850 1850 1850 1850 1850 2640 2640 2640 1990 1990 1990 1990 1990 1990 1990 1990 1990
-9999 -9999 -9999 -9999 -9999 -9999 -9999 -9999 -9999 -9999 0 0 100 115 210 169 168 172 257 477 175 156 143 -9999 2 34 116 118 100 254 128 0 0 0 0 28 28 105 146 455 6090 6090 6090 6090 6090 6090 6090 6090 6090 6090 6090 6090 6090 6090 6090 1850 1850 1850 1850 1850 1850 1850 1850 1850 2090 2090 1850 1850 1850 1850 1850 1850 2640 2640 1990 1990 1990 1990 1990 1990 1990 1990 1990 1830
-9999 -9999 -9999 -9999 -9999 -9999 -9999 -9999 -9999 0 0 0 0 110 259 250 206 164 111 194 158 174 29 -9999 236 159 233 6 0 0 0 2 140 290 0 2 123 58 156 208 6090 6090 6090 6090 6090 6090 6090 6090 6090 6090 6090 6090 6090 6090 6090 6090 6090 6090 6090 6090 1850 1850 1850 1850 2090 2090 1850 1850 1850 1850 1850 1850 2640 2640 1990 1990 1990 1990 1990 1990 1990 1990 1990 1830
-9999 -9999 -9999 -9999 -9999 -9999 -9999 -9999 31 0 0 0 0 100 172 177 169 167 112 108 311 34 355 0 93 106 260 99 101 93 131 196 171 193 149 2 54 0 150 159 6090 6090 6090 6090 6090 6090 6090 6090 6090 6090 6090 6090 6090 6090 6090 6090 6090 6090 6090 6090 6090 6090 1850 1850 2090 2090 1850 1850 1850 1850 1850 1850 2640 2640 2640 2640 1990 1990 1990 1990 1990 1990 1990 1830
-9999 -9999 -9999 -9999 -9999 -9999 -9999 -9999 128 0 131 0 0 61 111 175 252 173 170 164 156 116 26 3 3 388 456 181 192 483 252 254 226 216 169 124 115 164 369 513 294 393 465 6090 6090 6090 6090 6090 6090 6090 6090 6090 6090 6090 6090 6090 6090 6090 6090 6090 6090 6090 6090 2090 2090 2090 2090 2090 1850 1850 1850 1850 12880 12880 12880 12880 1990 1990 1990 1990 1990 1990 1830 1830
-9999 -9999 -9999 -9999 -9999 -9999 -9999 347 135 55 0 0 0 0 104 169 251 175 251 482 165 141 189 140 128 81 333 101 96 100 97 104 106 161 241 224 135 141 324 179 135 409 317 295 307 6090 6090 6090 6090 6090 6090 6090 6090 6090 6090 6090 6090 6090 6090 6090 6090 6090 6090 4280 4280 4280 2090 2090 1850 1850 1850 1850 505 465 374 1990 1990 1990 1990 1990 1990 1990 1830 1830
-9999 -9999 -9999 -9999 -9999 -9999 549 77 395 131 124 0 0 11 104 113 255 255 470 525 161 34 271 135 211 520 95 94 261 3 4 70 5 56 106 150 53 184 6 20 74 340 214 202 173 321 488 6090 6090 6090 6090 6090 6090 6090 6090 6090 6090 6090 6090 6090 6090 6090 6090 4280 4280 4280 4280 1850 1850 1850 1850 1850 410 356 334 1990 1990 1990 1990 1990 1990 1990 1830 1830
-9999 -9999 -9999 -9999 -9999 388 80 447 430 392 413 389 180 176 252 255 257 226 283 403 399 153 191 140 192 58 21 271 267 254 44 73 51 3 52 51 4 4 56 23 23 382 261 362 374 277 177 174 376 373 6090 6090 6090 6090 6090 6090 6090 6090 6090 6090 6090 6090 6090 6090 4280 4280 4280 1850 1850 1850 1850 1850 1850 399 1990 1990 1990 1990 1990 1990 1830 1830 1830 1830
-9999 -9999 -9999 -9999 -9999 370 420 410 394 204 339 347 470 465 438 398 386 278 237 224 354 87 218 197 16 103 154 70 129 0 48 3 5 2 2 2 126 6 202 260 250 388 67 370 250 374 63 164 360 468 485 453 6090 6090 6090 6090 6090 6090 6090 6090 6090 6090 6090 6090 4280 4280 4280 4280 1850 1850 1850 1850 1850 1990 1990 1990 1990 1990 1990 1990 1830 1830 1830 1830
-9999 -9999 -9999 -9999 -9999 221 321 350 332 380 438 387 174 387 388 160 356 457 244 452 247 88 234 -9999 127 240 224 120 4 4 4 123 159 261 220 138 222 51 112 204 241 503 96 105 98 29 68 164 486 413 402 389 276 212 6090 6090 6090 6090 6090 6090 6090 6090 6090 6090 6090 4280 4280 4280 4280 4280 1850 1850 1850 1990 1990 1990 1990 1990 1990 1990 1830 1830 1830 1830
-9999 -9999 -9999 -9999 160 218 88 325 128 306 441 377 104 326 180 121 319 326 134 112 157 151 186 -9999 186 193 245 2 57 0 0 238 215 151 50 3 2 54 0 101 162 184 56 3 46 58 116 164 164 281 202 169 440 179 175 163 169 6090 6090 6090 6090 6090 6090 6090 6090 6090 4280 4280 4280 4280 4280 4280 1850 1990 1990 1990 1990 1990 1990 1830 1830 1830 1830 1830
-9999 -9999 -9999 -9999 90 81 159 118 95 80 120 120 52 352 336 162 103 102 104 97 105 196 0 425 -9999 -9999 16 206 124 68 156 2 4 5 6 6 2 2 2 77 94 133 144 214 112 70 103 105 110 157 210 215 212 162 272 470 364 462 378 6090 6090 6090 6090 6090 6090 6090 6090 4280 4280 4280 4280 4280 4280 4280 4280 1990 1990 1990 1830 1830 1830 1830 1830 1830
-9999 -9999 -9999 202 231 296 353 130 59 59 118 136 171 321 370 157 105 71 69 97 102 228 101 506 221 19 307 198 -9999 -9999 -9999 127 2 2 2 2 127 235 2 0 0 108 168 397 158 159 107 64 64 111 115 176 160 108 103 183 195 238 169 165 70 6090 6090 6090 6090 6090 6090 4280 4280 4280 4280 4280 4280 4280 1830 1830 1830 1830 1830 1830 1830 1830 1830 1830
-9999 -9999 -9999 323 312 229 369 366 156 161 461 471 343 366 429 377 107 104 70 102 108 464 197 148 114 114 111 89 84 0 155 268 -9999 211 124 0 0 2 3 154 0 0 221 171 178 182 278 447 204 247 251 431 486 340 380 373 506 190 168 64 0 0 6090 6090 6090 6090 4280 4280 4280 4280 4280 4280 1830 1830 1830 1830 1830 1830 1830 1830 1830 1830 1830 1830
-9999 -9999 1470 1470 1470 1470 401 489 278 266 424 404 420 488 399 349 163 193 193 196 166 407 414 333 330 456 333 178 96 77 89 90 85 78 -9999 0 145 0 5 176 0 2 132 147 171 166 264 216 250 405 374 498 482 485 473 274 218 250 65 0 114 380 342 6090 6090 4280 4280 4280 4280 4280 4280 1830 1830 1830 1830 1830 1830 1830 1830 1830 1830 1830 1830 1830
-9999 -9999 1470 1470 1470 1470 1470 1470 1470 1470 1470 1470 1470 1470 1470 1470 405 476 398 375 190 400 401 476 422 163 106 3 2 2 64 93 85 45 64 -9999 200 86 401 536 115 149 403 416 403 163 87 57 63 149 525 709 410 424 189 129 109 84 0 29 243 234 157 248 4280 4280 4280 4280 4280 4280 1830 1830 1830 1830 1830 1830 519 1830 1830 1830 1830 1830 1830 1830
-9999 -9999 1470 1470 1470 1470 1470 1470 1470 1470 1470 1470 1470 1470 1470 2900 2900 2900 2900 2900 -9999 211 366 402 384 164 96 177 194 2 84 162 133 73 18 136 148 89 468 881 257 206 342 478 30 0 239 2 2 40 83 122 155 98 60 59 54 0 228 225 141 222 139 170 215 166 4280 4280 4280 1830 1830 1830 1830 1830 1830 1830 517 647 1830 1830 1830 1830 1830 1830
