04_184A014/bm_kuusi_juuret.asc
ncols 186
nrows 177
xllcorner 610464
yllcorner 6870672
cellsize 16
nodata_value -9999
[rows 111 to 147 of 177, columns 0 to 82 of 186]
-9999 -9999 -9999 -9999 -9999 -9999 -9999 -9999 -9999 -9999 -9999 -9999 -9999 -9999 -9999 -9999 -9999 -9999 -9999 -9999 -9999 -9999 330 338 323 122 180 187 0 0 0 174 18 0 61 62 137 216 345 503 525 514 303 429 385 387 111 91 93 100 0 217 52 49 458 306 483 345 357 4810 4810 4810 4810 4810 4810 14150 14150 14150 14150 2790 14150 14150 14150 14150 14150 14150 14150 2790 2790 2790 2790 2790 2790
-9999 -9999 -9999 -9999 -9999 -9999 -9999 -9999 -9999 -9999 -9999 -9999 -9999 -9999 -9999 -9999 -9999 -9999 -9999 -9999 -9999 -9999 -9999 297 197 95 0 0 0 88 0 145 141 112 62 0 193 313 349 748 900 511 415 250 6 0 0 0 0 47 263 298 494 479 332 469 486 520 0 4810 4810 4810 4810 4810 -9999 14150 14150 14150 14150 14150 14150 14150 14150 14150 14150 14150 14150 2790 2790 2790 2790 2790 2790
-9999 -9999 -9999 -9999 -9999 -9999 -9999 -9999 -9999 -9999 -9999 -9999 -9999 -9999 -9999 -9999 -9999 -9999 -9999 -9999 -9999 -9999 166 189 199 151 59 0 0 62 182 193 203 195 63 0 139 316 333 789 794 794 488 6 8 0 448 440 491 629 496 497 323 337 484 424 433 503 1470 1470 1470 25280 25280 4810 -9999 14150 14150 14150 14150 14150 3150 14150 14150 14150 14150 14150 14150 2790 2790 2790 2790 2790 2790
-9999 -9999 -9999 -9999 -9999 -9999 -9999 -9999 -9999 -9999 -9999 -9999 -9999 -9999 -9999 -9999 -9999 -9999 -9999 -9999 -9999 96 106 287 313 495 700 719 333 195 202 289 197 181 0 0 114 202 146 414 500 304 115 1175 31 490 500 484 442 495 507 338 318 457 282 470 438 514 1470 1470 1470 25280 25280 25280 25280 3150 3150 3150 14150 14150 3150 14150 14150 14150 14150 14150 14150 2790 2790 2790 2790 2790 2790
-9999 -9999 -9999 -9999 -9999 -9999 -9999 -9999 -9999 -9999 -9999 -9999 -9999 -9999 -9999 -9999 -9999 -9999 -9999 -9999 -9999 251 251 309 336 774 199 504 746 762 295 303 210 87 0 0 0 0 0 0 117 745 684 0 523 685 452 490 483 317 497 504 487 290 456 467 450 502 1470 1470 25280 25280 25280 25280 25280 -9999 3150 3150 3150 3150 3150 14150 14150 14150 14150 14150 14150 2790 2790 2790 2790 2790 2790
-9999 -9999 -9999 -9999 -9999 -9999 -9999 -9999 -9999 -9999 -9999 -9999 -9999 -9999 -9999 -9999 -9999 -9999 -9999 -9999 758 326 455 445 245 198 1264 120 178 693 248 234 319 422 246 225 0 208 271 278 264 236 580 567 896 517 524 518 515 649 646 512 505 463 292 306 461 1470 1470 1470 25280 25280 25280 25280 -9999 24570 -9999 -9999 3150 3150 3150 14150 14150 14150 14150 14150 14150 14150 2790 2790 2790 2790 2790
-9999 -9999 -9999 -9999 -9999 -9999 -9999 -9999 -9999 -9999 -9999 -9999 -9999 -9999 -9999 -9999 -9999 -9999 -9999 -9999 709 254 117 766 184 396 541 4 600 672 225 160 129 146 311 185 0 51 316 345 355 528 450 516 528 525 508 772 522 500 577 493 475 447 327 445 111 1470 1470 25280 25280 25280 25280 25280 25280 24570 24570 24570 -9999 3150 3150 14150 14150 14150 14150 14150 14150 14150 14150 14150 2790 2790 2790
-9999 -9999 -9999 -9999 -9999 -9999 -9999 -9999 -9999 -9999 -9999 -9999 -9999 -9999 -9999 -9999 -9999 -9999 -9999 -9999 186 143 180 321 18 694 497 127 123 109 525 271 899 610 92 684 238 198 321 385 424 387 395 366 500 493 498 310 495 425 415 416 447 286 355 362 1470 1470 1470 25280 25280 25280 25280 25280 25280 24570 24570 24570 24570 24570 -9999 3150 14150 14150 14150 14150 14150 14150 14150 14150 14150 2790 2790
-9999 -9999 -9999 -9999 -9999 -9999 -9999 -9999 -9999 -9999 -9999 -9999 -9999 -9999 -9999 -9999 -9999 -9999 -9999 -9999 665 164 141 1435 56 57 276 136 60 148 410 29 506 595 203 717 107 430 321 250 333 399 407 524 350 335 510 316 489 460 419 399 287 359 340 0 1470 1470 1470 25280 1470 25280 25280 25280 25280 25280 24570 24570 24570 24570 24570 -9999 14150 14150 14150 14150 14150 14150 14150 14150 14150 14150 2790
-9999 -9999 -9999 -9999 -9999 -9999 -9999 -9999 -9999 -9999 -9999 -9999 -9999 -9999 -9999 -9999 -9999 -9999 -9999 205 341 516 406 332 156 -9999 0 404 480 32 5 14 121 918 288 149 111 274 304 212 327 46 523 529 368 497 498 486 296 477 466 316 527 0 359 3 1470 1470 1470 1470 25280 25280 25280 25280 25280 25280 24570 24570 24570 24570 24570 24570 24570 -9999 14150 14150 14150 14150 14150 14150 14150 14150 10670
-9999 -9999 -9999 -9999 -9999 -9999 -9999 -9999 -9999 -9999 -9999 -9999 -9999 -9999 -9999 -9999 -9999 -9999 -9999 207 345 249 158 373 173 -9999 -9999 740 1066 226 512 477 637 176 613 179 262 424 389 378 10 191 48 364 481 337 447 438 331 454 497 332 0 340 84 1470 1470 1470 1470 4470 12790 25280 25280 25280 25280 25280 25280 24570 24570 24570 24570 24570 24570 24570 -9999 -9999 14150 14150 14150 14150 14150 10670 10670
-9999 -9999 -9999 -9999 -9999 -9999 -9999 -9999 -9999 -9999 -9999 -9999 -9999 -9999 -9999 -9999 -9999 -9999 18 207 190 120 156 675 110 8 134 433 575 826 217 627 589 244 43 152 160 292 482 858 133 6 4 43 286 330 323 316 302 347 339 4 10 1470 1470 1470 1470 1470 1470 4470 12790 25280 25280 25280 25280 25280 25280 25280 25280 24570 24570 24570 24570 24570 24570 24570 -9999 14150 14150 14150 49400 10670 10670
-9999 -9999 -9999 -9999 -9999 -9999 -9999 -9999 -9999 -9999 -9999 -9999 -9999 -9999 -9999 -9999 -9999 -9999 221 204 678 60 181 392 133 -9999 149 593 503 221 796 713 811 752 655 732 187 44 526 247 58 127 9 89 0 0 472 317 504 339 0 -9999 1470 1470 1470 1470 1470 1470 1470 1470 4470 12790 25280 25280 25280 25280 25280 25280 25280 24570 3640 3640 24570 24570 24570 24570 24570 24570 -9999 49400 49400 49400 49400
-9999 -9999 -9999 -9999 -9999 -9999 -9999 -9999 -9999 -9999 -9999 -9999 -9999 -9999 -9999 -9999 -9999 346 353 210 175 800 917 751 36 -9999 226 140 187 916 861 728 816 766 821 830 749 759 175 185 837 754 114 147 0 225 0 363 357 3280 3280 3280 3280 1470 1470 1470 1470 1470 1470 1470 1470 4470 4470 12790 25280 25280 25280 25280 25280 3640 3640 3640 24570 24570 24570 24570 24570 24570 24570 -9999 49400 49400 49400
-9999 -9999 -9999 -9999 -9999 -9999 -9999 -9999 -9999 -9999 -9999 -9999 -9999 -9999 -9999 -9999 209 327 333 337 328 196 31 1007 135 -9999 115 285 199 839 778 939 869 829 773 482 487 981 855 838 855 754 0 119 74 253 0 252 3280 3280 3280 3280 3280 3280 1470 1470 1470 1470 1470 1470 1470 1470 4470 4470 12790 12790 12790 12790 12790 3640 3640 3640 24570 24570 24570 24570 24570 24570 24570 24570 24570 -9999 49400
-9999 -9999 -9999 -9999 -9999 -9999 -9999 -9999 -9999 -9999 -9999 -9999 -9999 -9999 -9999 168 199 209 243 720 764 327 209 172 67 -9999 116 280 373 788 750 134 517 482 48 51 38 177 0 0 0 0 0 7 8 317 10900 10900 3280 3280 3280 3280 3280 3280 3280 1470 1470 1470 1470 1470 1470 1470 1470 4470 4470 4470 12790 4470 4470 3640 3640 3640 3640 3640 3640 24570 24570 24570 24570 24570 24570 24570 -9999
-9999 -9999 -9999 -9999 -9999 -9999 -9999 -9999 -9999 -9999 -9999 -9999 -9999 -9999 0 0 171 196 230 350 965 528 346 345 305 -9999 98 740 528 499 190 179 198 205 234 229 283 48 0 0 64 0 0 0 10900 10900 10900 10900 3280 3280 3280 3280 3280 3280 3280 3280 1470 1470 1470 1470 1470 1470 1470 4470 4470 4470 4470 4470 4470 3640 3640 3640 3640 3640 3640 24570 24570 24570 24570 24570 24570 24570 24570
-9999 -9999 -9999 -9999 -9999 -9999 -9999 -9999 -9999 -9999 -9999 -9999 -9999 -9999 0 0 0 98 223 494 506 482 457 481 163 378 200 51 39 225 236 197 198 442 616 296 305 268 0 0 237 38 10900 10900 10900 10900 10900 10900 3280 3280 3280 3280 3280 3280 3280 3280 3280 3280 1470 1470 1470 1470 1470 4470 4470 4470 4470 4470 3640 3640 3640 3640 3640 3640 4890 4890 24570 24570 24570 24570 24570 24570 24570
-9999 -9999 -9999 -9999 -9999 -9999 -9999 -9999 -9999 -9999 -9999 -9999 -9999 77 0 135 229 233 320 421 435 562 425 114 226 227 337 0 0 361 209 194 577 504 493 317 308 310 0 0 119 10900 10900 10900 10900 10900 10900 10900 10900 10900 10900 3280 3280 3280 3280 3280 3280 3280 3280 1470 1470 1470 1470 4470 4470 4470 4470 4470 3640 3640 3640 3640 4890 4890 4890 4890 24570 24570 24570 24570 24570 24570 24570
-9999 -9999 -9999 -9999 -9999 -9999 -9999 -9999 -9999 -9999 -9999 -9999 98 187 147 316 501 505 492 435 397 559 306 6 429 -9999 73 85 0 271 585 382 502 515 336 470 480 322 0 0 119 10900 10900 10900 10900 10900 10900 10900 10900 10900 10900 10900 10900 3280 3280 3280 3280 3280 3280 3280 3280 1470 1470 4470 4470 4470 4470 3640 3640 3640 3640 3640 4890 4890 4890 4890 24570 24570 24570 24570 24570 3720 3720
-9999 -9999 -9999 -9999 -9999 -9999 -9999 -9999 -9999 -9999 -9999 0 208 316 322 246 325 322 495 481 890 478 317 450 -9999 3 3 220 69 0 136 508 310 322 327 327 533 272 231 350 10900 10900 10900 10900 10900 10900 10900 10900 10900 10900 10900 10900 10900 10900 3280 3280 3280 3280 3280 3280 3280 3280 3280 4470 4470 4470 3640 3640 3640 3640 3640 3640 4890 4890 4890 3720 3720 3720 3720 3720 3720 3720 3720
-9999 -9999 -9999 -9999 -9999 -9999 -9999 -9999 -9999 -9999 0 0 201 224 419 332 330 336 510 958 341 304 231 -9999 4 68 234 239 202 455 203 0 0 0 0 49 49 181 281 885 10900 10900 10900 10900 10900 10900 10900 10900 10900 10900 10900 10900 10900 10900 10900 3280 3280 3280 3280 3280 3280 3280 3280 3280 4470 4470 3640 3640 3640 3640 3640 3640 4890 4890 3720 3720 3720 3720 3720 3720 3720 3720 3720
-9999 -9999 -9999 -9999 -9999 -9999 -9999 -9999 -9999 0 0 0 0 220 510 495 408 321 224 392 310 331 43 -9999 411 336 409 10 0 0 0 3 274 537 0 3 187 89 315 414 10900 10900 10900 10900 10900 10900 10900 10900 10900 10900 10900 10900 10900 10900 10900 10900 10900 10900 10900 10900 3280 3280 3280 3280 4470 4470 3640 3640 3640 3640 3640 3640 4890 4890 3720 3720 3720 3720 3720 3720 3720 3720 3720
-9999 -9999 -9999 -9999 -9999 -9999 -9999 -9999 60 0 0 0 0 200 338 346 330 328 224 218 688 48 678 0 161 176 466 201 204 190 251 394 344 366 289 4 83 0 280 297 10900 10900 10900 10900 10900 10900 10900 10900 10900 10900 10900 10900 10900 10900 10900 10900 10900 10900 10900 10900 10900 10900 3280 3280 4470 4470 3640 3640 3640 3640 3640 3640 4890 4890 4890 4890 3720 3720 3720 3720 3720 3720 3720
-9999 -9999 -9999 -9999 -9999 -9999 -9999 -9999 242 0 254 0 0 125 224 344 499 340 333 321 304 266 46 5 4 777 901 350 372 971 498 504 453 431 326 250 230 316 849 1206 674 777 902 10900 10900 10900 10900 10900 10900 10900 10900 10900 10900 10900 10900 10900 10900 10900 10900 10900 10900 10900 10900 4470 4470 4470 4470 4470 3640 3640 3640 3640 28850 28850 28850 28850 3720 3720 3720 3720 3720 3720 3570
-9999 -9999 -9999 -9999 -9999 -9999 -9999 824 253 95 0 0 0 0 209 332 496 342 497 970 320 238 345 221 222 137 591 202 192 200 194 202 207 326 475 428 273 259 749 293 219 812 695 664 686 10900 10900 10900 10900 10900 10900 10900 10900 10900 10900 10900 10900 10900 10900 10900 10900 10900 10900 7800 7800 7800 4470 4470 3640 3640 3640 3640 970 863 659 3720 3720 3720 3720 3720 3720 3720 3570
-9999 -9999 -9999 -9999 -9999 -9999 1107 131 800 247 235 0 0 16 209 227 505 504 943 1043 313 65 498 214 376 1187 180 179 578 5 7 106 9 113 212 293 106 419 10 36 124 785 399 408 357 701 980 10900 10900 10900 10900 10900 10900 10900 10900 10900 10900 10900 10900 10900 10900 10900 10900 7800 7800 7800 7800 3640 3640 3640 3640 3640 824 709 660 3720 3720 3720 3720 3720 3720 3720 3570
-9999 -9999 -9999 -9999 -9999 906 137 1057 1019 787 829 779 354 347 500 506 511 451 550 800 793 297 312 220 346 117 40 589 577 578 75 110 88 6 105 103 7 6 114 40 41 834 556 765 866 538 345 340 753 746 10900 10900 10900 10900 10900 10900 10900 10900 10900 10900 10900 10900 10900 10900 7800 7800 7800 3640 3640 3640 3640 3640 3640 800 3720 3720 3720 3720 3720 3720 3570 3570 3570
-9999 -9999 -9999 -9999 -9999 865 982 968 872 331 791 816 890 920 893 798 773 541 466 437 709 163 368 307 23 205 313 136 211 0 83 5 9 4 3 3 200 9 401 515 495 848 111 746 425 869 128 321 731 915 948 914 10900 10900 10900 10900 10900 10900 10900 10900 10900 10900 10900 10900 7800 7800 7800 7800 3640 3640 3640 3640 3640 3720 3720 3720 3720 3720 3720 3720 3570 3570 3570
-9999 -9999 -9999 -9999 -9999 472 756 812 770 829 961 907 286 855 797 313 722 915 485 905 488 165 412 -9999 232 434 411 207 6 6 6 241 317 471 386 218 382 78 226 405 476 1000 160 175 162 51 138 321 977 823 798 772 535 422 10900 10900 10900 10900 10900 10900 10900 10900 10900 10900 10900 7800 7800 7800 7800 7800 3640 3640 3640 3720 3720 3720 3720 3720 3720 3720 3570 3570 3570
-9999 -9999 -9999 -9999 363 470 147 659 220 749 1070 909 173 773 359 238 649 650 251 221 308 293 324 -9999 269 441 441 4 88 0 0 459 410 297 92 4 4 83 0 204 318 375 113 6 80 118 232 322 320 545 384 318 879 345 338 328 308 10900 10900 10900 10900 10900 10900 10900 10900 10900 7800 7800 7800 7800 7800 7800 3640 3720 3720 3720 3720 3720 3720 3570 3570 3570 3570
-9999 -9999 -9999 -9999 148 135 312 233 191 151 225 226 96 720 683 313 206 204 208 194 210 390 0 872 -9999 -9999 22 354 227 122 279 3 6 9 10 10 4 3 3 156 190 259 281 425 220 143 206 211 220 307 419 429 423 331 531 940 733 898 755 10900 10900 10900 10900 10900 10900 10900 10900 7800 7800 7800 7800 7800 7800 7800 7800 3720 3720 3720 3570 3570 3570 3570 3570
-9999 -9999 -9999 460 487 684 718 248 121 121 232 257 341 652 751 308 211 144 140 195 204 446 189 1000 494 42 707 335 -9999 -9999 -9999 202 4 4 4 4 202 416 4 0 0 218 318 787 307 310 213 130 131 223 231 359 313 216 205 365 394 466 345 336 143 10900 10900 10900 10900 10900 10900 7800 7800 7800 7800 7800 7800 7800 3570 3570 3570 3570 3570 3570 3570 3570 3570
-9999 -9999 -9999 750 721 449 750 744 317 327 922 943 697 744 863 756 214 208 141 205 215 926 390 276 213 212 206 170 156 0 277 469 -9999 360 196 0 0 4 4 274 0 0 429 344 360 351 540 903 405 490 498 875 979 690 763 747 1005 366 343 130 0 0 10900 10900 10900 10900 7800 7800 7800 7800 7800 7800 3570 3570 3570 3570 3570 3570 3570 3570 3570 3570 3570
-9999 -9999 2790 2790 2790 2790 802 953 540 515 836 803 837 976 797 820 319 390 390 395 339 808 822 657 654 965 721 344 195 156 179 173 164 117 -9999 0 247 0 9 320 0 3 232 274 344 319 512 431 495 812 761 997 940 971 946 532 421 496 133 0 166 658 585 10900 10900 7800 7800 7800 7800 7800 7800 3570 3570 3570 3570 3570 3570 3570 3570 3570 3570 3570 3570
-9999 -9999 2790 2790 2790 2790 2790 2790 2790 2790 2790 2790 2790 2790 2790 2790 813 952 790 742 377 805 793 925 837 312 213 4 4 3 129 188 171 82 99 -9999 340 161 802 1042 233 286 759 804 807 317 173 116 127 290 986 1378 793 843 363 276 213 168 0 52 410 441 285 448 7800 7800 7800 7800 7800 7800 3570 3570 3570 3570 3570 3570 1036 3570 3570 3570 3570 3570 3570
-9999 -9999 2790 2790 2790 2790 2790 2790 2790 2790 2790 2790 2790 2790 2790 5430 5430 5430 5430 5430 -9999 393 725 796 760 317 193 278 303 3 170 331 269 109 27 206 295 167 897 1678 538 393 726 960 58 0 554 3 3 80 140 201 300 194 121 119 109 0 413 407 256 418 252 308 387 301 7800 7800 7800 3570 3570 3570 3570 3570 3570 3570 996 1644 3570 3570 3570 3570 3570
