04_184A014/bm_kuusi_juuret.asc
ncols 186
nrows 177
xllcorner 610464
yllcorner 6870672
cellsize 16
nodata_value -9999
[rows 74 to 110 of 177, columns 0 to 82 of 186]
-9999 -9999 -9999 -9999 -9999 -9999 -9999 -9999 -9999 -9999 -9999 -9999 -9999 -9999 -9999 -9999 -9999 -9999 -9999 -9999 -9999 -9999 -9999 -9999 -9999 -9999 -9999 -9999 -9999 -9999 -9999 -9999 -9999 4 4 190 90 0 0 6 80 198 246 222 185 301 359 424 3530 3530 3530 3530 3530 3530 3530 3530 3530 3530 3530 3530 3530 3530 3530 3530 3530 3530 3530 3530 3530 3530 3530 3530 1950 1950 1950 1950 1950 3530 3530 3530 3530 3530 3530
-9999 -9999 -9999 -9999 -9999 -9999 -9999 -9999 -9999 -9999 -9999 -9999 -9999 -9999 -9999 -9999 -9999 -9999 -9999 -9999 -9999 -9999 -9999 -9999 -9999 -9999 -9999 -9999 -9999 -9999 -9999 -9999 0 0 0 4 3 0 147 10 124 0 240 204 203 205 337 354 397 3530 3530 3530 3530 3530 3530 3530 3530 3530 3530 3530 1950 1950 1950 1950 1950 1950 1950 3530 3530 3530 3530 1950 1950 1950 1950 1950 1950 1950 1950 1950 1950 26410 26410
-9999 -9999 -9999 -9999 -9999 -9999 -9999 -9999 -9999 -9999 -9999 -9999 -9999 -9999 -9999 -9999 -9999 -9999 -9999 -9999 -9999 -9999 -9999 -9999 -9999 -9999 -9999 -9999 -9999 -9999 -9999 -9999 210 273 200 4 5 0 6 183 224 110 0 420 246 190 379 346 381 547 3530 3530 3530 3530 1950 1950 1950 1950 1950 1950 1950 1950 1950 1950 1950 1950 1950 1950 3530 1950 1950 1950 1950 1950 1950 1950 1950 1950 1950 1950 1950 1950 1950
-9999 -9999 -9999 -9999 -9999 -9999 -9999 -9999 -9999 -9999 -9999 -9999 -9999 -9999 -9999 -9999 -9999 -9999 -9999 -9999 -9999 -9999 -9999 -9999 -9999 -9999 -9999 -9999 -9999 -9999 -9999 -9999 270 51 42 0 200 195 195 340 540 309 125 475 479 246 258 308 341 359 765 342 3530 1950 1950 1950 1950 1950 1950 1950 1950 1950 1950 1950 1950 1950 1950 1950 1950 1950 1950 1950 1950 1950 1950 1950 1950 1950 1950 1950 1950 1950 1950
-9999 -9999 -9999 -9999 -9999 -9999 -9999 -9999 -9999 -9999 -9999 -9999 -9999 -9999 -9999 -9999 -9999 -9999 -9999 -9999 -9999 -9999 -9999 -9999 -9999 -9999 -9999 -9999 -9999 -9999 -9999 0 0 0 0 0 83 284 232 338 442 542 547 494 431 278 341 374 344 345 380 390 -9999 1950 1950 1950 1950 1950 1950 1950 1950 1950 1950 1950 1950 1950 1950 1950 1950 1950 1950 1950 1950 1950 1950 1950 1950 1950 1950 1950 1950 1950 1950
-9999 -9999 -9999 -9999 -9999 -9999 -9999 -9999 -9999 -9999 -9999 -9999 -9999 -9999 -9999 -9999 -9999 -9999 -9999 -9999 -9999 -9999 -9999 -9999 -9999 -9999 -9999 -9999 -9999 -9999 298 259 209 0 0 3 172 222 259 251 428 398 437 429 409 347 392 383 285 339 351 213 -9999 1950 1950 1950 1950 1950 1950 1950 1950 1950 1950 1950 1950 1950 1950 1950 1950 1950 1950 1950 1950 1950 1950 1950 1950 1950 1950 1950 1950 1950 1950
-9999 -9999 -9999 -9999 -9999 -9999 -9999 -9999 -9999 -9999 -9999 -9999 -9999 -9999 -9999 -9999 -9999 -9999 -9999 -9999 -9999 -9999 -9999 -9999 -9999 -9999 -9999 -9999 -9999 -9999 319 53 0 0 0 3 165 190 242 338 387 192 340 226 218 491 309 802 986 904 -9999 -9999 -9999 -9999 1950 1950 1950 1950 1950 1950 1950 1950 1950 1950 1950 1950 1950 1950 1950 1950 1950 1950 1950 1950 1950 1950 1950 1950 1950 1950 1950 1950 1950
-9999 -9999 -9999 -9999 -9999 -9999 -9999 -9999 -9999 -9999 -9999 -9999 -9999 -9999 -9999 -9999 -9999 -9999 -9999 -9999 -9999 -9999 -9999 -9999 -9999 -9999 -9999 -9999 -9999 -9999 482 51 0 0 0 0 105 185 220 4 4 175 184 90 420 246 192 311 341 15190 15190 15190 15190 15190 1950 1950 1950 1950 1950 1950 1950 1950 1950 1950 1950 1950 1950 1950 1950 1950 1950 1950 1950 1950 1950 1950 1950 1950 1950 1950 1950 1950 1950
-9999 -9999 -9999 -9999 -9999 -9999 -9999 -9999 -9999 -9999 -9999 -9999 -9999 -9999 -9999 -9999 -9999 -9999 -9999 -9999 -9999 -9999 -9999 -9999 -9999 -9999 -9999 -9999 -9999 -9999 271 0 0 0 0 0 4 7 9 152 3 171 188 172 216 -9999 440 0 15190 15190 15190 15190 15190 15190 15190 15190 15190 1950 1950 1950 1950 1950 1950 1950 1950 1950 1950 1950 1950 1950 1950 1950 1950 1950 1950 1950 1950 1950 1950 1950 1950 1950 1950
-9999 -9999 -9999 -9999 -9999 -9999 -9999 -9999 -9999 -9999 -9999 -9999 -9999 -9999 -9999 -9999 -9999 -9999 -9999 -9999 -9999 -9999 -9999 -9999 -9999 -9999 -9999 -9999 -9999 257 266 201 0 0 0 0 0 3 9 3 128 197 224 187 165 5960 5960 5960 15190 15190 15190 15190 15190 15190 15190 15190 15190 15190 15190 1950 1950 1950 1950 1950 1950 1950 1950 1950 1950 1950 1950 1950 1950 1950 1950 1950 1950 1950 1950 1950 1950 1950 1950
-9999 -9999 -9999 -9999 -9999 -9999 -9999 -9999 -9999 -9999 -9999 -9999 -9999 -9999 -9999 -9999 -9999 -9999 -9999 -9999 -9999 -9999 -9999 -9999 -9999 -9999 -9999 459 392 227 214 160 0 0 0 0 0 0 4 4 3 199 220 213 5960 5960 5960 2840 2840 2840 15190 15190 15190 15190 15190 15190 15190 15190 15190 1950 1950 1950 1950 1950 1950 1950 1950 1950 1950 1950 1950 1950 1950 1950 1950 1950 1950 1950 1950 1950 1950 1950 1950
-9999 -9999 -9999 -9999 -9999 -9999 -9999 -9999 -9999 -9999 -9999 -9999 -9999 -9999 -9999 -9999 -9999 -9999 -9999 -9999 -9999 -9999 -9999 -9999 -9999 -9999 782 896 613 251 180 0 0 0 0 0 0 4 4 4 9 190 220 212 5960 5960 5960 2840 2840 2840 2840 15190 15190 15190 2840 2840 2840 2840 2840 15190 1950 1950 1950 1950 1950 1950 1950 1950 1950 1950 1950 1950 1950 1950 1950 1950 1950 1950 1950 1950 1950 1950 1950
-9999 -9999 -9999 -9999 -9999 -9999 -9999 -9999 -9999 -9999 -9999 -9999 -9999 -9999 -9999 -9999 -9999 -9999 -9999 -9999 -9999 -9999 -9999 -9999 -9999 875 775 872 618 201 0 0 0 3 0 0 4 4 4 4 9 165 255 324 5960 5960 5960 2840 2840 2840 2840 15190 15190 2840 2840 2840 2840 2840 2840 2840 15190 1950 1700 1950 1950 1950 1950 1950 1950 1950 1950 1950 1950 1950 1950 1950 1950 1950 1950 1950 1950 1950 1950
-9999 -9999 -9999 -9999 -9999 -9999 -9999 -9999 -9999 -9999 -9999 -9999 -9999 -9999 -9999 -9999 -9999 -9999 -9999 -9999 -9999 -9999 245 789 647 861 823 882 429 0 0 0 0 4 4 0 4 82 4 4 9 262 255 358 5960 5960 5960 2840 2840 2840 2840 2840 2840 2840 2840 2840 2840 2840 2840 28070 28070 -9999 -9999 1700 1700 1950 1950 1950 1950 1950 1950 1950 1950 1950 1950 1950 1950 1950 1950 1950 1950 1950 1950
-9999 -9999 -9999 -9999 -9999 -9999 -9999 -9999 -9999 -9999 -9999 -9999 -9999 -9999 -9999 -9999 -9999 -9999 -9999 -9999 -9999 -9999 361 336 605 752 666 457 310 0 0 0 0 3 4 4 4 4 5 9 9 264 330 429 5960 5960 5960 2840 2840 2840 2840 2840 2840 2840 2840 2840 2840 2840 2840 28070 28070 28070 -9999 1700 1700 1700 1950 1950 1950 1950 1950 1950 1950 1950 1950 1950 1950 1950 1950 1950 1950 1950 1950
-9999 -9999 -9999 -9999 -9999 -9999 -9999 -9999 -9999 -9999 -9999 -9999 -9999 -9999 -9999 -9999 -9999 -9999 -9999 -9999 -9999 -9999 543 459 601 721 673 393 0 163 165 0 0 0 4 4 4 5 4 9 4 181 303 428 5960 5960 5960 2840 2840 2840 2840 2840 2840 2840 2840 2840 2840 2840 28070 28070 28070 28070 28070 28070 -9999 1700 1700 1700 1950 1950 1950 1950 1950 1950 1950 1950 1950 1950 1950 1950 1950 1950 1950
-9999 -9999 -9999 -9999 -9999 -9999 -9999 -9999 -9999 -9999 -9999 -9999 -9999 -9999 -9999 -9999 -9999 -9999 -9999 -9999 -9999 831 504 655 648 633 329 0 0 357 3 4 0 0 4 4 5 5 4 4 4 9 6 -9999 5960 5960 5960 5960 15230 15230 15230 15230 15230 2840 2840 2840 2840 2840 28070 28070 28070 28070 28070 28070 28070 -9999 1700 1700 1700 1950 1950 1950 1950 1950 1950 1950 1950 1950 1950 1950 1950 1950 1950
-9999 -9999 -9999 -9999 -9999 -9999 -9999 -9999 -9999 -9999 -9999 -9999 -9999 -9999 -9999 -9999 -9999 -9999 -9999 -9999 -9999 610 515 632 441 410 212 225 167 162 3 4 178 0 0 4 180 4 4 4 4 9 8 99 5960 5960 5960 5960 15230 15230 15230 15230 15230 15230 15230 2840 2840 2840 28070 28070 28070 28070 28070 28070 28070 28070 -9999 1700 1700 1700 1950 1950 1950 1950 1950 1950 1950 1950 1950 1950 1950 1950 1950
-9999 -9999 -9999 -9999 -9999 -9999 -9999 -9999 -9999 -9999 -9999 -9999 -9999 -9999 -9999 -9999 -9999 -9999 -9999 -9999 -9999 13 69 228 0 50 198 0 171 204 4 3 0 0 0 4 4 5 4 4 4 4 3 8 9 5960 0 5960 5960 701 707 15230 15230 15230 15230 15230 15230 15230 15230 28070 28070 28070 28070 28070 28070 28070 28070 -9999 1700 1700 1700 1700 1700 1950 1950 1950 1950 1950 1950 1950 1950 1950 1950
-9999 -9999 -9999 -9999 -9999 -9999 -9999 -9999 -9999 -9999 -9999 -9999 -9999 -9999 -9999 -9999 -9999 -9999 -9999 -9999 -9999 277 0 0 0 0 176 173 4 4 3 170 177 214 183 0 4 5 5 4 4 271 4 4 9 5 0 16 154 50 57 47 274 766 15230 15230 15230 15230 15230 28070 28070 28070 28070 28070 28070 28070 28070 28070 -9999 1700 1700 1700 1700 1700 1950 1950 1950 1950 1950 1950 1950 1950 1950
-9999 -9999 -9999 -9999 -9999 -9999 -9999 -9999 -9999 -9999 -9999 -9999 -9999 -9999 -9999 -9999 -9999 -9999 -9999 -9999 -9999 577 338 0 0 169 175 4 4 5 196 184 0 0 0 0 3 5 5 331 4 4 4 4 4 9 212 192 0 125 134 147 229 573 452 15230 15230 15230 15230 28070 28070 28070 28070 28070 28070 28070 28070 28070 28070 -9999 1700 1700 1700 1700 1700 1950 1950 1950 1950 1950 1950 1950 1950
-9999 -9999 -9999 -9999 -9999 -9999 -9999 -9999 -9999 -9999 -9999 -9999 -9999 -9999 -9999 -9999 -9999 -9999 -9999 -9999 -9999 549 274 195 154 0 3 128 108 5 4 3 0 292 51 0 0 5 5 4 4 4 4 4 4 5 116 224 0 186 232 319 327 669 740 767 734 28070 28070 28070 28070 28070 28070 28070 28070 28070 28070 28070 28070 28070 -9999 1700 1700 1700 1700 1700 1950 1950 1950 1950 1950 1950 1950
-9999 -9999 -9999 -9999 -9999 -9999 -9999 -9999 -9999 -9999 -9999 -9999 -9999 -9999 -9999 -9999 -9999 -9999 -9999 -9999 -9999 273 0 101 165 0 0 316 115 5 4 169 0 286 287 0 3 5 5 81 4 4 4 4 5 5 4 218 283 221 328 492 467 428 453 811 953 28070 28070 28070 28070 28070 28070 28070 28070 28070 28070 28070 28070 28070 -9999 1700 1700 1700 1700 1700 2790 1950 1950 1950 1950 1950 1950
-9999 -9999 -9999 -9999 -9999 -9999 -9999 -9999 -9999 -9999 -9999 -9999 -9999 -9999 -9999 -9999 -9999 -9999 -9999 -9999 -9999 277 0 172 0 163 99 116 193 5 3 0 51 54 0 0 4 5 5 85 189 84 4 83 4 329 5 6 313 237 118 456 358 339 420 750 841 28070 28070 28070 28070 28070 28070 28070 28070 28070 28070 28070 28070 28070 28070 1700 1700 1700 1700 2790 2790 1950 1950 1950 1950 1950 1950
-9999 -9999 -9999 -9999 -9999 -9999 -9999 -9999 -9999 -9999 -9999 -9999 -9999 -9999 -9999 -9999 -9999 -9999 -9999 -9999 -9999 0 180 196 0 0 176 111 123 5 157 198 0 0 0 170 4 5 5 4 259 5 4 4 83 226 4 5 5 121 4 227 466 349 337 301 801 855 28070 28070 28070 28070 28070 28070 28070 28070 28070 28070 28070 28070 28070 1700 1700 1700 2790 2790 2790 2790 2790 2790 1950 1950 1950
-9999 -9999 -9999 -9999 -9999 -9999 -9999 -9999 -9999 -9999 -9999 -9999 -9999 -9999 -9999 -9999 -9999 -9999 -9999 -9999 -9999 0 186 170 0 184 180 116 4 115 169 0 0 63 190 223 10 4 10 5 190 5 5 5 5 5 103 4 5 5 224 0 220 444 415 413 445 903 28070 28070 28070 28070 28070 28070 28070 28070 28070 28070 28070 28070 28070 -9999 1700 2790 2790 2790 2790 2790 2790 2790 2790 2790 2790
-9999 -9999 -9999 -9999 -9999 -9999 -9999 -9999 -9999 -9999 -9999 -9999 -9999 -9999 -9999 -9999 -9999 -9999 -9999 -9999 -9999 0 190 3 112 127 233 224 4 234 223 102 205 330 545 205 189 4 10 5 5 5 110 107 5 108 5 4 4 4 123 198 0 315 422 430 315 444 948 28070 28070 28070 28070 28070 28070 28070 28070 28070 28070 28070 28070 -9999 2790 2790 2790 2790 2790 2790 2790 2790 2790 2790 2790
-9999 -9999 -9999 -9999 -9999 -9999 -9999 -9999 -9999 -9999 -9999 -9999 -9999 -9999 -9999 -9999 -9999 -9999 -9999 -9999 195 213 4 4 4 321 219 224 278 548 433 486 390 304 211 191 286 5 123 117 5 5 103 106 9 4 10 4 4 4 10 107 79 116 205 414 331 741 798 816 28070 28070 28070 28070 28070 28070 28070 28070 28070 28070 28070 -9999 2790 2790 2790 2790 2790 2790 2790 2790 2790 2790 2790
-9999 -9999 -9999 -9999 -9999 -9999 -9999 -9999 -9999 -9999 -9999 -9999 -9999 -9999 -9999 -9999 -9999 -9999 -9999 -9999 212 211 120 4 176 129 277 165 394 415 918 823 170 201 180 173 4 118 208 120 5 5 4 4 9 4 131 130 4 10 10 3 107 0 192 411 444 764 794 797 876 28070 28070 28070 28070 28070 28070 28070 28070 28070 -9999 14150 14150 2790 2790 2790 2790 2790 2790 2790 2790 2790 2790
-9999 -9999 -9999 -9999 -9999 -9999 -9999 -9999 -9999 -9999 -9999 -9999 -9999 -9999 -9999 -9999 -9999 -9999 -9999 -9999 -9999 184 0 436 515 1087 854 993 923 767 514 477 281 91 4 119 122 5 122 5 5 4 3 4 4 3 3 3 163 4 4 10 116 211 113 226 317 804 746 812 824 855 28070 28070 28070 28070 28070 28070 28070 -9999 14150 14150 2790 2790 2790 2790 2790 2790 2790 2790 2790 2790 2790
-9999 -9999 -9999 -9999 -9999 -9999 -9999 -9999 -9999 -9999 -9999 -9999 -9999 -9999 -9999 -9999 -9999 -9999 -9999 -9999 172 0 114 570 476 160 204 758 825 492 439 431 284 311 215 227 128 5 5 117 10 4 3 4 4 3 3 3 149 179 174 190 220 192 97 125 219 221 795 949 818 748 28070 28070 28070 28070 28070 28070 -9999 14150 14150 2790 2790 2790 2790 2790 2790 2790 2790 2790 2790 2790 2790
-9999 -9999 -9999 -9999 -9999 -9999 -9999 -9999 -9999 -9999 -9999 -9999 -9999 -9999 -9999 -9999 -9999 -9999 -9999 -9999 170 0 0 0 132 132 783 707 342 338 503 287 97 217 221 225 119 110 5 5 4 4 4 4 4 3 3 0 0 175 177 265 208 306 147 17 134 322 465 918 944 646 4810 28070 28070 28070 28070 14150 14150 14150 14150 14150 2790 2790 2790 2790 2790 2790 2790 2790 2790 2790 2790
-9999 -9999 -9999 -9999 -9999 -9999 -9999 -9999 -9999 -9999 -9999 -9999 -9999 -9999 -9999 -9999 -9999 -9999 -9999 -9999 -9999 171 88 0 110 0 113 131 199 133 301 337 284 426 253 216 305 120 219 121 4 4 166 0 177 185 172 165 175 210 226 198 120 119 108 0 0 197 401 908 787 923 4810 4810 4810 4810 -9999 14150 14150 14150 14150 14150 2790 2790 2790 2790 2790 2790 2790 2790 2790 2790 2790
-9999 -9999 -9999 -9999 -9999 -9999 -9999 -9999 -9999 -9999 -9999 -9999 -9999 -9999 -9999 -9999 -9999 -9999 -9999 -9999 -9999 130 181 196 132 123 112 0 0 227 231 226 301 391 295 10 313 96 94 407 203 171 209 221 198 196 213 195 213 188 278 275 6 5 5 0 0 0 4810 4810 4810 4810 4810 4810 4810 4810 14150 14150 14150 14150 14150 2790 2790 2790 2790 2790 2790 2790 2790 2790 2790 2790 2790
-9999 -9999 -9999 -9999 -9999 -9999 -9999 -9999 -9999 -9999 -9999 -9999 -9999 -9999 -9999 -9999 -9999 -9999 -9999 -9999 -9999 192 286 224 405 307 138 122 0 10 10 90 214 229 224 132 242 245 534 410 273 212 256 354 380 411 221 207 229 211 197 290 6 0 0 0 43 4810 4810 4810 4810 4810 4810 4810 4810 -9999 14150 14150 14150 14150 2790 2790 2790 2790 2790 2790 2790 2790 2790 2790 2790 2790 2790
-9999 -9999 -9999 -9999 -9999 -9999 -9999 -9999 -9999 -9999 -9999 -9999 -9999 -9999 -9999 -9999 -9999 -9999 -9999 -9999 -9999 -9999 404 131 346 328 495 492 349 401 101 416 123 193 83 146 129 210 333 488 216 327 404 488 498 440 316 343 357 221 288 301 75 0 288 310 312 4810 4810 4810 4810 4810 4810 4810 4810 -9999 14150 14150 14150 14150 2790 2790 2790 2790 2790 2790 2790 2790 2790 2790 2790 2790 2790
-9999 -9999 -9999 -9999 -9999 -9999 -9999 -9999 -9999 -9999 -9999 -9999 -9999 -9999 -9999 -9999 -9999 -9999 -9999 -9999 -9999 -9999 332 324 316 304 350 351 127 109 125 186 54 0 111 191 96 213 341 519 428 518 451 556 528 552 221 334 320 128 118 65 0 49 471 310 460 505 4810 4810 4810 4810 4810 4810 4810 14150 14150 14150 14150 2790 2790 14150 14150 14150 14150 14150 2790 2790 2790 2790 2790 2790 2790
