04_184A014/bm_lehtip_juuret.asc
ncols 186
nrows 177
xllcorner 610464
yllcorner 6870672
cellsize 16
nodata_value -9999
[rows 72 to 107 of 177, columns 0 to 81 of 186]
-9999 -9999 -9999 -9999 -9999 -9999 -9999 -9999 -9999 -9999 -9999 -9999 -9999 -9999 -9999 -9999 -9999 -9999 -9999 -9999 -9999 -9999 -9999 -9999 -9999 -9999 -9999 -9999 -9999 -9999 -9999 -9999 -9999 -9999 338 229 326 390 397 408 325 10910 10910 1660 1660 1660 7750 7750 7750 7750 7750 7750 7750 7750 7750 7750 7750 7750 7750 7750 7750 7750 7750 7750 7750 7750 7750 7750 7750 7750 7750 7750 7750 7750 7750 7750 7750 7750 7750 7750 7750 7750
-9999 -9999 -9999 -9999 -9999 -9999 -9999 -9999 -9999 -9999 -9999 -9999 -9999 -9999 -9999 -9999 -9999 -9999 -9999 -9999 -9999 -9999 -9999 -9999 -9999 -9999 -9999 -9999 -9999 -9999 -9999 -9999 -9999 -9999 338 336 376 271 227 236 771 1660 1660 1660 1660 1660 1660 1660 7750 7750 7750 7750 7750 7750 7750 7750 7750 7750 7750 7750 7750 7750 7750 7750 7750 7750 7750 7750 7750 7750 7750 7750 7750 7750 7750 7750 7750 7750 7750 7750 7750 7750
-9999 -9999 -9999 -9999 -9999 -9999 -9999 -9999 -9999 -9999 -9999 -9999 -9999 -9999 -9999 -9999 -9999 -9999 -9999 -9999 -9999 -9999 -9999 -9999 -9999 -9999 -9999 -9999 -9999 -9999 -9999 -9999 -9999 515 492 396 383 364 224 304 719 647 1660 1660 1660 1660 1660 1660 7750 7750 7750 7750 7750 7750 7750 7750 7750 7750 7750 7750 7750 7750 7750 7750 7750 7750 7750 7750 7750 7750 7750 7750 7750 2700 2700 2700 7750 7750 7750 7750 7750 7750
-9999 -9999 -9999 -9999 -9999 -9999 -9999 -9999 -9999 -9999 -9999 -9999 -9999 -9999 -9999 -9999 -9999 -9999 -9999 -9999 -9999 -9999 -9999 -9999 -9999 -9999 -9999 -9999 -9999 -9999 -9999 -9999 413 383 353 260 427 420 415 476 304 63 1660 1660 1660 1660 1660 1660 1660 7750 7750 7750 7750 7750 7750 7750 7750 7750 7750 7750 7750 2700 2700 2700 2700 2700 7750 7750 7750 7750 7750 7750 7750 2700 2700 2700 7750 7750 7750 5550 5550 5550
-9999 -9999 -9999 -9999 -9999 -9999 -9999 -9999 -9999 -9999 -9999 -9999 -9999 -9999 -9999 -9999 -9999 -9999 -9999 -9999 -9999 -9999 -9999 -9999 -9999 -9999 -9999 -9999 -9999 -9999 -9999 -9999 452 595 482 565 414 208 300 338 780 126 60 1660 1660 1660 1660 1660 1660 1660 7750 7750 7750 7750 7750 7750 7750 7750 7750 2700 2700 2700 2700 2700 2700 2700 2700 7750 7750 7750 2700 2700 2700 2700 2700 2700 2700 2700 2700 2700 5550 5550
-9999 -9999 -9999 -9999 -9999 -9999 -9999 -9999 -9999 -9999 -9999 -9999 -9999 -9999 -9999 -9999 -9999 -9999 -9999 -9999 -9999 -9999 -9999 -9999 -9999 -9999 -9999 -9999 -9999 -9999 -9999 -9999 573 571 615 473 793 659 289 395 886 794 324 1660 1660 1660 1660 1660 1660 1660 1660 1660 7750 7750 2700 2700 2700 2700 2700 2700 2700 2700 2700 2700 2700 2700 2700 2700 2700 2700 2700 2700 2700 2700 2700 2700 2700 2700 2700 2700 2700 2700
-9999 -9999 -9999 -9999 -9999 -9999 -9999 -9999 -9999 -9999 -9999 -9999 -9999 -9999 -9999 -9999 -9999 -9999 -9999 -9999 -9999 -9999 -9999 -9999 -9999 -9999 -9999 -9999 -9999 -9999 -9999 483 491 453 423 418 889 597 351 394 697 867 825 1660 1660 1660 1660 1660 1660 1660 1660 1660 1660 1660 2700 2700 2700 2700 2700 2700 2700 2700 2700 2700 2700 2700 2700 2700 2700 2700 2700 2700 2700 2700 2700 2700 2700 2700 2700 2700 2700 2700
-9999 -9999 -9999 -9999 -9999 -9999 -9999 -9999 -9999 -9999 -9999 -9999 -9999 -9999 -9999 -9999 -9999 -9999 -9999 -9999 -9999 -9999 -9999 -9999 -9999 -9999 -9999 -9999 -9999 -9999 785 540 432 387 69 203 401 379 553 364 765 765 683 1545 1660 1660 1660 1660 1660 1660 1660 1660 1660 1660 2700 2700 2700 2700 2700 2700 2700 2700 2700 2700 2700 2700 2700 2700 2700 2700 2700 2700 2700 2700 2700 2700 2700 2700 2700 2700 2700 2700
-9999 -9999 -9999 -9999 -9999 -9999 -9999 -9999 -9999 -9999 -9999 -9999 -9999 -9999 -9999 -9999 -9999 -9999 -9999 -9999 -9999 -9999 -9999 -9999 -9999 -9999 -9999 -9999 -9999 -9999 757 478 373 64 59 175 326 215 365 360 922 373 435 906 1660 1660 1660 1660 1660 1660 1660 15680 1660 1660 1660 2700 2700 2700 2700 2700 2700 2700 2700 2700 2700 2700 2700 2700 2700 2700 2700 2700 2700 2700 2700 2700 2700 2700 2700 2700 2700 2700
-9999 -9999 -9999 -9999 -9999 -9999 -9999 -9999 -9999 -9999 -9999 -9999 -9999 -9999 -9999 -9999 -9999 -9999 -9999 -9999 -9999 -9999 -9999 -9999 -9999 -9999 -9999 -9999 -9999 -9999 494 454 291 63 58 61 501 215 249 334 428 448 246 426 910 1660 1660 1660 1660 1660 1660 15680 1660 15680 1660 2700 2700 2700 2700 2700 2700 2700 2700 2700 2700 2700 2700 2700 2700 2700 2700 2700 2700 2700 2700 2700 2700 2700 2700 2700 2700 2700
-9999 -9999 -9999 -9999 -9999 -9999 -9999 -9999 -9999 -9999 -9999 -9999 -9999 -9999 -9999 -9999 -9999 -9999 -9999 -9999 -9999 -9999 -9999 -9999 -9999 -9999 -9999 -9999 -9999 -9999 213 291 41 56 57 64 146 237 466 451 452 425 337 196 240 1660 1660 1660 1660 1660 15680 15680 15680 15680 15680 15680 15680 2700 2700 2700 2700 2700 2700 2700 2700 2700 2700 2700 2700 2700 2700 2700 2700 2700 2700 2700 2700 2700 2700 2700 2700 2700
-9999 -9999 -9999 -9999 -9999 -9999 -9999 -9999 -9999 -9999 -9999 -9999 -9999 -9999 -9999 -9999 -9999 -9999 -9999 -9999 -9999 -9999 -9999 -9999 -9999 -9999 -9999 -9999 -9999 197 195 43 50 52 53 60 72 205 340 404 459 536 336 329 206 5550 1660 1660 1660 1860 15680 15680 15680 15680 15680 15680 15680 15680 15680 2700 2700 2700 2700 2700 2700 2700 2700 2700 2700 2700 2700 2700 2700 2700 2700 2700 2700 2700 2700 2700 2700 2700
-9999 -9999 -9999 -9999 -9999 -9999 -9999 -9999 -9999 -9999 -9999 -9999 -9999 -9999 -9999 -9999 -9999 -9999 -9999 -9999 -9999 -9999 -9999 -9999 -9999 -9999 -9999 293 170 38 83 76 57 62 53 62 350 354 263 268 365 364 331 306 5550 5550 5550 1860 1860 1860 15680 15680 15680 15680 15680 15680 15680 15680 15680 2700 2700 2700 2700 2700 2700 2700 2700 2700 2700 2700 2700 2700 2700 2700 2700 2700 2700 2700 2700 2700 2700 2700
-9999 -9999 -9999 -9999 -9999 -9999 -9999 -9999 -9999 -9999 -9999 -9999 -9999 -9999 -9999 -9999 -9999 -9999 -9999 -9999 -9999 -9999 -9999 -9999 -9999 -9999 409 613 404 151 79 57 65 70 60 65 419 563 244 298 454 215 335 300 5550 5550 5550 1860 1860 1860 1860 15680 15680 15680 1860 1860 1860 1860 1860 15680 2700 2700 960 960 2700 2700 2700 2700 2700 2700 2700 2700 2700 2700 2700 2700 2700 2700 2700 2700 2700 2700
-9999 -9999 -9999 -9999 -9999 -9999 -9999 -9999 -9999 -9999 -9999 -9999 -9999 -9999 -9999 -9999 -9999 -9999 -9999 -9999 -9999 -9999 -9999 -9999 -9999 595 514 513 404 158 108 53 64 221 66 383 240 256 393 309 335 323 360 496 5550 5550 5550 1860 1860 1860 1860 15680 15680 1860 1860 1860 1860 1860 1860 1860 960 2700 960 960 960 2700 2700 2700 2700 2700 2700 2700 2700 2700 2700 2700 2700 2700 2700 2700 2700 2700
-9999 -9999 -9999 -9999 -9999 -9999 -9999 -9999 -9999 -9999 -9999 -9999 -9999 -9999 -9999 -9999 -9999 -9999 -9999 -9999 -9999 -9999 147 1193 356 597 484 519 387 115 12 41 63 215 503 392 242 379 426 407 338 724 358 511 5550 5550 5550 1860 1860 1860 1860 1860 1860 1860 1860 1860 1860 1860 1860 6960 6960 -9999 -9999 960 960 960 2700 2700 2700 2700 2700 2700 2700 2700 2700 2700 2700 2700 2700 2700 2700 2700
-9999 -9999 -9999 -9999 -9999 -9999 -9999 -9999 -9999 -9999 -9999 -9999 -9999 -9999 -9999 -9999 -9999 -9999 -9999 -9999 -9999 -9999 232 170 357 408 254 372 196 52 55 373 329 195 251 248 281 265 415 339 351 709 405 741 5550 5550 5550 1860 1860 1860 1860 1860 1860 1860 1860 1860 1860 1860 1860 6960 6960 6960 -9999 960 960 960 960 960 2700 2700 2700 2700 2700 2700 2700 2700 2700 2700 2700 2700 2700 2700
-9999 -9999 -9999 -9999 -9999 -9999 -9999 -9999 -9999 -9999 -9999 -9999 -9999 -9999 -9999 -9999 -9999 -9999 -9999 -9999 -9999 -9999 499 313 359 410 345 356 105 148 83 354 388 372 241 285 257 278 405 351 388 399 402 729 5550 5550 5550 1860 14050 1860 1860 1860 1860 1860 1860 1860 1860 1860 6960 6960 6960 6960 6960 6960 -9999 960 960 960 960 2700 2700 2700 2700 2700 2700 2700 2700 2700 2700 2700 2700 2700
-9999 -9999 -9999 -9999 -9999 -9999 -9999 -9999 -9999 -9999 -9999 -9999 -9999 -9999 -9999 -9999 -9999 -9999 -9999 -9999 -9999 516 308 364 366 355 205 100 12 175 186 249 346 428 533 278 285 326 400 397 406 475 310 5550 5550 5550 5550 5550 14050 14050 14050 14050 14050 1860 1860 1860 1860 1860 6960 6960 6960 6960 6960 6960 6960 -9999 960 960 960 960 960 2700 2700 2700 2700 2700 2700 2700 2700 2700 2700 2700
-9999 -9999 -9999 -9999 -9999 -9999 -9999 -9999 -9999 -9999 -9999 -9999 -9999 -9999 -9999 -9999 -9999 -9999 -9999 -9999 -9999 398 230 341 307 282 142 142 153 152 215 227 92 408 412 249 777 406 285 275 271 350 288 367 5550 5550 5550 5550 14050 14050 14050 14050 14050 14050 14050 1860 1860 1860 6960 6960 6960 6960 6960 6960 6960 6960 -9999 960 960 960 960 960 960 2700 2700 2700 2700 2700 2700 2700 2700 2700
-9999 -9999 -9999 -9999 -9999 -9999 -9999 -9999 -9999 -9999 -9999 -9999 -9999 -9999 -9999 -9999 -9999 -9999 -9999 -9999 -9999 201 659 157 104 157 33 54 159 619 237 205 294 314 375 225 254 319 284 292 222 234 253 302 352 5550 66 5550 5550 824 868 14050 14050 14050 14050 14050 14050 14050 14050 6960 6960 6960 6960 6960 6960 6960 6960 -9999 960 960 960 960 960 960 2700 2700 2700 2700 2700 2700 2700 2700
-9999 -9999 -9999 -9999 -9999 -9999 -9999 -9999 -9999 -9999 -9999 -9999 -9999 -9999 -9999 -9999 -9999 -9999 -9999 -9999 -9999 185 99 12 12 12 158 157 223 230 216 163 89 89 336 291 219 272 263 287 482 255 285 292 345 149 68 808 714 652 642 575 666 375 14050 14050 14050 14050 14050 6960 6960 6960 6960 6960 6960 6960 6960 6960 -9999 960 960 960 960 960 960 2700 2700 2700 2700 2700 2700 2700
-9999 -9999 -9999 -9999 -9999 -9999 -9999 -9999 -9999 -9999 -9999 -9999 -9999 -9999 -9999 -9999 -9999 -9999 -9999 -9999 -9999 305 241 9 53 150 155 254 275 268 351 169 349 318 288 58 214 270 314 384 253 227 262 259 297 337 793 656 49 361 385 476 527 697 531 14050 14050 14050 14050 6960 6960 6960 6960 6960 6960 6960 6960 6960 6960 -9999 960 960 960 960 960 960 2700 2700 2700 2700 2700 2700
-9999 -9999 -9999 -9999 -9999 -9999 -9999 -9999 -9999 -9999 -9999 -9999 -9999 -9999 -9999 -9999 -9999 -9999 -9999 -9999 -9999 296 197 81 140 50 207 322 333 270 256 208 348 223 454 43 66 268 276 284 249 246 272 299 430 439 462 815 67 327 517 863 888 406 368 645 598 6960 6960 6960 6960 6960 6960 6960 6960 6960 6960 6960 6960 6960 -9999 960 960 960 960 960 960 3650 2700 2700 2700 2700
-9999 -9999 -9999 -9999 -9999 -9999 -9999 -9999 -9999 -9999 -9999 -9999 -9999 -9999 -9999 -9999 -9999 -9999 -9999 -9999 -9999 204 52 117 152 57 60 424 340 284 237 161 318 233 230 41 192 274 283 375 256 258 269 302 330 444 399 892 1488 1473 896 802 768 699 635 397 539 6960 6960 6960 6960 6960 6960 6960 6960 6960 6960 6960 6960 6960 -9999 960 960 960 960 960 3650 3650 2700 2700 2700 2700
-9999 -9999 -9999 -9999 -9999 -9999 -9999 -9999 -9999 -9999 -9999 -9999 -9999 -9999 -9999 -9999 -9999 -9999 -9999 -9999 -9999 190 53 157 56 153 119 315 780 288 190 56 166 176 9 56 221 278 288 378 385 376 297 369 296 349 426 275 446 839 415 705 415 411 582 424 445 6960 6960 6960 6960 6960 6960 6960 6960 6960 6960 6960 6960 6960 6960 960 960 960 960 3650 3650 3650 3650 3650 2700 2700
-9999 -9999 -9999 -9999 -9999 -9999 -9999 -9999 -9999 -9999 -9999 -9999 -9999 -9999 -9999 -9999 -9999 -9999 -9999 -9999 -9999 12 162 81 55 57 163 307 342 288 151 42 115 117 148 154 239 421 270 395 802 270 235 247 359 259 371 257 266 304 239 833 771 421 388 384 394 421 6960 6960 6960 6960 6960 6960 6960 6960 6960 6960 6960 6960 6960 960 960 960 3650 3650 3650 3650 3650 3650 3650 2700
-9999 -9999 -9999 -9999 -9999 -9999 -9999 -9999 -9999 -9999 -9999 -9999 -9999 -9999 -9999 -9999 -9999 -9999 -9999 -9999 -9999 42 167 160 61 169 169 302 242 314 156 130 166 161 321 728 446 405 390 330 518 279 314 318 283 296 465 431 359 346 928 60 450 693 571 580 642 674 6960 6960 6960 6960 6960 6960 6960 6960 6960 6960 6960 6960 6960 -9999 960 3650 3650 3650 3650 3650 3650 3650 3650 3650
-9999 -9999 -9999 -9999 -9999 -9999 -9999 -9999 -9999 -9999 -9999 -9999 -9999 -9999 -9999 -9999 -9999 -9999 -9999 -9999 -9999 55 170 204 283 290 773 781 217 775 1446 231 404 822 832 232 362 340 392 321 336 297 464 464 339 485 410 436 406 322 405 654 60 463 682 571 365 633 652 6960 6960 6960 6960 6960 6960 6960 6960 6960 6960 6960 6960 -9999 3650 3650 3650 3650 3650 3650 3650 3650 3650 3650
-9999 -9999 -9999 -9999 -9999 -9999 -9999 -9999 -9999 -9999 -9999 -9999 -9999 -9999 -9999 -9999 -9999 -9999 -9999 -9999 526 182 216 208 222 304 392 388 482 1610 1631 852 798 473 232 252 442 352 428 473 422 432 473 462 378 404 467 425 399 333 343 124 558 301 435 558 399 431 394 378 6960 6960 6960 6960 6960 6960 6960 6960 6960 6960 6960 -9999 3650 3650 3650 3650 3650 3650 3650 3650 3650 3650
-9999 -9999 -9999 -9999 -9999 -9999 -9999 -9999 -9999 -9999 -9999 -9999 -9999 -9999 -9999 -9999 -9999 -9999 -9999 -9999 505 181 291 346 74 465 817 501 392 983 500 781 527 213 233 365 377 436 787 429 399 415 432 410 360 395 124 125 380 468 333 193 123 59 343 741 639 377 393 384 394 6960 6960 6960 6960 6960 6960 6960 6960 6960 -9999 3650 3650 3650 3650 3650 3650 3650 3650 3650 3650 3650
-9999 -9999 -9999 -9999 -9999 -9999 -9999 -9999 -9999 -9999 -9999 -9999 -9999 -9999 -9999 -9999 -9999 -9999 -9999 -9999 -9999 166 58 332 191 470 399 185 339 132 788 827 739 570 338 419 436 362 292 269 386 386 428 391 407 407 388 415 446 418 230 333 303 1498 312 392 806 366 627 377 388 406 6960 6960 6960 6960 6960 6960 6960 -9999 9760 3650 3650 3650 3650 3650 3650 3650 3650 3650 3650 3650
-9999 -9999 -9999 -9999 -9999 -9999 -9999 -9999 -9999 -9999 -9999 -9999 -9999 -9999 -9999 -9999 -9999 -9999 -9999 -9999 160 54 300 1557 190 213 249 75 766 815 942 558 618 435 758 918 442 376 266 433 444 438 425 394 397 410 398 417 430 405 280 86 809 319 1473 426 387 388 360 651 375 132 6960 6960 6960 6960 6960 6960 -9999 9760 3650 3650 3650 3650 3650 3650 3650 3650 3650 3650 3650 3650
-9999 -9999 -9999 -9999 -9999 -9999 -9999 -9999 -9999 -9999 -9999 -9999 -9999 -9999 -9999 -9999 -9999 -9999 -9999 -9999 155 54 56 62 354 483 178 91 799 804 798 507 604 761 769 786 432 437 276 381 399 443 439 418 422 421 414 382 404 374 335 529 773 755 1133 861 446 460 609 649 655 389 7950 6960 6960 6960 6960 9760 9760 9760 9760 3650 3650 3650 3650 3650 3650 3650 3650 3650 3650 3650
-9999 -9999 -9999 -9999 -9999 -9999 -9999 -9999 -9999 -9999 -9999 -9999 -9999 -9999 -9999 -9999 -9999 -9999 -9999 -9999 -9999 156 245 58 294 161 401 374 360 341 764 465 605 1491 1571 772 447 430 926 440 413 349 444 229 278 419 415 415 541 527 369 213 430 411 375 59 57 351 426 650 377 645 7950 7950 7950 6960 -9999 9760 9760 9760 9760 3650 3650 3650 3650 3650 3650 3650 3650 3650 3650 3650
-9999 -9999 -9999 -9999 -9999 -9999 -9999 -9999 -9999 -9999 -9999 -9999 -9999 -9999 -9999 -9999 -9999 -9999 -9999 -9999 -9999 861 307 346 338 332 295 63 63 1467 812 794 638 792 754 327 426 609 641 907 261 177 364 374 366 227 239 234 384 288 389 444 226 148 150 55 61 151 7950 7950 7950 7950 7950 7950 7950 7950 9760 9760 9760 9760 3650 3650 3650 3650 3650 3650 3650 3650 3650 3650 3650 3650
