04_184A014/bm_lehtip_neulaset.asc
ncols 186
nrows 177
xllcorner 610464
yllcorner 6870672
cellsize 16
nodata_value -9999
[rows 78 to 116 of 177, columns 87 to 173 of 186]
600 600 600 600 600 1970 410 410 410 410 410 410 1870 490 1870 1870 1870 1870 -9999 -9999 -9999 -9999 -9999 -9999 -9999 -9999 -9999 -9999 -9999 -9999 -9999 -9999 -9999 -9999 -9999 -9999 -9999 -9999 -9999 -9999 -9999 -9999 -9999 -9999 -9999 -9999 -9999 -9999 -9999 -9999 -9999 -9999 -9999 -9999 -9999 -9999 -9999 -9999 -9999 -9999 -9999 -9999 -9999 -9999 -9999 -9999 -9999 -9999 -9999 -9999 -9999 -9999 -9999 -9999 -9999 0 0 0 0 -9999 -9999 -9999 -9999 -9999 -9999 -9999 -9999
600 600 600 600 410 410 410 410 410 410 410 410 410 1870 1870 1870 1870 -9999 -9999 -9999 -9999 -9999 -9999 -9999 -9999 -9999 -9999 -9999 -9999 -9999 -9999 -9999 -9999 -9999 -9999 -9999 -9999 -9999 -9999 -9999 -9999 -9999 -9999 -9999 -9999 -9999 -9999 -9999 -9999 -9999 -9999 -9999 -9999 -9999 -9999 -9999 -9999 -9999 -9999 -9999 -9999 -9999 -9999 -9999 -9999 -9999 -9999 -9999 -9999 -9999 -9999 -9999 -9999 -9999 -9999 0 0 0 0 -9999 -9999 -9999 -9999 -9999 -9999 -9999 -9999
310 310 600 600 410 410 410 410 410 410 410 410 410 410 1870 1870 1870 -9999 -9999 -9999 -9999 -9999 -9999 -9999 -9999 -9999 -9999 -9999 -9999 -9999 -9999 -9999 -9999 -9999 -9999 -9999 -9999 -9999 -9999 -9999 -9999 -9999 -9999 -9999 -9999 -9999 -9999 -9999 350 350 350 -9999 -9999 -9999 -9999 -9999 -9999 -9999 -9999 -9999 -9999 -9999 -9999 -9999 -9999 -9999 -9999 -9999 -9999 -9999 -9999 -9999 -9999 -9999 0 0 0 0 0 120 -9999 -9999 -9999 -9999 -9999 -9999 -9999
310 310 310 310 410 410 410 410 310 310 410 410 410 410 1870 1870 1870 -9999 -9999 -9999 -9999 -9999 -9999 -9999 -9999 -9999 -9999 -9999 -9999 -9999 -9999 -9999 -9999 -9999 -9999 -9999 -9999 -9999 -9999 -9999 -9999 102 157 -9999 -9999 -9999 -9999 -9999 350 350 350 -9999 -9999 -9999 -9999 -9999 -9999 -9999 -9999 -9999 -9999 -9999 -9999 -9999 -9999 -9999 -9999 -9999 -9999 -9999 -9999 -9999 -9999 -9999 -9999 0 0 0 120 120 120 -9999 -9999 -9999 -9999 -9999 -9999
310 310 310 310 410 410 410 410 310 310 310 410 410 410 1870 1870 1870 0 -9999 -9999 -9999 -9999 -9999 -9999 -9999 -9999 -9999 -9999 -9999 -9999 -9999 -9999 -9999 -9999 -9999 -9999 -9999 -9999 -9999 -9999 -9999 89 1 -9999 -9999 -9999 -9999 350 350 350 350 350 -9999 -9999 -9999 -9999 -9999 -9999 -9999 -9999 -9999 -9999 -9999 -9999 -9999 -9999 -9999 -9999 -9999 -9999 -9999 -9999 -9999 -9999 -9999 0 120 120 120 120 120 -9999 -9999 -9999 -9999 -9999 -9999
310 310 310 310 310 310 310 310 310 310 310 310 1870 1870 1870 1870 1870 0 -9999 -9999 -9999 -9999 -9999 -9999 -9999 -9999 -9999 -9999 -9999 -9999 -9999 -9999 -9999 -9999 -9999 -9999 -9999 -9999 -9999 -9999 -9999 -9999 -9999 -9999 -9999 -9999 -9999 -9999 350 350 350 350 350 -9999 -9999 -9999 -9999 -9999 350 350 350 350 350 350 350 -9999 -9999 -9999 -9999 -9999 -9999 -9999 -9999 -9999 -9999 0 120 120 120 120 120 120 -9999 -9999 -9999 -9999 -9999
310 310 310 310 310 310 310 310 310 310 310 310 1870 1870 1870 1870 1870 0 0 -9999 -9999 -9999 -9999 -9999 -9999 -9999 -9999 -9999 -9999 -9999 -9999 -9999 -9999 -9999 -9999 -9999 -9999 -9999 -9999 -9999 -9999 -9999 -9999 -9999 -9999 -9999 -9999 -9999 -9999 350 350 350 350 350 -9999 350 1410 1410 1410 1410 1410 350 350 350 350 350 350 -9999 -9999 -9999 -9999 -9999 0 1200 1200 1200 1200 400 400 120 120 120 -9999 -9999 -9999 -9999 -9999
310 310 310 310 310 310 310 310 310 310 310 940 940 1870 940 1870 1870 0 0 -9999 -9999 -9999 -9999 -9999 -9999 -9999 -9999 -9999 -9999 -9999 -9999 -9999 -9999 -9999 -9999 -9999 -9999 -9999 -9999 -9999 -9999 -9999 -9999 -9999 -9999 -9999 -9999 -9999 -9999 -9999 350 350 350 350 350 350 1410 1410 1410 1410 1410 1410 350 350 350 350 350 13 0 0 0 0 1200 1200 1200 400 400 400 400 400 400 120 -9999 -9999 -9999 -9999 -9999
310 310 310 310 310 310 310 310 310 310 310 940 940 940 940 1870 1870 1870 0 0 -9999 -9999 -9999 -9999 -9999 -9999 -9999 -9999 -9999 -9999 -9999 -9999 -9999 -9999 -9999 -9999 -9999 -9999 -9999 -9999 -9999 -9999 -9999 -9999 -9999 -9999 -9999 -9999 -9999 -9999 350 350 350 350 350 350 1410 1410 1410 1410 1410 1410 1410 350 350 350 350 350 350 1200 1200 1200 400 400 400 400 400 400 400 400 400 400 400 -9999 -9999 -9999 -9999
310 310 310 310 310 310 310 310 310 310 310 310 940 940 940 940 1870 1870 940 0 -9999 -9999 -9999 -9999 -9999 -9999 -9999 -9999 -9999 -9999 -9999 -9999 -9999 -9999 -9999 -9999 -9999 -9999 -9999 -9999 -9999 -9999 -9999 -9999 -9999 -9999 -9999 -9999 -9999 -9999 350 350 350 350 350 350 1410 1410 1410 1410 1410 1410 1410 1410 1410 350 350 350 350 350 350 350 400 400 400 400 400 400 400 400 400 400 400 -9999 -9999 -9999 -9999
310 310 310 310 310 310 310 310 310 310 310 310 310 310 940 940 940 940 940 940 0 -9999 -9999 -9999 -9999 -9999 -9999 -9999 -9999 -9999 -9999 -9999 -9999 -9999 -9999 -9999 -9999 -9999 -9999 -9999 -9999 -9999 -9999 -9999 -9999 -9999 -9999 -9999 -9999 -9999 -9999 350 1770 1770 1770 1770 1770 1770 1410 1410 1410 1410 1410 1410 1410 1410 350 350 350 350 350 350 350 350 400 400 400 400 400 400 400 400 400 -9999 -9999 -9999 -9999
310 310 310 310 310 310 310 310 310 310 310 310 310 310 940 940 940 940 940 940 940 0 -9999 -9999 -9999 -9999 -9999 -9999 -9999 -9999 -9999 -9999 -9999 -9999 -9999 -9999 -9999 -9999 -9999 -9999 -9999 -9999 -9999 -9999 -9999 -9999 -9999 -9999 -9999 -9999 -9999 -9999 -9999 -9999 1770 1770 1770 1770 1770 1410 1410 1410 1410 1410 1410 1410 1410 350 350 350 350 350 350 350 350 1920 1920 400 400 400 400 400 400 -9999 -9999 -9999 -9999
310 310 310 310 310 310 310 310 310 310 310 310 310 310 940 940 940 940 940 940 940 940 -9999 -9999 -9999 -9999 -9999 -9999 -9999 -9999 -9999 -9999 -9999 -9999 -9999 -9999 -9999 -9999 -9999 -9999 -9999 -9999 -9999 -9999 -9999 -9999 -9999 -9999 -9999 -9999 -9999 -9999 -9999 -9999 -9999 -9999 -9999 1770 1770 1770 1770 1410 1770 1770 1410 1410 1410 1410 350 350 350 350 350 350 350 350 1920 1920 1920 400 400 400 -9999 -9999 -9999 -9999 -9999
310 310 310 310 310 310 310 310 310 310 310 310 310 310 310 940 940 940 940 940 940 940 0 -9999 -9999 -9999 -9999 -9999 -9999 -9999 -9999 -9999 -9999 -9999 -9999 -9999 -9999 -9999 -9999 -9999 -9999 -9999 -9999 -9999 -9999 -9999 -9999 -9999 -9999 -9999 -9999 -9999 -9999 -9999 -9999 -9999 -9999 -9999 -9999 1770 1770 1770 1770 1770 1770 1770 1410 1410 1770 1770 350 350 350 350 350 350 1920 1920 1920 1920 400 -9999 -9999 -9999 -9999 -9999 -9999
310 310 310 310 310 310 310 310 310 310 310 310 310 310 210 940 940 940 940 940 940 940 0 -9999 -9999 -9999 -9999 -9999 -9999 -9999 -9999 -9999 -9999 -9999 -9999 -9999 -9999 -9999 -9999 -9999 -9999 -9999 -9999 -9999 -9999 -9999 -9999 -9999 -9999 -9999 -9999 -9999 -9999 -9999 -9999 -9999 -9999 -9999 -9999 -9999 -9999 -9999 1770 1770 1770 1770 1770 1770 1770 1770 350 350 350 350 350 1920 1920 1920 1920 1920 -9999 -9999 -9999 -9999 -9999 -9999 -9999
310 310 310 310 310 310 310 310 310 480 480 480 310 210 210 210 210 940 940 940 940 940 940 0 -9999 -9999 -9999 -9999 -9999 -9999 -9999 -9999 -9999 -9999 -9999 -9999 -9999 -9999 -9999 -9999 -9999 -9999 -9999 -9999 -9999 -9999 -9999 -9999 -9999 -9999 -9999 -9999 -9999 -9999 -9999 -9999 -9999 -9999 -9999 -9999 -9999 -9999 -9999 -9999 1770 1770 1770 1770 1770 1770 350 350 350 350 350 1920 1920 1920 1920 -9999 -9999 -9999 -9999 -9999 -9999 -9999 -9999
310 310 310 310 310 310 310 480 480 480 480 480 480 480 210 210 210 210 210 940 940 940 940 940 0 -9999 -9999 -9999 -9999 -9999 -9999 -9999 -9999 -9999 -9999 -9999 -9999 -9999 -9999 -9999 -9999 -9999 -9999 -9999 -9999 -9999 -9999 -9999 -9999 -9999 -9999 -9999 -9999 -9999 -9999 -9999 -9999 -9999 -9999 -9999 -9999 -9999 -9999 -9999 -9999 -9999 -9999 1770 1770 1770 1770 350 1920 1920 1920 1920 1920 1920 1920 -9999 -9999 -9999 -9999 -9999 -9999 -9999 -9999
310 310 310 310 420 420 480 480 480 480 480 480 480 480 480 480 210 210 210 940 940 940 940 940 680 -9999 -9999 -9999 -9999 -9999 -9999 -9999 -9999 -9999 -9999 -9999 -9999 -9999 -9999 -9999 -9999 -9999 -9999 -9999 -9999 -9999 -9999 -9999 -9999 -9999 -9999 -9999 -9999 -9999 -9999 -9999 -9999 -9999 -9999 -9999 -9999 -9999 -9999 -9999 -9999 -9999 -9999 1770 1770 1770 1770 220 220 1920 1920 1920 1920 1920 1920 1920 -9999 -9999 -9999 -9999 -9999 -9999 -9999
420 420 420 420 420 480 480 480 480 480 480 480 480 480 480 480 480 480 940 940 940 940 940 680 -9999 53 20 -9999 -9999 -9999 -9999 -9999 -9999 -9999 -9999 -9999 -9999 -9999 -9999 -9999 -9999 -9999 -9999 -9999 -9999 -9999 -9999 -9999 -9999 -9999 -9999 -9999 -9999 -9999 -9999 -9999 -9999 -9999 -9999 -9999 -9999 -9999 -9999 -9999 -9999 -9999 -9999 1770 1770 220 220 220 220 220 220 1920 1920 1920 1920 1920 -9999 -9999 -9999 -9999 -9999 -9999 -9999
420 420 420 420 420 480 480 480 480 480 480 480 480 480 480 480 480 480 480 940 940 940 680 45 -9999 -9999 420 -9999 -9999 -9999 -9999 -9999 -9999 -9999 -9999 -9999 -9999 -9999 -9999 -9999 -9999 -9999 -9999 -9999 -9999 -9999 -9999 -9999 -9999 -9999 -9999 -9999 -9999 -9999 -9999 -9999 -9999 -9999 -9999 -9999 -9999 -9999 -9999 -9999 -9999 -9999 -9999 1770 220 220 220 220 220 220 220 220 125 220 220 220 220 -9999 -9999 -9999 -9999 -9999 -9999
420 420 420 420 420 480 480 480 480 480 480 480 480 480 480 480 480 480 480 480 940 940 680 680 77 -9999 420 -9999 -9999 -9999 -9999 -9999 -9999 -9999 -9999 -9999 -9999 -9999 -9999 -9999 -9999 -9999 -9999 -9999 -9999 -9999 -9999 -9999 -9999 -9999 -9999 -9999 -9999 -9999 -9999 -9999 -9999 -9999 -9999 -9999 -9999 -9999 -9999 -9999 -9999 -9999 -9999 220 220 220 220 220 220 220 220 82 167 112 70 167 220 -9999 -9999 -9999 -9999 -9999 -9999
420 420 420 420 420 480 480 480 480 480 480 480 480 480 480 480 480 480 480 480 480 680 680 680 680 -9999 420 -9999 -9999 -9999 -9999 -9999 -9999 -9999 -9999 -9999 -9999 -9999 -9999 -9999 -9999 -9999 -9999 -9999 -9999 -9999 -9999 -9999 -9999 -9999 -9999 -9999 -9999 -9999 -9999 -9999 -9999 -9999 -9999 -9999 -9999 -9999 -9999 -9999 -9999 -9999 -9999 -9999 220 220 220 220 220 220 220 40 52 53 38 129 93 -9999 -9999 -9999 -9999 -9999 -9999
420 420 420 420 420 420 420 420 480 480 480 480 480 480 480 480 480 480 480 480 480 480 480 680 680 680 -9999 420 420 -9999 -9999 -9999 -9999 -9999 -9999 -9999 -9999 -9999 -9999 -9999 -9999 -9999 -9999 -9999 -9999 -9999 -9999 -9999 -9999 -9999 -9999 1 3 0 -9999 -9999 -9999 -9999 -9999 -9999 -9999 -9999 -9999 -9999 -9999 -9999 -9999 -9999 220 220 220 220 220 32 18 11 35 14 22 22 27 51 -9999 -9999 -9999 -9999 -9999
420 420 420 420 420 420 420 420 420 480 480 480 480 480 480 480 480 480 480 480 480 480 480 680 680 680 680 -9999 -9999 420 420 -9999 -9999 -9999 -9999 -9999 -9999 -9999 -9999 -9999 -9999 -9999 -9999 -9999 -9999 -9999 -9999 -9999 -9999 -9999 -9999 -9999 -9999 -9999 -9999 -9999 -9999 -9999 -9999 -9999 -9999 -9999 -9999 -9999 -9999 -9999 -9999 -9999 18 31 11 220 9 18 14 19 13 17 16 33 36 17 -9999 -9999 -9999 -9999 -9999
420 420 420 420 420 420 420 420 420 420 420 480 480 480 480 480 480 480 480 480 480 480 480 680 680 680 680 680 680 -9999 420 -9999 -9999 -9999 -9999 -9999 -9999 -9999 -9999 -9999 -9999 -9999 -9999 -9999 -9999 -9999 -9999 -9999 -9999 -9999 -9999 -9999 -9999 -9999 -9999 -9999 -9999 -9999 -9999 -9999 -9999 -9999 -9999 -9999 -9999 -9999 -9999 -9999 120 20 9 11 13 5 8 9 29 38 44 42 18 37 -9999 -9999 -9999 -9999 -9999
420 420 420 420 420 420 420 420 420 420 420 420 420 420 420 480 480 480 480 480 480 480 480 680 680 680 680 680 680 1530 1530 420 -9999 -9999 -9999 -9999 -9999 -9999 -9999 -9999 -9999 -9999 -9999 -9999 -9999 -9999 -9999 -9999 -9999 -9999 -9999 -9999 -9999 -9999 -9999 -9999 -9999 -9999 -9999 -9999 -9999 -9999 -9999 -9999 -9999 -9999 -9999 -9999 48 11 13 25 10 63 23 32 14 28 20 16 25 31 -9999 -9999 -9999 -9999 -9999
420 420 420 420 420 420 420 420 420 420 420 420 420 420 420 420 480 480 480 480 480 480 480 680 680 680 680 680 680 1530 1530 -9999 420 420 -9999 -9999 -9999 -9999 -9999 -9999 -9999 -9999 -9999 -9999 -9999 -9999 -9999 -9999 -9999 -9999 -9999 -9999 -9999 -9999 -9999 -9999 -9999 -9999 -9999 -9999 -9999 0 55 29 8 -9999 -9999 15 9 11 9 14 40 58 57 63 16 29 26 25 29 16 -9999 -9999 -9999 -9999 -9999
420 420 420 420 420 420 420 420 420 420 420 420 420 420 420 420 420 480 480 480 480 480 680 680 680 680 680 680 680 1530 1530 1530 -9999 420 -9999 -9999 -9999 -9999 -9999 -9999 -9999 -9999 -9999 -9999 -9999 -9999 -9999 -9999 -9999 -9999 -9999 -9999 -9999 -9999 -9999 -9999 -9999 -9999 -9999 -9999 -9999 3 19 0 14 7 17 17 13 81 6 14 4 33 35 57 59 9 25 27 26 8 4 -9999 -9999 -9999 -9999
420 420 420 420 420 420 420 420 420 420 420 420 420 420 420 420 420 420 480 480 480 480 680 680 680 680 680 680 1530 1530 1530 1530 1530 420 420 -9999 -9999 -9999 -9999 -9999 -9999 -9999 -9999 -9999 -9999 -9999 -9999 -9999 -9999 -9999 -9999 -9999 -9999 -9999 -9999 -9999 -9999 -9999 -9999 -9999 -9999 -9999 55 41 31 17 12 4 18 18 64 37 59 33 57 56 59 5 27 53 9 9 9 -9999 -9999 -9999 -9999
420 420 420 420 420 420 420 420 420 420 420 420 420 420 420 420 420 420 420 420 420 420 480 480 480 480 680 1530 1530 1530 1530 1530 85 -9999 420 420 -9999 -9999 -9999 -9999 -9999 -9999 -9999 -9999 -9999 -9999 -9999 -9999 -9999 -9999 -9999 -9999 -9999 -9999 -9999 -9999 -9999 -9999 -9999 -9999 -9999 -9999 -9999 -9999 6 41 11 13 53 38 63 52 66 34 60 64 5 4 9 37 16 9 9 -9999 -9999 -9999 -9999
420 420 420 420 420 420 420 420 420 420 420 420 420 420 420 420 420 420 420 420 420 420 420 420 420 480 1530 1530 1530 1530 1530 1530 90 30 420 420 420 420 420 420 230 -9999 -9999 -9999 -9999 -9999 -9999 -9999 -9999 -9999 -9999 -9999 -9999 -9999 -9999 -9999 -9999 -9999 -9999 -9999 -9999 -9999 -9999 -9999 -9999 7 0 63 0 0 0 0 57 17 33 32 56 54 77 5 2 5 6 2 -9999 -9999 -9999
420 420 420 420 420 420 420 420 420 420 420 420 420 420 420 420 420 420 420 420 420 420 420 420 420 420 1530 1530 1530 1530 1530 1530 67 74 -9999 420 420 420 230 230 230 230 230 -9999 -9999 -9999 -9999 -9999 -9999 -9999 -9999 -9999 -9999 -9999 -9999 -9999 -9999 -9999 -9999 -9999 -9999 -9999 -9999 -9999 -9999 -9999 1 64 33 0 0 0 35 37 8 5 17 9 3 6 3 31 117 150 -9999 -9999 -9999
420 420 420 420 420 420 420 420 420 420 420 420 420 420 420 420 420 420 420 420 420 420 420 420 420 420 1530 1530 1530 85 77 76 76 127 -9999 420 420 420 230 230 230 230 230 230 260 -9999 -9999 -9999 -9999 -9999 -9999 -9999 -9999 -9999 -9999 -9999 -9999 -9999 -9999 -9999 -9999 -9999 -9999 -9999 -9999 -9999 1 14 53 0 29 29 33 30 51 26 5 6 14 85 6 90 150 150 -9999 -9999 -9999
420 420 420 420 420 420 420 420 420 420 420 420 420 420 420 420 420 420 420 420 420 420 420 420 420 420 420 420 72 79 72 66 83 54 -9999 420 420 420 230 230 230 230 230 260 260 260 260 -9999 -9999 -9999 -9999 -9999 -9999 -9999 -9999 -9999 -9999 -9999 -9999 -9999 -9999 -9999 -9999 -9999 -9999 -9999 1 14 0 0 0 0 56 51 30 26 4 7 104 79 25 460 460 460 -9999 460 -9999
420 420 420 420 420 420 420 420 420 790 790 790 420 790 420 420 420 420 420 420 420 420 420 420 420 420 87 420 420 59 43 78 80 48 420 420 420 420 230 230 230 230 260 260 260 260 260 260 -9999 -9999 -9999 -9999 -9999 -9999 -9999 -9999 -9999 -9999 -9999 -9999 -9999 -9999 -9999 -9999 -9999 -9999 1 8 26 44 34 33 36 32 25 5 4 9 104 1 62 460 460 460 460 -9999 -9999
420 420 420 420 420 420 420 420 790 790 790 790 790 790 420 420 420 420 420 420 420 420 420 420 420 420 420 420 420 420 420 77 24 43 -9999 420 420 230 230 230 230 230 260 260 260 260 260 260 260 260 -9999 -9999 -9999 -9999 -9999 -9999 -9999 -9999 -9999 -9999 -9999 -9999 -9999 -9999 -9999 1 19 95 8 8 5 4 8 24 7 10 7 11 99 10 61 460 460 460 460 -9999 -9999
420 420 420 420 420 420 790 790 790 790 790 790 790 790 790 290 290 420 420 420 420 420 420 420 420 420 420 420 420 420 420 420 420 420 -9999 420 230 230 230 230 260 260 260 260 260 260 260 260 260 260 650 650 -9999 -9999 -9999 -9999 -9999 0 -9999 -9999 -9999 -9999 -9999 -9999 1 0 7 12 3 3 9 9 10 9 6 29 10 11 15 18 460 460 460 460 460 460 -9999
420 420 420 420 420 790 790 790 790 790 790 790 790 790 790 290 290 420 420 420 420 420 420 420 420 420 420 420 420 420 420 420 420 420 -9999 230 230 230 230 260 260 260 260 260 260 260 260 260 260 650 650 650 650 -9999 -9999 -9999 -9999 0 0 -9999 -9999 -9999 1 38 19 116 89 8 8 112 11 12 17 11 7 16 84 13 14 118 153 460 460 460 460 460 460
420 420 420 420 420 790 790 790 790 390 390 390 790 790 790 290 290 420 420 420 420 420 420 420 420 420 420 420 420 420 420 420 420 420 -9999 260 260 260 260 260 260 260 260 260 260 260 260 260 260 650 650 650 650 650 650 0 -9999 -9999 0 -9999 -9999 1 0 3 42 50 40 12 11 122 110 93 16 11 10 20 95 12 42 134 113 84 460 460 460 460 460
