04_184A014/bm_lehtip_neulaset.asc
ncols 186
nrows 177
xllcorner 610464
yllcorner 6870672
cellsize 16
nodata_value -9999
[rows 117 to 155 of 177, columns 0 to 86 of 186]
-9999 -9999 -9999 -9999 -9999 -9999 -9999 -9999 -9999 -9999 -9999 -9999 -9999 -9999 -9999 -9999 -9999 -9999 -9999 -9999 185 38 24 19 5 14 9 5 24 90 86 32 71 14 185 33 99 95 148 160 160 113 157 101 131 105 105 119 100 128 121 125 95 102 107 126 132 75 93 520 520 520 520 520 480 480 480 480 -9999 670 670 670 1100 1100 1100 1100 1100 1100 1100 420 420 420 420 420 420 420 420
-9999 -9999 -9999 -9999 -9999 -9999 -9999 -9999 -9999 -9999 -9999 -9999 -9999 -9999 -9999 -9999 -9999 -9999 -9999 -9999 42 27 10 19 10 52 53 64 60 60 135 31 85 102 91 72 21 119 140 149 122 117 119 153 118 103 102 108 102 95 94 94 95 99 111 101 155 67 104 520 520 520 520 520 480 480 480 480 480 480 -9999 670 670 1100 1100 1100 1100 1100 1100 1100 420 420 420 420 420 420 420
-9999 -9999 -9999 -9999 -9999 -9999 -9999 -9999 -9999 -9999 -9999 -9999 -9999 -9999 -9999 -9999 -9999 -9999 -9999 -9999 42 32 29 19 90 31 29 65 33 14 140 120 89 98 139 87 115 40 45 101 140 110 123 125 160 155 106 150 103 96 94 141 99 112 102 44 42 97 103 520 12 520 520 520 520 480 480 480 480 480 480 -9999 1100 1100 1100 1100 1100 1100 1100 1100 1100 420 420 420 420 420 420
-9999 -9999 -9999 -9999 -9999 -9999 -9999 -9999 -9999 -9999 -9999 -9999 -9999 -9999 -9999 -9999 -9999 -9999 -9999 87 189 208 26 61 24 -9999 122 85 104 111 76 8 19 23 35 74 80 91 183 33 92 121 202 129 158 108 105 103 102 102 100 104 166 89 124 44 53 73 870 870 2030 520 520 520 520 480 480 480 480 480 480 480 480 -9999 1100 1100 1100 1100 1100 1100 1100 1100 420 420 420 420 420
-9999 -9999 -9999 -9999 -9999 -9999 -9999 -9999 -9999 -9999 -9999 -9999 -9999 -9999 -9999 -9999 -9999 -9999 -9999 90 189 43 16 17 18 -9999 -9999 90 182 32 23 13 37 33 52 33 43 38 28 81 82 35 125 150 116 110 155 151 107 152 161 147 93 100 86 118 51 19 870 870 2030 2030 520 520 520 520 480 480 480 480 130 130 480 480 -9999 -9999 1100 1100 1100 1100 1100 240 240 240 240 420 420
-9999 -9999 -9999 -9999 -9999 -9999 -9999 -9999 -9999 -9999 -9999 -9999 -9999 -9999 -9999 -9999 -9999 -9999 39 98 26 24 8 3 63 206 68 99 20 9 38 38 40 43 24 3 3 8 13 14 25 37 53 125 78 108 144 105 103 111 156 144 80 148 102 30 36 19 870 870 870 2030 520 520 520 520 480 480 480 130 130 130 480 480 480 480 -9999 1100 1100 1100 21 240 240 240 240 240 240
-9999 -9999 -9999 -9999 -9999 -9999 -9999 -9999 -9999 -9999 -9999 -9999 -9999 -9999 -9999 -9999 -9999 -9999 96 96 39 31 0 12 31 -9999 119 24 23 0 22 38 16 3 15 4 3 3 23 27 3 30 78 89 68 85 108 105 163 154 97 190 75 174 140 62 133 143 138 870 870 870 2030 520 520 520 520 520 130 130 130 130 130 480 480 480 480 480 -9999 80 24 31 48 58 240 240 240
-9999 -9999 -9999 -9999 -9999 -9999 -9999 -9999 -9999 -9999 -9999 -9999 -9999 -9999 -9999 -9999 -9999 187 195 103 89 38 5 2 20 -9999 130 29 9 14 17 19 8 6 8 6 6 6 6 6 8 2 106 93 43 72 33 144 151 190 190 190 190 115 123 104 97 132 54 870 870 870 870 870 2030 2030 520 2030 130 130 130 130 130 480 480 480 480 480 480 -9999 119 102 85 32 26 5 21
-9999 -9999 -9999 -9999 -9999 -9999 -9999 -9999 -9999 -9999 -9999 -9999 -9999 -9999 -9999 -9999 91 208 191 192 187 93 70 7 26 -9999 50 17 9 35 23 38 6 6 0 18 20 12 8 6 6 4 31 107 39 24 85 105 820 190 190 190 190 190 100 194 99 58 64 65 80 870 870 870 870 2030 870 870 130 130 130 130 130 130 130 130 130 480 480 480 480 -9999 75 46 44 19 19
-9999 -9999 -9999 -9999 -9999 -9999 -9999 -9999 -9999 -9999 -9999 -9999 -9999 -9999 -9999 72 86 102 109 195 188 191 100 88 15 -9999 28 26 23 7 21 27 29 24 32 29 14 32 22 29 27 27 28 29 26 28 820 820 820 190 190 190 190 190 190 103 180 102 65 85 86 104 870 870 870 870 870 870 130 130 130 130 130 130 130 130 480 480 480 480 480 480 -9999 -9999 40 23 24
-9999 -9999 -9999 -9999 -9999 -9999 -9999 -9999 -9999 -9999 -9999 -9999 -9999 -9999 11 14 75 98 110 195 190 181 198 186 171 -9999 39 24 8 22 35 33 32 33 80 85 152 97 51 27 29 27 24 29 820 820 820 820 820 190 190 190 190 190 190 190 15 31 94 105 67 74 870 870 870 870 870 870 130 130 130 130 130 130 130 130 480 480 480 480 480 480 480 480 -9999 24 43
-9999 -9999 -9999 -9999 -9999 -9999 -9999 -9999 -9999 -9999 -9999 -9999 -9999 -9999 11 13 13 139 109 196 178 131 175 189 89 120 64 9 14 34 72 79 82 158 125 145 149 152 79 15 144 70 820 820 820 820 820 820 820 820 820 190 190 190 190 190 190 190 27 96 100 77 14 870 870 870 870 130 130 130 130 130 130 130 130 750 480 480 480 480 480 480 480 480 480 480 -9999
-9999 -9999 -9999 -9999 -9999 -9999 -9999 -9999 -9999 -9999 -9999 -9999 -9999 102 15 96 110 111 207 178 164 205 177 104 162 146 86 16 58 176 83 82 122 130 103 146 116 146 66 14 97 820 820 820 820 820 820 820 820 820 820 820 820 190 190 190 190 190 190 14 129 146 870 870 870 870 130 130 130 130 130 130 130 130 130 750 480 480 480 480 480 480 140 480 480 480 480
-9999 -9999 -9999 -9999 -9999 -9999 -9999 -9999 -9999 -9999 -9999 -9999 73 90 123 207 189 186 190 172 113 144 201 36 158 -9999 80 112 16 100 184 80 129 107 150 109 100 145 55 13 98 820 820 820 820 820 820 820 820 820 820 820 820 820 190 190 190 190 190 190 190 127 870 870 870 870 130 130 130 130 130 130 130 750 750 750 480 480 480 480 480 140 140 140 140 480 480
-9999 -9999 -9999 -9999 -9999 -9999 -9999 -9999 -9999 -9999 -9999 14 95 173 183 132 186 188 191 191 186 206 191 177 -9999 28 10 188 39 20 114 107 145 156 154 152 110 56 146 202 820 820 820 820 820 820 820 820 820 820 820 820 820 820 820 820 190 190 190 190 190 190 870 870 870 130 130 130 130 130 130 130 130 750 750 140 140 140 140 140 140 140 140 140 140 480 130
-9999 -9999 -9999 -9999 -9999 -9999 -9999 -9999 -9999 -9999 11 16 98 133 131 191 186 212 191 188 199 173 158 -9999 71 29 65 38 41 154 132 68 73 74 64 91 90 21 171 64 820 820 820 820 820 820 820 820 820 820 820 820 820 820 820 820 820 820 820 820 190 190 870 870 130 130 130 130 130 130 130 130 750 750 140 140 140 140 140 140 140 140 140 130 130 130 130
-9999 -9999 -9999 -9999 -9999 -9999 -9999 -9999 -9999 5 5 12 16 107 213 200 141 190 109 113 179 48 23 -9999 92 90 165 97 36 73 42 31 99 213 15 56 98 115 70 105 820 820 820 820 820 820 820 820 820 820 820 820 820 820 820 820 820 820 820 820 820 820 190 870 130 130 130 130 130 130 130 130 150 750 140 140 140 140 140 140 140 140 140 130 130 130 130
-9999 -9999 -9999 -9999 -9999 -9999 -9999 -9999 15 5 5 5 13 96 189 195 195 188 108 108 44 92 60 29 49 38 153 78 67 57 94 96 81 146 175 47 86 78 104 129 820 820 820 820 820 820 820 820 820 820 820 820 820 820 820 820 820 820 820 820 820 820 820 870 870 130 130 130 130 130 130 130 150 150 150 150 140 140 140 140 140 140 140 130 130 130 130
-9999 -9999 -9999 -9999 -9999 -9999 -9999 -9999 141 19 17 14 14 93 109 193 199 196 191 191 171 94 9 24 34 193 146 88 87 186 193 187 166 160 83 65 65 63 31 29 27 76 81 820 820 820 820 820 820 820 820 820 820 820 820 820 820 820 820 820 820 820 870 870 870 870 130 130 130 130 130 130 150 150 150 150 140 140 140 140 140 140 130 130 130 130 130
-9999 -9999 -9999 -9999 -9999 -9999 -9999 17 157 69 18 14 14 15 103 190 197 217 198 190 204 62 91 148 23 7 44 110 118 97 94 183 185 113 127 141 63 85 19 15 14 73 100 91 99 820 820 820 820 820 820 820 820 820 820 820 820 820 820 820 820 820 820 870 870 870 870 130 130 130 130 130 21 126 160 140 140 140 140 140 140 140 130 130 130 130 130
-9999 -9999 -9999 -9999 -9999 -9999 7 58 149 153 137 16 14 44 104 112 187 189 195 225 186 40 101 149 48 12 4 6 5 35 59 102 67 102 129 192 127 25 3 11 17 21 95 96 60 100 193 820 820 820 820 820 820 820 820 820 820 820 820 820 820 820 820 820 1260 870 130 130 130 130 130 130 191 154 156 140 140 140 140 140 140 140 130 130 130 130 130
-9999 -9999 -9999 -9999 -9999 14 58 60 20 183 182 198 196 196 200 201 194 178 214 67 71 195 161 149 10 104 2 14 47 90 139 107 155 39 98 94 60 46 105 10 11 12 23 45 32 210 219 197 192 197 820 820 820 820 820 820 820 820 820 820 820 820 820 820 820 1260 130 130 130 130 130 130 130 189 140 140 140 140 140 140 130 130 130 130 130 130 130
-9999 -9999 -9999 -9999 -9999 9 21 21 17 12 12 18 26 81 100 186 190 219 130 138 174 100 101 189 50 113 122 125 36 63 148 84 69 55 46 49 170 79 201 191 200 12 16 15 63 36 113 192 103 133 66 180 820 820 820 820 820 820 820 820 820 820 820 820 820 820 1260 130 130 130 130 130 130 140 140 140 140 140 140 140 130 130 130 130 130 130 130
-9999 -9999 -9999 -9999 -9999 32 20 20 20 9 13 20 18 16 105 184 104 146 190 150 191 100 133 -9999 139 66 13 20 36 27 55 88 84 150 199 185 100 110 52 173 189 225 36 38 38 10 119 191 190 67 71 75 209 166 820 820 820 820 820 820 820 820 820 820 820 820 1260 1260 130 130 130 130 130 130 140 140 140 140 140 140 130 130 130 130 130 130 24
-9999 -9999 -9999 -9999 22 31 19 104 13 13 16 16 9 17 147 124 103 146 161 116 185 174 74 -9999 76 140 44 43 64 27 48 203 145 117 156 90 81 76 70 68 119 106 135 38 107 105 104 189 183 206 132 213 138 66 68 75 111 820 820 820 820 820 820 820 820 820 820 820 1260 1260 130 130 130 130 140 140 140 140 140 130 130 130 130 130 130 130 130
-9999 -9999 -9999 -9999 19 25 188 120 105 144 144 143 11 92 103 196 121 120 121 93 122 172 24 35 -9999 -9999 64 119 117 134 70 45 36 68 75 75 78 82 82 72 68 94 170 177 195 121 100 97 119 201 182 179 180 100 152 143 171 65 180 820 820 820 820 820 820 820 820 820 1260 1260 1260 130 130 1260 1260 140 140 140 130 130 130 130 130 130 130 130 130
-9999 -9999 -9999 22 29 20 102 149 86 94 121 162 138 99 98 183 121 118 125 93 119 134 57 95 83 74 59 87 -9999 -9999 -9999 122 58 61 56 54 186 173 86 95 81 86 76 77 182 204 124 99 100 105 133 101 188 122 119 147 111 141 95 102 111 820 820 820 820 820 820 820 1260 1260 1260 1260 1260 1260 130 130 130 130 130 130 130 130 130 130 130 130 130
-9999 -9999 -9999 12 20 141 97 103 126 125 144 149 105 100 176 188 124 122 126 120 124 140 88 102 76 64 62 117 92 36 77 155 -9999 138 140 42 11 57 83 83 84 73 106 76 89 91 214 187 133 194 201 107 191 106 191 202 222 69 94 120 19 21 820 820 820 820 820 1260 1260 1260 1260 1260 130 130 130 130 130 130 130 130 130 130 130 130 130 130 130
-9999 -9999 260 260 260 260 137 68 213 211 144 67 67 141 139 18 188 107 108 109 98 69 86 111 77 97 107 83 65 77 77 118 117 63 -9999 46 50 11 68 73 85 32 88 102 74 67 208 181 192 186 92 138 66 138 140 212 66 177 115 26 89 154 187 820 820 820 820 1260 1260 1260 1260 130 130 130 130 130 130 130 130 130 130 130 130 130 130 130 130
-9999 -9999 260 260 260 260 260 260 260 260 260 260 260 260 260 260 182 140 68 78 92 92 109 86 86 69 39 77 88 91 85 71 68 115 82 -9999 138 102 188 150 65 62 99 59 175 181 108 106 103 171 74 71 73 85 82 64 181 81 55 114 169 97 141 202 820 1260 1260 1260 1260 1260 130 130 130 130 130 130 45 130 130 130 130 130 130 130 130 130 130
-9999 -9999 260 260 260 260 260 260 260 260 260 260 260 260 260 260 260 260 260 260 95 94 69 75 81 63 58 191 178 93 68 104 83 106 133 134 122 107 156 39 70 75 87 191 17 20 76 47 48 79 8 7 191 106 98 97 100 52 196 194 109 95 107 146 163 172 1260 1260 1260 130 130 130 130 130 130 130 45 43 130 130 130 130 130 130 130 130 -9999
-9999 260 260 260 260 260 260 260 260 260 260 260 260 260 260 260 260 260 260 260 90 29 54 76 76 76 217 450 450 450 450 143 73 125 54 95 -9999 93 17 101 33 159 157 12 62 89 192 148 179 229 164 75 108 69 57 23 35 142 206 160 151 121 139 144 140 201 1260 130 130 130 130 130 130 78 78 49 18 10 10 130 130 130 130 130 130 -9999 -9999
-9999 260 260 260 260 260 260 260 260 260 260 260 260 260 260 260 260 260 260 260 73 134 86 96 66 93 450 450 450 450 450 450 450 450 450 450 -9999 330 22 128 96 307 217 20 64 81 108 77 28 25 26 27 49 49 110 181 163 100 100 140 139 121 123 101 100 143 161 143 130 130 130 115 50 58 84 80 50 70 16 10 130 130 130 -9999 -9999 -9999 -9999
-9999 260 260 260 260 260 260 260 260 260 260 260 260 260 260 260 260 260 260 260 260 450 450 450 450 450 450 450 450 450 450 450 450 450 450 450 -9999 330 330 330 330 330 330 330 330 330 126 15 11 14 95 109 102 99 57 31 81 100 102 144 142 98 99 101 98 193 106 105 181 130 130 95 55 54 124 117 115 53 99 80 130 130 -9999 -9999 -9999 -9999 -9999
-9999 260 260 260 260 260 260 260 260 260 260 260 260 260 260 260 260 260 260 260 450 450 450 450 450 450 450 450 450 450 450 450 450 450 450 450 330 330 330 330 330 330 330 330 330 330 330 330 330 330 1490 7 14 2 25 36 47 30 79 108 101 98 99 103 101 101 100 98 123 124 58 99 76 73 135 100 84 1630 72 60 -9999 -9999 -9999 -9999 -9999 -9999 -9999
260 260 260 260 260 260 260 260 260 260 260 260 260 260 260 260 260 260 260 260 450 10 450 450 450 450 450 450 450 450 450 450 450 450 450 -9999 330 330 330 330 330 330 330 330 330 330 330 330 330 1490 1490 1490 1490 1490 1490 1490 1490 13 62 76 100 96 98 104 106 103 102 99 123 121 85 14 102 105 1630 1630 1630 1630 1630 1630 -9999 -9999 -9999 -9999 -9999 -9999 -9999
-9999 260 260 260 260 260 260 260 260 260 260 260 260 260 260 260 260 10 10 10 10 10 10 450 450 450 450 450 450 450 450 450 450 450 450 -9999 330 330 330 330 330 330 330 330 330 330 330 330 1490 1490 1490 1490 1490 1490 1490 1490 1490 1490 76 68 96 102 102 103 149 105 156 155 120 121 156 98 170 15 1630 1630 1630 1630 1630 1630 -9999 -9999 -9999 -9999 -9999 -9999 -9999
-9999 260 260 40 40 40 40 40 40 40 40 40 40 40 40 40 10 10 10 10 10 10 10 450 450 450 450 450 450 450 450 450 450 450 450 -9999 330 330 330 330 330 330 330 330 330 330 330 330 1490 1490 1490 1490 1490 1490 1490 1490 1490 1490 1490 114 96 136 113 101 103 150 100 127 127 121 94 93 170 170 170 1630 1630 1630 1630 -9999 -9999 -9999 -9999 -9999 -9999 -9999 -9999
-9999 40 40 40 40 40 40 40 40 40 40 40 40 40 40 40 40 10 10 10 10 10 10 450 450 450 450 450 450 450 450 450 450 450 450 -9999 330 330 330 330 330 330 330 330 330 330 330 330 1110 1490 1490 1490 1490 1490 1490 1490 1490 1490 1490 1490 107 65 111 100 102 98 96 97 101 147 170 170 170 170 170 1630 1630 1630 1630 -9999 -9999 -9999 -9999 -9999 -9999 -9999 -9999
