04_184A014/bm_lehtip_juuret.asc
ncols 186
nrows 177
xllcorner 610464
yllcorner 6870672
cellsize 16
nodata_value -9999
[rows 108 to 143 of 177, columns 82 to 163 of 186]
3650 3650 3650 3650 3650 3650 3650 3650 3650 3650 3650 3650 3650 3650 3650 3650 3650 3650 3650 3650 3650 3650 3650 3650 3650 3650 3650 3650 3650 3650 4380 13540 13540 13540 13540 13540 13540 778 344 3660 3660 3660 3660 3660 3660 1990 -9999 -9999 -9999 -9999 -9999 -9999 -9999 -9999 -9999 -9999 -9999 -9999 -9999 -9999 -9999 -9999 -9999 -9999 -9999 -9999 -9999 -9999 -9999 -9999 32 0 327 0 0 0 0 297 105 178 152 288
3650 3650 3650 3650 3650 3650 3650 3650 3650 3650 3650 3650 3650 3650 3650 3650 3650 3650 3650 3650 3650 3650 3650 3650 3650 3650 3650 3650 3650 3650 3650 13540 13540 13540 13540 13540 13540 545 437 -9999 3660 3660 3660 1990 1990 1990 1990 1990 -9999 -9999 -9999 -9999 -9999 -9999 -9999 -9999 -9999 -9999 -9999 -9999 -9999 -9999 -9999 -9999 -9999 -9999 -9999 -9999 -9999 -9999 -9999 3 328 160 0 0 0 168 220 58 23 98
3650 3650 3650 3650 3650 3650 3650 3650 3650 3650 3650 3650 3650 3650 3650 3650 3650 3650 3650 3650 3650 3650 3650 3650 3650 3650 3650 3650 3650 3650 3650 13540 13540 13540 644 623 549 548 645 -9999 3660 3660 3660 1990 1990 1990 1990 1990 1990 2270 -9999 -9999 -9999 -9999 -9999 -9999 -9999 -9999 -9999 -9999 -9999 -9999 -9999 -9999 -9999 -9999 -9999 -9999 -9999 -9999 -9999 3 64 273 0 137 139 158 168 262 159 22
3650 3650 3650 3650 3650 3650 3650 3650 3650 3650 3650 3650 3650 3650 3650 3650 3650 3650 3650 3650 3650 3650 3650 3650 3650 3650 3650 3650 3650 3650 3650 3650 3650 446 564 519 414 637 322 -9999 3660 3660 3660 1990 1990 1990 1990 1990 2270 2270 2270 2270 -9999 -9999 -9999 -9999 -9999 -9999 -9999 -9999 -9999 -9999 -9999 -9999 -9999 -9999 -9999 -9999 -9999 -9999 -9999 3 87 0 0 0 0 291 268 143 142 17
3650 3650 3650 3650 3650 3650 3650 3650 3650 3650 3650 3650 3650 3650 7310 7310 7310 3650 7310 3650 3650 3650 3650 3650 3650 3650 3650 3650 3650 3650 3650 517 3650 3650 480 320 570 614 379 3660 3660 3660 3660 1990 1990 1990 1990 2270 2270 2270 2270 2270 2270 -9999 -9999 -9999 -9999 -9999 -9999 -9999 -9999 -9999 -9999 -9999 -9999 -9999 -9999 -9999 -9999 -9999 -9999 4 107 169 228 164 156 193 204 156 23 17
3650 3650 3650 3650 3650 3650 3650 3650 3650 3650 3650 3650 3650 7310 7310 7310 7310 7310 7310 3650 3650 3650 3650 3650 3650 3650 3650 3650 3650 3650 3650 3650 3650 3650 3650 3650 456 132 239 -9999 3660 3660 1990 1990 1990 1990 1990 2270 2270 2270 2270 2270 2270 2270 2270 -9999 -9999 -9999 -9999 -9999 -9999 -9999 -9999 -9999 -9999 -9999 -9999 -9999 -9999 -9999 3 86 508 36 57 23 19 58 120 28 150 31
3650 3650 3650 3650 3650 3650 3650 3650 3650 3650 3650 7310 7310 7310 7310 7310 7310 7310 7310 7310 2450 2450 3650 3650 3650 3650 3650 3650 3650 3650 3650 3650 3650 3650 3650 3650 3650 3650 3650 -9999 3660 1990 1990 1990 1990 2270 2270 2270 2270 2270 2270 2270 2270 2270 2270 5770 5770 -9999 -9999 -9999 -9999 -9999 0 -9999 -9999 -9999 -9999 -9999 -9999 3 0 42 74 14 14 61 69 76 67 26 240 64
3650 3650 3650 3650 3650 3650 3650 3650 3650 3650 7310 7310 7310 7310 7310 7310 7310 7310 7310 7310 2450 2450 3650 3650 3650 3650 3650 3650 3650 3650 3650 3650 3650 3650 3650 3650 3650 3650 3650 -9999 1990 1990 1990 1990 2270 2270 2270 2270 2270 2270 2270 2270 2270 2270 5770 5770 5770 5770 -9999 -9999 -9999 -9999 0 0 -9999 -9999 -9999 2 182 85 661 466 50 36 546 72 59 214 71 30 202 548
3650 3650 3650 3650 3650 3650 3650 3650 3650 3650 7310 7310 7310 7310 3680 3680 3680 7310 7310 7310 2450 2450 3650 3650 3650 3650 3650 3650 3650 3650 3650 3650 3650 3650 3650 3650 3650 3650 3650 -9999 2270 2270 2270 2270 2270 2270 2270 2270 2270 2270 2270 2270 2270 2270 5770 5770 5770 5770 5770 5770 0 -9999 -9999 0 -9999 -9999 3 0 17 229 313 216 72 52 685 576 521 195 71 65 235 616
3650 3650 3650 3650 3650 3650 3650 3650 3650 3650 7310 7310 7310 3680 3680 3680 3680 3680 2450 2450 2450 2450 3650 3650 3650 2450 3650 3650 3650 3650 3650 3650 3650 3650 3650 3650 3650 3650 3650 -9999 2270 2270 2270 2270 2270 2270 2270 2270 2270 2270 2270 2270 2270 5770 5770 5770 5770 5770 5770 5770 5770 5770 -9999 0 10150 0 41 175 38 131 65 64 57 472 211 563 663 177 178 69 226 402
3650 3650 3650 3650 3650 3650 3650 3650 3650 3650 3650 7310 3680 3680 3680 3680 3680 3680 2450 26010 26010 26010 2450 2450 2450 2450 2450 6670 6670 3650 3650 3650 3650 3650 6670 3650 6670 6670 6670 2270 2270 2270 2270 2270 2270 2270 2270 2270 2270 2270 2270 2270 2270 5770 5770 5770 5770 5770 5770 5770 5770 5770 -9999 10150 10150 10150 42 377 148 434 533 62 152 601 665 225 182 400 512 179 263 555
3650 3650 3650 3650 3650 3650 3650 3650 3650 3650 3680 3680 3680 3680 3680 3680 3680 26010 26010 26010 26010 26010 26010 26010 2450 2450 2450 2450 6670 3650 3650 3650 368 966 6670 6670 6670 6670 -9999 2200 2270 2270 2270 2270 2270 2270 2270 2270 2270 2270 2270 2270 5770 5770 5770 5770 5770 5770 5770 5770 5770 5770 -9999 -9999 -9999 10150 219 176 458 212 87 527 495 585 853 351 379 168 332 366 281 306
3650 3650 3650 3650 3650 3650 3650 3650 3680 3680 3680 3680 3680 3680 3680 3680 3680 3680 26010 26010 26010 26010 26010 26010 26010 26010 2450 2450 2450 3650 3650 6670 395 481 6670 6670 -9999 2200 2200 2200 2200 2200 2270 2270 2270 2270 2270 2270 2270 2270 2270 5770 5770 5770 5770 5770 5770 5770 5770 5770 5770 5770 -9999 -9999 -9999 10150 10150 738 342 218 69 325 639 390 504 366 214 324 456 392 314 343
2270 2270 2270 3650 3650 3650 2270 2270 3680 3680 3680 3680 3680 3680 3680 3680 3680 3680 26010 6270 26010 26010 26010 26010 26010 26010 2450 2450 2450 2450 6670 6670 6670 6670 6670 -9999 2200 2200 2200 2200 2200 2200 2200 2270 2270 2270 2270 2270 2270 2270 2270 4260 5770 5770 5770 5770 5770 5770 5770 5770 5770 5770 -9999 -9999 -9999 -9999 10150 10150 10150 10150 10150 515 -9999 -9999 -9999 -9999 -9999 -9999 -9999 -9999 -9999 -9999
2270 2270 2270 2270 2270 2270 2270 2270 3680 3680 3680 3680 3680 3680 3680 3680 3680 3680 26010 6270 26010 26010 26010 26010 26010 2450 2450 2450 2450 2450 2450 6670 6670 6670 6670 2200 2200 2200 2200 2200 2200 2200 2200 2200 2270 2200 2200 2200 2200 4260 4260 4260 4260 5770 5770 5770 5770 5770 5770 5770 5770 -9999 -9999 -9999 -9999 -9999 -9999 -9999 10150 10150 10150 -9999 -9999 -9999 -9999 -9999 -9999 -9999 -9999 -9999 -9999 -9999
473 533 2270 2270 2270 2270 2270 3680 3680 3680 3680 3680 3680 3680 3680 3680 3680 3680 6270 6270 6270 6270 6270 6270 6270 2450 2450 2450 2450 2450 2450 2450 2450 2450 -9999 2200 2200 2200 2200 2200 2200 2200 2200 2200 2200 2200 2200 2200 4260 4260 4260 4260 4260 4260 4260 4260 4260 5770 5770 5770 5770 -9999 -9999 -9999 -9999 -9999 -9999 -9999 -9999 -9999 10150 -9999 -9999 -9999 -9999 -9999 -9999 -9999 -9999 -9999 -9999 -9999
514 300 204 33 190 455 2270 3680 3680 3680 3680 3680 3680 3680 3680 3680 3680 3680 6270 6270 6270 6270 6270 6270 6270 6270 2450 2450 2450 2450 2450 2450 2450 2450 -9999 2200 2200 2200 2200 2200 2200 2200 2200 2200 2200 2200 2200 2200 4260 4260 4260 4260 4260 4260 4260 4260 4260 4260 5770 5770 5770 -9999 -9999 -9999 -9999 -9999 -9999 -9999 -9999 -9999 -9999 -9999 -9999 -9999 -9999 -9999 -9999 -9999 -9999 -9999 -9999 -9999
503 295 229 137 149 306 207 429 3680 3680 3680 3680 3680 3680 3680 3680 3680 3680 3680 3680 3680 3680 6270 6270 2450 2450 2450 2450 2450 2450 2450 2450 2450 2450 2200 2200 2200 2200 2200 2200 2200 2200 2200 2200 2200 2200 2200 4260 4260 4260 4260 4260 4260 4260 4260 4260 4260 4260 5770 5770 5770 -9999 -9999 -9999 -9999 -9999 -9999 -9999 -9999 -9999 -9999 -9999 -9999 -9999 -9999 -9999 -9999 -9999 -9999 -9999 -9999 -9999
-9999 -9999 262 141 166 146 -9999 790 426 3680 3680 3680 3680 3680 3680 3680 3680 3680 3680 3680 3680 3680 3680 3680 19680 2450 2450 2450 2450 2450 2450 2450 2450 -9999 2200 2200 2200 2200 2200 2200 2200 2200 2200 2200 2200 2200 2200 4260 4260 4260 4260 4260 4260 4260 4260 4260 4260 4260 5770 5770 5770 -9999 -9999 -9999 -9999 -9999 -9999 -9999 -9999 -9999 -9999 -9999 -9999 -9999 -9999 -9999 -9999 -9999 -9999 -9999 -9999 -9999
3980 3980 -9999 177 291 387 -9999 -9999 386 -9999 3680 3680 3680 3680 3680 3680 3680 3680 3680 3680 3680 3680 3680 3680 19680 19680 19680 2450 2450 2450 2450 2450 2450 -9999 2200 2200 2200 2200 2200 2200 2200 2200 2200 2200 2200 2200 4260 4260 4260 4260 4260 4260 4260 4260 4260 4260 4260 4260 4260 5770 5770 -9999 -9999 -9999 -9999 -9999 -9999 -9999 -9999 -9999 -9999 -9999 -9999 -9999 -9999 -9999 -9999 -9999 -9999 -9999 -9999 -9999
3980 3980 3980 3980 -9999 3680 -9999 -9999 -9999 -9999 3680 3680 3680 3680 3680 3680 3680 3680 3680 3680 3680 3680 3680 3680 19680 19680 19680 19680 2450 2450 2450 2450 2450 2200 2200 2200 2200 2200 2200 2200 2200 2200 2200 2200 2200 4260 4260 4260 4260 4260 4260 4260 4260 4260 4260 4260 4260 4260 4260 5770 5770 -9999 -9999 -9999 -9999 -9999 -9999 -9999 -9999 -9999 -9999 -9999 -9999 -9999 -9999 -9999 -9999 -9999 -9999 -9999 -9999 -9999
1220 3980 3980 3980 3980 -9999 -9999 -9999 -9999 -9999 -9999 3680 3680 3680 3680 3680 3680 3680 3680 3680 3680 3680 3680 3680 19680 19680 19680 19680 19680 -9999 -9999 -9999 -9999 2200 2200 2200 2200 2200 2200 2200 2200 2200 2200 2200 2200 4260 4260 4260 4260 4260 4260 4260 4260 4260 4260 4260 4260 4260 4260 5770 5770 -9999 -9999 -9999 -9999 -9999 -9999 -9999 -9999 -9999 -9999 -9999 -9999 -9999 -9999 -9999 -9999 -9999 -9999 -9999 -9999 -9999
1220 1220 1220 3980 3980 3980 -9999 -9999 -9999 -9999 -9999 3680 3680 3680 3680 3680 3680 3680 3680 3680 3680 3680 3680 3680 19680 19680 19680 19680 -9999 -9999 -9999 -9999 -9999 -9999 -9999 -9999 -9999 2200 2200 2200 2200 2200 2200 2200 2200 307 4260 4260 4260 4260 4260 4260 4260 4260 4260 4260 4260 4260 4260 4260 -9999 -9999 -9999 -9999 -9999 -9999 -9999 -9999 -9999 -9999 -9999 -9999 -9999 -9999 -9999 -9999 -9999 -9999 -9999 -9999 -9999 -9999
1220 1220 1220 3980 1130 1130 1130 -9999 -9999 -9999 -9999 -9999 3680 3680 3680 3680 3680 3680 3680 3680 3680 3680 3680 3680 19680 19680 19680 19680 -9999 -9999 -9999 -9999 -9999 -9999 -9999 -9999 -9999 -9999 2200 2200 2200 2200 2200 2200 69 257 191 4260 4260 4260 4260 4260 4260 4260 4260 4260 4260 4260 4260 4260 -9999 -9999 -9999 -9999 -9999 -9999 -9999 -9999 -9999 -9999 -9999 -9999 -9999 -9999 -9999 -9999 -9999 -9999 -9999 -9999 -9999 -9999
1220 1130 1130 1130 1130 1130 1130 -9999 -9999 -9999 -9999 -9999 -9999 3680 3680 3680 3680 3680 3680 3680 3680 3680 3680 3680 19680 19680 19680 19680 -9999 -9999 -9999 -9999 -9999 -9999 -9999 -9999 -9999 -9999 87 2200 2200 2200 2200 2200 148 190 47 257 330 294 4260 4260 4260 4260 4260 4260 4260 4260 4260 4260 -9999 -9999 -9999 -9999 -9999 -9999 -9999 -9999 -9999 -9999 -9999 -9999 -9999 -9999 -9999 -9999 -9999 -9999 -9999 -9999 -9999 -9999
1220 1130 1130 1130 1130 1130 1130 -9999 -9999 -9999 -9999 -9999 -9999 3680 3680 3680 3680 3680 3680 3680 3680 3680 3680 3680 3680 19680 19680 19680 -9999 -9999 -9999 -9999 -9999 -9999 -9999 -9999 -9999 -9999 -9999 -9999 2200 2200 2200 182 189 172 152 255 297 99 78 4260 4260 -9999 -9999 4260 4260 4260 4260 4260 -9999 -9999 -9999 -9999 -9999 -9999 -9999 -9999 -9999 -9999 -9999 -9999 -9999 -9999 -9999 -9999 -9999 -9999 -9999 -9999 -9999 -9999
1220 1130 1130 1130 1130 1130 1130 1130 -9999 -9999 -9999 -9999 -9999 -9999 3680 3680 3680 3680 3680 3680 3680 3680 3680 3680 3680 19680 19680 -9999 -9999 -9999 -9999 -9999 -9999 -9999 -9999 -9999 -9999 -9999 -9999 -9999 -9999 2200 2200 210 50 251 257 263 304 215 237 215 -9999 -9999 -9999 -9999 4260 4260 -9999 -9999 -9999 -9999 -9999 -9999 -9999 -9999 -9999 -9999 -9999 -9999 -9999 -9999 -9999 -9999 -9999 -9999 -9999 -9999 -9999 -9999 -9999 -9999
1130 1130 1130 1130 1130 1130 1130 1130 -9999 -9999 -9999 -9999 -9999 -9999 -9999 -9999 -9999 -9999 -9999 3680 3680 3680 3680 3680 3680 19680 -9999 -9999 -9999 -9999 -9999 -9999 -9999 -9999 -9999 -9999 -9999 -9999 -9999 -9999 -9999 -9999 -9999 -9999 -9999 -9999 -9999 -9999 130 279 223 -9999 -9999 -9999 -9999 -9999 -9999 -9999 -9999 -9999 -9999 -9999 -9999 -9999 -9999 -9999 -9999 -9999 -9999 -9999 -9999 -9999 -9999 -9999 -9999 -9999 -9999 -9999 -9999 -9999 -9999 -9999
1130 1130 1130 1130 1130 1130 1130 -9999 -9999 -9999 -9999 -9999 -9999 -9999 -9999 -9999 -9999 -9999 -9999 -9999 -9999 -9999 3680 3680 -9999 -9999 -9999 -9999 -9999 -9999 -9999 -9999 -9999 -9999 -9999 -9999 -9999 -9999 -9999 -9999 -9999 -9999 -9999 -9999 -9999 -9999 -9999 -9999 -9999 -9999 -9999 -9999 -9999 -9999 -9999 -9999 -9999 -9999 -9999 -9999 -9999 -9999 -9999 -9999 -9999 -9999 -9999 -9999 -9999 -9999 -9999 -9999 -9999 -9999 -9999 -9999 -9999 -9999 -9999 -9999 -9999 -9999
1130 1130 1130 1130 1130 1130 1130 -9999 -9999 -9999 -9999 -9999 -9999 -9999 -9999 -9999 -9999 -9999 -9999 -9999 -9999 -9999 -9999 -9999 -9999 -9999 -9999 -9999 -9999 -9999 -9999 -9999 -9999 -9999 -9999 -9999 -9999 -9999 -9999 -9999 -9999 -9999 -9999 -9999 -9999 -9999 -9999 -9999 -9999 -9999 -9999 -9999 -9999 -9999 -9999 -9999 -9999 -9999 -9999 -9999 -9999 -9999 -9999 -9999 -9999 -9999 -9999 -9999 -9999 -9999 -9999 -9999 -9999 -9999 -9999 -9999 -9999 -9999 -9999 -9999 -9999 -9999
1130 1130 1130 1130 1130 290 422 -9999 -9999 -9999 -9999 -9999 -9999 -9999 -9999 -9999 -9999 -9999 -9999 -9999 -9999 -9999 -9999 -9999 -9999 -9999 -9999 -9999 -9999 -9999 -9999 -9999 -9999 -9999 -9999 -9999 -9999 -9999 -9999 -9999 -9999 -9999 -9999 -9999 -9999 -9999 -9999 -9999 -9999 -9999 -9999 -9999 -9999 -9999 -9999 -9999 -9999 -9999 -9999 -9999 -9999 -9999 -9999 -9999 -9999 -9999 -9999 -9999 -9999 -9999 -9999 -9999 -9999 -9999 -9999 -9999 -9999 -9999 -9999 -9999 -9999 -9999
1130 1130 1130 1130 1130 285 404 -9999 -9999 -9999 -9999 -9999 -9999 -9999 -9999 -9999 -9999 -9999 -9999 -9999 -9999 -9999 -9999 -9999 -9999 -9999 -9999 -9999 -9999 -9999 -9999 -9999 -9999 -9999 -9999 -9999 -9999 -9999 -9999 -9999 -9999 -9999 -9999 -9999 -9999 -9999 -9999 -9999 -9999 -9999 -9999 -9999 -9999 -9999 -9999 -9999 -9999 -9999 -9999 -9999 -9999 -9999 -9999 -9999 -9999 -9999 -9999 -9999 -9999 -9999 -9999 -9999 -9999 -9999 -9999 -9999 -9999 -9999 -9999 -9999 -9999 -9999
1130 1130 1130 1130 127 125 160 -9999 -9999 -9999 -9999 -9999 -9999 -9999 -9999 -9999 -9999 -9999 -9999 -9999 -9999 -9999 -9999 -9999 -9999 -9999 -9999 -9999 -9999 -9999 -9999 -9999 -9999 -9999 -9999 -9999 -9999 -9999 -9999 -9999 -9999 -9999 -9999 -9999 -9999 -9999 -9999 -9999 -9999 -9999 -9999 -9999 -9999 -9999 -9999 -9999 -9999 -9999 -9999 -9999 -9999 -9999 -9999 -9999 -9999 -9999 -9999 -9999 -9999 -9999 -9999 -9999 -9999 -9999 -9999 -9999 -9999 -9999 -9999 -9999 -9999 -9999
1130 1130 1130 1130 1130 538 -9999 -9999 -9999 -9999 -9999 -9999 -9999 -9999 -9999 -9999 -9999 -9999 -9999 -9999 -9999 -9999 -9999 -9999 -9999 -9999 -9999 -9999 -9999 -9999 -9999 -9999 -9999 -9999 -9999 -9999 -9999 -9999 -9999 -9999 -9999 -9999 -9999 -9999 -9999 -9999 -9999 -9999 -9999 -9999 -9999 -9999 -9999 -9999 -9999 -9999 -9999 -9999 -9999 -9999 -9999 -9999 -9999 -9999 -9999 -9999 -9999 -9999 -9999 -9999 -9999 -9999 -9999 -9999 -9999 -9999 -9999 -9999 -9999 -9999 -9999 -9999
1130 1130 1130 1130 1130 -9999 -9999 -9999 -9999 -9999 -9999 -9999 -9999 -9999 -9999 -9999 -9999 -9999 -9999 -9999 -9999 -9999 -9999 -9999 -9999 -9999 -9999 -9999 -9999 -9999 -9999 -9999 -9999 -9999 -9999 -9999 -9999 -9999 -9999 -9999 -9999 -9999 -9999 -9999 -9999 -9999 -9999 -9999 -9999 -9999 -9999 -9999 -9999 -9999 -9999 -9999 -9999 -9999 -9999 -9999 -9999 -9999 -9999 -9999 -9999 -9999 -9999 -9999 -9999 -9999 -9999 -9999 -9999 -9999 -9999 -9999 -9999 -9999 -9999 -9999 -9999 -9999
1130 1130 1130 1130 1130 1130 -9999 -9999 -9999 -9999 -9999 -9999 -9999 -9999 -9999 -9999 -9999 -9999 -9999 -9999 -9999 -9999 -9999 -9999 -9999 -9999 -9999 -9999 -9999 -9999 -9999 -9999 -9999 -9999 -9999 -9999 -9999 -9999 -9999 -9999 -9999 -9999 -9999 -9999 -9999 -9999 -9999 -9999 -9999 -9999 -9999 -9999 -9999 -9999 -9999 -9999 -9999 -9999 -9999 -9999 -9999 -9999 -9999 -9999 -9999 -9999 -9999 -9999 -9999 -9999 -9999 -9999 -9999 -9999 -9999 -9999 -9999 -9999 -9999 -9999 -9999 -9999
