04_184A014/bm_lehtip_juuret.asc
ncols 186
nrows 177
xllcorner 610464
yllcorner 6870672
cellsize 16
nodata_value -9999
[rows 108 to 143 of 177, columns 0 to 81 of 186]
-9999 -9999 -9999 -9999 -9999 -9999 -9999 -9999 -9999 -9999 -9999 -9999 -9999 -9999 -9999 -9999 -9999 -9999 -9999 -9999 -9999 297 699 1392 1462 762 350 319 60 331 339 632 707 96 217 340 396 401 865 793 564 215 333 448 686 671 212 273 220 215 195 431 174 351 450 404 511 7950 7950 7950 7950 7950 7950 7950 7950 -9999 9760 9760 9760 3650 3650 3650 3650 3650 3650 3650 3650 3650 3650 3650 3650 3650
-9999 -9999 -9999 -9999 -9999 -9999 -9999 -9999 -9999 -9999 -9999 -9999 -9999 -9999 -9999 -9999 -9999 -9999 -9999 -9999 -9999 -9999 1468 333 800 814 841 821 806 789 727 912 287 94 40 1192 334 369 826 842 822 431 739 782 810 725 420 295 282 334 465 831 542 422 858 812 800 7950 7950 7950 7950 7950 7950 7950 7950 -9999 9760 9760 3650 3650 3650 3650 3650 3650 3650 3650 3650 3650 3650 3650 3650 3650
-9999 -9999 -9999 -9999 -9999 -9999 -9999 -9999 -9999 -9999 -9999 -9999 -9999 -9999 -9999 -9999 -9999 -9999 -9999 -9999 -9999 -9999 805 800 784 751 1719 1741 338 122 132 167 62 141 388 334 1454 376 823 1550 867 1560 716 974 1018 626 813 414 461 401 409 67 58 630 851 812 531 587 7950 7950 7950 7950 7950 7950 7950 9760 9760 9760 3650 3650 3650 3650 9760 9760 9760 3650 3650 3650 3650 3650 3650 3650
-9999 -9999 -9999 -9999 -9999 -9999 -9999 -9999 -9999 -9999 -9999 -9999 -9999 -9999 -9999 -9999 -9999 -9999 -9999 -9999 -9999 -9999 805 819 1528 326 306 323 153 156 148 157 873 172 167 154 1219 473 823 1593 1533 798 763 700 717 837 391 336 347 368 64 86 535 894 868 835 526 553 1681 7950 7950 7950 7950 7950 7950 9760 9760 9760 3650 3650 3650 9760 9760 9760 9760 9760 3650 3650 3650 3650 3650 3650
-9999 -9999 -9999 -9999 -9999 -9999 -9999 -9999 -9999 -9999 -9999 -9999 -9999 -9999 -9999 -9999 -9999 -9999 -9999 -9999 -9999 -9999 -9999 784 418 222 180 147 133 223 161 948 992 999 159 154 450 814 800 809 770 1024 389 357 319 70 318 330 369 473 737 797 820 789 880 1057 493 520 335 7950 7950 7950 7950 7950 -9999 9760 9760 9760 9760 9760 9760 9760 9760 9760 9760 9760 3650 3650 3650 3650 3650 3650
-9999 -9999 -9999 -9999 -9999 -9999 -9999 -9999 -9999 -9999 -9999 -9999 -9999 -9999 -9999 -9999 -9999 -9999 -9999 -9999 -9999 -9999 398 418 1167 253 169 120 137 174 373 326 400 395 156 152 1202 841 835 801 365 429 982 206 292 428 867 862 763 579 660 520 784 838 1124 763 494 491 87 580 1003 7950 7950 7950 -9999 5730 5730 5730 9760 5730 5730 5730 9760 9760 9760 9760 3650 3650 3650 3650 3650 3650
-9999 -9999 -9999 -9999 -9999 -9999 -9999 -9999 -9999 -9999 -9999 -9999 -9999 -9999 -9999 -9999 -9999 -9999 -9999 -9999 -9999 219 232 500 847 1601 849 841 1504 395 393 765 404 395 158 145 394 363 476 420 797 757 57 114 80 198 662 490 1038 530 540 557 535 492 491 466 499 527 86 471 385 4500 4500 7950 7950 5730 5730 5730 5730 5730 5730 5730 9760 9760 9760 9760 3650 3650 3650 3650 3650 3650
-9999 -9999 -9999 -9999 -9999 -9999 -9999 -9999 -9999 -9999 -9999 -9999 -9999 -9999 -9999 -9999 -9999 -9999 -9999 -9999 -9999 1157 1151 826 761 160 158 97 877 199 1639 728 405 909 152 140 103 51 57 58 402 191 79 32 230 224 511 477 510 777 538 525 516 497 491 478 797 808 149 417 4500 4500 4500 4500 4500 -9999 5730 5730 5730 5730 5730 5730 9760 9760 9760 9760 3650 3650 3650 3650 3650 3650
-9999 -9999 -9999 -9999 -9999 -9999 -9999 -9999 -9999 -9999 -9999 -9999 -9999 -9999 -9999 -9999 -9999 -9999 -9999 -9999 1570 1557 1532 189 42 42 41 113 183 673 543 908 426 1557 1480 1472 59 86 211 213 196 497 554 174 171 519 536 525 521 592 573 653 653 506 501 513 1099 167 365 273 4500 4500 4500 4500 -9999 3980 -9999 -9999 5730 5730 5730 5730 9760 9760 9760 9760 9760 3650 3650 3650 3650 3650
-9999 -9999 -9999 -9999 -9999 -9999 -9999 -9999 -9999 -9999 -9999 -9999 -9999 -9999 -9999 -9999 -9999 -9999 -9999 -9999 800 152 147 118 38 60 42 18 113 535 514 156 438 70 804 169 718 502 810 849 848 576 809 507 680 530 529 612 496 661 594 648 467 497 537 738 966 398 723 4500 4500 4500 4500 4500 3980 3980 3980 3980 -9999 5730 5730 5730 9760 9760 9760 9760 9760 9760 9760 3650 3650 3650
-9999 -9999 -9999 -9999 -9999 -9999 -9999 -9999 -9999 -9999 -9999 -9999 -9999 -9999 -9999 -9999 -9999 -9999 -9999 -9999 206 99 61 70 47 233 217 608 308 276 766 181 523 648 494 310 83 821 778 828 642 605 617 808 587 513 508 538 507 504 505 502 466 487 569 655 744 442 820 4500 4500 4500 4500 4500 3980 3980 3980 3980 3980 3980 -9999 5730 5730 9760 9760 9760 9760 9760 9760 9760 3650 3650
-9999 -9999 -9999 -9999 -9999 -9999 -9999 -9999 -9999 -9999 -9999 -9999 -9999 -9999 -9999 -9999 -9999 -9999 -9999 -9999 208 142 133 85 524 107 96 358 199 57 808 867 534 646 849 536 687 195 194 518 769 675 708 630 848 815 531 787 515 472 504 721 488 570 638 404 168 582 622 4500 64 4500 4500 4500 4500 3980 3980 3980 3980 3980 3980 -9999 9760 9760 9760 9760 9760 9760 9760 9760 9760 3650
-9999 -9999 -9999 -9999 -9999 -9999 -9999 -9999 -9999 -9999 -9999 -9999 -9999 -9999 -9999 -9999 -9999 -9999 -9999 421 866 1586 183 263 123 -9999 657 956 850 799 514 33 106 154 169 457 495 540 802 174 630 828 1100 650 838 543 522 514 505 507 493 520 873 668 728 221 513 424 8190 8190 18510 4500 4500 4500 4500 3980 3980 3980 3980 3980 3980 3980 3980 -9999 9760 9760 9760 9760 9760 9760 9760 9760
-9999 -9999 -9999 -9999 -9999 -9999 -9999 -9999 -9999 -9999 -9999 -9999 -9999 -9999 -9999 -9999 -9999 -9999 -9999 422 790 224 93 77 90 -9999 -9999 562 993 171 161 99 226 222 332 229 227 226 186 516 347 180 834 824 574 553 795 775 541 783 841 817 693 434 427 775 287 118 8190 8190 18510 18510 4500 4500 4500 4500 3980 3980 3980 3980 1120 1120 3980 3980 -9999 -9999 9760 9760 9760 9760 9760 2270
-9999 -9999 -9999 -9999 -9999 -9999 -9999 -9999 -9999 -9999 -9999 -9999 -9999 -9999 -9999 -9999 -9999 -9999 999 358 152 150 47 11 380 893 714 517 158 60 203 227 265 234 177 87 76 45 73 79 152 166 213 801 422 543 749 524 512 562 857 904 337 639 771 180 218 120 8190 8190 8190 18510 4500 4500 4500 4500 3980 3980 3980 1120 1120 1120 3980 3980 3980 3980 -9999 9760 9760 9760 160 2270
-9999 -9999 -9999 -9999 -9999 -9999 -9999 -9999 -9999 -9999 -9999 -9999 -9999 -9999 -9999 -9999 -9999 -9999 442 351 200 197 0 103 181 -9999 878 139 168 0 138 201 111 9 109 14 78 83 133 174 87 205 328 358 623 603 538 528 851 852 675 3840 321 738 633 358 602 650 629 8190 8190 8190 18510 4500 4500 4500 4500 4500 1120 1120 1120 1120 1120 3980 3980 3980 3980 3980 -9999 547 219 274
-9999 -9999 -9999 -9999 -9999 -9999 -9999 -9999 -9999 -9999 -9999 -9999 -9999 -9999 -9999 -9999 -9999 778 812 375 415 194 40 9 118 -9999 1010 134 58 99 83 95 49 41 44 45 46 43 44 48 51 6 412 525 256 330 297 799 835 3840 3840 3840 3840 442 540 406 375 591 315 8190 8190 8190 8190 8190 18510 18510 4500 18510 1120 1120 1120 1120 1120 3980 3980 3980 3980 3980 3980 -9999 791 638
-9999 -9999 -9999 -9999 -9999 -9999 -9999 -9999 -9999 -9999 -9999 -9999 -9999 -9999 -9999 -9999 435 1528 791 805 865 465 549 43 107 -9999 309 105 58 181 108 185 41 19 0 79 88 50 49 42 41 36 187 412 177 93 619 542 6960 3840 3840 3840 3840 3840 377 896 379 338 373 378 482 8190 8190 8190 8190 18510 8190 8190 1120 1120 1120 1120 1120 1120 1120 1120 1120 3980 3980 3980 3980 -9999
-9999 -9999 -9999 -9999 -9999 -9999 -9999 -9999 -9999 -9999 -9999 -9999 -9999 -9999 -9999 386 435 471 470 822 801 811 475 494 144 -9999 189 460 107 45 86 121 195 109 136 126 67 101 234 287 268 270 274 257 151 205 6960 6960 6960 3840 3840 3840 3840 3840 3840 387 768 391 375 514 518 743 8190 8190 8190 8190 8190 8190 1120 1120 1120 1120 1120 1120 1120 1120 3980 3980 3980 3980 3980 3980
-9999 -9999 -9999 -9999 -9999 -9999 -9999 -9999 -9999 -9999 -9999 -9999 -9999 -9999 117 168 412 459 401 819 817 772 828 779 737 -9999 222 119 32 94 112 105 101 105 297 315 788 512 271 148 297 289 242 289 6960 6960 6960 6960 6960 3840 3840 3840 3840 3840 3840 3840 132 265 358 404 388 410 8190 8190 8190 8190 8190 8190 1120 1120 1120 1120 1120 1120 1120 1120 3980 3980 3980 3980 3980 3980
-9999 -9999 -9999 -9999 -9999 -9999 -9999 -9999 -9999 -9999 -9999 -9999 -9999 -9999 46 139 161 1476 396 827 764 603 756 814 440 703 296 41 64 107 315 338 347 759 572 751 778 841 435 61 771 522 6960 6960 6960 6960 6960 6960 6960 6960 6960 3840 3840 3840 3840 3840 3840 3840 153 366 382 467 96 8190 8190 8190 8190 1120 1120 1120 1120 1120 1120 1120 1120 6420 3980 3980 3980 3980 3980 3980
-9999 -9999 -9999 -9999 -9999 -9999 -9999 -9999 -9999 -9999 -9999 -9999 -9999 546 61 344 400 402 878 754 699 956 757 405 769 698 373 64 316 864 348 352 597 670 515 763 578 804 378 56 528 6960 6960 6960 6960 6960 6960 6960 6960 6960 6960 6960 6960 3840 3840 3840 3840 3840 3840 58 506 657 8190 8190 8190 8190 1120 1120 1120 1120 1120 1120 1120 1120 1120 6420 3980 3980 3980 3980 3980 3980
-9999 -9999 -9999 -9999 -9999 -9999 -9999 -9999 -9999 -9999 -9999 -9999 263 329 471 877 798 789 804 730 468 660 863 160 812 -9999 391 535 66 501 894 340 665 537 787 535 501 798 311 52 520 6960 6960 6960 6960 6960 6960 6960 6960 6960 6960 6960 6960 6960 3840 3840 3840 3840 3840 3840 3840 551 8190 8190 8190 8190 1120 1120 1120 1120 1120 1120 1120 6420 6420 6420 3980 3980 3980 3980 3980 1220
-9999 -9999 -9999 -9999 -9999 -9999 -9999 -9999 -9999 -9999 -9999 58 348 727 760 499 769 785 808 817 798 1512 824 853 -9999 189 52 812 176 83 636 539 761 829 818 797 563 244 1416 867 6960 6960 6960 6960 6960 6960 6960 6960 6960 6960 6960 6960 6960 6960 6960 6960 3840 3840 3840 3840 3840 3840 8190 8190 8190 1120 1120 1120 1120 1120 1120 1120 1120 6420 6420 1220 1220 1220 1220 1220 1220 1220
-9999 -9999 -9999 -9999 -9999 -9999 -9999 -9999 -9999 -9999 122 153 453 1261 1196 789 769 893 806 806 849 740 695 -9999 309 203 350 224 238 784 659 373 398 413 365 485 478 85 753 373 6960 6960 6960 6960 6960 6960 6960 6960 6960 6960 6960 6960 6960 6960 6960 6960 6960 6960 6960 6960 3840 3840 8190 8190 1120 1120 1120 1120 1120 1120 1120 1120 6420 6420 1220 1220 1220 1220 1220 1220 1220 1220
-9999 -9999 -9999 -9999 -9999 -9999 -9999 -9999 -9999 119 116 146 153 388 1573 855 1302 807 397 416 750 271 135 -9999 397 495 1524 474 213 439 273 171 494 905 61 233 383 517 430 806 6960 6960 6960 6960 6960 6960 6960 6960 6960 6960 6960 6960 6960 6960 6960 6960 6960 6960 6960 6960 6960 6960 3840 8190 1120 1120 1120 1120 1120 1120 1120 1120 1490 6420 1220 1220 1220 1220 1220 1220 1220 1220
-9999 -9999 -9999 -9999 -9999 -9999 -9999 -9999 193 140 124 129 133 349 784 826 832 795 392 392 220 776 250 200 213 190 1454 394 387 306 727 745 500 772 765 187 418 453 834 987 6960 6960 6960 6960 6960 6960 6960 6960 6960 6960 6960 6960 6960 6960 6960 6960 6960 6960 6960 6960 6960 6960 6960 8190 8190 1120 1120 1120 1120 1120 1120 1120 1490 1490 1490 1490 1220 1220 1220 1220 1220 1220
-9999 -9999 -9999 -9999 -9999 -9999 -9999 -9999 744 276 211 165 150 337 397 801 838 817 796 814 723 776 46 148 150 832 778 506 487 804 830 800 705 680 465 348 397 363 190 192 162 441 467 6960 6960 6960 6960 6960 6960 6960 6960 6960 6960 6960 6960 6960 6960 6960 6960 6960 6960 6960 8190 8190 8190 8190 1120 1120 1120 1120 1120 1120 1490 1490 1490 1490 1220 1220 1220 1220 1220 1220
-9999 -9999 -9999 -9999 -9999 -9999 -9999 107 821 562 248 159 142 60 375 790 832 920 838 808 877 284 600 1395 88 41 253 426 459 352 342 786 788 439 573 752 338 527 115 83 78 428 628 579 626 6960 6960 6960 6960 6960 6960 6960 6960 6960 6960 6960 6960 6960 6960 6960 6960 6960 6960 8190 8190 8190 8190 1120 1120 1120 1120 1120 95 783 1041 1220 1220 1220 1220 1220 1220 1220
-9999 -9999 -9999 -9999 -9999 -9999 50 417 694 795 723 168 56 839 377 406 794 807 835 1048 791 180 533 766 226 53 36 48 16 154 252 466 286 394 495 812 500 177 81 134 107 128 737 753 531 627 826 6960 6960 6960 6960 6960 6960 6960 6960 6960 6960 6960 6960 6960 6960 6960 6960 6960 10690 8190 1120 1120 1120 1120 1120 1120 808 691 745 1220 1220 1220 1220 1220 1220 1220
-9999 -9999 -9999 -9999 -9999 77 420 421 126 787 770 844 809 810 853 860 821 760 996 390 410 842 1439 760 38 401 6 108 256 346 686 497 778 175 380 365 256 198 406 68 70 68 135 274 193 981 927 827 809 829 6960 6960 6960 6960 6960 6960 6960 6960 6960 6960 6960 6960 6960 6960 6960 10690 1120 1120 1120 1120 1120 1120 1120 809 1220 1220 1220 1220 1220 1220 1130 1130
-9999 -9999 -9999 -9999 -9999 55 128 127 104 68 70 112 119 300 383 789 804 1010 588 638 751 493 1107 939 248 436 490 1222 196 342 736 403 294 221 187 198 803 361 868 833 859 67 87 85 360 185 434 813 392 599 380 773 6960 6960 6960 6960 6960 6960 6960 6960 6960 6960 6960 6960 6960 6960 10690 1120 1120 1120 1120 1120 1120 1220 1220 1220 1220 1220 1220 1220 1130 1130
-9999 -9999 -9999 -9999 -9999 220 125 125 123 51 75 124 110 100 409 793 396 665 819 677 812 497 618 -9999 720 314 52 79 163 125 300 433 481 764 970 902 510 523 299 743 810 1041 192 193 253 53 454 810 808 389 410 431 982 709 6960 6960 6960 6960 6960 6960 6960 6960 6960 6960 6960 6960 10690 10690 1120 1120 1120 1120 1120 1120 1220 1220 1220 1220 1220 1220 1130 1130
-9999 -9999 -9999 -9999 155 213 115 403 87 85 96 98 59 109 659 551 395 662 790 520 788 749 342 -9999 399 938 222 173 273 131 257 949 770 582 736 433 406 380 397 363 599 426 528 170 568 406 387 800 772 966 707 997 634 377 391 463 907 6960 6960 6960 6960 6960 6960 6960 6960 6960 6960 6960 10690 10690 1120 1120 1120 1120 1220 1220 1220 1220 1220 1130 1130 1130
-9999 -9999 -9999 -9999 118 153 805 538 481 722 697 688 75 360 394 906 483 481 482 362 485 737 131 206 -9999 -9999 382 621 700 803 355 183 163 289 319 317 379 406 403 373 361 471 737 756 829 463 363 366 455 851 769 759 762 380 693 645 733 377 782 6960 6960 6960 6960 6960 6960 6960 6960 6960 10690 10690 10690 1120 1120 10690 10690 1220 1220 1220 1130 1130 1130 1130
-9999 -9999 -9999 168 201 126 390 667 421 362 536 785 635 385 373 783 482 466 496 356 476 607 557 838 432 378 1022 469 -9999 -9999 -9999 625 244 252 224 219 902 1456 420 554 466 505 444 447 777 871 488 374 376 393 521 381 805 485 477 663 423 644 344 368 421 6960 6960 6960 6960 6960 6960 6960 10690 10690 10690 10690 10690 10690 1130 1130 1130 1130 1130 1130 1130 1130
