04_184A014/bm_lehtip_neulaset.asc
ncols 186
nrows 177
xllcorner 610464
yllcorner 6870672
cellsize 16
nodata_value -9999
[rows 78 to 116 of 177, columns 0 to 86 of 186]
-9999 -9999 -9999 -9999 -9999 -9999 -9999 -9999 -9999 -9999 -9999 -9999 -9999 -9999 -9999 -9999 -9999 -9999 -9999 -9999 -9999 -9999 -9999 -9999 -9999 -9999 -9999 -9999 -9999 -9999 -9999 86 87 79 73 76 170 119 66 75 146 206 197 200 200 200 200 200 200 200 200 200 200 200 310 310 310 310 310 310 310 310 310 310 310 310 310 310 310 310 310 310 310 310 310 310 310 310 310 310 310 310 310 310 310 600 600
-9999 -9999 -9999 -9999 -9999 -9999 -9999 -9999 -9999 -9999 -9999 -9999 -9999 -9999 -9999 -9999 -9999 -9999 -9999 -9999 -9999 -9999 -9999 -9999 -9999 -9999 -9999 -9999 -9999 -9999 142 107 78 71 17 50 81 66 111 68 150 176 143 176 200 200 200 200 200 200 200 200 200 200 310 310 310 310 310 310 310 310 310 310 310 310 310 310 310 310 310 310 310 310 310 310 310 310 310 310 310 310 310 310 310 310 600
-9999 -9999 -9999 -9999 -9999 -9999 -9999 -9999 -9999 -9999 -9999 -9999 -9999 -9999 -9999 -9999 -9999 -9999 -9999 -9999 -9999 -9999 -9999 -9999 -9999 -9999 -9999 -9999 -9999 -9999 137 91 65 16 14 43 60 36 69 71 190 83 89 212 200 200 200 200 200 200 200 1710 200 200 200 310 310 310 310 310 310 310 310 310 310 310 310 310 310 310 310 310 310 310 310 310 310 310 310 310 310 310 310 310 310 310 310
-9999 -9999 -9999 -9999 -9999 -9999 -9999 -9999 -9999 -9999 -9999 -9999 -9999 -9999 -9999 -9999 -9999 -9999 -9999 -9999 -9999 -9999 -9999 -9999 -9999 -9999 -9999 -9999 -9999 -9999 95 86 50 16 14 15 128 36 43 75 88 89 49 87 188 200 200 200 200 200 200 1710 200 1710 200 310 310 310 310 310 310 310 310 310 310 310 310 310 310 310 310 310 310 310 310 310 310 310 310 310 310 310 310 310 310 310 310
-9999 -9999 -9999 -9999 -9999 -9999 -9999 -9999 -9999 -9999 -9999 -9999 -9999 -9999 -9999 -9999 -9999 -9999 -9999 -9999 -9999 -9999 -9999 -9999 -9999 -9999 -9999 -9999 -9999 -9999 49 51 10 14 14 16 33 56 94 90 90 76 63 38 46 200 200 200 200 200 1710 1710 1710 1710 1710 1710 1710 310 310 310 310 310 310 310 310 310 310 310 310 310 310 310 310 310 310 310 310 310 310 310 310 310 310 310 310 310 310
-9999 -9999 -9999 -9999 -9999 -9999 -9999 -9999 -9999 -9999 -9999 -9999 -9999 -9999 -9999 -9999 -9999 -9999 -9999 -9999 -9999 -9999 -9999 -9999 -9999 -9999 -9999 -9999 -9999 45 45 12 13 13 13 15 18 51 73 79 83 92 63 62 35 640 200 200 200 30 1710 1710 1710 1710 1710 1710 1710 1710 1710 310 310 310 310 310 310 310 310 310 310 310 310 310 310 310 310 310 310 310 310 310 310 310 310 310 310 310 310
-9999 -9999 -9999 -9999 -9999 -9999 -9999 -9999 -9999 -9999 -9999 -9999 -9999 -9999 -9999 -9999 -9999 -9999 -9999 -9999 -9999 -9999 -9999 -9999 -9999 -9999 -9999 38 32 10 22 20 14 15 13 15 65 66 57 56 73 68 62 58 640 640 640 30 30 30 1710 1710 1710 1710 1710 1710 1710 1710 1710 310 310 310 310 310 310 310 310 310 310 310 310 310 310 310 310 310 310 310 310 310 310 310 310 310 310 310 310
-9999 -9999 -9999 -9999 -9999 -9999 -9999 -9999 -9999 -9999 -9999 -9999 -9999 -9999 -9999 -9999 -9999 -9999 -9999 -9999 -9999 -9999 -9999 -9999 -9999 -9999 70 97 65 16 20 14 16 17 15 16 76 114 59 62 92 36 63 56 640 640 640 30 30 30 30 1710 1710 1710 30 30 30 30 30 1710 310 310 0 0 310 310 310 310 310 310 310 310 310 310 310 310 310 310 310 310 310 310 310 310 310 310 310
-9999 -9999 -9999 -9999 -9999 -9999 -9999 -9999 -9999 -9999 -9999 -9999 -9999 -9999 -9999 -9999 -9999 -9999 -9999 -9999 -9999 -9999 -9999 -9999 -9999 103 86 93 65 14 5 13 16 55 16 71 58 62 79 65 72 59 62 86 640 640 640 30 30 30 30 1710 1710 30 30 30 30 30 30 30 0 310 0 0 0 310 310 310 310 310 310 310 310 310 310 310 310 310 310 310 310 310 310 310 310 310 310
-9999 -9999 -9999 -9999 -9999 -9999 -9999 -9999 -9999 -9999 -9999 -9999 -9999 -9999 -9999 -9999 -9999 -9999 -9999 -9999 -9999 -9999 35 174 47 104 88 95 59 5 3 10 15 53 104 71 58 86 88 83 73 127 62 89 640 640 640 30 30 30 30 30 30 30 30 30 30 30 30 720 720 -9999 -9999 0 0 0 310 310 310 310 310 310 310 310 310 310 310 310 310 310 310 310 310 310 310 310 310
-9999 -9999 -9999 -9999 -9999 -9999 -9999 -9999 -9999 -9999 -9999 -9999 -9999 -9999 -9999 -9999 -9999 -9999 -9999 -9999 -9999 -9999 21 15 42 61 36 56 16 13 13 68 62 48 61 60 60 55 85 73 74 125 104 138 640 640 640 30 30 30 30 30 30 30 30 30 30 30 30 720 720 720 -9999 0 0 0 0 0 310 310 310 310 310 310 310 310 310 310 310 310 310 310 310 310 310 310 310
-9999 -9999 -9999 -9999 -9999 -9999 -9999 -9999 -9999 -9999 -9999 -9999 -9999 -9999 -9999 -9999 -9999 -9999 -9999 -9999 -9999 -9999 75 39 41 59 47 53 2 29 21 65 71 69 58 62 54 58 82 75 79 79 103 170 640 640 640 30 1570 30 30 30 30 30 30 30 30 30 720 720 720 720 720 720 -9999 0 0 0 0 310 310 310 310 310 310 310 310 310 310 310 310 310 310 310 310 310 310
-9999 -9999 -9999 -9999 -9999 -9999 -9999 -9999 -9999 -9999 -9999 -9999 -9999 -9999 -9999 -9999 -9999 -9999 -9999 -9999 -9999 94 41 46 45 42 17 2 3 35 46 60 64 78 107 60 60 70 84 82 82 96 57 640 640 640 640 640 1570 1570 1570 1570 1570 30 30 30 30 30 720 720 720 720 720 720 720 -9999 0 0 0 0 0 310 310 310 310 310 310 310 310 310 310 310 310 310 310 310 310
-9999 -9999 -9999 -9999 -9999 -9999 -9999 -9999 -9999 -9999 -9999 -9999 -9999 -9999 -9999 -9999 -9999 -9999 -9999 -9999 -9999 65 26 46 40 36 12 15 30 30 53 56 23 75 75 59 155 82 62 60 59 76 62 94 640 640 640 640 1570 1570 1570 1570 1570 1570 1570 30 30 30 720 720 720 720 720 720 720 720 -9999 0 0 0 0 0 0 310 310 310 310 310 310 310 310 310 310 310 310 310 310
-9999 -9999 -9999 -9999 -9999 -9999 -9999 -9999 -9999 -9999 -9999 -9999 -9999 -9999 -9999 -9999 -9999 -9999 -9999 -9999 -9999 38 79 15 2 35 9 13 31 121 57 51 55 59 69 56 63 70 62 62 54 56 54 65 76 640 16 640 640 133 140 1570 1570 1570 1570 1570 1570 1570 1570 720 720 720 720 720 720 720 720 -9999 0 0 0 0 0 0 310 310 310 310 310 310 310 310 310 310 310 310 310
-9999 -9999 -9999 -9999 -9999 -9999 -9999 -9999 -9999 -9999 -9999 -9999 -9999 -9999 -9999 -9999 -9999 -9999 -9999 -9999 -9999 15 2 3 3 3 30 30 55 57 53 32 22 23 64 55 54 66 64 61 98 52 59 61 75 33 17 43 135 92 102 81 138 98 1570 1570 1570 1570 1570 720 720 720 720 720 720 720 720 720 -9999 0 0 0 0 0 0 310 310 310 310 310 310 310 310 310 310 310 310
-9999 -9999 -9999 -9999 -9999 -9999 -9999 -9999 -9999 -9999 -9999 -9999 -9999 -9999 -9999 -9999 -9999 -9999 -9999 -9999 -9999 64 49 2 13 29 30 61 66 65 78 33 64 55 50 14 53 65 68 86 53 55 56 54 63 80 165 130 12 95 101 120 119 143 87 1570 1570 1570 1570 720 720 720 720 720 720 720 720 720 720 -9999 0 0 0 0 0 0 310 310 310 310 310 310 310 310 310 310 310
-9999 -9999 -9999 -9999 -9999 -9999 -9999 -9999 -9999 -9999 -9999 -9999 -9999 -9999 -9999 -9999 -9999 -9999 -9999 -9999 -9999 63 46 21 27 12 51 82 84 65 62 52 63 52 86 10 16 66 67 61 53 52 59 64 89 92 110 170 16 90 132 205 210 106 95 140 89 720 720 720 720 720 720 720 720 720 720 720 720 720 -9999 0 0 0 0 0 0 420 310 310 310 310 310 310 310 310 310
-9999 -9999 -9999 -9999 -9999 -9999 -9999 -9999 -9999 -9999 -9999 -9999 -9999 -9999 -9999 -9999 -9999 -9999 -9999 -9999 -9999 47 13 32 30 14 15 100 86 69 59 31 56 54 53 10 48 68 69 86 54 54 57 65 73 92 84 187 191 159 210 188 179 164 138 69 93 720 720 720 720 720 720 720 720 720 720 720 720 720 -9999 0 0 0 0 0 420 420 310 310 310 310 310 310 310 310 420
-9999 -9999 -9999 -9999 -9999 -9999 -9999 -9999 -9999 -9999 -9999 -9999 -9999 -9999 -9999 -9999 -9999 -9999 -9999 -9999 -9999 44 13 30 14 30 33 82 166 70 47 14 38 40 2 14 55 67 62 86 99 86 64 83 64 71 88 67 105 173 107 164 73 72 128 74 80 720 720 720 720 720 720 720 720 720 720 720 720 720 720 0 0 0 0 420 420 420 420 420 310 310 310 310 310 420 420
-9999 -9999 -9999 -9999 -9999 -9999 -9999 -9999 -9999 -9999 -9999 -9999 -9999 -9999 -9999 -9999 -9999 -9999 -9999 -9999 -9999 3 31 21 13 14 32 80 87 70 30 11 5 5 15 30 59 87 59 81 174 65 58 59 81 53 75 63 65 78 59 193 179 74 67 67 68 77 720 720 720 720 720 720 720 720 720 720 720 720 720 0 0 0 420 420 420 420 420 420 420 310 420 420 420 420 420
-9999 -9999 -9999 -9999 -9999 -9999 -9999 -9999 -9999 -9999 -9999 -9999 -9999 -9999 -9999 -9999 -9999 -9999 -9999 -9999 -9999 10 32 31 15 33 33 79 60 82 30 5 12 15 88 170 99 85 85 72 126 67 68 69 61 63 100 89 82 80 191 15 118 163 125 127 139 146 720 720 720 720 720 720 720 720 720 720 720 720 720 -9999 0 420 420 420 420 420 420 420 420 420 420 420 420 420 420
-9999 -9999 -9999 -9999 -9999 -9999 -9999 -9999 -9999 -9999 -9999 -9999 -9999 -9999 -9999 -9999 -9999 -9999 -9999 -9999 -9999 14 33 51 74 76 163 164 54 163 148 26 85 191 198 46 81 77 86 70 74 72 101 101 75 105 87 89 85 73 97 130 15 121 160 125 64 138 144 720 720 720 720 720 720 720 720 720 720 720 720 -9999 420 420 420 420 420 420 420 420 420 420 420 420 420 420 420
-9999 -9999 -9999 -9999 -9999 -9999 -9999 -9999 -9999 -9999 -9999 -9999 -9999 -9999 -9999 -9999 -9999 -9999 -9999 -9999 66 34 53 52 54 67 65 64 96 222 226 197 184 94 46 50 104 81 101 103 88 90 102 100 82 82 106 86 82 76 81 34 104 83 113 124 69 75 68 66 720 720 720 720 720 720 720 720 720 720 720 -9999 420 420 420 420 420 420 420 420 420 420 420 420 420 420 420
-9999 -9999 -9999 -9999 -9999 -9999 -9999 -9999 -9999 -9999 -9999 -9999 -9999 -9999 -9999 -9999 -9999 -9999 -9999 -9999 67 34 76 77 15 47 102 81 67 72 101 180 105 41 46 81 84 103 164 101 84 87 88 83 77 82 27 27 78 97 79 48 34 14 94 175 138 65 68 66 72 720 720 720 720 720 720 720 720 720 -9999 420 420 420 420 420 420 420 420 420 420 420 420 420 420 420 420
-9999 -9999 -9999 -9999 -9999 -9999 -9999 -9999 -9999 -9999 -9999 -9999 -9999 -9999 -9999 -9999 -9999 -9999 -9999 -9999 -9999 32 14 71 22 74 69 29 59 24 180 190 170 115 77 101 103 81 75 65 82 81 85 80 83 78 76 82 90 87 57 78 84 159 86 108 189 100 140 65 68 74 720 720 720 720 720 720 720 -9999 1100 420 420 420 420 420 420 420 420 420 420 420 420 420 420 420 420
-9999 -9999 -9999 -9999 -9999 -9999 -9999 -9999 -9999 -9999 -9999 -9999 -9999 -9999 -9999 -9999 -9999 -9999 -9999 -9999 31 13 83 216 26 36 39 13 178 189 74 118 124 104 160 190 104 87 64 103 100 89 84 81 80 80 78 82 77 82 57 22 188 87 138 93 103 103 98 143 65 29 720 720 720 720 720 720 -9999 1100 420 420 420 420 420 420 420 420 420 420 420 420 420 420 420 420 420
-9999 -9999 -9999 -9999 -9999 -9999 -9999 -9999 -9999 -9999 -9999 -9999 -9999 -9999 -9999 -9999 -9999 -9999 -9999 -9999 30 13 14 15 98 102 34 25 192 192 185 101 130 160 162 165 103 103 67 88 84 90 89 87 86 84 82 67 72 70 63 106 179 177 124 45 116 119 135 142 145 101 900 720 720 720 720 1100 1100 1100 1100 420 420 420 420 420 420 420 420 420 420 420 420 420 420 420 420
-9999 -9999 -9999 -9999 -9999 -9999 -9999 -9999 -9999 -9999 -9999 -9999 -9999 -9999 -9999 -9999 -9999 -9999 -9999 -9999 -9999 30 67 14 81 16 84 99 99 95 179 107 121 176 197 162 106 102 192 104 85 78 90 39 49 74 72 72 89 90 69 36 103 106 97 15 14 96 113 141 65 140 900 900 900 720 -9999 1100 1100 1100 1100 420 420 420 420 420 420 420 420 420 420 420 420 420 420 420 420
-9999 -9999 -9999 -9999 -9999 -9999 -9999 -9999 -9999 -9999 -9999 -9999 -9999 -9999 -9999 -9999 -9999 -9999 -9999 -9999 -9999 54 84 95 94 92 82 15 15 164 169 165 127 180 176 77 101 131 140 187 51 36 68 70 64 39 40 39 66 54 100 104 43 33 34 14 15 14 900 900 900 900 900 900 900 900 1100 1100 1100 1100 420 420 420 420 420 420 420 420 420 420 420 420 420 420 420 420 420
-9999 -9999 -9999 -9999 -9999 -9999 -9999 -9999 -9999 -9999 -9999 -9999 -9999 -9999 -9999 -9999 -9999 -9999 -9999 -9999 -9999 82 165 148 155 179 97 88 15 78 80 138 164 24 53 94 111 113 207 184 113 41 63 108 160 157 36 56 37 36 35 111 39 65 82 74 96 900 900 900 900 900 900 900 900 -9999 1100 1100 1100 420 420 420 420 420 420 420 420 420 420 420 420 420 420 420 420 420 420
-9999 -9999 -9999 -9999 -9999 -9999 -9999 -9999 -9999 -9999 -9999 -9999 -9999 -9999 -9999 -9999 -9999 -9999 -9999 -9999 -9999 -9999 153 93 194 191 196 191 194 165 157 189 75 23 9 127 93 101 194 197 193 111 173 183 191 170 108 81 50 61 111 195 102 76 161 155 152 900 900 900 900 900 900 900 900 -9999 1100 1100 420 420 420 420 420 420 420 420 420 420 420 420 420 420 420 420 420 420 420
-9999 -9999 -9999 -9999 -9999 -9999 -9999 -9999 -9999 -9999 -9999 -9999 -9999 -9999 -9999 -9999 -9999 -9999 -9999 -9999 -9999 -9999 190 189 185 177 226 225 93 34 37 32 15 14 82 91 137 103 196 212 201 199 168 209 220 138 189 106 109 104 106 16 15 116 158 155 109 116 900 900 900 900 900 900 900 1100 1100 1100 420 420 420 420 1100 1100 1100 420 420 420 420 420 420 420 420 420 420 420 420
-9999 -9999 -9999 -9999 -9999 -9999 -9999 -9999 -9999 -9999 -9999 -9999 -9999 -9999 -9999 -9999 -9999 -9999 -9999 -9999 -9999 -9999 190 193 206 90 84 88 15 12 15 30 36 12 14 15 119 104 197 199 208 186 180 164 167 194 101 86 89 94 16 22 102 140 161 158 105 108 199 900 900 900 900 900 900 1100 1100 1100 420 420 420 1100 1100 1100 1100 1100 420 420 420 420 420 420 420 420 420 420 420
-9999 -9999 -9999 -9999 -9999 -9999 -9999 -9999 -9999 -9999 -9999 -9999 -9999 -9999 -9999 -9999 -9999 -9999 -9999 -9999 -9999 -9999 -9999 163 84 22 14 12 6 21 15 59 60 52 15 16 94 173 190 190 179 219 68 62 60 17 59 61 67 90 135 146 153 149 166 199 99 102 61 900 900 900 900 900 -9999 1100 1100 1100 1100 1100 1100 1100 1100 1100 1100 1100 420 420 420 420 420 420 420 420 420 420 420
-9999 -9999 -9999 -9999 -9999 -9999 -9999 -9999 -9999 -9999 -9999 -9999 -9999 -9999 -9999 -9999 -9999 -9999 -9999 -9999 -9999 -9999 71 81 108 24 8 6 6 8 74 89 86 82 15 16 120 180 196 188 63 74 211 39 69 77 176 175 147 126 128 104 150 159 210 149 92 97 23 89 137 900 900 900 -9999 670 670 670 1100 670 670 670 1100 1100 1100 1100 420 420 420 420 420 420 420 420 420 420 420
-9999 -9999 -9999 -9999 -9999 -9999 -9999 -9999 -9999 -9999 -9999 -9999 -9999 -9999 -9999 -9999 -9999 -9999 -9999 -9999 -9999 22 24 99 178 214 196 192 208 82 81 157 80 76 15 15 85 100 124 108 187 178 10 26 16 45 128 99 197 106 107 110 107 100 100 95 93 104 22 75 64 520 520 900 900 670 670 670 670 670 670 670 1100 1100 1100 1100 420 420 420 420 420 420 420 420 420 420 420
-9999 -9999 -9999 -9999 -9999 -9999 -9999 -9999 -9999 -9999 -9999 -9999 -9999 -9999 -9999 -9999 -9999 -9999 -9999 -9999 -9999 80 80 172 179 37 35 20 142 48 164 171 87 36 16 15 10 12 14 14 104 37 21 6 53 53 94 97 103 149 108 105 104 101 100 97 155 153 33 66 520 520 520 520 520 -9999 670 670 670 670 670 670 1100 1100 1100 1100 420 420 420 420 420 420 420 420 420 420 420
-9999 -9999 -9999 -9999 -9999 -9999 -9999 -9999 -9999 -9999 -9999 -9999 -9999 -9999 -9999 -9999 -9999 -9999 -9999 -9999 212 151 153 26 7 6 8 18 38 119 103 187 102 183 152 150 14 22 49 50 46 98 103 46 45 103 106 104 104 128 125 127 127 103 102 103 200 33 63 46 520 520 520 520 -9999 480 -9999 -9999 670 670 670 670 1100 1100 1100 1100 1100 420 420 420 420 420 420 420 420 420 420
