04_184A014/bm_manty_juuret.asc
ncols 186
nrows 177
xllcorner 610464
yllcorner 6870672
cellsize 16
nodata_value -9999
[rows 108 to 143 of 177, columns 0 to 80 of 186]
-9999 -9999 -9999 -9999 -9999 -9999 -9999 -9999 -9999 -9999 -9999 -9999 -9999 -9999 -9999 -9999 -9999 -9999 -9999 -9999 -9999 715 516 383 291 502 582 603 835 734 724 588 351 897 959 595 526 521 338 406 633 1127 1281 985 411 439 863 762 871 870 820 582 846 624 565 441 234 17780 17780 10570 10570 10570 10570 10570 10570 -9999 10810 10810 10810 10810 15970 15970 15970 15970 15970 15970 15970 15970 15970 15970 15970
-9999 -9999 -9999 -9999 -9999 -9999 -9999 -9999 -9999 -9999 -9999 -9999 -9999 -9999 -9999 -9999 -9999 -9999 -9999 -9999 -9999 -9999 293 588 338 502 583 587 334 378 476 413 570 916 927 501 587 672 508 575 564 570 403 487 488 431 565 708 909 973 759 607 711 365 109 151 161 10570 10570 10570 10570 10570 10570 10570 10570 -9999 10810 10810 10810 10810 15970 15970 15970 15970 15970 15970 15970 15970 15970 15970 15970
-9999 -9999 -9999 -9999 -9999 -9999 -9999 -9999 -9999 -9999 -9999 -9999 -9999 -9999 -9999 -9999 -9999 -9999 -9999 -9999 -9999 -9999 438 511 498 504 143 137 662 679 665 667 824 689 515 672 502 661 506 432 514 287 436 407 376 466 430 583 769 712 643 770 611 169 165 157 190 192 10570 10570 10570 10570 10570 10570 10570 10810 10810 10810 10810 15970 15970 10810 10810 10810 10810 10810 15970 15970 15970 15970 15970
-9999 -9999 -9999 -9999 -9999 -9999 -9999 -9999 -9999 -9999 -9999 -9999 -9999 -9999 -9999 -9999 -9999 -9999 -9999 -9999 -9999 -9999 504 519 362 659 666 674 726 583 714 670 549 575 707 718 359 599 503 275 440 501 484 430 406 528 650 681 679 664 654 460 219 94 85 160 195 183 62 10570 10570 10570 10570 10570 10570 10810 10810 10810 10810 15970 10810 10810 10810 10810 10810 10810 10810 15970 15970 15970 15970
-9999 -9999 -9999 -9999 -9999 -9999 -9999 -9999 -9999 -9999 -9999 -9999 -9999 -9999 -9999 -9999 -9999 -9999 -9999 -9999 -9999 -9999 -9999 477 558 409 567 587 618 412 708 451 446 318 718 733 602 469 538 401 302 373 1094 1023 984 781 464 462 450 247 223 205 176 176 75 29 62 67 412 15360 15360 10570 10570 10570 -9999 10810 10810 10810 10810 10810 10810 10810 10810 10810 10810 10810 10810 15970 15970 15970 15970
-9999 -9999 -9999 -9999 -9999 -9999 -9999 -9999 -9999 -9999 -9999 -9999 -9999 -9999 -9999 -9999 -9999 -9999 -9999 -9999 -9999 -9999 543 553 412 546 610 640 617 614 569 681 574 570 730 738 362 452 705 385 642 920 367 854 711 391 33 33 47 52 44 174 164 152 28 40 59 65 15360 15360 15360 1340 1340 10570 -9999 10810 10810 10810 10810 10810 18190 10810 10810 10810 10810 10810 10810 15970 15970 15970 15970
-9999 -9999 -9999 -9999 -9999 -9999 -9999 -9999 -9999 -9999 -9999 -9999 -9999 -9999 -9999 -9999 -9999 -9999 -9999 -9999 -9999 410 400 429 462 432 443 458 389 568 582 489 575 559 705 727 515 672 599 693 498 491 2002 413 1235 108 45 60 27 173 174 164 164 172 159 60 59 63 15360 15360 15360 1340 1340 1340 1340 18190 18190 18190 10810 10810 18190 10810 10810 10810 10810 10810 10810 15970 15970 15970 15970
-9999 -9999 -9999 -9999 -9999 -9999 -9999 -9999 -9999 -9999 -9999 -9999 -9999 -9999 -9999 -9999 -9999 -9999 -9999 -9999 -9999 215 214 474 526 775 619 1340 330 780 272 517 578 554 733 710 590 678 617 630 619 786 961 1361 113 121 60 62 174 166 180 170 59 155 57 59 41 170 15360 15360 1340 1340 1340 1340 1340 -9999 18190 18190 18190 18190 18190 10810 10810 10810 10810 10810 10810 15970 15970 15970 15970
-9999 -9999 -9999 -9999 -9999 -9999 -9999 -9999 -9999 -9999 -9999 -9999 -9999 -9999 -9999 -9999 -9999 -9999 -9999 -9999 345 208 227 1759 1958 1355 498 1735 1193 326 756 371 461 301 334 370 747 470 284 282 292 224 208 110 128 64 64 173 172 54 54 46 45 56 148 153 81 15360 15360 15360 1340 1340 1340 1340 -9999 608 -9999 -9999 18190 18190 18190 10810 10810 10810 10810 10810 10810 10810 15970 15970 15970
-9999 -9999 -9999 -9999 -9999 -9999 -9999 -9999 -9999 -9999 -9999 -9999 -9999 -9999 -9999 -9999 -9999 -9999 -9999 -9999 494 990 2384 2131 1527 667 1233 864 536 453 527 1193 1058 859 588 665 356 189 139 158 162 174 41 65 47 176 180 47 54 45 48 45 60 55 150 58 330 15360 15360 1340 1340 1340 1340 1340 1340 842 306 948 -9999 18190 18190 10810 10810 10810 10810 10810 10810 10810 10810 10810 15970
-9999 -9999 -9999 -9999 -9999 -9999 -9999 -9999 -9999 -9999 -9999 -9999 -9999 -9999 -9999 -9999 -9999 -9999 -9999 -9999 944 803 1258 1020 987 84 110 650 738 585 1118 1639 688 807 537 495 570 138 122 117 207 181 173 167 171 186 182 238 177 56 57 57 60 39 43 366 15360 15360 15360 1340 1340 1340 1340 1340 1340 0 0 309 422 860 -9999 18190 10810 10810 10810 10810 10810 10810 10810 10810 10810
-9999 -9999 -9999 -9999 -9999 -9999 -9999 -9999 -9999 -9999 -9999 -9999 -9999 -9999 -9999 -9999 -9999 -9999 -9999 -9999 808 1278 1310 526 150 439 1117 883 1091 1021 998 1586 997 940 978 327 657 443 377 112 224 233 182 174 157 157 173 160 174 59 58 42 40 160 397 449 15360 15360 15360 1340 15360 1340 1340 1340 1340 1340 0 0 502 141 1529 -9999 10810 10810 10810 10810 10810 10810 10810 10810 10810
-9999 -9999 -9999 -9999 -9999 -9999 -9999 -9999 -9999 -9999 -9999 -9999 -9999 -9999 -9999 -9999 -9999 -9999 -9999 561 475 277 1800 715 445 -9999 1288 1454 1514 1250 1201 955 2064 1935 1709 985 1147 1035 514 601 342 108 78 161 156 172 168 173 170 60 59 151 46 393 208 1075 15360 15360 15360 15360 1340 1340 1340 1340 1340 1340 0 0 500 12 682 1002 793 -9999 10810 10810 10810 10810 10810 10810 10810
-9999 -9999 -9999 -9999 -9999 -9999 -9999 -9999 -9999 -9999 -9999 -9999 -9999 -9999 -9999 -9999 -9999 -9999 -9999 557 539 2210 2248 1562 351 -9999 -9999 1496 111 2061 1017 933 1039 1407 1196 1290 2406 2053 2197 1571 724 694 105 211 177 155 40 41 154 43 44 116 180 399 696 15360 15360 15360 15360 11190 1110 1340 1340 1340 1340 1340 1340 104 0 0 -9999 -9999 722 915 -9999 -9999 10810 10810 10810 10810 10810
-9999 -9999 -9999 -9999 -9999 -9999 -9999 -9999 -9999 -9999 -9999 -9999 -9999 -9999 -9999 -9999 -9999 -9999 472 658 1069 2449 1860 1204 1357 396 537 926 1439 1637 1765 1075 753 881 1966 1300 1201 1829 1615 1773 2500 712 650 438 372 40 42 147 155 162 344 310 679 15360 15360 15360 15360 15360 15360 11190 11190 1340 1340 1340 1340 1340 1340 1340 1340 14080 14080 14080 954 556 522 251 -9999 10810 10810 10810 463
-9999 -9999 -9999 -9999 -9999 -9999 -9999 -9999 -9999 -9999 -9999 -9999 -9999 -9999 -9999 -9999 -9999 -9999 556 662 809 1677 1839 1560 1160 -9999 1094 828 1327 1467 828 820 881 657 1063 855 1181 1402 1767 1308 1244 1251 732 480 785 478 211 178 44 347 407 -9999 15360 15360 15360 15360 15360 15360 15360 15360 11190 11190 1340 1340 1340 1340 1340 1340 14080 14080 14080 14080 14080 899 483 512 441 764 -9999 1610 813
-9999 -9999 -9999 -9999 -9999 -9999 -9999 -9999 -9999 -9999 -9999 -9999 -9999 -9999 -9999 -9999 -9999 542 527 670 590 981 549 658 1098 -9999 634 1316 1572 821 513 694 707 780 822 546 569 778 996 711 717 929 653 912 645 389 413 222 211 860 860 860 860 15360 15360 15360 15360 15360 15360 15360 15360 11190 11190 11190 1340 1340 1340 1340 14080 14080 14080 14080 14080 489 407 0 0 369 648 -9999 615
-9999 -9999 -9999 -9999 -9999 -9999 -9999 -9999 -9999 -9999 -9999 -9999 -9999 -9999 -9999 -9999 552 352 501 508 449 706 853 619 754 -9999 900 2062 1601 986 515 663 569 715 1286 582 633 209 651 778 797 694 1024 629 850 501 194 142 1350 860 860 860 860 860 15360 15360 15360 15360 15360 15360 15360 15360 11190 11190 11190 1110 11190 11190 14080 14080 14080 14080 14080 14080 14080 14080 -9999 18 0 540 878
-9999 -9999 -9999 -9999 -9999 -9999 -9999 -9999 -9999 -9999 -9999 -9999 -9999 -9999 -9999 542 550 581 558 591 588 644 698 709 736 -9999 915 1383 676 554 738 1064 1004 658 820 782 776 355 668 853 849 869 878 606 637 303 1350 1350 1350 860 860 860 860 860 860 15360 15360 15360 15360 15360 15360 15360 15360 11190 11190 11190 11190 11190 14080 14080 14080 14080 14080 14080 14080 14080 0 18 99 3 448
-9999 -9999 -9999 -9999 -9999 -9999 -9999 -9999 -9999 -9999 -9999 -9999 -9999 -9999 576 559 535 590 658 517 483 510 493 551 549 -9999 1033 720 681 592 334 337 259 255 151 99 109 234 500 792 998 864 813 1024 1350 1350 1350 1350 1350 860 860 860 860 860 860 860 15360 15360 15360 15360 15360 15360 15360 11190 11190 11190 11190 11190 14080 14080 14080 14080 14080 14080 14080 14080 -9999 0 0 11 18
-9999 -9999 -9999 -9999 -9999 -9999 -9999 -9999 -9999 -9999 -9999 -9999 -9999 -9999 696 585 585 498 671 574 499 923 480 485 600 302 546 855 943 229 198 152 135 29 51 154 152 139 641 675 737 857 1350 1350 1350 1350 1350 1350 1350 1350 1350 860 860 860 860 860 860 860 15360 15360 15360 15360 15360 11190 11190 11190 11190 14080 14080 14080 14080 14080 14080 14080 9590 9590 9590 486 18 0 11
-9999 -9999 -9999 -9999 -9999 -9999 -9999 -9999 -9999 -9999 -9999 -9999 -9999 690 833 576 662 667 587 417 435 415 416 650 310 519 313 686 466 111 138 142 48 45 174 165 326 194 395 701 729 1350 1350 1350 1350 1350 1350 1350 1350 1350 1350 1350 1350 860 860 860 860 860 860 15360 15360 15360 15360 11190 11190 11190 14080 14080 14080 14080 14080 14080 9590 9590 9590 9590 9590 446 0 482 0
-9999 -9999 -9999 -9999 -9999 -9999 -9999 -9999 -9999 -9999 -9999 -9999 616 686 597 584 581 586 580 429 1004 916 600 755 202 -9999 563 660 633 209 30 39 45 62 166 191 199 142 553 744 741 1350 1350 1350 1350 1350 1350 1350 1350 1350 1350 1350 1350 1350 860 860 860 860 860 860 860 15360 15360 11190 11190 11190 14080 14080 14080 14080 14080 14080 9590 9590 9590 9590 9590 -9999 813 545 12
-9999 -9999 -9999 -9999 -9999 -9999 -9999 -9999 -9999 -9999 -9999 791 689 545 518 634 511 486 486 490 308 736 495 155 -9999 964 868 414 854 854 189 173 174 167 168 172 182 221 218 505 1350 1350 1350 1350 1350 1350 1350 1350 1350 1350 1350 1350 1350 1350 1350 1350 860 860 860 860 860 860 860 11190 11190 14080 14080 14080 14080 14080 14080 14080 9590 9590 9590 9590 9590 15650 15650 15650 15650
-9999 -9999 -9999 -9999 -9999 -9999 -9999 -9999 -9999 -9999 578 722 609 505 553 504 515 577 581 488 493 466 251 -9999 450 915 1321 871 886 491 595 516 455 384 272 196 194 653 431 414 1350 1350 1350 1350 1350 1350 1350 1350 1350 1350 1350 1350 1350 1350 1350 1350 1350 1350 1350 1350 860 860 860 860 11190 14080 14080 14080 14080 14080 14080 14080 9590 9590 9590 9590 15650 15650 15650 15650 15650
-9999 -9999 -9999 -9999 -9999 -9999 -9999 -9999 -9999 487 489 577 724 668 427 703 501 632 673 753 519 711 767 -9999 881 1692 377 864 761 917 855 1159 950 333 811 785 365 566 884 1149 1350 1350 1350 1350 1350 1350 1350 1350 1350 1350 1350 1350 1350 1350 1350 1350 1350 1350 1350 1350 1350 1350 860 860 11190 14080 14080 14080 14080 14080 14080 14080 9590 9590 9590 9590 9590 15650 15650 15650 15650
-9999 -9999 -9999 -9999 -9999 -9999 -9999 -9999 696 483 383 478 557 663 521 707 712 635 669 672 1002 512 388 940 967 1748 246 892 1048 938 1019 1162 1017 899 426 426 687 886 1010 1177 1350 1350 1350 1350 1350 1350 1350 1350 1350 1350 1350 1350 1350 1350 1350 1350 1350 1350 1350 1350 1350 1350 1350 860 11190 14080 14080 14080 14080 14080 14080 14080 9590 9590 9590 9590 9590 15650 15650 15650 15650
-9999 -9999 -9999 -9999 -9999 -9999 -9999 -9999 528 596 357 519 528 668 671 522 577 503 504 713 544 517 760 864 756 566 433 1231 1111 488 495 495 440 437 1084 1324 1221 1063 1277 1224 1869 572 875 1350 1350 1350 1350 1350 1350 1350 1350 1350 1350 1350 1350 1350 1350 1350 1350 1350 1350 1350 1350 11190 11190 11190 14080 14080 14080 14080 14080 14080 324 687 603 -9999 15650 15650 15650 15650 15650
-9999 -9999 -9999 -9999 -9999 -9999 -9999 2132 739 759 587 531 534 757 663 507 577 578 577 481 604 447 471 182 515 2246 1433 659 765 699 704 583 577 573 539 916 1292 2418 2181 1827 2277 714 843 902 865 1350 1350 1350 1350 1350 1350 1350 1350 1350 1350 1350 1350 1350 1350 1350 1350 1350 1350 1350 3530 3530 11190 14080 14080 14080 14080 14080 586 351 409 15650 15650 15650 15650 15650 15650
-9999 -9999 -9999 -9999 -9999 -9999 579 1669 561 748 518 665 726 615 657 669 589 589 483 358 485 845 199 337 503 775 1120 1337 984 697 730 721 708 650 748 607 646 1603 1278 1712 2320 2270 826 1173 1201 840 474 1350 1350 1350 1350 1350 1350 1350 1350 1350 1350 1350 1350 1350 1350 1350 1350 1350 3530 3530 14080 14080 14080 14080 14080 14080 545 721 735 15650 15650 15650 15650 15650 15650
-9999 -9999 -9999 -9999 -9999 1886 1696 1656 2021 635 567 594 516 505 700 692 579 421 398 727 959 613 186 344 426 614 1305 1268 1107 540 692 691 532 857 652 650 724 748 643 1865 1899 1737 1269 1299 1255 399 570 485 389 398 1350 1350 1350 1350 1350 1350 1350 1350 1350 1350 1350 1350 1350 1350 1350 3530 14080 14080 14080 14080 14080 14080 14080 610 15650 15650 15650 15650 15650 15650 15650
-9999 -9999 -9999 -9999 -9999 1807 2124 2118 2051 1938 1980 2177 794 551 725 570 395 385 669 741 383 864 263 346 739 662 795 588 1024 488 675 737 701 819 686 682 421 827 518 554 703 1723 1690 1288 1477 1632 623 711 831 438 593 313 1350 1350 1350 1350 1350 1350 1350 1350 1350 1350 1350 1350 1350 1350 3530 14080 14080 14080 14080 14080 14080 15650 15650 15650 15650 15650 15650 15650 15650
-9999 -9999 -9999 -9999 -9999 2155 2146 2097 2083 1622 1643 2059 2117 1993 716 887 833 635 735 630 488 852 817 -9999 583 753 612 554 709 586 850 486 888 461 427 399 834 745 1330 406 484 372 1921 1826 1669 1542 606 710 478 643 714 771 402 433 1350 1350 1350 1350 1350 1350 1350 1350 1350 1350 1350 1350 3530 3530 14080 14080 14080 14080 14080 15650 15650 15650 15650 15650 15650 15650 15650
-9999 -9999 -9999 -9999 1499 2054 2379 929 1621 1578 1491 1565 1826 2302 809 1270 879 779 1121 1171 737 501 1139 -9999 73 216 437 624 509 581 829 363 908 624 536 727 729 702 1017 1286 1000 642 639 847 765 630 770 709 510 410 594 454 413 957 899 884 977 1350 1350 1350 1350 1350 1350 1350 1350 1350 1350 3530 3530 3530 14080 14080 14080 15650 15650 15650 15650 15650 15650 15650 15650
-9999 -9999 -9999 -9999 2151 2492 817 1287 1062 956 899 902 1869 647 861 1032 903 899 899 864 893 410 659 248 -9999 -9999 135 495 626 790 805 675 759 701 682 529 741 770 674 832 1293 839 471 421 561 604 685 776 651 593 406 408 551 916 658 580 381 415 413 1350 1350 1350 1350 1350 1350 1350 1350 3530 3530 3530 3530 3530 3530 3530 3530 15650 15650 15650 15650 15650 14410
-9999 -9999 -9999 1619 2119 2201 841 989 689 793 1148 1122 840 887 835 754 878 710 814 833 903 667 920 801 777 943 1736 419 -9999 -9999 -9999 421 766 780 720 651 443 418 757 981 881 1414 1033 905 483 589 847 747 744 761 833 908 724 884 906 798 869 753 683 672 479 1350 1350 1350 1350 1350 1350 3530 3530 3530 3530 3530 3530 3530 3530 3530 14410 14410 14410 14410 14410
