04_184A014/bm_manty_neulaset.asc
ncols 186
nrows 177
xllcorner 610464
yllcorner 6870672
cellsize 16
nodata_value -9999
[rows 74 to 110 of 177, columns 83 to 165 of 186]
1380 1380 1380 1380 2930 2930 2930 1380 1380 960 960 960 2500 2500 310 310 310 -9999 -9999 -9999 -9999 -9999 -9999 -9999 -9999 -9999 -9999 -9999 -9999 -9999 -9999 -9999 -9999 -9999 -9999 -9999 -9999 -9999 -9999 -9999 -9999 -9999 -9999 -9999 -9999 -9999 -9999 -9999 -9999 -9999 -9999 -9999 -9999 -9999 -9999 -9999 -9999 -9999 -9999 -9999 -9999 -9999 -9999 -9999 -9999 -9999 -9999 -9999 -9999 -9999 -9999 -9999 -9999 -9999 -9999 -9999 -9999 -9999 -9999 -9999 -9999 50 50
1380 1380 1380 1380 2930 2930 1380 1380 1380 960 960 960 960 2500 2500 310 310 -9999 -9999 -9999 -9999 -9999 -9999 -9999 -9999 -9999 -9999 -9999 -9999 -9999 -9999 -9999 -9999 -9999 -9999 -9999 -9999 -9999 -9999 -9999 -9999 -9999 -9999 -9999 -9999 -9999 -9999 -9999 -9999 -9999 -9999 -9999 -9999 -9999 -9999 -9999 -9999 -9999 -9999 -9999 -9999 -9999 -9999 -9999 -9999 -9999 -9999 -9999 -9999 -9999 -9999 -9999 -9999 -9999 -9999 -9999 -9999 -9999 -9999 -9999 140 140 140
3420 1380 1380 1380 2930 1380 1380 1380 1380 960 960 960 960 2500 2500 310 310 310 -9999 -9999 -9999 -9999 -9999 -9999 -9999 -9999 -9999 -9999 -9999 -9999 -9999 -9999 -9999 -9999 -9999 -9999 -9999 -9999 -9999 -9999 -9999 -9999 -9999 -9999 -9999 -9999 -9999 -9999 -9999 -9999 -9999 -9999 -9999 -9999 -9999 -9999 -9999 -9999 -9999 -9999 -9999 -9999 -9999 -9999 -9999 -9999 -9999 -9999 -9999 -9999 -9999 -9999 -9999 -9999 -9999 -9999 -9999 -9999 -9999 -9999 140 140 140
3420 3420 1380 1380 1380 1380 1380 1380 1380 960 960 960 960 2500 2500 1000 1000 310 310 -9999 -9999 -9999 -9999 -9999 -9999 -9999 -9999 -9999 -9999 -9999 -9999 -9999 -9999 -9999 -9999 -9999 -9999 -9999 -9999 -9999 -9999 -9999 -9999 -9999 -9999 -9999 -9999 -9999 -9999 -9999 -9999 -9999 -9999 -9999 -9999 -9999 -9999 -9999 -9999 -9999 -9999 -9999 -9999 -9999 -9999 -9999 -9999 -9999 -9999 -9999 -9999 -9999 -9999 -9999 -9999 -9999 -9999 -9999 -9999 -9999 140 140 140
3420 3420 3420 3420 1380 1380 1380 1380 1380 960 960 960 2500 2500 2500 1000 1000 310 1000 1000 1000 1000 -9999 -9999 -9999 -9999 -9999 -9999 -9999 -9999 -9999 -9999 -9999 -9999 -9999 -9999 -9999 -9999 -9999 -9999 -9999 -9999 -9999 -9999 -9999 -9999 -9999 -9999 -9999 -9999 -9999 -9999 -9999 -9999 -9999 -9999 -9999 -9999 -9999 -9999 -9999 -9999 -9999 -9999 -9999 -9999 -9999 -9999 -9999 -9999 -9999 -9999 -9999 -9999 -9999 -9999 -9999 -9999 -9999 140 140 140 140
3420 3420 3420 3420 3420 3420 3420 1380 1380 960 960 2500 2500 2500 2500 1000 1000 1000 1000 1000 1000 -9999 -9999 -9999 -9999 -9999 -9999 -9999 -9999 -9999 -9999 -9999 -9999 -9999 -9999 -9999 -9999 -9999 -9999 -9999 -9999 -9999 -9999 -9999 -9999 -9999 -9999 -9999 -9999 -9999 -9999 -9999 -9999 -9999 -9999 -9999 -9999 -9999 -9999 -9999 -9999 -9999 -9999 -9999 -9999 -9999 -9999 -9999 -9999 -9999 -9999 -9999 -9999 -9999 -9999 -9999 -9999 -9999 -9999 140 140 140 50
3420 3420 3420 3420 3420 3420 3420 3420 1380 2500 2500 2500 2500 2500 2500 2500 2500 1000 1000 1000 1000 -9999 -9999 -9999 -9999 -9999 -9999 -9999 -9999 -9999 -9999 -9999 -9999 -9999 -9999 -9999 -9999 -9999 -9999 -9999 -9999 -9999 -9999 -9999 -9999 -9999 -9999 -9999 -9999 -9999 -9999 -9999 320 320 320 -9999 -9999 -9999 -9999 -9999 -9999 -9999 -9999 -9999 -9999 -9999 -9999 -9999 -9999 -9999 -9999 -9999 -9999 -9999 -9999 -9999 -9999 -9999 140 140 50 50 50
3420 3420 3420 3420 3420 3420 3420 3420 3420 2500 2500 3420 3420 3420 3420 2500 2500 1000 1000 1000 1000 -9999 -9999 -9999 -9999 -9999 -9999 -9999 -9999 -9999 -9999 -9999 -9999 -9999 -9999 -9999 -9999 -9999 -9999 -9999 -9999 -9999 -9999 -9999 -9999 219 244 -9999 -9999 -9999 -9999 -9999 320 320 320 -9999 -9999 -9999 -9999 -9999 -9999 -9999 -9999 -9999 -9999 -9999 -9999 -9999 -9999 -9999 -9999 -9999 -9999 -9999 -9999 -9999 -9999 -9999 -9999 50 50 50 50
3420 3420 3420 3420 3420 3420 3420 3420 3420 2500 2500 3420 3420 3420 3420 3420 1000 1000 1000 1000 1000 0 -9999 -9999 -9999 -9999 -9999 -9999 -9999 -9999 -9999 -9999 -9999 -9999 -9999 -9999 -9999 -9999 -9999 -9999 -9999 -9999 -9999 -9999 -9999 81 299 -9999 -9999 -9999 -9999 320 320 320 320 320 -9999 -9999 -9999 -9999 -9999 -9999 -9999 -9999 -9999 -9999 -9999 -9999 -9999 -9999 -9999 -9999 -9999 -9999 -9999 -9999 -9999 -9999 -9999 50 50 50 50
3420 3420 3420 3420 3420 3420 3420 3420 3420 3420 3420 3420 3420 3420 3420 3420 3420 1000 1000 1000 1000 0 -9999 -9999 -9999 -9999 -9999 -9999 -9999 -9999 -9999 -9999 -9999 -9999 -9999 -9999 -9999 -9999 -9999 -9999 -9999 -9999 -9999 -9999 -9999 -9999 -9999 -9999 -9999 -9999 -9999 -9999 320 320 320 320 320 -9999 -9999 -9999 -9999 -9999 320 320 320 320 320 320 320 -9999 -9999 -9999 -9999 -9999 -9999 -9999 -9999 -9999 -9999 50 50 50 50
3420 3420 3420 3420 3420 3420 3420 3420 3420 3420 3420 3420 3420 3420 3420 3420 3420 1000 1000 1000 1000 0 0 -9999 -9999 -9999 -9999 -9999 -9999 -9999 -9999 -9999 -9999 -9999 -9999 -9999 -9999 -9999 -9999 -9999 -9999 -9999 -9999 -9999 -9999 -9999 -9999 -9999 -9999 -9999 -9999 -9999 -9999 320 320 320 320 320 -9999 320 -9999 -9999 -9999 -9999 -9999 320 320 320 320 320 320 -9999 -9999 -9999 -9999 -9999 55 1120 1120 1120 1120 50 50
3420 3420 3420 3420 3420 3420 3420 3420 3420 3420 3420 3420 3420 3420 3420 3420 3420 3030 3030 3030 1000 0 0 -9999 -9999 -9999 -9999 -9999 -9999 -9999 -9999 -9999 -9999 -9999 -9999 -9999 -9999 -9999 -9999 -9999 -9999 -9999 -9999 -9999 -9999 -9999 -9999 -9999 -9999 -9999 -9999 -9999 -9999 -9999 320 320 320 320 320 320 400 400 400 400 400 400 320 320 320 320 320 413 160 108 102 204 1120 1120 1120 1120 1120 247 104
3420 3420 3420 3420 3420 3420 3420 3420 3420 3420 3420 3420 3420 3420 3420 3420 3420 3030 3030 3030 3030 1000 0 0 -9999 -9999 -9999 -9999 -9999 -9999 -9999 -9999 -9999 -9999 -9999 -9999 -9999 -9999 -9999 -9999 -9999 -9999 -9999 -9999 -9999 -9999 -9999 -9999 -9999 -9999 -9999 -9999 -9999 -9999 320 320 320 320 320 320 400 400 400 400 400 400 400 320 320 320 320 320 320 1120 1120 1120 1120 1120 1120 1120 243 141 153
3420 3420 3420 3420 3420 3420 3420 3420 3420 3420 3420 3420 3420 3420 3420 3420 3420 3030 3030 3030 3030 3030 3030 0 -9999 -9999 -9999 -9999 -9999 -9999 -9999 -9999 -9999 -9999 -9999 -9999 -9999 -9999 -9999 -9999 -9999 -9999 -9999 -9999 -9999 -9999 -9999 -9999 -9999 -9999 -9999 -9999 -9999 -9999 320 320 320 320 320 320 400 400 400 400 400 400 400 400 400 320 320 320 320 320 320 320 320 320 320 280 247 16 24
3420 3420 3420 3420 3420 3420 3420 3420 3420 3420 3420 3420 3420 3420 3420 3420 3420 3420 3030 3030 3030 3030 3030 3030 0 -9999 -9999 -9999 -9999 -9999 -9999 -9999 -9999 -9999 -9999 -9999 -9999 -9999 -9999 -9999 -9999 -9999 -9999 -9999 -9999 -9999 -9999 -9999 -9999 -9999 -9999 -9999 -9999 -9999 -9999 320 320 210 210 210 210 210 400 400 400 400 400 400 400 400 320 320 320 320 320 320 320 320 320 320 -9999 -9999 10
3420 3420 3420 3420 3420 3420 3420 3420 3420 3420 3420 3420 3420 3420 3420 3420 3420 3420 3030 3030 3030 3030 3030 3030 3030 0 -9999 -9999 -9999 -9999 -9999 -9999 -9999 -9999 -9999 -9999 -9999 -9999 -9999 -9999 -9999 -9999 -9999 -9999 -9999 -9999 -9999 -9999 -9999 -9999 -9999 -9999 -9999 -9999 -9999 -9999 -9999 -9999 210 210 210 210 210 400 400 400 400 400 400 400 400 320 320 320 320 320 320 320 320 320 550 550 550
3420 3420 3420 3420 3420 3420 3420 3420 3420 3420 3420 3420 3420 3420 3420 3420 3420 3420 3030 3030 3030 3030 3030 3030 3030 3030 -9999 -9999 -9999 -9999 -9999 -9999 -9999 -9999 -9999 -9999 -9999 -9999 -9999 -9999 -9999 -9999 -9999 -9999 -9999 -9999 -9999 -9999 -9999 -9999 -9999 -9999 -9999 -9999 -9999 -9999 -9999 -9999 -9999 -9999 -9999 210 210 210 210 400 210 210 400 400 400 400 320 320 320 320 320 320 320 320 550 550 550
3420 3420 3420 3420 3420 3420 3420 3420 3420 3420 3420 3420 3420 3420 3420 3420 3420 3420 4580 3030 3030 3030 3030 3030 3030 3030 0 -9999 -9999 -9999 -9999 -9999 -9999 -9999 -9999 -9999 -9999 -9999 -9999 -9999 -9999 -9999 -9999 -9999 -9999 -9999 -9999 -9999 -9999 -9999 -9999 -9999 -9999 -9999 -9999 -9999 -9999 -9999 -9999 -9999 -9999 -9999 -9999 210 210 210 210 210 210 210 400 400 210 210 320 320 320 320 320 320 550 550 550
3420 3420 3420 3420 3420 3420 3420 3420 3420 3420 3420 3420 3420 3420 3420 3420 3420 3420 4580 3030 3030 3030 3030 3030 3030 3030 0 -9999 -9999 -9999 -9999 -9999 -9999 -9999 -9999 -9999 -9999 -9999 -9999 -9999 -9999 -9999 -9999 -9999 -9999 -9999 -9999 -9999 -9999 -9999 -9999 -9999 -9999 -9999 -9999 -9999 -9999 -9999 -9999 -9999 -9999 -9999 -9999 -9999 -9999 -9999 210 210 210 210 210 210 210 210 320 320 320 320 320 320 550 550 550
3420 3420 3420 3420 3420 3420 3420 3420 3420 3420 3420 3420 3420 3420 -9999 3420 3420 4580 4580 4580 4580 3030 3030 3030 3030 3030 3030 0 -9999 -9999 -9999 -9999 -9999 -9999 -9999 -9999 -9999 -9999 -9999 -9999 -9999 -9999 -9999 -9999 -9999 -9999 -9999 -9999 -9999 -9999 -9999 -9999 -9999 -9999 -9999 -9999 -9999 -9999 -9999 -9999 -9999 -9999 -9999 -9999 -9999 -9999 -9999 -9999 210 210 210 210 210 210 320 320 320 320 320 320 550 550 550
3420 3420 3420 3420 3420 3420 3420 3420 3420 3420 3420 3420 3420 3080 3080 3080 3420 4580 4580 4580 4580 4580 4580 3030 3030 3030 3030 -9999 0 -9999 -9999 -9999 -9999 -9999 -9999 -9999 -9999 -9999 -9999 -9999 -9999 -9999 -9999 -9999 -9999 -9999 -9999 -9999 -9999 -9999 -9999 -9999 -9999 -9999 -9999 -9999 -9999 -9999 -9999 -9999 -9999 -9999 -9999 -9999 -9999 -9999 -9999 -9999 -9999 -9999 -9999 210 210 210 210 -9999 550 550 550 550 550 550 550
3420 3420 3420 3420 3420 3420 3420 3420 3420 3420 3080 3080 3080 3080 3080 3080 3080 4580 4580 4580 4580 4580 4580 3030 3030 3030 3030 490 490 -9999 -9999 -9999 -9999 -9999 -9999 -9999 -9999 -9999 -9999 -9999 -9999 -9999 -9999 -9999 -9999 -9999 -9999 -9999 -9999 -9999 -9999 -9999 -9999 -9999 -9999 -9999 -9999 -9999 -9999 -9999 -9999 -9999 -9999 -9999 -9999 -9999 -9999 -9999 -9999 -9999 -9999 210 210 210 210 38 52 550 550 550 550 550 550
3420 3420 3420 3420 3420 3420 3580 3580 3580 3080 3080 3080 3080 3080 3080 3080 3080 3080 4580 3080 4580 4580 3030 3030 3030 3030 3030 490 -9999 169 173 -9999 -9999 -9999 -9999 -9999 -9999 -9999 -9999 -9999 -9999 -9999 -9999 -9999 -9999 -9999 -9999 -9999 -9999 -9999 -9999 -9999 -9999 -9999 -9999 -9999 -9999 -9999 -9999 -9999 -9999 -9999 -9999 -9999 -9999 -9999 -9999 -9999 -9999 -9999 -9999 210 210 77 111 215 193 141 92 550 550 550 550
3420 3420 3420 3580 3580 3580 3580 3580 3580 3080 3080 3080 3080 3080 3080 3080 3080 3080 3080 3080 3080 3080 3080 3030 3030 3030 490 238 -9999 -9999 2520 -9999 -9999 -9999 -9999 -9999 -9999 -9999 -9999 -9999 -9999 -9999 -9999 -9999 -9999 -9999 -9999 -9999 -9999 -9999 -9999 -9999 -9999 -9999 -9999 -9999 -9999 -9999 -9999 -9999 -9999 -9999 -9999 -9999 -9999 -9999 -9999 -9999 -9999 -9999 -9999 -9999 140 126 170 222 246 134 49 -9999 -9999 -9999 -9999
3580 3580 3580 3580 3580 3580 3580 3580 3580 3080 3080 3080 3080 3080 3080 3080 3080 3080 3080 3080 3080 3080 3080 3080 3080 490 490 490 275 -9999 2520 -9999 -9999 -9999 -9999 -9999 -9999 -9999 -9999 -9999 -9999 -9999 -9999 -9999 -9999 -9999 -9999 -9999 -9999 -9999 -9999 -9999 -9999 -9999 -9999 -9999 -9999 -9999 -9999 -9999 -9999 -9999 -9999 -9999 -9999 -9999 -9999 -9999 -9999 -9999 -9999 84 120 157 193 126 193 245 4000 4000 4000 4000 4000
3580 3580 3580 3580 3580 3580 3580 3580 3580 3080 3080 3080 3080 3080 3080 3080 3080 3080 3080 3080 3080 3080 3080 3080 3080 490 490 490 490 -9999 2520 -9999 -9999 -9999 -9999 -9999 -9999 -9999 -9999 -9999 -9999 -9999 -9999 -9999 -9999 -9999 -9999 -9999 -9999 -9999 -9999 -9999 -9999 -9999 -9999 -9999 -9999 -9999 -9999 -9999 -9999 -9999 -9999 -9999 -9999 -9999 -9999 -9999 -9999 -9999 -9999 -9999 144 171 154 133 97 4000 4000 4000 4000 4000 4000
3580 3580 3580 3580 3580 3580 3580 3580 3580 3580 3580 3580 3080 3080 3080 3080 3080 3080 3080 3080 3080 3080 3080 3080 3080 3080 3080 490 490 490 -9999 2520 2520 -9999 -9999 -9999 -9999 -9999 -9999 -9999 -9999 -9999 -9999 -9999 -9999 -9999 -9999 -9999 -9999 -9999 -9999 -9999 -9999 -9999 -9999 194 124 27 -9999 -9999 -9999 -9999 -9999 -9999 -9999 -9999 -9999 -9999 -9999 -9999 -9999 -9999 -9999 -9999 -9999 240 4000 4000 4000 4000 4000 4000 4000
3580 3580 3580 3580 3580 3580 3580 3580 3580 3580 3580 3580 3580 3080 3080 3080 3080 3080 3080 3080 3080 3080 3080 3080 3080 3080 3080 490 490 490 490 -9999 -9999 2520 2520 -9999 -9999 -9999 -9999 -9999 -9999 -9999 -9999 -9999 -9999 -9999 -9999 -9999 -9999 -9999 -9999 -9999 -9999 -9999 -9999 -9999 -9999 -9999 -9999 -9999 -9999 -9999 -9999 -9999 -9999 -9999 -9999 -9999 -9999 -9999 -9999 -9999 3910 3910 3910 4000 4000 4000 4000 4000 4000 4000 4000
3580 3580 3580 3580 3580 3580 3580 3580 3580 3580 3580 3580 3580 3580 3580 3080 3080 3080 3080 3080 3080 3080 3080 3080 3080 3080 3080 490 490 490 490 490 490 -9999 2520 -9999 -9999 -9999 -9999 -9999 -9999 -9999 -9999 -9999 -9999 -9999 -9999 -9999 -9999 -9999 -9999 -9999 -9999 -9999 -9999 -9999 -9999 -9999 -9999 -9999 -9999 -9999 -9999 -9999 -9999 -9999 -9999 -9999 -9999 -9999 -9999 -9999 3910 3910 4000 4000 4000 4000 4000 4000 4000 4000 4000
3580 3580 3580 3580 3580 3580 3580 3580 3580 3580 3580 3580 3580 3580 3580 3580 3580 3580 3580 3080 3080 3080 3080 3080 3080 3080 3080 490 490 490 490 490 490 490 1520 2520 -9999 -9999 -9999 -9999 -9999 -9999 -9999 -9999 -9999 -9999 -9999 -9999 -9999 -9999 -9999 -9999 -9999 -9999 -9999 -9999 -9999 -9999 -9999 -9999 -9999 -9999 -9999 -9999 -9999 -9999 -9999 -9999 -9999 -9999 -9999 -9999 4000 4000 4000 4000 4000 4000 4000 4000 4000 4000 4000
3580 3580 3580 3580 3580 3580 3580 3580 3580 3580 3580 3580 3580 3580 3580 3580 3580 3580 3580 3580 3080 3080 3080 3080 3080 3080 3080 490 490 490 490 490 490 490 1520 -9999 2520 2520 -9999 -9999 -9999 -9999 -9999 -9999 -9999 -9999 -9999 -9999 -9999 -9999 -9999 -9999 -9999 -9999 -9999 -9999 -9999 -9999 -9999 -9999 -9999 -9999 -9999 -9999 -9999 3910 3910 3910 3910 -9999 -9999 3910 4000 4000 4000 4000 4000 4000 4000 4000 4000 4000 4000
3580 3580 3580 3580 3580 3580 3580 3580 3580 3580 3580 3580 3580 3580 3580 3580 3580 3580 3580 3580 3580 3080 3080 3080 3080 3080 490 490 490 490 490 490 490 490 1520 1520 -9999 2520 -9999 -9999 -9999 -9999 -9999 -9999 -9999 -9999 -9999 -9999 -9999 -9999 -9999 -9999 -9999 -9999 -9999 -9999 -9999 -9999 -9999 -9999 -9999 -9999 -9999 -9999 -9999 3910 3910 3910 3910 3910 3910 4000 4000 4000 4000 4000 4000 4000 4000 4000 4000 4000 4000
3580 3580 3580 3580 3580 3580 3580 3580 3580 3580 3580 3580 3580 3580 3580 3580 3580 3580 3580 3580 3580 3580 3080 3080 3080 3080 490 490 490 490 490 490 490 490 1520 1520 3400 2520 2520 -9999 -9999 -9999 -9999 -9999 -9999 -9999 -9999 -9999 -9999 -9999 -9999 -9999 -9999 -9999 -9999 -9999 -9999 -9999 -9999 -9999 -9999 -9999 -9999 -9999 -9999 -9999 3910 3910 3910 3910 3910 4000 4000 4000 4000 4000 4000 4000 4000 4000 4000 4000 4000
3580 3580 3580 3580 3580 3580 3580 3580 3580 3580 3580 3580 3580 3580 3580 3580 3580 3580 3580 3580 3580 3580 3580 3580 3580 3580 3080 3080 3080 3080 3080 1520 1520 1520 1520 3400 3400 -9999 2520 2520 -9999 -9999 -9999 -9999 -9999 -9999 -9999 -9999 -9999 -9999 -9999 -9999 -9999 -9999 -9999 -9999 -9999 -9999 -9999 -9999 -9999 -9999 -9999 -9999 -9999 -9999 -9999 -9999 3910 3910 3910 4000 4000 4000 4000 4000 4000 4000 4000 4000 4000 4000 4000
3580 3580 3580 3580 3580 3580 3580 3580 3580 3580 3580 3580 3580 3580 3580 3580 3580 3580 3580 3580 3580 3580 3580 3580 3580 3580 3580 3580 3580 3080 1520 1520 1520 1520 1520 3400 3400 3400 2520 2520 2520 2520 2520 2520 3880 -9999 -9999 -9999 -9999 -9999 -9999 -9999 -9999 -9999 -9999 -9999 -9999 -9999 -9999 -9999 -9999 -9999 -9999 -9999 -9999 -9999 -9999 -9999 -9999 3910 3910 450 450 450 450 450 4000 4000 4000 4000 4000 4000 4000
3580 3580 3580 3580 3580 3580 3580 3580 3580 3580 3580 3580 3580 3580 3580 3580 3580 3580 3580 3580 3580 3580 3580 3580 3580 3580 3580 3580 3580 3580 3580 1520 3400 3400 3400 3400 3400 3400 -9999 2520 2520 2520 3880 3880 3880 3880 3880 -9999 -9999 -9999 -9999 -9999 -9999 -9999 -9999 -9999 -9999 -9999 -9999 -9999 -9999 -9999 -9999 -9999 -9999 -9999 -9999 -9999 -9999 -9999 2630 2630 450 450 450 450 4000 4000 4000 4000 4000 4000 4000
3580 3580 3580 3580 3580 3580 3580 3580 3580 3580 3580 3580 3580 3580 3580 3580 3580 3580 3580 3580 3580 3580 3580 3580 3580 3580 3580 3580 3580 3580 3580 3400 3400 3400 3400 3400 3400 3400 -9999 2520 2520 2520 3880 3880 3880 3880 3880 3880 3880 -9999 -9999 -9999 -9999 -9999 -9999 -9999 -9999 -9999 -9999 -9999 -9999 -9999 -9999 -9999 -9999 -9999 -9999 -9999 -9999 -9999 2630 2630 450 450 450 450 4000 4000 4000 4000 4000 4000 4000
