04_184A014/bm_manty_neulaset.asc
ncols 186
nrows 177
xllcorner 610464
yllcorner 6870672
cellsize 16
nodata_value -9999
[rows 111 to 147 of 177, columns 0 to 82 of 186]
-9999 -9999 -9999 -9999 -9999 -9999 -9999 -9999 -9999 -9999 -9999 -9999 -9999 -9999 -9999 -9999 -9999 -9999 -9999 -9999 -9999 -9999 159 154 116 204 214 209 251 236 252 212 183 234 257 257 152 200 150 60 95 119 128 119 116 120 181 189 187 185 218 168 84 53 41 57 67 62 35 2270 2270 2270 2270 2270 2270 2170 2170 2170 2170 3580 2170 2170 2170 2170 2170 2170 2170 3580 3580 3580 3580 3580 3580
-9999 -9999 -9999 -9999 -9999 -9999 -9999 -9999 -9999 -9999 -9999 -9999 -9999 -9999 -9999 -9999 -9999 -9999 -9999 -9999 -9999 -9999 -9999 175 215 200 240 236 241 204 252 151 150 167 256 250 205 169 132 97 80 87 210 241 242 222 163 162 156 93 78 71 63 62 36 10 16 18 150 3680 3680 2270 2270 2270 -9999 2170 2170 2170 2170 2170 2170 2170 2170 2170 2170 2170 2170 3580 3580 3580 3580 3580 3580
-9999 -9999 -9999 -9999 -9999 -9999 -9999 -9999 -9999 -9999 -9999 -9999 -9999 -9999 -9999 -9999 -9999 -9999 -9999 -9999 -9999 -9999 224 217 169 225 251 239 241 251 223 209 215 218 255 250 152 165 149 94 152 170 89 214 199 120 12 12 14 16 12 59 58 54 9 11 15 17 3680 3680 3680 250 250 2270 -9999 2170 2170 2170 2170 2170 4240 2170 2170 2170 2170 2170 2170 3580 3580 3580 3580 3580 3580
-9999 -9999 -9999 -9999 -9999 -9999 -9999 -9999 -9999 -9999 -9999 -9999 -9999 -9999 -9999 -9999 -9999 -9999 -9999 -9999 -9999 201 197 175 167 92 104 107 117 218 219 180 219 221 252 251 208 198 169 149 119 129 328 133 323 16 12 16 9 59 59 56 56 59 54 16 15 17 3680 3680 3680 250 250 250 250 4240 4240 4240 2170 2170 4240 2170 2170 2170 2170 2170 2170 3580 3580 3580 3580 3580 3580
-9999 -9999 -9999 -9999 -9999 -9999 -9999 -9999 -9999 -9999 -9999 -9999 -9999 -9999 -9999 -9999 -9999 -9999 -9999 -9999 -9999 97 98 170 177 166 162 261 86 216 56 170 215 213 250 253 259 244 221 223 183 164 241 322 32 43 15 16 59 59 61 57 16 53 15 16 12 60 3680 3680 250 250 250 250 250 -9999 4240 4240 4240 4240 4240 2170 2170 2170 2170 2170 2170 3580 3580 3580 3580 3580 3580
-9999 -9999 -9999 -9999 -9999 -9999 -9999 -9999 -9999 -9999 -9999 -9999 -9999 -9999 -9999 -9999 -9999 -9999 -9999 -9999 73 60 49 257 337 308 100 248 235 100 137 106 146 71 86 94 230 171 127 125 131 78 72 45 52 17 17 58 58 16 16 13 12 15 50 52 40 3680 3680 3680 250 250 250 250 -9999 103 -9999 -9999 4240 4240 4240 2170 2170 2170 2170 2170 2170 2170 3580 3580 3580 3580 3580
-9999 -9999 -9999 -9999 -9999 -9999 -9999 -9999 -9999 -9999 -9999 -9999 -9999 -9999 -9999 -9999 -9999 -9999 -9999 -9999 113 218 349 321 334 228 280 191 121 136 159 225 191 249 153 208 106 85 54 56 58 59 12 17 13 59 61 13 17 12 14 12 16 15 51 17 81 3680 3680 250 250 250 250 250 250 151 80 262 -9999 4240 4240 2170 2170 2170 2170 2170 2170 2170 2170 2170 3580 3580 3580
-9999 -9999 -9999 -9999 -9999 -9999 -9999 -9999 -9999 -9999 -9999 -9999 -9999 -9999 -9999 -9999 -9999 -9999 -9999 -9999 212 188 212 199 287 70 57 249 235 164 218 329 161 184 194 151 200 75 64 59 82 62 59 59 60 63 62 86 60 14 14 14 16 11 12 100 3680 3680 3680 250 250 250 250 250 250 0 0 70 54 211 -9999 4240 2170 2170 2170 2170 2170 2170 2170 2170 2170 3580 3580
-9999 -9999 -9999 -9999 -9999 -9999 -9999 -9999 -9999 -9999 -9999 -9999 -9999 -9999 -9999 -9999 -9999 -9999 -9999 -9999 175 217 215 124 38 122 206 271 275 198 176 279 247 208 203 102 192 155 160 62 93 92 64 61 56 56 58 57 59 15 14 11 11 54 105 124 3680 3680 3680 250 3680 250 250 250 250 250 0 0 117 26 324 -9999 2170 2170 2170 2170 2170 2170 2170 2170 2170 2170 3580
-9999 -9999 -9999 -9999 -9999 -9999 -9999 -9999 -9999 -9999 -9999 -9999 -9999 -9999 -9999 -9999 -9999 -9999 -9999 214 160 61 266 203 110 -9999 205 260 254 222 215 207 334 358 310 169 203 216 133 197 90 61 37 57 55 58 57 59 58 16 16 51 13 118 75 310 3680 3680 3680 3680 250 250 250 250 250 250 0 0 117 5 136 176 170 -9999 2170 2170 2170 2170 2170 2170 2170 2170 3580
-9999 -9999 -9999 -9999 -9999 -9999 -9999 -9999 -9999 -9999 -9999 -9999 -9999 -9999 -9999 -9999 -9999 -9999 -9999 212 156 313 414 330 97 -9999 -9999 255 32 367 174 167 151 310 166 245 371 381 409 294 186 203 60 86 62 53 11 12 52 12 13 60 84 115 220 3680 3680 3680 3680 2170 230 250 250 250 250 250 250 35 0 0 -9999 -9999 108 167 -9999 -9999 2170 2170 2170 2170 2170 4180 4180
-9999 -9999 -9999 -9999 -9999 -9999 -9999 -9999 -9999 -9999 -9999 -9999 -9999 -9999 -9999 -9999 -9999 -9999 182 204 218 366 353 260 350 60 128 226 219 311 270 154 174 214 312 341 287 374 332 349 377 234 232 112 94 11 12 50 53 55 92 96 200 3680 3680 3680 3680 3680 3680 2170 2170 250 250 250 250 250 250 250 250 3140 3140 3140 201 131 123 70 -9999 2170 2170 2170 80 4180 4180
-9999 -9999 -9999 -9999 -9999 -9999 -9999 -9999 -9999 -9999 -9999 -9999 -9999 -9999 -9999 -9999 -9999 -9999 209 202 170 260 380 312 356 -9999 274 165 243 352 206 169 176 205 240 228 325 369 329 310 330 245 189 162 173 121 74 61 13 94 118 -9999 3680 3680 3680 3680 3680 3680 3680 3680 2170 2170 250 250 250 250 250 250 3140 3140 3140 3140 3140 190 114 121 80 153 -9999 264 131 18 18
-9999 -9999 -9999 -9999 -9999 -9999 -9999 -9999 -9999 -9999 -9999 -9999 -9999 -9999 -9999 -9999 -9999 157 152 196 210 200 179 204 347 -9999 188 215 285 166 152 182 170 181 190 157 164 181 264 242 169 222 177 234 275 162 130 92 86 430 430 430 430 3680 3680 3680 3680 3680 3680 3680 3680 2170 2170 2170 250 250 250 250 3140 3140 3140 3140 3140 91 76 0 0 66 127 -9999 121 153 42
-9999 -9999 -9999 -9999 -9999 -9999 -9999 -9999 -9999 -9999 -9999 -9999 -9999 -9999 -9999 -9999 212 113 153 153 160 214 262 151 251 -9999 280 296 287 198 137 184 171 193 254 198 231 106 168 201 201 200 262 180 227 183 88 56 440 430 430 430 430 430 3680 3680 3680 3680 3680 3680 3680 3680 2170 2170 2170 230 2170 2170 3140 3140 3140 3140 3140 3140 3140 3140 -9999 6 0 120 165 -9999 290
-9999 -9999 -9999 -9999 -9999 -9999 -9999 -9999 -9999 -9999 -9999 -9999 -9999 -9999 -9999 224 215 202 197 132 132 160 210 236 256 -9999 268 328 196 160 181 294 232 182 225 215 233 137 237 261 232 234 236 195 188 121 440 440 440 430 430 430 430 430 430 3680 3680 3680 3680 3680 3680 3680 3680 2170 2170 2170 2170 2170 3140 3140 3140 3140 3140 3140 3140 3140 0 6 33 2 122 45 -9999
-9999 -9999 -9999 -9999 -9999 -9999 -9999 -9999 -9999 -9999 -9999 -9999 -9999 -9999 243 244 221 203 192 128 104 121 125 157 167 -9999 311 169 236 206 118 120 107 105 55 40 41 89 171 246 279 237 224 256 440 440 440 440 440 430 430 430 430 430 430 430 3680 3680 3680 3680 3680 3680 3680 2170 2170 2170 2170 2170 3140 3140 3140 3140 3140 3140 3140 3140 -9999 0 0 4 7 0 104
-9999 -9999 -9999 -9999 -9999 -9999 -9999 -9999 -9999 -9999 -9999 -9999 -9999 -9999 258 237 233 141 191 134 121 170 120 118 204 61 187 259 252 110 89 55 49 11 16 55 54 54 161 239 195 230 440 440 440 440 440 440 440 440 440 430 430 430 430 430 430 430 3680 3680 3680 3680 3680 2170 2170 2170 2170 3140 3140 3140 3140 3140 3140 3140 2330 2330 2330 112 6 0 4 0 6
-9999 -9999 -9999 -9999 -9999 -9999 -9999 -9999 -9999 -9999 -9999 -9999 -9999 202 245 196 192 192 129 115 119 95 115 179 100 119 141 234 161 38 50 51 14 12 59 59 92 76 127 241 228 440 440 440 440 440 440 440 440 440 440 440 440 430 430 430 430 430 430 3680 3680 3680 3680 2170 2170 2170 3140 3140 3140 3140 3140 3140 2330 2330 2330 2330 2330 80 0 111 0 0 -9999
-9999 -9999 -9999 -9999 -9999 -9999 -9999 -9999 -9999 -9999 -9999 -9999 210 203 169 128 136 137 136 117 207 157 133 224 48 -9999 234 184 213 74 11 13 12 16 59 68 68 55 167 253 229 440 440 440 440 440 440 440 440 440 440 440 440 440 430 430 430 430 430 430 430 3680 3680 2170 2170 2170 3140 3140 3140 3140 3140 3140 2330 2330 2330 2330 2330 -9999 161 127 5 3510 3510
-9999 -9999 -9999 -9999 -9999 -9999 -9999 -9999 -9999 -9999 -9999 249 202 165 157 173 154 126 117 118 80 128 128 47 -9999 299 265 109 225 239 83 59 62 59 60 61 62 85 102 126 440 440 440 440 440 440 440 440 440 440 440 440 440 440 440 440 430 430 430 430 430 430 430 2170 2170 3140 3140 3140 3140 3140 3140 3140 2330 2330 2330 2330 2330 3510 3510 3510 3510 3510 3510
-9999 -9999 -9999 -9999 -9999 -9999 -9999 -9999 -9999 -9999 240 251 203 142 128 152 154 126 135 105 125 156 106 -9999 205 259 257 237 242 121 142 178 161 139 114 87 88 213 147 96 440 440 440 440 440 440 440 440 440 440 440 440 440 440 440 440 440 440 440 440 430 430 430 430 2170 3140 3140 3140 3140 3140 3140 3140 2330 2330 2330 2330 3510 3510 3510 3510 3510 3510 3510
-9999 -9999 -9999 -9999 -9999 -9999 -9999 -9999 -9999 229 223 234 251 194 91 139 97 162 191 171 159 152 170 -9999 210 270 80 227 238 258 253 280 217 84 246 199 111 186 212 228 440 440 440 440 440 440 440 440 440 440 440 440 440 440 440 440 440 440 440 440 440 440 430 430 2170 3140 3140 3140 3140 3140 3140 3140 2330 2330 2330 2330 2330 3510 3510 3510 3510 3510 3510
-9999 -9999 -9999 -9999 -9999 -9999 -9999 -9999 256 225 193 227 247 202 154 150 150 163 193 191 284 163 61 212 245 267 53 241 249 231 224 236 232 169 146 191 207 263 214 238 440 440 440 440 440 440 440 440 440 440 440 440 440 440 440 440 440 440 440 440 440 440 440 430 2170 3140 3140 3140 3140 3140 3140 3140 2330 2330 2330 2330 2330 3510 3510 3510 3510 3510 3510
-9999 -9999 -9999 -9999 -9999 -9999 -9999 -9999 198 242 180 215 226 198 191 152 133 151 153 150 165 164 181 254 227 129 96 216 220 105 118 119 119 121 219 257 270 219 273 237 350 143 148 440 440 440 440 440 440 440 440 440 440 440 440 440 440 440 440 440 440 440 440 2170 2170 2170 3140 3140 3140 3140 3140 3140 69 111 102 -9999 3510 3510 3510 3510 3510 3510 3510
-9999 -9999 -9999 -9999 -9999 -9999 -9999 341 191 261 238 212 221 229 196 153 134 125 133 103 132 148 91 66 190 444 294 157 169 198 199 132 131 140 131 171 254 354 348 349 389 166 174 182 173 440 440 440 440 440 440 440 440 440 440 440 440 440 440 440 440 440 440 440 840 840 2170 3140 3140 3140 3140 3140 149 110 107 3510 3510 3510 3510 3510 3510 3510 3510
-9999 -9999 -9999 -9999 -9999 -9999 164 361 121 191 200 230 230 177 196 189 137 137 104 69 127 224 47 106 130 164 247 312 219 214 203 206 199 180 164 136 157 226 296 326 355 350 183 236 249 173 102 440 440 440 440 440 440 440 440 440 440 440 440 440 440 440 440 440 840 840 3140 3140 3140 3140 3140 3140 124 152 159 3510 3510 3510 3510 3510 3510 3510 3510
-9999 -9999 -9999 -9999 -9999 343 362 309 328 124 129 116 150 150 139 137 134 115 91 170 177 136 44 105 200 183 302 258 196 130 165 193 140 220 184 186 203 210 180 331 338 320 305 280 267 92 124 124 95 96 440 440 440 440 440 440 440 440 440 440 440 440 440 440 440 840 3140 3140 3140 3140 3140 3140 3140 119 3510 3510 3510 3510 3510 3510 3510 3510 3510
-9999 -9999 -9999 -9999 -9999 344 338 335 341 356 339 346 192 129 154 130 96 88 159 158 98 245 67 77 260 182 161 122 208 163 161 228 197 210 221 219 111 203 117 109 139 318 375 280 309 236 175 150 174 97 129 82 440 440 440 440 440 440 440 440 440 440 440 440 440 440 840 3140 3140 3140 3140 3140 3140 3510 3510 3510 3510 3510 3510 3510 3510 3150 3150
-9999 -9999 -9999 -9999 -9999 294 313 347 347 314 313 339 358 335 137 184 174 116 144 115 117 243 151 -9999 166 167 188 215 235 225 227 172 201 111 116 113 194 206 295 115 118 73 282 282 272 300 172 151 103 149 167 163 92 119 440 440 440 440 440 440 440 440 440 440 440 440 840 840 3140 3140 3140 3140 3140 3510 3510 3510 3510 3510 3510 3510 3510 3150 3150
-9999 -9999 -9999 -9999 213 280 364 191 344 323 280 293 359 357 164 246 180 160 218 225 154 132 232 -9999 11 55 151 246 231 262 251 90 169 173 165 229 224 209 289 256 209 174 153 220 189 181 202 152 131 94 136 113 94 204 210 208 200 440 440 440 440 440 440 440 440 440 440 840 840 840 3140 3140 3140 3510 3510 3510 3510 3510 3510 3510 3510 3150 3150
-9999 -9999 -9999 -9999 330 371 170 250 227 214 201 201 374 138 177 188 179 179 179 210 178 116 229 86 -9999 -9999 25 114 156 206 209 222 222 199 195 189 231 238 221 217 257 206 128 116 126 170 196 205 180 131 113 113 144 208 121 125 106 96 101 440 440 440 440 440 440 440 440 840 840 840 840 840 840 840 840 3510 3510 3510 3510 3510 3150 3150 3150
-9999 -9999 -9999 248 305 328 175 211 210 201 222 216 170 181 175 156 177 180 166 209 180 158 247 202 209 281 349 117 -9999 -9999 -9999 114 193 191 219 217 131 105 235 263 260 274 213 167 127 129 174 196 196 200 169 205 153 178 180 164 182 159 182 180 160 440 440 440 440 440 440 840 840 840 840 840 840 840 840 840 3150 3150 3150 3150 3150 3150 3150
-9999 -9999 -9999 346 348 156 199 172 159 158 92 122 188 174 129 122 177 177 167 179 176 94 219 215 274 249 247 226 191 231 225 109 -9999 114 128 161 256 193 230 180 266 237 226 234 218 205 90 103 102 142 138 124 102 176 121 117 74 232 184 171 211 232 440 440 440 440 440 840 840 840 840 840 840 840 3150 3150 3150 3150 3150 3150 3150 3150 3150
-9999 -9999 3060 3060 3060 3060 163 127 91 90 96 149 157 123 114 366 169 184 182 181 199 179 173 141 177 141 164 218 209 262 266 229 245 217 -9999 217 172 255 199 258 263 279 211 212 205 210 91 114 136 129 152 123 130 125 92 91 211 120 173 221 83 6 11 440 440 440 440 840 840 840 840 840 3150 3150 3150 3150 3150 3150 3150 3150 3150 3150 3150
-9999 -9999 3060 3060 3060 3060 3060 3060 3060 3060 3060 3060 3060 3060 3060 3060 131 125 169 163 238 179 188 142 212 201 245 186 222 239 266 259 261 165 51 -9999 104 246 130 73 267 229 142 116 137 135 175 178 167 146 137 110 142 212 232 248 111 209 169 64 11 14 11 10 840 840 840 840 840 840 840 3150 3150 3150 3150 3150 153 3150 3150 3150 3150 3150 3150
-9999 -9999 3060 3060 3060 3060 3060 3060 3060 3060 3060 3060 3060 3060 3060 2520 2520 2520 2520 2520 -9999 181 146 166 164 204 199 46 91 241 272 171 269 210 216 124 46 239 79 71 271 209 128 104 247 222 139 232 229 193 400 445 139 159 168 165 183 166 39 9 42 14 79 52 14 45 840 840 840 840 840 3150 3150 3150 3150 3150 208 185 3150 3150 3150 3150 3150
