04_184A014/bm_manty_juuret.asc
ncols 186
nrows 177
xllcorner 610464
yllcorner 6870672
cellsize 16
nodata_value -9999
[rows 108 to 143 of 177, columns 81 to 161 of 186]
15970 15970 15970 15970 15970 15970 15970 15970 15970 15970 15970 15970 15970 15970 15970 15970 15970 15970 15970 15970 15970 15970 15970 15970 15970 15970 15970 15970 15970 15970 15970 16910 7590 7590 7590 7590 7590 13420 13420 13420 10140 10140 10140 10140 10140 10140 17290 -9999 -9999 -9999 -9999 -9999 -9999 -9999 -9999 -9999 -9999 -9999 -9999 -9999 -9999 -9999 -9999 -9999 -9999 -9999 -9999 -9999 -9999 -9999 -9999 19210 19210 770 770 770 770 770 13050 13050 13050
15970 15970 15970 15970 15970 15970 15970 15970 15970 15970 15970 15970 15970 15970 15970 15970 15970 15970 15970 15970 15970 15970 15970 15970 15970 15970 15970 15970 15970 15970 15970 15970 15970 7590 13420 13420 13420 13420 13420 13420 -9999 10140 10140 10140 17290 17290 17290 17290 17290 -9999 -9999 -9999 -9999 -9999 -9999 -9999 -9999 -9999 -9999 -9999 -9999 -9999 -9999 -9999 -9999 -9999 -9999 -9999 -9999 -9999 -9999 -9999 8880 8880 770 770 770 770 13050 13050 13050
15970 15970 15970 15970 15970 15970 15970 15970 15970 15970 15970 15970 15970 15970 15970 15970 15970 15970 15970 15970 15970 15970 15970 15970 15970 15970 15970 15970 15970 15970 15970 15970 15970 13420 13420 13420 13420 13420 13420 13420 -9999 10140 10140 10140 17290 17290 17290 17290 17290 17290 17290 -9999 -9999 -9999 -9999 -9999 -9999 -9999 -9999 -9999 -9999 -9999 -9999 -9999 -9999 -9999 -9999 -9999 -9999 -9999 -9999 -9999 8880 8880 770 770 770 770 13050 13050 13050
15970 15970 15970 15970 15970 15970 15970 15970 15970 15970 15970 15970 15970 15970 15970 15970 15970 15970 15970 15970 15970 15970 15970 15970 15970 15970 15970 15970 15970 15970 15970 15970 13420 13420 13420 13420 13420 13420 13420 13420 -9999 10140 10140 10140 17290 17290 17290 17290 17290 17290 17290 30 30 -9999 -9999 -9999 -9999 -9999 -9999 -9999 -9999 -9999 -9999 -9999 -9999 -9999 -9999 -9999 -9999 -9999 -9999 -9999 8880 8880 770 770 770 770 13050 13050 13050
15970 15970 15970 15970 15970 15970 15970 15970 15970 15970 15970 15970 15970 15970 15970 15970 9380 15970 15970 15970 15970 15970 15970 15970 15970 15970 15970 15970 15970 15970 15970 13420 13420 13420 13420 13420 13420 13420 13420 13420 10140 10140 10140 10140 17290 17290 17290 17290 17290 17290 30 30 30 30 -9999 -9999 -9999 -9999 -9999 -9999 -9999 -9999 -9999 -9999 -9999 -9999 -9999 -9999 -9999 -9999 -9999 -9999 8880 8880 770 13050 13050 13050 13050 13050 13050
15970 15970 15970 15970 15970 15970 15970 15970 15970 15970 15970 15970 15970 15970 15970 9380 9380 9380 15970 15970 15970 15970 15970 15970 15970 15970 15970 15970 15970 15970 15970 13420 13420 15970 13420 13420 13420 13420 13420 13420 -9999 10140 10140 17290 17290 17290 17290 17290 17290 30 30 30 30 30 30 30 -9999 -9999 -9999 -9999 -9999 -9999 -9999 -9999 -9999 -9999 -9999 -9999 -9999 -9999 -9999 19210 19210 19210 19210 19210 19210 13050 13050 13050 13050
15970 15970 15970 15970 15970 15970 15970 15970 15970 15970 15970 15970 15970 15970 9380 9380 9380 9380 9380 9380 15970 748 1426 15970 15970 15970 15970 15970 15970 15970 15970 15970 15970 15970 15970 15970 15970 13420 13420 13420 -9999 17290 17290 17290 17290 17290 17290 17290 30 30 30 30 30 30 30 13230 13230 13230 -9999 -9999 -9999 -9999 -9999 0 -9999 -9999 -9999 -9999 -9999 -9999 19210 19210 19210 19210 19210 19210 19210 19210 19210 13050 13050
15970 15970 15970 15970 15970 15970 15970 15970 15970 15970 15970 15970 9380 9380 9380 9380 9380 9380 9380 9380 15970 1239 1494 15970 15970 15970 15970 15970 15970 15970 15970 15970 15970 15970 15970 15970 15970 15970 15970 13420 -9999 17290 17290 17290 17290 17290 17290 30 30 30 30 30 30 30 30 13230 13230 13230 13230 -9999 -9999 -9999 -9999 0 0 -9999 -9999 -9999 19210 19210 19210 19210 19210 19210 19210 19210 19210 19210 19210 13050 13050
15970 15970 15970 15970 15970 15970 15970 15970 15970 15970 15970 15970 9380 9380 9380 2230 2230 2230 9380 9380 9380 1426 2033 15970 15970 15970 15970 15970 15970 15970 15970 15970 15970 15970 15970 15970 15970 15970 15970 15970 -9999 17290 17290 17290 17290 17290 30 30 30 30 30 30 30 30 13230 13230 13230 13230 13230 13230 13230 0 -9999 -9999 0 -9999 -9999 19210 19210 19210 19210 19210 19210 19210 19210 19210 19210 19210 19210 13050 13050
15970 15970 15970 15970 15970 15970 15970 15970 15970 15970 15970 15970 15970 9380 2230 2230 2230 2230 2230 189 935 2130 1899 15970 15970 15970 303 15970 15970 15970 15970 15970 15970 15970 15970 15970 15970 15970 15970 15970 -9999 30 30 30 30 30 30 30 30 30 30 30 30 30 13230 13230 13230 13230 13230 13230 13230 13230 13230 -9999 0 -9999 19210 19210 19210 19210 19210 19210 19210 19210 19210 19210 19210 19210 13050 13050 13050
15970 15970 15970 15970 15970 15970 15970 15970 15970 15970 15970 15970 15970 2230 2230 2230 2230 2230 2230 150 104 1040 1430 1617 1306 700 67 25 231 156 15970 15970 15970 15970 15970 265 15970 1227 1244 1029 30 30 30 30 30 30 30 30 30 30 30 30 30 30 13230 13230 13230 13230 13230 13230 13230 13230 13230 -9999 605 -9999 19210 19210 19210 19210 19210 19210 19210 19210 19210 19210 19210 19210 13050 13050 13050
10810 15970 15970 15970 15970 15970 15970 15970 15970 15970 15970 2230 2230 2230 2230 2230 2230 2230 112 570 735 713 895 683 1022 184 33 45 17 51 15970 15970 15970 1 13 584 590 706 1551 -9999 1227 30 30 30 30 30 30 30 30 30 30 30 30 13230 13230 13230 13230 13230 13230 13230 13230 13230 13230 -9999 -9999 -9999 19210 19210 19210 19210 19210 19210 19210 19210 19210 19210 19210 19210 13050 13050 13050
10810 15970 15970 15970 15970 15970 15970 15970 15970 2230 2230 2230 2230 2230 2230 2230 2230 2230 2230 505 137 123 0 162 628 325 1009 964 210 560 15970 15970 10 77 0 808 818 -9999 2333 1106 1173 1814 1305 30 30 30 30 30 30 30 30 30 13230 13230 13230 13230 13230 13230 13230 13230 13230 13230 13230 -9999 -9999 -9999 321 19210 19210 19210 19210 19210 19210 19210 19210 19210 19210 19210 13050 13050 13050
16500 16500 16500 16500 16500 -9999 16500 16500 16500 2230 2230 2230 2230 2230 2230 2230 2230 2230 2230 850 850 850 50 850 850 591 541 1055 740 1864 810 738 110 40 0 557 -9999 1348 970 1280 1545 2293 2355 1095 30 30 30 30 30 30 30 1300 1300 13230 13230 13230 13230 13230 13230 13230 13230 13230 13230 -9999 -9999 -9999 -9999 316 19210 19210 19210 19210 19210 -9999 -9999 -9999 -9999 -9999 -9999 -9999 -9999
16500 16500 16500 16500 16500 16500 16500 16500 16500 2230 2230 2230 2230 2230 2230 2230 2230 2230 850 850 850 850 0 850 850 850 272 562 1128 2628 1507 404 167 3 0 843 1089 2152 942 1289 1341 1362 519 1236 1157 -9999 1258 1908 2117 1817 1300 1300 1300 1300 13230 13230 13230 13230 13230 13230 13230 13230 -9999 -9999 -9999 -9999 -9999 -9999 -9999 699 669 19210 -9999 -9999 -9999 -9999 -9999 -9999 -9999 -9999 -9999
89 89 186 16500 16500 16500 16500 16500 2230 2230 2230 2230 2230 2230 2230 2230 2230 2230 850 850 850 850 850 850 850 850 850 850 2179 1517 958 875 277 65 241 -9999 1687 1798 2111 1611 2171 2099 2134 1324 2547 1999 1848 751 1149 1300 1300 1300 1300 1300 1300 1300 1300 1300 13230 13230 13230 13230 -9999 -9999 -9999 -9999 -9999 -9999 -9999 -9999 -9999 19210 -9999 -9999 -9999 -9999 -9999 -9999 -9999 -9999 -9999
824 197 971 559 0 0 36 -9999 2230 2230 2230 2230 2230 2230 2230 2230 2230 2230 850 850 850 850 850 850 850 850 850 850 1350 1134 1669 919 991 64 588 -9999 1480 2718 2136 1975 1364 2545 2050 1024 785 1393 954 962 931 1300 1300 1300 1300 1300 1300 1300 1300 1300 1300 13230 13230 13230 -9999 -9999 -9999 -9999 -9999 -9999 -9999 -9999 -9999 -9999 -9999 -9999 -9999 -9999 -9999 -9999 -9999 -9999 -9999
-9999 1755 1567 470 936 501 463 32 0 2230 2230 2230 2230 2230 2230 2230 2230 2230 2230 850 850 850 850 850 850 850 850 850 1533 1590 1232 1331 1032 71 461 1846 1986 2112 2128 1936 2184 1520 338 783 1064 1226 2010 2533 1300 1300 1300 1300 1300 1300 1300 1300 1300 1300 1300 13230 13230 13230 -9999 -9999 -9999 -9999 -9999 -9999 -9999 -9999 -9999 -9999 -9999 -9999 -9999 -9999 -9999 -9999 -9999 -9999 -9999
342 -9999 -9999 1357 719 499 671 -9999 92 244 2230 2230 2230 2230 2230 2230 2230 2230 2230 2230 2230 2230 2230 850 850 2010 1268 1438 1696 1077 190 1001 960 112 -9999 883 1166 2033 1452 1241 2875 2373 212 476 589 967 2709 2345 1300 1300 1300 1300 1300 1300 1300 1300 1300 1300 1300 13230 13230 13230 -9999 -9999 -9999 -9999 -9999 -9999 -9999 -9999 -9999 -9999 -9999 -9999 -9999 -9999 -9999 -9999 -9999 -9999 -9999
0 452 620 -9999 585 498 208 -9999 -9999 520 -9999 2230 2230 2230 2230 2230 2230 2230 2230 2230 2230 2230 2230 2230 2230 2010 2010 2010 578 553 281 726 756 229 -9999 1518 1269 2206 1068 809 1451 1813 1540 1227 428 329 1460 1300 1300 1300 1300 1300 1300 1300 1300 1300 1300 1300 1300 1300 13230 13230 -9999 -9999 -9999 -9999 -9999 -9999 -9999 -9999 -9999 -9999 -9999 -9999 -9999 -9999 -9999 -9999 -9999 -9999 -9999
0 17 19 0 110 -9999 2230 -9999 -9999 -9999 -9999 2230 2230 2230 2230 2230 2230 2230 2230 2230 2230 2230 2230 2230 2230 2010 2010 2010 2010 444 259 540 616 1406 942 1484 1006 1569 2526 2075 1709 620 1417 1116 1863 206 1300 1300 1300 1300 1300 1300 1300 1300 1300 1300 1300 1300 1300 1300 13230 13230 -9999 -9999 -9999 -9999 -9999 -9999 -9999 -9999 -9999 -9999 -9999 -9999 -9999 -9999 -9999 -9999 -9999 -9999 -9999
0 -9999 0 0 492 478 -9999 -9999 -9999 -9999 -9999 -9999 2230 2230 2230 2230 2230 2230 2230 2230 2230 2230 2230 2230 2230 2010 2010 2010 2010 2010 -9999 -9999 -9999 -9999 725 1507 1859 1197 1874 1924 2247 2361 1417 1179 1355 2143 1300 1300 1300 1300 1300 1300 1300 1300 1300 1300 1300 1300 1300 1300 13230 13230 -9999 -9999 -9999 -9999 -9999 -9999 -9999 -9999 -9999 -9999 -9999 -9999 -9999 -9999 -9999 -9999 -9999 -9999 -9999
15650 15650 15650 15650 483 542 421 -9999 -9999 -9999 -9999 -9999 2230 2230 2230 2230 2230 2230 2230 2230 2230 2230 2230 2230 2230 2010 2010 2010 2010 -9999 -9999 -9999 -9999 -9999 -9999 -9999 -9999 -9999 1637 1425 2075 480 2084 1886 1270 1388 869 1300 1300 1300 1300 1300 1300 1300 1300 1300 1300 1300 1300 1300 1300 -9999 -9999 -9999 -9999 -9999 -9999 -9999 -9999 -9999 -9999 -9999 -9999 -9999 -9999 -9999 -9999 -9999 -9999 -9999 -9999
15650 15650 15650 15650 418 14410 14410 14410 -9999 -9999 -9999 -9999 -9999 2230 2230 2230 2230 2230 2230 2230 2230 2230 2230 2230 2230 2010 2010 2010 2010 -9999 -9999 -9999 -9999 -9999 -9999 -9999 -9999 -9999 -9999 1941 1925 1563 1376 2475 1350 1611 798 582 1300 1300 1300 1300 1300 1300 1300 1300 1300 1300 1300 1300 1300 -9999 -9999 -9999 -9999 -9999 -9999 -9999 -9999 -9999 -9999 -9999 -9999 -9999 -9999 -9999 -9999 -9999 -9999 -9999 -9999
15650 15650 15650 15650 14410 14410 14410 14410 -9999 -9999 -9999 -9999 -9999 -9999 2230 2230 2230 2230 2230 2230 2230 2230 2230 2230 2230 2010 2010 2010 2010 -9999 -9999 -9999 -9999 -9999 -9999 -9999 -9999 -9999 -9999 1349 1580 337 382 1925 1120 1382 600 220 117 610 819 1300 1300 1300 1300 1300 1300 1300 1300 1300 1300 -9999 -9999 -9999 -9999 -9999 -9999 -9999 -9999 -9999 -9999 -9999 -9999 -9999 -9999 -9999 -9999 -9999 -9999 -9999 -9999
15650 15650 15650 14410 14410 14410 14410 14410 -9999 -9999 -9999 -9999 -9999 -9999 2230 2230 2230 2230 2230 2230 2230 2230 2230 2230 2230 2230 2010 2010 2010 -9999 -9999 -9999 -9999 -9999 -9999 -9999 -9999 -9999 -9999 -9999 -9999 797 203 1699 500 757 196 122 114 501 662 550 1300 1300 -9999 -9999 1300 1300 1300 1300 1300 -9999 -9999 -9999 -9999 -9999 -9999 -9999 -9999 -9999 -9999 -9999 -9999 -9999 -9999 -9999 -9999 -9999 -9999 -9999 -9999
15650 15650 15650 14410 14410 14410 14410 14410 14410 -9999 -9999 -9999 -9999 -9999 -9999 2230 2230 2230 2230 2230 2230 2230 2230 2230 2230 2230 2010 2010 -9999 -9999 -9999 -9999 -9999 -9999 -9999 -9999 -9999 -9999 -9999 -9999 -9999 -9999 867 1028 752 200 100 113 102 560 692 769 560 -9999 -9999 -9999 -9999 1300 1300 -9999 -9999 -9999 -9999 -9999 -9999 -9999 -9999 -9999 -9999 -9999 -9999 -9999 -9999 -9999 -9999 -9999 -9999 -9999 -9999 -9999 -9999
15650 15650 14410 14410 14410 14410 14410 14410 14410 -9999 -9999 -9999 -9999 -9999 -9999 -9999 -9999 -9999 -9999 -9999 2230 2230 2230 2230 2230 2230 2010 -9999 -9999 -9999 -9999 -9999 -9999 -9999 -9999 -9999 -9999 -9999 -9999 -9999 -9999 -9999 -9999 -9999 -9999 -9999 -9999 -9999 -9999 0 644 853 -9999 -9999 -9999 -9999 -9999 -9999 -9999 -9999 -9999 -9999 -9999 -9999 -9999 -9999 -9999 -9999 -9999 -9999 -9999 -9999 -9999 -9999 -9999 -9999 -9999 -9999 -9999 -9999 -9999
15650 15650 14410 14410 14410 14410 14410 14410 -9999 -9999 -9999 -9999 -9999 -9999 -9999 -9999 -9999 -9999 -9999 -9999 -9999 -9999 -9999 2230 2230 -9999 -9999 -9999 -9999 -9999 -9999 -9999 -9999 -9999 -9999 -9999 -9999 -9999 -9999 -9999 -9999 -9999 -9999 -9999 -9999 -9999 -9999 -9999 -9999 -9999 -9999 -9999 -9999 -9999 -9999 -9999 -9999 -9999 -9999 -9999 -9999 -9999 -9999 -9999 -9999 -9999 -9999 -9999 -9999 -9999 -9999 -9999 -9999 -9999 -9999 -9999 -9999 -9999 -9999 -9999 -9999
15650 15650 14410 14410 14410 14410 14410 14410 -9999 -9999 -9999 -9999 -9999 -9999 -9999 -9999 -9999 -9999 -9999 -9999 -9999 -9999 -9999 -9999 -9999 -9999 -9999 -9999 -9999 -9999 -9999 -9999 -9999 -9999 -9999 -9999 -9999 -9999 -9999 -9999 -9999 -9999 -9999 -9999 -9999 -9999 -9999 -9999 -9999 -9999 -9999 -9999 -9999 -9999 -9999 -9999 -9999 -9999 -9999 -9999 -9999 -9999 -9999 -9999 -9999 -9999 -9999 -9999 -9999 -9999 -9999 -9999 -9999 -9999 -9999 -9999 -9999 -9999 -9999 -9999 -9999
15650 15650 14410 14410 14410 14410 971 126 -9999 -9999 -9999 -9999 -9999 -9999 -9999 -9999 -9999 -9999 -9999 -9999 -9999 -9999 -9999 -9999 -9999 -9999 -9999 -9999 -9999 -9999 -9999 -9999 -9999 -9999 -9999 -9999 -9999 -9999 -9999 -9999 -9999 -9999 -9999 -9999 -9999 -9999 -9999 -9999 -9999 -9999 -9999 -9999 -9999 -9999 -9999 -9999 -9999 -9999 -9999 -9999 -9999 -9999 -9999 -9999 -9999 -9999 -9999 -9999 -9999 -9999 -9999 -9999 -9999 -9999 -9999 -9999 -9999 -9999 -9999 -9999 -9999
14410 14410 14410 14410 14410 14410 1183 363 -9999 -9999 -9999 -9999 -9999 -9999 -9999 -9999 -9999 -9999 -9999 -9999 -9999 -9999 -9999 -9999 -9999 -9999 -9999 -9999 -9999 -9999 -9999 -9999 -9999 -9999 -9999 -9999 -9999 -9999 -9999 -9999 -9999 -9999 -9999 -9999 -9999 -9999 -9999 -9999 -9999 -9999 -9999 -9999 -9999 -9999 -9999 -9999 -9999 -9999 -9999 -9999 -9999 -9999 -9999 -9999 -9999 -9999 -9999 -9999 -9999 -9999 -9999 -9999 -9999 -9999 -9999 -9999 -9999 -9999 -9999 -9999 -9999
14410 14410 14410 14410 14410 561 574 687 -9999 -9999 -9999 -9999 -9999 -9999 -9999 -9999 -9999 -9999 -9999 -9999 -9999 -9999 -9999 -9999 -9999 -9999 -9999 -9999 -9999 -9999 -9999 -9999 -9999 -9999 -9999 -9999 -9999 -9999 -9999 -9999 -9999 -9999 -9999 -9999 -9999 -9999 -9999 -9999 -9999 -9999 -9999 -9999 -9999 -9999 -9999 -9999 -9999 -9999 -9999 -9999 -9999 -9999 -9999 -9999 -9999 -9999 -9999 -9999 -9999 -9999 -9999 -9999 -9999 -9999 -9999 -9999 -9999 -9999 -9999 -9999 -9999
14410 14410 14410 14410 14410 14410 1469 -9999 -9999 -9999 -9999 -9999 -9999 -9999 -9999 -9999 -9999 -9999 -9999 -9999 -9999 -9999 -9999 -9999 -9999 -9999 -9999 -9999 -9999 -9999 -9999 -9999 -9999 -9999 -9999 -9999 -9999 -9999 -9999 -9999 -9999 -9999 -9999 -9999 -9999 -9999 -9999 -9999 -9999 -9999 -9999 -9999 -9999 -9999 -9999 -9999 -9999 -9999 -9999 -9999 -9999 -9999 -9999 -9999 -9999 -9999 -9999 -9999 -9999 -9999 -9999 -9999 -9999 -9999 -9999 -9999 -9999 -9999 -9999 -9999 -9999
14410 14410 14410 14410 14410 14410 -9999 -9999 -9999 -9999 -9999 -9999 -9999 -9999 -9999 -9999 -9999 -9999 -9999 -9999 -9999 -9999 -9999 -9999 -9999 -9999 -9999 -9999 -9999 -9999 -9999 -9999 -9999 -9999 -9999 -9999 -9999 -9999 -9999 -9999 -9999 -9999 -9999 -9999 -9999 -9999 -9999 -9999 -9999 -9999 -9999 -9999 -9999 -9999 -9999 -9999 -9999 -9999 -9999 -9999 -9999 -9999 -9999 -9999 -9999 -9999 -9999 -9999 -9999 -9999 -9999 -9999 -9999 -9999 -9999 -9999 -9999 -9999 -9999 -9999 -9999
14410 14410 14410 14410 14410 14410 14410 -9999 -9999 -9999 -9999 -9999 -9999 -9999 -9999 -9999 -9999 -9999 -9999 -9999 -9999 -9999 -9999 -9999 -9999 -9999 -9999 -9999 -9999 -9999 -9999 -9999 -9999 -9999 -9999 -9999 -9999 -9999 -9999 -9999 -9999 -9999 -9999 -9999 -9999 -9999 -9999 -9999 -9999 -9999 -9999 -9999 -9999 -9999 -9999 -9999 -9999 -9999 -9999 -9999 -9999 -9999 -9999 -9999 -9999 -9999 -9999 -9999 -9999 -9999 -9999 -9999 -9999 -9999 -9999 -9999 -9999 -9999 -9999 -9999 -9999
