04_184A014/bm_manty_juuret.asc
ncols 186
nrows 177
xllcorner 610464
yllcorner 6870672
cellsize 16
nodata_value -9999
[rows 72 to 107 of 177, columns 0 to 80 of 186]
-9999 -9999 -9999 -9999 -9999 -9999 -9999 -9999 -9999 -9999 -9999 -9999 -9999 -9999 -9999 -9999 -9999 -9999 -9999 -9999 -9999 -9999 -9999 -9999 -9999 -9999 -9999 -9999 -9999 -9999 -9999 -9999 -9999 -9999 695 844 543 819 733 890 819 8830 8830 12920 12920 12920 12920 12920 12920 14000 14000 14000 14000 14000 14000 14000 14000 14000 14000 14000 14000 14000 14000 14000 14000 14000 14000 14000 14000 14000 14000 14000 14000 14000 14000 14000 14000 14000 14000 14000 14000
-9999 -9999 -9999 -9999 -9999 -9999 -9999 -9999 -9999 -9999 -9999 -9999 -9999 -9999 -9999 -9999 -9999 -9999 -9999 -9999 -9999 -9999 -9999 -9999 -9999 -9999 -9999 -9999 -9999 -9999 -9999 -9999 -9999 -9999 674 536 776 849 746 788 682 -9999 12920 12920 12920 12920 12920 12920 12920 14000 14000 14000 14000 14000 14000 14000 14000 14000 14000 14000 14000 14000 14000 14000 14000 14000 14000 14000 14000 14000 14000 14000 14000 14000 14000 14000 14000 14000 14000 14000 7420
-9999 -9999 -9999 -9999 -9999 -9999 -9999 -9999 -9999 -9999 -9999 -9999 -9999 -9999 -9999 -9999 -9999 -9999 -9999 -9999 -9999 -9999 -9999 -9999 -9999 -9999 -9999 -9999 -9999 -9999 -9999 -9999 -9999 569 579 366 676 986 756 865 662 614 12920 12920 12920 12920 12920 12920 12920 12920 14000 14000 14000 14000 14000 14000 14000 14000 14000 14000 14000 14000 14000 14000 14000 14000 14000 14000 14000 14000 14000 14000 14160 14160 14160 14160 14160 14000 14000 7420 7420
-9999 -9999 -9999 -9999 -9999 -9999 -9999 -9999 -9999 -9999 -9999 -9999 -9999 -9999 -9999 -9999 -9999 -9999 -9999 -9999 -9999 -9999 -9999 -9999 -9999 -9999 -9999 -9999 -9999 -9999 -9999 -9999 365 662 601 746 763 1030 927 864 645 831 12920 12920 12920 12920 12920 12920 12920 12920 14000 14000 14000 14000 14000 14000 14000 14000 14000 14000 14160 14160 14160 14160 14160 14160 14160 14000 14000 14000 14000 14160 14160 14160 14160 14160 14160 14160 14160 14160 14160
-9999 -9999 -9999 -9999 -9999 -9999 -9999 -9999 -9999 -9999 -9999 -9999 -9999 -9999 -9999 -9999 -9999 -9999 -9999 -9999 -9999 -9999 -9999 -9999 -9999 -9999 -9999 -9999 -9999 -9999 -9999 -9999 417 284 420 530 729 734 872 968 352 682 804 12920 12920 12920 12920 12920 12920 12920 12920 12920 12920 14000 14160 14160 14160 14160 14160 14160 14160 14160 14160 14160 14160 14160 14160 14160 14000 14160 14160 14160 14160 14160 14160 14160 14160 14160 14160 14160 14160
-9999 -9999 -9999 -9999 -9999 -9999 -9999 -9999 -9999 -9999 -9999 -9999 -9999 -9999 -9999 -9999 -9999 -9999 -9999 -9999 -9999 -9999 -9999 -9999 -9999 -9999 -9999 -9999 -9999 -9999 -9999 -9999 231 229 367 486 341 348 887 1316 249 577 604 12920 12920 12920 12920 12920 12920 12920 12920 12920 12920 12920 14160 14160 14160 14160 14160 14160 14160 14160 14160 14160 14160 14160 14160 14160 14160 14160 14160 14160 14160 14160 14160 14160 14160 14160 14160 14160 14160
-9999 -9999 -9999 -9999 -9999 -9999 -9999 -9999 -9999 -9999 -9999 -9999 -9999 -9999 -9999 -9999 -9999 -9999 -9999 -9999 -9999 -9999 -9999 -9999 -9999 -9999 -9999 -9999 -9999 -9999 -9999 336 330 414 283 694 708 999 1287 1310 975 345 350 12920 12920 12920 12920 12920 12920 12920 12920 12920 12920 12920 14160 14160 14160 14160 14160 14160 14160 14160 14160 14160 14160 14160 14160 14160 14160 14160 14160 14160 14160 14160 14160 14160 14160 14160 14160 14160 14160
-9999 -9999 -9999 -9999 -9999 -9999 -9999 -9999 -9999 -9999 -9999 -9999 -9999 -9999 -9999 -9999 -9999 -9999 -9999 -9999 -9999 -9999 -9999 -9999 -9999 -9999 -9999 -9999 -9999 -9999 238 392 170 653 827 690 880 1030 616 1315 940 408 998 358 12920 12920 12920 12920 12920 12920 12920 12920 12920 12920 14160 14160 14160 14160 14160 14160 14160 14160 14160 14160 14160 14160 14160 14160 14160 14160 14160 14160 14160 14160 14160 14160 14160 14160 14160 14160 14160
-9999 -9999 -9999 -9999 -9999 -9999 -9999 -9999 -9999 -9999 -9999 -9999 -9999 -9999 -9999 -9999 -9999 -9999 -9999 -9999 -9999 -9999 -9999 -9999 -9999 -9999 -9999 -9999 -9999 -9999 213 255 253 770 780 675 963 856 1302 1205 461 657 1278 310 12920 12920 12920 12920 12920 12920 12920 -9999 12920 12920 14160 14160 14160 14160 14160 14160 14160 14160 14160 14160 14160 14160 14160 14160 14160 14160 14160 14160 14160 14160 14160 14160 14160 14160 14160 14160 14160
-9999 -9999 -9999 -9999 -9999 -9999 -9999 -9999 -9999 -9999 -9999 -9999 -9999 -9999 -9999 -9999 -9999 -9999 -9999 -9999 -9999 -9999 -9999 -9999 -9999 -9999 -9999 -9999 -9999 -9999 224 193 359 717 786 805 647 884 892 561 812 852 1018 388 425 12920 12920 12920 12920 12920 12920 6030 12920 6030 6030 6030 6030 6030 14160 14160 14160 14160 14160 14160 14160 14160 14160 14160 14160 14160 14160 14160 14160 14160 14160 14160 14160 14160 14160 14160 14160
-9999 -9999 -9999 -9999 -9999 -9999 -9999 -9999 -9999 -9999 -9999 -9999 -9999 -9999 -9999 -9999 -9999 -9999 -9999 -9999 -9999 -9999 -9999 -9999 -9999 -9999 -9999 -9999 -9999 -9999 280 301 547 745 763 753 771 732 892 826 775 1014 1259 1018 1150 12920 12920 12920 12920 12920 6030 6030 6030 6030 6030 6030 6030 6030 6030 14160 14160 14160 14160 14160 14160 14160 14160 14160 14160 14160 14160 14160 14160 14160 14160 14160 14160 14160 14160 14160 14160
-9999 -9999 -9999 -9999 -9999 -9999 -9999 -9999 -9999 -9999 -9999 -9999 -9999 -9999 -9999 -9999 -9999 -9999 -9999 -9999 -9999 -9999 -9999 -9999 -9999 -9999 -9999 -9999 -9999 281 219 425 605 608 610 747 777 780 846 839 1039 1333 1293 1230 834 13830 12920 12920 12920 6030 6030 6030 6030 6030 6030 6030 6030 6030 6030 6030 14160 14160 14160 14160 14160 14160 14160 14160 14160 14160 14160 14160 14160 14160 14160 14160 14160 14160 14160 14160 14160
-9999 -9999 -9999 -9999 -9999 -9999 -9999 -9999 -9999 -9999 -9999 -9999 -9999 -9999 -9999 -9999 -9999 -9999 -9999 -9999 -9999 -9999 -9999 -9999 -9999 -9999 -9999 198 196 407 516 539 726 743 603 739 637 774 831 848 799 1281 1271 914 13830 13830 13830 13830 130 6030 6030 6030 6030 6030 6030 6030 6030 6030 6030 6030 6030 6030 14160 14160 14160 14160 14160 14160 14160 14160 14160 14160 14160 14160 14160 14160 14160 14160 14160 14160 14160
-9999 -9999 -9999 -9999 -9999 -9999 -9999 -9999 -9999 -9999 -9999 -9999 -9999 -9999 -9999 -9999 -9999 -9999 -9999 -9999 -9999 -9999 -9999 -9999 -9999 -9999 157 109 227 392 532 764 837 839 764 764 702 621 691 815 880 861 1266 908 13830 13830 13830 13830 120 6030 6030 6030 6030 6030 6030 157 48 0 6030 6030 6030 6030 14160 14160 14160 14160 14160 14160 14160 14160 14160 14160 14160 14160 14160 14160 14160 14160 14160 14160 14160
-9999 -9999 -9999 -9999 -9999 -9999 -9999 -9999 -9999 -9999 -9999 -9999 -9999 -9999 -9999 -9999 -9999 -9999 -9999 -9999 -9999 -9999 -9999 -9999 -9999 101 100 93 227 359 491 741 831 820 810 664 687 670 790 799 842 965 1029 1200 13830 13830 13830 13830 53 0 6030 6030 6030 6030 151 0 0 14 6030 6030 6030 6030 304 14160 14160 14160 14160 14160 14160 14160 14160 14160 14160 14160 14160 14160 14160 14160 14160 14160 14160
-9999 -9999 -9999 -9999 -9999 -9999 -9999 -9999 -9999 -9999 -9999 -9999 -9999 -9999 -9999 -9999 -9999 -9999 -9999 -9999 -9999 -9999 874 317 380 104 104 90 248 379 575 551 797 682 674 627 674 596 703 819 843 832 1112 1295 13830 13830 13830 13830 45 2 0 0 1 1 1 1 1 1 63 8240 8240 -9999 -9999 21 0 14160 14160 14160 14160 14160 14160 14160 14160 14160 14160 14160 14160 14160 14160 14160 14160
-9999 -9999 -9999 -9999 -9999 -9999 -9999 -9999 -9999 -9999 -9999 -9999 -9999 -9999 -9999 -9999 -9999 -9999 -9999 -9999 -9999 -9999 325 349 452 418 303 186 281 738 750 643 699 683 686 671 765 736 807 828 854 844 573 932 13830 13830 13830 13830 68 161 3 0 0 1 1 1 1 1 0 8240 8240 8240 -9999 823 210 143 14160 14160 14160 14160 14160 14160 14160 14160 14160 14160 14160 14160 14160 14160 14160
-9999 -9999 -9999 -9999 -9999 -9999 -9999 -9999 -9999 -9999 -9999 -9999 -9999 -9999 -9999 -9999 -9999 -9999 -9999 -9999 -9999 -9999 181 243 453 441 167 201 430 657 676 686 672 678 690 769 739 742 816 835 911 901 575 421 13830 13830 13830 13830 13830 115 324 14 3 0 0 0 0 0 8240 8240 8240 8240 8240 8240 -9999 186 196 154 14160 14160 14160 14160 14160 14160 14160 14160 14160 14160 14160 14160 14160
-9999 -9999 -9999 -9999 -9999 -9999 -9999 -9999 -9999 -9999 -9999 -9999 -9999 -9999 -9999 -9999 -9999 -9999 -9999 -9999 -9999 101 189 436 428 446 277 424 589 462 658 764 680 643 543 774 736 780 871 892 913 885 874 -9999 13830 13830 13830 13830 5700 5700 5700 5700 5700 0 63 14 15 14 8240 8240 8240 8240 8240 8240 8240 -9999 931 170 52 14160 14160 14160 14160 14160 14160 14160 14160 14160 14160 14160 14160
-9999 -9999 -9999 -9999 -9999 -9999 -9999 -9999 -9999 -9999 -9999 -9999 -9999 -9999 -9999 -9999 -9999 -9999 -9999 -9999 -9999 234 319 177 187 210 347 405 671 673 736 737 688 636 691 753 463 807 821 826 821 830 836 666 13830 13830 17780 17780 17780 17780 5700 5700 5700 5700 5700 475 205 436 8240 8240 8240 8240 8240 8240 8240 8240 -9999 530 131 3 14160 14160 14160 14160 14160 14160 14160 14160 14160 14160 14160
-9999 -9999 -9999 -9999 -9999 -9999 -9999 -9999 -9999 -9999 -9999 -9999 -9999 -9999 -9999 -9999 -9999 -9999 -9999 -9999 -9999 439 328 400 433 357 368 749 697 518 784 747 691 686 678 743 786 772 819 784 703 699 852 845 844 13830 17780 17780 17780 17780 17780 17780 17780 5700 5700 5700 5700 5700 5700 8240 8240 8240 8240 8240 8240 8240 8240 -9999 0 0 0 0 1 14160 14160 14160 14160 14160 14160 14160 14160
-9999 -9999 -9999 -9999 -9999 -9999 -9999 -9999 -9999 -9999 -9999 -9999 -9999 -9999 -9999 -9999 -9999 -9999 -9999 -9999 -9999 289 428 576 581 589 675 673 732 655 731 696 685 533 479 692 667 674 679 773 556 853 797 817 837 750 17780 17780 17780 17780 17780 17780 17780 17780 17780 5700 5700 5700 5700 8240 8240 8240 8240 8240 8240 8240 8240 8240 -9999 164 0 3 3 1 14160 14160 14160 14160 14160 14160 14160
-9999 -9999 -9999 -9999 -9999 -9999 -9999 -9999 -9999 -9999 -9999 -9999 -9999 -9999 -9999 -9999 -9999 -9999 -9999 -9999 -9999 134 213 440 744 663 683 756 737 664 657 691 497 349 363 751 743 675 755 698 761 714 778 754 809 723 405 17780 17780 17780 17780 17780 17780 17780 17780 17780 17780 17780 5700 8240 8240 8240 8240 8240 8240 8240 8240 8240 8240 -9999 0 0 82 8 58 14160 14160 14160 14160 14160 14160
-9999 -9999 -9999 -9999 -9999 -9999 -9999 -9999 -9999 -9999 -9999 -9999 -9999 -9999 -9999 -9999 -9999 -9999 -9999 -9999 -9999 137 272 526 636 776 727 513 526 662 755 740 526 270 217 551 819 773 663 763 761 760 769 770 833 782 430 17780 17780 17780 17780 17780 17780 17780 17780 17780 17780 8240 8240 8240 8240 8240 8240 8240 8240 8240 8240 8240 8240 8240 -9999 0 83 62 54 1402 14160 14160 14160 14160 14160
-9999 -9999 -9999 -9999 -9999 -9999 -9999 -9999 -9999 -9999 -9999 -9999 -9999 -9999 -9999 -9999 -9999 -9999 -9999 -9999 -9999 272 682 687 674 817 826 417 517 728 721 696 300 269 270 545 730 764 662 604 757 756 748 759 761 694 688 372 17780 17780 17780 17780 17780 17780 17780 17780 17780 8240 8240 8240 8240 8240 8240 8240 8240 8240 8240 8240 8240 8240 -9999 0 0 329 15970 15970 15970 14160 14160 14160 14160
-9999 -9999 -9999 -9999 -9999 -9999 -9999 -9999 -9999 -9999 -9999 -9999 -9999 -9999 -9999 -9999 -9999 -9999 -9999 -9999 -9999 277 694 676 759 696 702 639 379 662 659 753 307 304 442 760 739 656 725 597 369 594 757 598 759 846 677 496 401 17780 17780 17780 17780 17780 17780 17780 17780 8240 8240 8240 8240 8240 8240 8240 8240 8240 8240 8240 8240 8240 8240 65 290 15970 15970 15970 15970 14160 14160 14160 14160
-9999 -9999 -9999 -9999 -9999 -9999 -9999 -9999 -9999 -9999 -9999 -9999 -9999 -9999 -9999 -9999 -9999 -9999 -9999 -9999 -9999 549 679 525 742 762 696 650 503 662 684 430 377 379 703 674 792 787 662 777 241 653 707 680 602 823 789 515 504 17780 17780 17780 17780 17780 17780 17780 17780 17780 8240 8240 8240 8240 8240 8240 8240 8240 8240 8240 8240 8240 8240 73 701 15970 15970 15970 15970 15970 15970 15970 14160
-9999 -9999 -9999 -9999 -9999 -9999 -9999 -9999 -9999 -9999 -9999 -9999 -9999 -9999 -9999 -9999 -9999 -9999 -9999 -9999 -9999 525 686 683 765 692 705 654 649 562 686 487 578 724 678 420 660 733 813 762 408 647 751 750 720 724 678 684 591 593 17780 17780 17780 17780 17780 17780 17780 17780 8240 8240 8240 8240 8240 8240 8240 8240 8240 8240 8240 8240 8240 -9999 15970 15970 15970 15970 15970 15970 15970 15970 15970
-9999 -9999 -9999 -9999 -9999 -9999 -9999 -9999 -9999 -9999 -9999 -9999 -9999 -9999 -9999 -9999 -9999 -9999 -9999 -9999 -9999 728 691 742 676 646 415 345 651 413 373 534 579 512 261 1065 556 546 812 771 749 658 641 643 754 661 716 716 719 460 576 17780 17780 17780 17780 17780 17780 17780 17780 8240 8240 8240 8240 8240 8240 8240 8240 8240 8240 8240 8240 -9999 15970 15970 15970 15970 15970 15970 15970 15970 15970
-9999 -9999 -9999 -9999 -9999 -9999 -9999 -9999 -9999 -9999 -9999 -9999 -9999 -9999 -9999 -9999 -9999 -9999 -9999 -9999 407 668 728 657 530 1049 1323 1320 944 181 289 366 389 1009 1097 1054 496 609 543 647 788 785 667 668 827 812 767 828 746 547 720 689 17780 17780 17780 17780 17780 17780 17780 17780 8240 8240 8240 8240 8240 8240 8240 8240 8240 8240 8240 -9999 15970 15970 15970 15970 15970 15970 15970 15970 15970
-9999 -9999 -9999 -9999 -9999 -9999 -9999 -9999 -9999 -9999 -9999 -9999 -9999 -9999 -9999 -9999 -9999 -9999 -9999 -9999 604 674 646 696 875 1180 1042 1402 1121 434 503 387 970 1155 1042 554 590 547 321 544 716 727 714 821 845 890 727 732 751 843 728 660 17780 17780 17780 17780 17780 17780 17780 17780 17780 8240 8240 8240 8240 8240 8240 8240 8240 8240 -9999 10810 10810 15970 15970 15970 15970 15970 15970 15970 15970
-9999 -9999 -9999 -9999 -9999 -9999 -9999 -9999 -9999 -9999 -9999 -9999 -9999 -9999 -9999 -9999 -9999 -9999 -9999 -9999 -9999 682 824 1042 1385 984 1421 1658 387 1016 816 498 430 431 532 471 552 686 482 671 709 720 765 770 908 898 806 810 804 883 803 731 605 17780 17780 17780 17780 17780 17780 17780 17780 17780 8240 8240 8240 8240 8240 8240 8240 -9999 10810 10810 15970 15970 15970 15970 15970 15970 15970 15970 15970
-9999 -9999 -9999 -9999 -9999 -9999 -9999 -9999 -9999 -9999 -9999 -9999 -9999 -9999 -9999 -9999 -9999 -9999 -9999 -9999 692 768 602 222 1696 2442 2265 2002 411 502 820 874 619 578 355 368 551 754 672 545 625 736 764 757 782 835 822 810 1021 879 775 1061 445 695 17780 17780 17780 17780 17780 17780 17780 17780 8240 8240 8240 8240 8240 8240 -9999 10810 10810 15970 15970 15970 15970 15970 15970 15970 15970 15970 15970
-9999 -9999 -9999 -9999 -9999 -9999 -9999 -9999 -9999 -9999 -9999 -9999 -9999 -9999 -9999 -9999 -9999 -9999 -9999 -9999 679 771 769 818 668 666 870 728 514 511 497 910 406 354 426 308 482 498 667 748 728 736 728 746 771 802 811 923 938 1285 1239 617 432 520 17780 17780 17780 17780 17780 17780 17780 17780 17780 8240 8240 8240 8240 10810 10810 10810 10810 10810 15970 15970 15970 15970 15970 15970 15970 15970 15970
-9999 -9999 -9999 -9999 -9999 -9999 -9999 -9999 -9999 -9999 -9999 -9999 -9999 -9999 -9999 -9999 -9999 -9999 -9999 -9999 -9999 684 635 798 594 669 466 723 672 589 580 1008 629 363 155 356 486 487 378 555 753 563 786 770 882 1040 1144 1069 1104 1347 1309 867 682 632 635 17780 17780 17780 17780 17780 17780 17780 17780 10570 10570 10570 -9999 10810 10810 10810 10810 10810 15970 15970 15970 15970 15970 15970 15970 15970 15970
-9999 -9999 -9999 -9999 -9999 -9999 -9999 -9999 -9999 -9999 -9999 -9999 -9999 -9999 -9999 -9999 -9999 -9999 -9999 -9999 -9999 471 676 675 584 660 584 832 833 420 417 310 1038 763 507 739 588 408 592 446 1063 573 1291 1294 1016 867 891 885 1053 887 555 778 1003 772 748 671 17780 17780 17780 17780 17780 17780 17780 10570 10570 10570 10810 10810 10810 10810 10810 15970 15970 15970 15970 15970 15970 15970 15970 15970 15970
