04_184A014/bm_manty_neulaset.asc
ncols 186
nrows 177
xllcorner 610464
yllcorner 6870672
cellsize 16
nodata_value -9999
[rows 74 to 110 of 177, columns 0 to 82 of 186]
-9999 -9999 -9999 -9999 -9999 -9999 -9999 -9999 -9999 -9999 -9999 -9999 -9999 -9999 -9999 -9999 -9999 -9999 -9999 -9999 -9999 -9999 -9999 -9999 -9999 -9999 -9999 -9999 -9999 -9999 -9999 -9999 -9999 178 182 122 199 289 238 230 162 140 3400 3400 3400 3400 3400 3400 3400 3400 2930 2930 2930 2930 2930 2930 2930 2930 2930 2930 2930 2930 2930 2930 2930 2930 2930 2930 2930 2930 2930 2930 3420 3420 3420 3420 3420 2930 2930 1380 1380 1380 1380
-9999 -9999 -9999 -9999 -9999 -9999 -9999 -9999 -9999 -9999 -9999 -9999 -9999 -9999 -9999 -9999 -9999 -9999 -9999 -9999 -9999 -9999 -9999 -9999 -9999 -9999 -9999 -9999 -9999 -9999 -9999 -9999 120 197 209 198 229 291 253 227 164 245 3400 3400 3400 3400 3400 3400 3400 3400 2930 2930 2930 2930 2930 2930 2930 2930 2930 2930 3420 3420 3420 3420 3420 3420 3420 2930 2930 2930 2930 3420 3420 3420 3420 3420 3420 3420 3420 3420 3420 1380 1380
-9999 -9999 -9999 -9999 -9999 -9999 -9999 -9999 -9999 -9999 -9999 -9999 -9999 -9999 -9999 -9999 -9999 -9999 -9999 -9999 -9999 -9999 -9999 -9999 -9999 -9999 -9999 -9999 -9999 -9999 -9999 -9999 145 100 149 154 227 233 231 240 115 203 245 3400 3400 3400 3400 3400 3400 3400 3400 3400 3400 2930 3420 3420 3420 3420 3420 3420 3420 3420 3420 3420 3420 3420 3420 3420 2930 3420 3420 3420 3420 3420 3420 3420 3420 3420 3420 3420 3420 3420 3420
-9999 -9999 -9999 -9999 -9999 -9999 -9999 -9999 -9999 -9999 -9999 -9999 -9999 -9999 -9999 -9999 -9999 -9999 -9999 -9999 -9999 -9999 -9999 -9999 -9999 -9999 -9999 -9999 -9999 -9999 -9999 -9999 108 101 107 152 101 145 214 247 68 152 197 3400 3400 3400 3400 3400 3400 3400 3400 3400 3400 3400 3420 3420 3420 3420 3420 3420 3420 3420 3420 3420 3420 3420 3420 3420 3420 3420 3420 3420 3420 3420 3420 3420 3420 3420 3420 3420 3420 3420 3420
-9999 -9999 -9999 -9999 -9999 -9999 -9999 -9999 -9999 -9999 -9999 -9999 -9999 -9999 -9999 -9999 -9999 -9999 -9999 -9999 -9999 -9999 -9999 -9999 -9999 -9999 -9999 -9999 -9999 -9999 -9999 113 111 128 108 168 202 211 255 246 187 87 88 3400 3400 3400 3400 3400 3400 3400 3400 3400 3400 3400 3420 3420 3420 3420 3420 3420 3420 3420 3420 3420 3420 3420 3420 3420 3420 3420 3420 3420 3420 3420 3420 3420 3420 3420 3420 3420 3420 3420 3420
-9999 -9999 -9999 -9999 -9999 -9999 -9999 -9999 -9999 -9999 -9999 -9999 -9999 -9999 -9999 -9999 -9999 -9999 -9999 -9999 -9999 -9999 -9999 -9999 -9999 -9999 -9999 -9999 -9999 -9999 96 113 105 196 244 219 240 245 174 259 184 115 192 89 3400 3400 3400 3400 3400 3400 3400 3400 3400 3400 3420 3420 3420 3420 3420 3420 3420 3420 3420 3420 3420 3420 3420 3420 3420 3420 3420 3420 3420 3420 3420 3420 3420 3420 3420 3420 3420 3420 3420
-9999 -9999 -9999 -9999 -9999 -9999 -9999 -9999 -9999 -9999 -9999 -9999 -9999 -9999 -9999 -9999 -9999 -9999 -9999 -9999 -9999 -9999 -9999 -9999 -9999 -9999 -9999 -9999 -9999 -9999 83 111 133 231 248 225 239 236 258 254 125 200 240 103 3400 3400 3400 3400 3400 3400 3400 -9999 3400 3400 3420 3420 3420 3420 3420 3420 3420 3420 3420 3420 3420 3420 3420 3420 3420 3420 3420 3420 3420 3420 3420 3420 3420 3420 3420 3420 3420 3420 3420
-9999 -9999 -9999 -9999 -9999 -9999 -9999 -9999 -9999 -9999 -9999 -9999 -9999 -9999 -9999 -9999 -9999 -9999 -9999 -9999 -9999 -9999 -9999 -9999 -9999 -9999 -9999 -9999 -9999 -9999 87 88 160 242 249 246 157 243 242 191 229 228 239 177 114 3400 3400 3400 3400 3400 3400 1030 3400 1030 1030 1030 1030 1030 3420 3420 3420 3420 3420 3420 3420 3420 3420 3420 3420 3420 3420 3420 3420 3420 3420 3420 3420 3420 3420 3420 3420 3420 3420
-9999 -9999 -9999 -9999 -9999 -9999 -9999 -9999 -9999 -9999 -9999 -9999 -9999 -9999 -9999 -9999 -9999 -9999 -9999 -9999 -9999 -9999 -9999 -9999 -9999 -9999 -9999 -9999 -9999 -9999 132 143 200 230 227 234 225 205 235 240 233 256 251 258 253 3400 3400 3400 3400 3400 1030 1030 1030 1030 1030 1030 1030 1030 1030 3420 3420 3420 3420 3420 3420 3420 3420 3420 3420 3420 3420 3420 3420 3420 3420 3420 3420 3420 3420 3420 3420 3420 3420
-9999 -9999 -9999 -9999 -9999 -9999 -9999 -9999 -9999 -9999 -9999 -9999 -9999 -9999 -9999 -9999 -9999 -9999 -9999 -9999 -9999 -9999 -9999 -9999 -9999 -9999 -9999 -9999 -9999 135 114 183 220 222 219 227 227 217 213 251 266 272 254 247 233 2990 3400 3400 3400 1030 1030 1030 1030 1030 1030 1030 1030 1030 1030 1030 3420 3420 3420 3420 3420 3420 3420 3420 3420 3420 3420 3420 3420 3420 3420 3420 3420 3420 3420 3420 3420 3420 3420
-9999 -9999 -9999 -9999 -9999 -9999 -9999 -9999 -9999 -9999 -9999 -9999 -9999 -9999 -9999 -9999 -9999 -9999 -9999 -9999 -9999 -9999 -9999 -9999 -9999 -9999 -9999 98 90 181 193 208 238 236 231 233 182 190 237 242 234 255 251 218 2990 2990 2990 2990 48 1030 1030 1030 1030 1030 1030 1030 1030 1030 1030 1030 1030 1030 3420 3420 3420 3420 3420 3420 3420 3420 3420 3420 3420 3420 3420 3420 3420 3420 3420 3420 3420 3420 3420
-9999 -9999 -9999 -9999 -9999 -9999 -9999 -9999 -9999 -9999 -9999 -9999 -9999 -9999 -9999 -9999 -9999 -9999 -9999 -9999 -9999 -9999 -9999 -9999 -9999 -9999 73 54 102 193 202 231 245 243 249 231 170 145 200 217 231 237 251 217 2990 2990 2990 2990 25 1030 1030 1030 1030 1030 1030 35 6 0 1030 1030 1030 1030 3420 3420 3420 3420 3420 3420 3420 3420 3420 3420 3420 3420 3420 3420 3420 3420 3420 3420 3420 3420 3420
-9999 -9999 -9999 -9999 -9999 -9999 -9999 -9999 -9999 -9999 -9999 -9999 -9999 -9999 -9999 -9999 -9999 -9999 -9999 -9999 -9999 -9999 -9999 -9999 -9999 41 40 36 102 181 225 231 245 211 245 196 205 203 233 214 210 240 242 213 2990 2990 2990 2990 21 0 1030 1030 1030 1030 28 0 0 13 1030 1030 1030 1030 97 3420 3420 3420 3420 3420 3420 3420 3420 3420 3420 3420 3420 3420 3420 3420 3420 3420 3420 3420 3420
-9999 -9999 -9999 -9999 -9999 -9999 -9999 -9999 -9999 -9999 -9999 -9999 -9999 -9999 -9999 -9999 -9999 -9999 -9999 -9999 -9999 -9999 227 84 128 42 41 34 109 192 204 203 247 216 170 182 205 182 214 231 210 219 260 240 2990 2990 2990 2990 12 1 0 0 2 2 1 1 2 1 11 1310 1310 -9999 -9999 14 0 3420 3420 3420 3420 3420 3420 3420 3420 3420 3420 3420 3420 3420 3420 3420 3420 3420 3420
-9999 -9999 -9999 -9999 -9999 -9999 -9999 -9999 -9999 -9999 -9999 -9999 -9999 -9999 -9999 -9999 -9999 -9999 -9999 -9999 -9999 -9999 167 173 176 136 126 91 155 232 232 175 205 221 204 203 224 224 228 208 213 222 142 173 2990 2990 2990 2990 10 24 1 0 0 1 1 1 1 1 0 1310 1310 1310 -9999 188 46 29 3420 3420 3420 3420 3420 3420 3420 3420 3420 3420 3420 3420 3420 3420 3420 3420 3420
-9999 -9999 -9999 -9999 -9999 -9999 -9999 -9999 -9999 -9999 -9999 -9999 -9999 -9999 -9999 -9999 -9999 -9999 -9999 -9999 -9999 -9999 88 135 178 145 111 98 209 216 215 201 195 198 208 225 230 226 230 210 245 245 143 117 2990 2990 2990 2990 2990 21 53 3 1 0 0 0 0 0 1310 1310 1310 1310 1310 1310 -9999 41 59 34 3420 3420 3420 3420 3420 3420 3420 3420 3420 3420 3420 3420 3420 3420 3420
-9999 -9999 -9999 -9999 -9999 -9999 -9999 -9999 -9999 -9999 -9999 -9999 -9999 -9999 -9999 -9999 -9999 -9999 -9999 -9999 -9999 40 94 139 164 174 155 202 209 174 225 195 203 189 159 225 224 209 235 240 246 234 230 -9999 2990 2990 2990 2990 1140 1140 1140 1140 1140 0 12 3 4 3 1310 1310 1310 1310 1310 1310 1310 -9999 143 35 18 3420 3420 3420 3420 3420 3420 3420 3420 3420 3420 3420 3420 3420 3420
-9999 -9999 -9999 -9999 -9999 -9999 -9999 -9999 -9999 -9999 -9999 -9999 -9999 -9999 -9999 -9999 -9999 -9999 -9999 -9999 -9999 103 163 117 124 103 182 199 214 214 223 220 210 171 168 199 130 226 234 237 237 208 212 184 2990 2990 4660 4660 4660 4660 1140 1140 1140 1140 1140 128 63 103 1310 1310 1310 1310 1310 1310 1310 1310 -9999 82 27 3 3420 3420 3420 3420 3420 3420 3420 3420 3420 3420 3420 3420 3420
-9999 -9999 -9999 -9999 -9999 -9999 -9999 -9999 -9999 -9999 -9999 -9999 -9999 -9999 -9999 -9999 -9999 -9999 -9999 -9999 -9999 146 108 198 210 161 166 234 210 132 198 225 212 208 198 221 206 205 235 223 211 205 240 213 208 2990 4660 4660 4660 4660 4660 4660 4660 1140 1140 1140 1140 1140 1140 1310 1310 1310 1310 1310 1310 1310 1310 -9999 0 0 0 0 1 3420 3420 3420 3420 3420 3420 3420 3420 3420 3420
-9999 -9999 -9999 -9999 -9999 -9999 -9999 -9999 -9999 -9999 -9999 -9999 -9999 -9999 -9999 -9999 -9999 -9999 -9999 -9999 -9999 160 204 207 209 209 211 211 221 216 223 210 211 192 170 212 217 187 199 223 167 236 224 216 209 226 4660 4660 4660 4660 4660 4660 4660 4660 4660 1140 1140 1140 1140 1310 1310 1310 1310 1310 1310 1310 1310 1310 -9999 31 0 4 4 1 3420 3420 3420 3420 3420 3420 3420 3420 3420
-9999 -9999 -9999 -9999 -9999 -9999 -9999 -9999 -9999 -9999 -9999 -9999 -9999 -9999 -9999 -9999 -9999 -9999 -9999 -9999 -9999 53 108 192 234 214 211 195 190 199 169 206 186 156 163 233 222 188 218 179 241 225 232 231 215 188 101 4660 4660 4660 4660 4660 4660 4660 4660 4660 4660 4660 1140 1310 1310 1310 1310 1310 1310 1310 1310 1310 1310 -9999 0 0 25 9 14 3420 3420 3420 3420 3420 3420 3420 3420
-9999 -9999 -9999 -9999 -9999 -9999 -9999 -9999 -9999 -9999 -9999 -9999 -9999 -9999 -9999 -9999 -9999 -9999 -9999 -9999 -9999 54 135 199 220 250 225 143 147 199 194 224 183 124 112 202 245 204 196 227 243 245 228 219 220 222 145 4660 4660 4660 4660 4660 4660 4660 4660 4660 4660 1310 1310 1310 1310 1310 1310 1310 1310 1310 1310 1310 1310 1310 -9999 0 22 17 31 250 3420 3420 3420 3420 3420 3420 3420
-9999 -9999 -9999 -9999 -9999 -9999 -9999 -9999 -9999 -9999 -9999 -9999 -9999 -9999 -9999 -9999 -9999 -9999 -9999 -9999 -9999 133 221 208 214 247 245 118 144 188 219 210 143 121 123 200 227 203 195 191 240 237 233 215 202 213 222 108 4660 4660 4660 4660 4660 4660 4660 4660 4660 1310 1310 1310 1310 1310 1310 1310 1310 1310 1310 1310 1310 1310 -9999 0 0 62 3580 3580 3580 3420 3420 3420 3420 3420 3420
-9999 -9999 -9999 -9999 -9999 -9999 -9999 -9999 -9999 -9999 -9999 -9999 -9999 -9999 -9999 -9999 -9999 -9999 -9999 -9999 -9999 136 223 212 235 213 207 165 98 186 224 232 145 142 193 232 222 184 224 182 120 185 221 183 219 213 210 174 116 4660 4660 4660 4660 4660 4660 4660 4660 1310 1310 1310 1310 1310 1310 1310 1310 1310 1310 1310 1310 1310 1310 8 57 3580 3580 3580 3580 3420 3420 3420 3420 3420 3420
-9999 -9999 -9999 -9999 -9999 -9999 -9999 -9999 -9999 -9999 -9999 -9999 -9999 -9999 -9999 -9999 -9999 -9999 -9999 -9999 -9999 212 209 199 234 232 209 167 141 186 214 186 191 192 253 213 209 223 226 230 69 198 221 204 184 230 233 186 175 4660 4660 4660 4660 4660 4660 4660 4660 4660 1310 1310 1310 1310 1310 1310 1310 1310 1310 1310 1310 1310 1310 9 145 3580 3580 3580 3580 3580 3580 3580 3420 3420 3420
-9999 -9999 -9999 -9999 -9999 -9999 -9999 -9999 -9999 -9999 -9999 -9999 -9999 -9999 -9999 -9999 -9999 -9999 -9999 -9999 -9999 205 207 211 233 207 206 167 213 161 212 230 236 256 210 162 182 229 204 204 116 194 213 216 222 222 189 212 204 204 4660 4660 4660 4660 4660 4660 4660 4660 1310 1310 1310 1310 1310 1310 1310 1310 1310 1310 1310 1310 1310 -9999 3580 3580 3580 3580 3580 3580 3580 3580 3580 3580 3580
-9999 -9999 -9999 -9999 -9999 -9999 -9999 -9999 -9999 -9999 -9999 -9999 -9999 -9999 -9999 -9999 -9999 -9999 -9999 -9999 -9999 233 205 225 171 165 115 113 217 115 96 215 215 159 70 242 181 188 203 206 201 192 179 180 202 186 225 219 228 204 177 4660 4660 4660 4660 4660 4660 4660 4660 1310 1310 1310 1310 1310 1310 1310 1310 1310 1310 1310 1310 -9999 3580 3580 3580 3580 3580 3580 3580 3580 3580 3580 3580
-9999 -9999 -9999 -9999 -9999 -9999 -9999 -9999 -9999 -9999 -9999 -9999 -9999 -9999 -9999 -9999 -9999 -9999 -9999 -9999 129 200 223 220 183 223 281 280 224 40 61 83 97 226 245 244 157 207 156 181 223 223 187 186 207 229 193 233 232 189 187 204 4660 4660 4660 4660 4660 4660 4660 4660 1310 1310 1310 1310 1310 1310 1310 1310 1310 1310 1310 -9999 3580 3580 3580 3580 3580 3580 3580 3580 3580 3580 3580
-9999 -9999 -9999 -9999 -9999 -9999 -9999 -9999 -9999 -9999 -9999 -9999 -9999 -9999 -9999 -9999 -9999 -9999 -9999 -9999 148 201 167 208 240 277 221 282 210 105 111 85 231 273 241 183 191 158 102 157 224 227 218 231 212 240 164 164 232 222 188 222 4660 4660 4660 4660 4660 4660 4660 4660 4660 1310 1310 1310 1310 1310 1310 1310 1310 1310 -9999 2170 2170 3580 3580 3580 3580 3580 3580 3580 3580 3580 3580
-9999 -9999 -9999 -9999 -9999 -9999 -9999 -9999 -9999 -9999 -9999 -9999 -9999 -9999 -9999 -9999 -9999 -9999 -9999 -9999 -9999 207 245 203 218 155 232 305 90 196 142 120 151 186 186 160 159 205 149 189 223 227 229 236 245 250 245 246 235 238 209 188 202 4660 4660 4660 4660 4660 4660 4660 4660 4660 1310 1310 1310 1310 1310 1310 1310 -9999 2170 2170 3580 3580 3580 3580 3580 3580 3580 3580 3580 3580 3580
-9999 -9999 -9999 -9999 -9999 -9999 -9999 -9999 -9999 -9999 -9999 -9999 -9999 -9999 -9999 -9999 -9999 -9999 -9999 -9999 210 250 204 49 247 406 407 351 99 120 142 164 172 160 116 106 158 213 189 158 185 224 228 234 239 251 249 247 260 240 197 229 114 207 4660 4660 4660 4660 4660 4660 4660 4660 1310 1310 1310 1310 1310 1310 -9999 2170 2170 3580 3580 3580 3580 3580 3580 3580 3580 3580 3580 3580 3580
-9999 -9999 -9999 -9999 -9999 -9999 -9999 -9999 -9999 -9999 -9999 -9999 -9999 -9999 -9999 -9999 -9999 -9999 -9999 -9999 212 251 250 246 194 200 224 201 152 153 119 215 167 116 119 99 163 167 188 212 228 224 222 231 237 244 247 249 249 255 248 174 113 134 4660 4660 4660 4660 4660 4660 4660 4660 4660 1310 1310 1310 1310 2170 2170 2170 2170 2170 3580 3580 3580 3580 3580 3580 3580 3580 3580 3580 3580
-9999 -9999 -9999 -9999 -9999 -9999 -9999 -9999 -9999 -9999 -9999 -9999 -9999 -9999 -9999 -9999 -9999 -9999 -9999 -9999 -9999 212 222 248 206 228 189 196 198 195 154 205 174 91 47 116 152 164 109 160 235 193 231 240 252 259 273 257 264 269 256 238 177 154 186 4660 4660 4660 4660 4660 4660 4660 4660 2270 2270 2270 -9999 2170 2170 2170 2170 2170 3580 3580 3580 3580 3580 3580 3580 3580 3580 3580 3580
-9999 -9999 -9999 -9999 -9999 -9999 -9999 -9999 -9999 -9999 -9999 -9999 -9999 -9999 -9999 -9999 -9999 -9999 -9999 -9999 -9999 162 213 204 197 203 207 244 244 87 115 99 214 150 133 189 162 165 167 120 245 214 257 257 242 239 243 243 249 215 141 188 232 223 226 232 4660 4660 4660 4660 4660 4660 4660 2270 2270 2270 2170 2170 2170 2170 2170 3580 3580 3580 3580 3580 3580 3580 3580 3580 3580 3580 3580
-9999 -9999 -9999 -9999 -9999 -9999 -9999 -9999 -9999 -9999 -9999 -9999 -9999 -9999 -9999 -9999 -9999 -9999 -9999 -9999 -9999 217 174 99 81 165 194 199 244 189 188 168 148 223 247 195 142 142 85 113 177 249 252 206 118 122 236 194 237 238 207 143 220 178 144 154 89 4660 4660 2270 2270 2270 2270 2270 2270 -9999 2170 2170 2170 2170 3580 3580 3580 3580 3580 3580 3580 3580 3580 3580 3580 3580 3580
-9999 -9999 -9999 -9999 -9999 -9999 -9999 -9999 -9999 -9999 -9999 -9999 -9999 -9999 -9999 -9999 -9999 -9999 -9999 -9999 -9999 -9999 81 197 104 128 135 137 102 104 130 111 162 246 258 145 197 197 152 134 127 140 114 118 117 118 140 188 225 240 183 135 197 119 36 54 57 2270 2270 2270 2270 2270 2270 2270 2270 -9999 2170 2170 2170 2170 3580 3580 3580 3580 3580 3580 3580 3580 3580 3580 3580 3580 3580
-9999 -9999 -9999 -9999 -9999 -9999 -9999 -9999 -9999 -9999 -9999 -9999 -9999 -9999 -9999 -9999 -9999 -9999 -9999 -9999 -9999 -9999 139 156 162 166 49 47 201 204 197 208 257 254 209 207 143 199 151 93 115 62 118 93 87 104 111 142 184 180 177 236 220 75 59 56 67 68 2270 2270 2270 2270 2270 2270 2270 2170 2170 2170 2170 3580 3580 2170 2170 2170 2170 2170 3580 3580 3580 3580 3580 3580 3580
