04_184A014/dem.asc
ncols 186
nrows 177
xllcorner 610464
yllcorner 6870672
cellsize 16
nodata_value -9999
[rows 66 to 98 of 177, columns 0 to 73 of 186]
-9999 -9999 -9999 -9999 -9999 -9999 -9999 -9999 -9999 -9999 -9999 -9999 -9999 -9999 -9999 -9999 -9999 -9999 -9999 -9999 -9999 -9999 -9999 -9999 -9999 -9999 -9999 -9999 -9999 -9999 -9999 -9999 -9999 -9999 -9999 -9999 -9999 -9999 82.582 83.769 85.323 85.019 85.716 84.07 83.24 82.994 82.563 82.524 82.467 82.433 82.4 82.303 82.752 82.457 82.188 82.071 82.043 82.382 82.354 82.726 82.726 82.296 82.487 82.07 82.634 83.06 83.843 83.956 84.901 85.463 85.567 84.09 82.328 82.558
-9999 -9999 -9999 -9999 -9999 -9999 -9999 -9999 -9999 -9999 -9999 -9999 -9999 -9999 -9999 -9999 -9999 -9999 -9999 -9999 -9999 -9999 -9999 -9999 -9999 -9999 -9999 -9999 -9999 -9999 -9999 -9999 -9999 -9999 -9999 -9999 -9999 -9999 82.626 82.442 82.503 82.936 82.762 83.237 84.975 85.015 86.403 86.473 82.547 82.544 82.413 82.358 82.354 82.39 82.234 82.268 82.266 82.545 82.106 82.188 82.129 82.303 82.19 82.116 82.487 83.731 86.94 89.279 88.593 88.046 83.622 82.146 82.255 82.205
-9999 -9999 -9999 -9999 -9999 -9999 -9999 -9999 -9999 -9999 -9999 -9999 -9999 -9999 -9999 -9999 -9999 -9999 -9999 -9999 -9999 -9999 -9999 -9999 -9999 -9999 -9999 -9999 -9999 -9999 -9999 -9999 -9999 -9999 -9999 -9999 -9999 -9999 82.993 82.509 82.336 82.469 82.826 85.812 86.115 85.101 84.801 83.992 83.293 82.561 82.406 82.54 83.669 82.376 82.297 82.203 82.205 82.193 82.202 82.201 82.349 82.129 81.972 82.003 82.095 82.305 84.667 84.135 84.37 82.841 82.228 81.959 81.911 82.079
-9999 -9999 -9999 -9999 -9999 -9999 -9999 -9999 -9999 -9999 -9999 -9999 -9999 -9999 -9999 -9999 -9999 -9999 -9999 -9999 -9999 -9999 -9999 -9999 -9999 -9999 -9999 -9999 -9999 -9999 -9999 -9999 -9999 -9999 -9999 -9999 -9999 -9999 82.845 82.758 82.489 82.397 83.108 87.07 84.911 85.079 84.332 83.222 83.3 82.981 82.39 82.364 82.615 82.296 82.214 82.2 82.17 82.165 82.055 82.166 82.132 82.048 82.044 82.059 82.081 82.107 81.911 82.233 82.03 81.925 81.947 82.067 82.309 82.413
-9999 -9999 -9999 -9999 -9999 -9999 -9999 -9999 -9999 -9999 -9999 -9999 -9999 -9999 -9999 -9999 -9999 -9999 -9999 -9999 -9999 -9999 -9999 -9999 -9999 -9999 -9999 -9999 -9999 -9999 -9999 -9999 -9999 -9999 -9999 -9999 -9999 83.435 83.307 82.791 82.524 82.386 82.399 82.355 82.654 82.436 82.437 82.323 82.246 82.492 82.133 82.47 82.244 82.436 83.114 82.238 82.123 82.181 82.072 82.06 82.085 82.125 81.961 82.02 82.019 82.012 82.056 82.113 81.865 82.037 81.966 81.987 82.284 82.596
-9999 -9999 -9999 -9999 -9999 -9999 -9999 -9999 -9999 -9999 -9999 -9999 -9999 -9999 -9999 -9999 -9999 -9999 -9999 -9999 -9999 -9999 -9999 -9999 -9999 -9999 -9999 -9999 -9999 -9999 -9999 -9999 -9999 -9999 -9999 -9999 83.525 83.432 83.199 82.797 82.533 82.496 82.358 82.346 82.444 82.363 82.372 82.402 82.307 82.401 82.249 82.285 82.323 82.038 82.524 82.156 82.15 82.149 82.137 81.988 82.124 82.058 82.121 82.101 82.125 82.076 82.306 82.234 82.035 81.998 82.348 81.938 82.069 81.92
-9999 -9999 -9999 -9999 -9999 -9999 -9999 -9999 -9999 -9999 -9999 -9999 -9999 -9999 -9999 -9999 -9999 -9999 -9999 -9999 -9999 -9999 -9999 -9999 -9999 -9999 -9999 -9999 -9999 -9999 -9999 -9999 -9999 -9999 83.559 83.424 83.53 83.425 83.166 82.825 82.756 82.367 82.518 82.346 82.398 82.159 82.587 82.377 82.337 82.26 82.291 82.471 82.203 82.419 82.27 82.274 82.085 82.249 82.096 82.088 82.11 82.158 82.39 82.046 82.163 82.047 82.061 82.027 81.958 82.138 81.979 82.127 82.075 82.053
-9999 -9999 -9999 -9999 -9999 -9999 -9999 -9999 -9999 -9999 -9999 -9999 -9999 -9999 -9999 -9999 -9999 -9999 -9999 -9999 -9999 -9999 -9999 -9999 -9999 -9999 -9999 -9999 -9999 -9999 -9999 -9999 -9999 -9999 83.723 83.702 83.581 83.48 83.234 82.806 82.782 82.74 82.689 82.551 82.619 82.564 82.546 82.499 82.021 82.406 82.229 82.219 82.381 82.446 82.037 82.229 82.216 82.131 82.138 82.329 81.911 82.206 82.198 82.115 82.098 82.111 82.231 82.027 82.139 82.013 82.037 82.076 82.138 82.025
-9999 -9999 -9999 -9999 -9999 -9999 -9999 -9999 -9999 -9999 -9999 -9999 -9999 -9999 -9999 -9999 -9999 -9999 -9999 -9999 -9999 -9999 -9999 -9999 -9999 -9999 -9999 -9999 -9999 -9999 -9999 -9999 -9999 83.786 83.76 83.7 83.543 83.217 82.864 82.861 82.823 82.73 82.579 82.648 82.647 82.4 82.69 82.562 82.486 82.468 82.293 82.012 82.307 82.221 82.141 82.173 82.209 82.074 82.252 82.152 82.062 82.051 82.429 81.973 82.15 82.161 82.192 82.187 82.214 82.232 82.095 82.095 82.028 81.974
-9999 -9999 -9999 -9999 -9999 -9999 -9999 -9999 -9999 -9999 -9999 -9999 -9999 -9999 -9999 -9999 -9999 -9999 -9999 -9999 -9999 -9999 -9999 -9999 -9999 -9999 -9999 -9999 -9999 -9999 -9999 -9999 83.685 83.718 83.778 83.646 83.539 83.293 83.041 82.937 82.844 82.734 82.735 82.542 82.618 82.618 82.544 82.672 82.203 82.485 82.309 82.214 82.224 82.295 82.081 82.437 82.309 82.169 82.138 82.186 82.131 82.16 82.133 82.219 82.164 82.177 82.231 82.159 82.108 82.114 82.031 82.133 82.139 82.164
-9999 -9999 -9999 -9999 -9999 -9999 -9999 -9999 -9999 -9999 -9999 -9999 -9999 -9999 -9999 -9999 -9999 -9999 -9999 -9999 -9999 -9999 -9999 -9999 -9999 -9999 -9999 -9999 -9999 -9999 -9999 -9999 83.854 83.77 83.755 83.678 83.578 83.244 82.933 82.995 82.872 82.761 82.79 82.697 82.653 82.759 82.3 82.542 82.505 82.524 82.521 82.26 82.012 82.206 82.149 82.231 82.228 82.223 82.145 82.173 82.184 82.234 82.238 82.229 82.258 82.234 82.131 82.162 81.894 82.31 82.223 82.267 82.222 82.203
-9999 -9999 -9999 -9999 -9999 -9999 -9999 -9999 -9999 -9999 -9999 -9999 -9999 -9999 -9999 -9999 -9999 -9999 -9999 -9999 -9999 -9999 -9999 -9999 -9999 -9999 -9999 -9999 -9999 -9999 -9999 -9999 83.802 83.853 83.648 83.394 83.673 83.214 83.016 82.928 82.796 82.809 82.757 82.79 82.817 82.626 82.645 82.568 82.634 82.293 82.559 82.353 82.277 82.261 82.352 82.194 82.282 82.194 82.166 82.144 82.304 82.229 82.255 82.206 82.311 81.951 82.333 82.169 82.266 82.193 82.242 82.259 82.205 82.19
-9999 -9999 -9999 -9999 -9999 -9999 -9999 -9999 -9999 -9999 -9999 -9999 -9999 -9999 -9999 -9999 -9999 -9999 -9999 -9999 -9999 -9999 -9999 -9999 -9999 -9999 -9999 -9999 -9999 -9999 -9999 83.8 83.731 83.746 83.732 83.694 83.511 83.157 83.029 82.91 82.907 82.805 82.852 82.657 82.718 82.622 82.68 82.497 82.583 82.534 82.539 82.372 81.962 82.367 82.282 82.326 82.311 82.294 82.298 82.358 82.28 82.338 82.093 82.315 82.242 82.292 82.222 82.231 82.223 82.373 82.301 82.17 82.093 82.291
-9999 -9999 -9999 -9999 -9999 -9999 -9999 -9999 -9999 -9999 -9999 -9999 -9999 -9999 -9999 -9999 -9999 -9999 -9999 -9999 -9999 -9999 -9999 -9999 -9999 -9999 -9999 -9999 -9999 -9999 83.821 83.836 83.942 83.788 83.695 83.71 83.479 83.054 82.865 83.002 82.891 82.858 82.832 82.806 82.809 82.616 82.626 82.6 82.537 82.327 82.465 82.33 82.293 82.381 82.309 82.371 82.389 82.337 82.308 82.366 82.078 82.257 82.257 82.364 82.153 82.405 82.275 82.548 82.199 82.247 81.953 82.309 82.308 82.264
-9999 -9999 -9999 -9999 -9999 -9999 -9999 -9999 -9999 -9999 -9999 -9999 -9999 -9999 -9999 -9999 -9999 -9999 -9999 -9999 -9999 -9999 -9999 -9999 -9999 -9999 -9999 -9999 -9999 -9999 83.889 83.833 83.733 83.591 83.797 83.599 83.427 83.328 83.064 82.978 82.95 82.851 82.908 82.874 82.789 82.695 82.697 82.561 82.517 82.497 82.369 82.324 82.343 82.312 82.313 82.398 82.348 82.023 82.343 82.27 82.246 82.254 82.147 82.284 82.33 82.367 82.306 82.303 82.032 82.344 82.265 82.322 82.309 82.305
-9999 -9999 -9999 -9999 -9999 -9999 -9999 -9999 -9999 -9999 -9999 -9999 -9999 -9999 -9999 -9999 -9999 -9999 -9999 -9999 -9999 -9999 -9999 -9999 -9999 -9999 -9999 -9999 -9999 -9999 83.83 83.806 83.746 83.699 83.74 83.665 83.419 83.251 83.109 83.068 83.017 82.924 82.946 82.875 82.797 82.587 82.65 82.579 82.484 82.382 82.343 82.269 82.263 82.266 82.332 82.334 82.294 82.281 82.417 82.316 82.057 82.378 82.288 82.293 82.347 82.34 82.249 82.255 82.264 82.229 82.259 82.417 82.036 82.312
-9999 -9999 -9999 -9999 -9999 -9999 -9999 -9999 -9999 -9999 -9999 -9999 -9999 -9999 -9999 -9999 -9999 -9999 -9999 -9999 -9999 -9999 -9999 -9999 -9999 -9999 -9999 -9999 -9999 -9999 83.853 83.77 83.802 83.617 83.571 83.421 83.453 83.308 83.139 83.133 83.122 82.974 82.95 82.997 82.839 82.762 82.655 82.476 82.393 82.265 82.42 82.347 82.089 82.412 82.4 82.269 82.168 82.241 82.231 82.295 82.297 82.335 82.317 82.34 82.521 82.33 82.327 82.277 82.297 82.346 82.317 82.387 82.302 82.25
-9999 -9999 -9999 -9999 -9999 -9999 -9999 -9999 -9999 -9999 -9999 -9999 -9999 -9999 -9999 -9999 -9999 -9999 -9999 -9999 -9999 -9999 -9999 -9999 -9999 -9999 -9999 -9999 -9999 83.778 83.716 83.812 83.739 83.738 83.692 83.689 83.551 83.344 83.248 83.171 83.112 82.957 83.06 82.916 82.699 82.779 82.53 82.345 82.665 81.864 82.39 82.577 83.385 83.23 82.718 82.43 82.332 82.216 82.068 82.23 82.263 82.105 82.273 82.362 82.324 82.294 82.364 82.103 82.35 82.361 82.25 82.378 81.909 82.371
-9999 -9999 -9999 -9999 -9999 -9999 -9999 -9999 -9999 -9999 -9999 -9999 -9999 -9999 -9999 -9999 -9999 -9999 -9999 -9999 -9999 -9999 -9999 -9999 -9999 -9999 -9999 83.771 83.916 83.882 83.927 83.92 83.866 83.779 83.727 83.605 83.459 83.344 83.154 83.127 83.18 83.043 82.955 82.947 82.848 82.624 82.241 82.441 82.558 82.911 83.716 84.518 85.188 85.161 84.678 83.88 82.954 82.341 82.339 82.34 82.141 82.308 82.322 82.307 82.377 82.109 82.369 82.367 82.602 83.431 83.741 82.385 82.445 82.321
-9999 -9999 -9999 -9999 -9999 -9999 -9999 -9999 -9999 -9999 -9999 -9999 -9999 -9999 -9999 -9999 -9999 -9999 -9999 -9999 -9999 -9999 -9999 -9999 -9999 -9999 83.835 83.888 83.922 83.964 83.975 83.945 83.975 83.684 83.58 83.569 83.642 83.591 83.364 83.323 83.163 83.106 82.982 82.993 82.878 82.628 82.435 82.448 82.523 83.54 85.007 85.579 86.39 86.796 87.309 86.182 85.942 84.409 82.84 82.442 82.248 82.444 82.087 82.233 82.286 82.345 82.302 82.386 82.689 83.059 82.45 82.371 82.359 82.083
-9999 -9999 -9999 -9999 -9999 -9999 -9999 -9999 -9999 -9999 -9999 -9999 -9999 -9999 -9999 -9999 -9999 -9999 -9999 -9999 -9999 -9999 -9999 -9999 -9999 83.91 83.916 83.95 83.9 83.833 83.915 83.855 83.773 83.776 83.749 83.675 83.637 83.628 83.529 83.39 83.286 83.009 83.019 82.999 82.85 82.644 82.51 82.556 82.371 82.989 84.807 85.77 87.76 88.592 89.051 89.651 89.283 88.913 87.424 83.066 82.562 82.385 82.258 82.251 82.179 82.361 82.306 82.271 82.279 82.315 82.039 82.334 82.315 82.337
-9999 -9999 -9999 -9999 -9999 -9999 -9999 -9999 -9999 -9999 -9999 -9999 -9999 -9999 -9999 -9999 -9999 -9999 -9999 -9999 -9999 -9999 84.419 83.935 83.892 83.913 83.952 84.018 84.065 83.953 83.919 83.866 83.873 83.797 83.784 83.727 83.591 83.605 83.568 83.423 83.322 83.151 83.064 82.976 82.837 82.637 82.627 82.66 82.445 82.813 84.442 85.782 86.997 88.236 88.866 89.131 89.63 89.405 87.479 84.888 83.647 84.221 84.146 83.121 82.599 82.209 82.294 82.39 82.415 82.298 82.03 82.256 82.352 82.415
-9999 -9999 -9999 -9999 -9999 -9999 -9999 -9999 -9999 -9999 -9999 -9999 -9999 -9999 -9999 -9999 -9999 -9999 -9999 -9999 -9999 -9999 86.051 85.794 83.919 83.888 83.942 83.963 84.017 83.966 83.906 83.76 83.827 83.753 83.803 83.815 83.766 83.72 83.584 83.512 83.415 83.311 83.139 82.954 82.843 82.772 82.604 82.64 82.629 82.773 84.347 85.398 85.774 86.526 87.479 87.754 87.728 87.891 87.468 86.331 85.551 84.325 84.574 84.271 83.58 83.494 82.457 82.22 82.255 82.442 82.284 82.325 82.367 82.345
-9999 -9999 -9999 -9999 -9999 -9999 -9999 -9999 -9999 -9999 -9999 -9999 -9999 -9999 -9999 -9999 -9999 -9999 -9999 -9999 -9999 -9999 84.089 84.691 84.456 83.976 83.987 83.993 84.064 83.956 83.929 83.919 83.895 83.96 83.954 83.859 83.801 83.702 83.631 83.453 83.441 83.313 83.168 82.944 82.731 82.775 82.791 82.734 82.801 82.743 83.508 84.43 84.183 84.686 85.669 85.953 85.616 85.586 86.033 85.91 85.037 85.125 84.788 84.739 84.826 83.82 83.076 82.483 82.559 82.148 82.324 82.254 82.286 82.045
-9999 -9999 -9999 -9999 -9999 -9999 -9999 -9999 -9999 -9999 -9999 -9999 -9999 -9999 -9999 -9999 -9999 -9999 -9999 -9999 -9999 84.065 83.973 84.048 84.158 84.024 83.976 83.998 83.999 84.083 83.994 83.908 83.96 83.907 83.758 83.854 83.857 83.723 83.678 83.579 83.431 83.378 83.271 83.054 82.877 82.739 82.689 82.941 82.622 82.871 82.85 82.818 83.384 83.641 83.771 83.959 84.158 84.156 84.756 85.741 85.406 85.107 85.296 85.3 84.97 84.527 83.34 83.229 83.79 82.581 82.256 82.207 82.352 82.337
-9999 -9999 -9999 -9999 -9999 -9999 -9999 -9999 -9999 -9999 -9999 -9999 -9999 -9999 -9999 -9999 -9999 -9999 -9999 -9999 -9999 84.076 84.089 84.096 84.056 84.062 84.027 84.029 84.012 83.938 84.018 84.106 84.048 83.996 84.074 84.004 83.861 83.717 83.7 83.689 83.473 83.388 83.34 83.225 82.99 82.844 82.852 82.665 83.018 82.672 82.857 82.652 82.591 82.737 82.867 82.898 82.967 82.953 83.462 84.064 84.304 84.562 85.296 85.576 84.659 84.271 84.079 83.27 84.439 83.404 82.59 82.319 82.38 82.329
-9999 -9999 -9999 -9999 -9999 -9999 -9999 -9999 -9999 -9999 -9999 -9999 -9999 -9999 -9999 -9999 -9999 -9999 -9999 -9999 -9999 84.251 84.208 84.138 84.067 84.117 84.098 84.097 84.099 84.09 83.979 84.079 84.026 84.017 84.019 83.917 83.737 83.765 83.719 83.715 83.704 83.588 83.506 83.384 83.29 83.148 82.926 82.817 82.744 82.308 82.812 83.006 82.925 82.77 82.675 82.829 83.001 83.236 82.91 82.892 83.302 83.832 84.365 84.693 84.896 84.543 84.168 84.069 84.075 84.617 84.447 84.055 83.383 82.375
-9999 -9999 -9999 -9999 -9999 -9999 -9999 -9999 -9999 -9999 -9999 -9999 -9999 -9999 -9999 -9999 -9999 -9999 -9999 -9999 -9999 84.195 84.114 84.191 84.223 84.097 84.074 84.112 84.087 84.086 84.138 83.996 84.152 84.051 84.01 84.037 83.944 83.892 83.847 83.822 83.789 83.706 83.604 83.465 83.286 83.267 83.032 83.045 83.05 82.77 82.877 82.904 82.903 82.89 82.43 82.843 82.86 82.943 83.121 82.997 82.832 82.964 83.275 83.809 84.237 84.016 84.448 84.661 84.302 84.1 85.192 85.086 84.207 83.082
-9999 -9999 -9999 -9999 -9999 -9999 -9999 -9999 -9999 -9999 -9999 -9999 -9999 -9999 -9999 -9999 -9999 -9999 -9999 -9999 -9999 84.207 84.165 84.215 84.184 84.187 84.164 84.122 84.154 84.134 84.159 84.111 84.101 84.065 84.078 83.955 83.895 83.859 83.901 83.805 83.667 83.809 83.693 83.561 83.566 83.34 83.298 83.087 83.158 83.022 82.914 82.909 82.912 82.846 82.91 82.959 82.862 83.031 83.087 83.203 83.019 83.091 82.904 82.946 83.563 83.935 83.85 84.038 84.448 84.295 84.078 84.264 84.638 84.145
-9999 -9999 -9999 -9999 -9999 -9999 -9999 -9999 -9999 -9999 -9999 -9999 -9999 -9999 -9999 -9999 -9999 -9999 -9999 -9999 -9999 84.574 84.219 84.208 84.246 84.214 84.16 84.168 84.174 84.143 84.224 84.184 84.093 84.085 83.972 83.926 83.914 83.913 83.926 83.98 83.859 83.859 83.784 83.673 83.6 83.475 83.42 83.204 83.203 83.17 83.151 83.106 82.96 82.997 83.047 83.014 82.939 83.054 83.238 82.856 83.182 83.016 83.079 83.086 83.283 83.389 83.801 83.923 83.914 83.958 84.522 83.308 83.374 84
-9999 -9999 -9999 -9999 -9999 -9999 -9999 -9999 -9999 -9999 -9999 -9999 -9999 -9999 -9999 -9999 -9999 -9999 -9999 -9999 -9999 84.147 84.226 84.26 84.318 84.272 84.215 84.264 84.158 84.254 84.147 84.128 84.139 84.117 84.051 84.06 83.996 84.026 83.98 83.923 83.936 83.932 83.651 83.632 83.711 83.661 83.491 83.45 83.278 83.25 83.176 83.153 82.89 83.073 83.046 83.109 83.077 82.727 83.236 83.779 84.4 84.393 83.631 83.071 83.42 83.729 85.173 85.7 85.262 84.608 84.458 83.888 82.649 82.623
-9999 -9999 -9999 -9999 -9999 -9999 -9999 -9999 -9999 -9999 -9999 -9999 -9999 -9999 -9999 -9999 -9999 -9999 -9999 -9999 -9999 84.343 84.275 84.327 84.296 84.277 84.229 84.25 84.208 84.175 84.182 84.177 84.157 84.102 84.083 84.037 84.006 83.867 84.013 84.04 84.017 83.972 83.974 83.955 83.805 83.659 83.608 83.548 83.571 83.329 83.275 83.271 83.196 82.727 83.155 83.104 83.132 82.755 83.654 84.155 85.207 85.572 84.798 83.576 83.586 84.161 85.723 86.947 87.1 86.203 85.334 84.037 82.742 82.411
-9999 -9999 -9999 -9999 -9999 -9999 -9999 -9999 -9999 -9999 -9999 -9999 -9999 -9999 -9999 -9999 -9999 -9999 -9999 -9999 -9999 84.372 84.304 84.318 84.223 84.219 84.312 84.256 84.262 84.198 84.23 84.204 84.096 84.109 84.009 84.094 84.04 83.989 84.067 84.017 84.004 83.991 83.974 83.915 83.753 83.674 83.575 83.632 83.551 83.438 83.354 83.368 83.333 83.162 83.311 83.19 83.186 83.293 83.412 83.851 84.739 85.73 85.443 83.928 83.727 84.752 85.878 87.339 88.363 87.633 85.922 84.162 82.782 82.552
