04_184A014/dem.asc
ncols 186
nrows 177
xllcorner 610464
yllcorner 6870672
cellsize 16
nodata_value -9999
[rows 99 to 131 of 177, columns 74 to 147 of 186]
82.538 82.572 82.604 82.573 82.495 82.451 82.447 82.467 82.005 82.462 82.336 82.263 82.204 82.221 82.112 82.075 81.96 83.112 85.183 86.213 87.912 89.789 89.958 90.593 88.145 86.469 85.881 84.617 84.085 83.524 83.537 82.33 82.029 81.853 81.882 81.932 81.94 81.853 81.961 81.595 -9999 -9999 -9999 -9999 -9999 -9999 -9999 -9999 -9999 -9999 -9999 -9999 -9999 -9999 -9999 -9999 -9999 -9999 -9999 -9999 -9999 -9999 -9999 -9999 -9999 -9999 -9999 -9999 -9999 -9999 -9999 -9999 -9999 -9999
82.677 82.521 82.561 82.523 82.577 82.434 82.449 82.412 82.316 82.382 82.314 82.335 82.224 82.196 82.348 81.999 82.25 82.371 82.766 83.746 85.16 85.109 85.283 85.742 85.761 85.421 85.548 84.735 84.608 83.97 84.296 83.75 83.127 83.344 82.457 82.8 82.42 81.873 81.77 81.798 81.671 81.386 -9999 -9999 -9999 -9999 -9999 -9999 -9999 -9999 -9999 -9999 -9999 -9999 -9999 -9999 -9999 -9999 -9999 -9999 -9999 -9999 -9999 -9999 81.506 81.464 81.391 -9999 -9999 -9999 -9999 -9999 -9999 -9999
82.588 82.597 82.514 82.511 82.596 82.504 82.439 82.493 82.488 82.339 82.272 82.293 81.926 82.285 82.313 82.195 82.21 82.183 82.315 82.142 82.427 82.397 82.58 82.62 83.362 84.071 85.02 85.538 85.569 85.074 84.543 84.992 84.904 84.878 83.739 83.587 83.356 82.339 81.784 81.761 81.756 81.783 81.538 81.403 -9999 -9999 -9999 -9999 -9999 -9999 -9999 -9999 -9999 -9999 -9999 -9999 -9999 -9999 -9999 -9999 -9999 -9999 -9999 -9999 -9999 -9999 -9999 -9999 -9999 -9999 -9999 -9999 -9999 -9999
82.617 82.195 82.582 82.477 82.436 82.498 82.414 82.607 82.424 82.417 82.316 82.411 82.229 82.321 82.187 82.209 82.145 82.213 82.37 82.111 82.354 82.366 82.318 82.328 82.304 82.642 83.592 84.424 84.937 85.369 85.295 85.162 84.95 85.302 84.824 84.488 83.331 82.188 81.989 81.821 81.779 81.688 81.621 81.674 -9999 -9999 -9999 -9999 -9999 -9999 -9999 -9999 -9999 -9999 -9999 -9999 -9999 -9999 -9999 -9999 -9999 -9999 -9999 -9999 -9999 -9999 -9999 -9999 -9999 -9999 -9999 -9999 -9999 -9999
82.584 82.565 82.541 82.495 82.523 82.525 82.459 82.239 82.378 82.329 82.343 82.395 82.367 82.267 82.415 82.203 82.288 82.403 82.284 82.361 82.348 82.339 82.385 82.175 82.408 82.286 82.408 83.298 84.305 84.638 84.641 84.998 85.604 85.765 85.237 84.799 83.328 82.618 82.483 82.417 82.742 82.584 81.724 81.694 81.629 -9999 -9999 -9999 -9999 -9999 -9999 -9999 -9999 -9999 -9999 -9999 -9999 -9999 -9999 -9999 -9999 -9999 -9999 -9999 -9999 -9999 -9999 -9999 -9999 -9999 -9999 -9999 -9999 -9999
82.579 82.636 82.611 82.561 82.703 82.292 82.446 82.393 82.41 82.354 82.501 82.398 82.232 82.415 82.081 82.421 82.366 82.364 82.243 82.328 82.352 82.343 82.36 82.277 82.098 81.997 82.275 82.308 82.632 83.185 83.977 84.575 84.224 84.235 84.909 84.252 83.481 82.743 83.215 83.805 83.932 82.524 81.82 81.78 81.757 81.65 81.4 -9999 -9999 -9999 -9999 -9999 -9999 -9999 -9999 -9999 -9999 -9999 -9999 -9999 -9999 -9999 -9999 -9999 -9999 -9999 -9999 -9999 -9999 -9999 -9999 -9999 -9999 -9999
82.641 82.571 82.241 82.516 82.44 82.468 82.465 82.564 82.39 82.372 82.296 82.356 82.298 82.242 82.319 82.33 82.293 82.3 82.256 82.286 82.326 82.014 82.381 82.265 82.29 82.264 82.341 82.263 82.275 82.3 82.677 82.748 82.652 83.072 84.017 84.293 83.923 83.292 83.247 84.119 84.358 82.619 82.542 81.783 81.836 81.893 81.66 -9999 -9999 -9999 -9999 -9999 -9999 -9999 -9999 -9999 -9999 -9999 -9999 -9999 -9999 -9999 -9999 -9999 -9999 -9999 -9999 -9999 -9999 -9999 -9999 -9999 -9999 -9999
82.49 82.558 82.581 82.572 82.639 82.436 82.537 82.439 82.451 82.227 82.4 82.349 82.345 82.32 82.34 82.315 82.376 82.286 82.339 82.342 82.356 82.318 82.214 82.212 82.271 82.304 82.352 82.362 82.228 82.117 82.257 82.31 82.39 82.431 82.519 83.095 83.943 84.32 84.495 83.903 83.027 82.348 82.425 82.423 81.968 81.933 81.826 81.792 -9999 -9999 -9999 -9999 -9999 -9999 -9999 -9999 -9999 -9999 -9999 -9999 -9999 -9999 -9999 -9999 -9999 -9999 -9999 -9999 -9999 -9999 -9999 -9999 -9999 -9999
82.637 82.65 82.591 82.667 82.64 82.513 82.315 82.52 82.387 82.493 82.566 82.428 82.325 82.421 82.286 82.208 82.434 82.45 82.398 82.343 82.434 82.367 82.295 82.233 82.147 82.286 82.215 82.218 82.158 82.224 82.213 82.019 82.153 82.799 82.241 82.322 82.563 83.03 83.914 83.964 83.332 82.234 82.244 82.075 81.923 81.882 81.895 81.936 81.794 -9999 -9999 -9999 -9999 -9999 -9999 -9999 -9999 -9999 -9999 -9999 -9999 -9999 -9999 -9999 -9999 -9999 -9999 -9999 -9999 -9999 -9999 -9999 -9999 -9999
82.655 82.59 82.682 82.537 82.46 82.566 82.459 82.466 82.418 82.394 82.372 82.387 82.35 82.111 82.38 82.358 82.304 82.354 82.422 82.392 82.371 82.338 82.06 82.34 82.435 82.378 82.255 82.257 82.21 82.117 82.2 82.149 81.974 82.173 82.184 82.121 82.229 82.187 83.112 83.996 84.129 82.408 82.028 81.968 81.862 81.985 81.973 81.716 81.691 81.804 81.474 81.747 81.74 81.402 -9999 -9999 -9999 -9999 -9999 -9999 -9999 -9999 -9999 -9999 -9999 -9999 -9999 -9999 -9999 -9999 -9999 -9999 -9999 -9999
82.749 82.723 82.602 82.617 82.571 82.49 82.458 82.402 82.425 82.489 82.317 82.457 82.411 82.492 82.404 82.458 82.408 82.347 82.386 82.332 82.151 82.404 82.351 82.308 82.348 82.328 82.181 82.209 82.303 82.268 82.021 82.319 82.115 82.197 81.98 82.161 82.058 82.052 82.162 82.133 82.401 81.925 81.937 81.947 82.032 82.039 81.952 81.946 81.899 81.773 81.722 81.941 81.781 81.864 81.69 81.388 -9999 -9999 -9999 -9999 -9999 -9999 -9999 -9999 -9999 -9999 -9999 -9999 -9999 -9999 -9999 -9999 -9999 -9999
82.835 82.687 82.652 82.515 82.639 82.547 82.494 82.581 82.098 82.419 82.423 82.438 82.483 82.374 82.288 82.055 82.497 82.367 82.037 82.375 82.345 82.434 82.428 82.341 82.302 82.379 82.184 82.255 82.012 82.198 82.169 82.122 82.222 82.056 82.197 82.026 81.985 82.099 82.031 82.076 81.949 82.048 81.983 82.029 81.974 82.002 81.987 81.979 81.895 81.877 81.834 81.861 81.649 81.898 81.836 81.613 81.451 81.391 -9999 -9999 -9999 -9999 -9999 -9999 -9999 -9999 -9999 -9999 -9999 -9999 -9999 -9999 -9999 -9999
82.66 82.569 82.641 82.604 82.535 82.231 82.503 82.595 82.547 82.484 82.479 82.545 82.265 82.388 82.353 82.342 82.341 82.422 82.404 82.464 82.474 82.389 82.441 82.414 82.266 82.358 82.385 82.257 82.237 82.294 82.253 82.325 82.273 82.168 82.176 82.215 82.12 81.904 81.984 81.982 82.03 82.035 81.96 82.008 82.029 81.95 81.95 81.93 81.867 81.884 81.924 81.861 82.028 81.859 81.713 81.812 81.748 81.444 81.496 81.387 -9999 -9999 -9999 -9999 -9999 -9999 -9999 -9999 -9999 -9999 -9999 -9999 -9999 -9999
82.668 82.582 82.504 82.762 82.556 82.626 82.655 82.638 82.657 82.148 82.61 82.415 82.487 82.49 82.357 82.381 82.401 82.447 82.336 82.414 82.508 82.379 82.462 82.252 82.248 82.334 82.404 82.344 82.349 82.358 82.271 82.233 82.225 82.28 82.149 82.31 82.162 82.095 82.081 82.077 82.03 82.054 82.066 81.985 81.953 81.956 81.889 81.918 81.843 81.778 81.856 82.075 82.022 81.903 81.909 81.849 81.812 81.931 82.463 82.941 81.474 -9999 -9999 -9999 -9999 -9999 -9999 -9999 -9999 -9999 -9999 -9999 -9999 -9999
82.547 82.634 82.624 82.675 82.634 82.699 82.249 82.729 82.628 82.606 82.726 82.258 82.545 82.599 82.535 82.546 82.513 82.484 82.422 82.363 82.465 82.564 82.598 82.983 82.579 82.357 82.683 82.282 82.222 82.264 82.245 82.325 82.302 82.355 82.194 82.035 82.159 82.082 82.129 82.072 82.03 82.075 82.099 82.038 82.023 82.037 81.999 82.02 81.853 81.82 81.969 81.909 81.902 81.905 81.925 81.77 81.64 81.779 82.524 83.976 83.203 81.835 81.387 -9999 -9999 -9999 -9999 -9999 -9999 -9999 -9999 -9999 -9999 -9999
82.935 82.661 82.727 82.615 82.668 82.657 82.643 82.642 82.609 82.57 82.711 82.624 82.579 82.489 82.645 82.51 82.57 82.478 82.115 82.428 82.515 82.651 83.762 85.045 85.01 83.705 82.923 82.554 82.445 82.052 82.251 82.24 82.25 82.269 82.244 82.261 82.143 81.982 82.157 82.112 82.192 82.049 82.022 82.052 81.948 82.029 81.934 81.955 81.976 81.978 81.942 81.884 81.833 81.872 81.879 81.988 81.833 81.842 82.226 82.374 82.906 82.182 81.535 81.484 81.388 -9999 -9999 -9999 -9999 -9999 81.387 -9999 -9999 -9999
82.684 82.389 82.715 82.705 82.723 82.681 82.6 82.403 82.729 82.734 82.758 82.733 82.684 82.66 82.468 82.64 82.494 82.547 82.444 82.477 82.627 83.114 84.505 86.352 86.34 85.818 85.599 84.528 83.249 82.71 82.542 82.04 82.241 82.224 82.229 82.236 82.207 82.147 82.115 82.178 82.018 81.976 82.043 81.99 82.027 81.978 81.936 81.955 82.045 81.92 81.913 81.892 81.823 82.103 81.778 81.726 81.83 81.857 81.677 81.935 81.82 81.631 81.612 81.67 81.663 81.75 -9999 -9999 -9999 -9999 81.453 81.669 -9999 -9999
84.67 84.944 82.617 82.648 82.721 82.423 82.716 82.717 82.736 82.778 82.732 82.798 82.62 82.194 82.608 82.766 82.634 82.682 82.61 82.731 82.805 83.456 85.306 86.923 87.207 87.092 87.124 86.202 84.332 84.478 84.289 82.662 82.32 82.242 82.207 82.216 82.279 82.287 82.197 82.148 82.138 81.99 81.993 81.975 82.077 82.005 81.933 81.905 81.994 81.939 81.997 81.872 81.691 81.632 81.837 81.659 81.802 81.74 81.757 81.842 81.783 81.934 81.749 81.695 81.736 81.747 81.767 81.389 81.387 -9999 -9999 81.558 -9999 -9999
83.182 83.788 83.252 82.585 82.758 82.793 82.753 82.791 82.785 82.823 82.668 82.579 82.726 82.772 82.778 82.708 82.836 82.558 82.644 82.591 82.703 84.066 85.937 87.176 86.852 87.053 87.142 86.265 84.944 84.544 83.923 83.034 82.736 82.342 82.433 82.229 82.2 82.197 82.076 82.214 81.991 82.141 82.053 82.086 81.996 81.863 81.992 81.897 81.818 81.892 81.703 81.851 81.729 81.759 81.827 81.794 82.009 81.652 81.666 81.713 81.751 81.847 81.848 82.026 82.036 81.713 81.679 81.761 81.498 81.384 -9999 81.435 81.38 81.387
82.887 82.729 82.805 82.901 82.956 82.85 82.929 83.453 82.839 82.839 82.812 82.912 82.727 82.77 82.331 82.743 82.742 82.731 82.624 82.388 82.678 83.154 85.622 87.828 88.066 88.17 87.858 87.034 85.947 84.627 84.036 83.832 83.475 82.653 82.295 82.466 82.257 82.106 81.967 81.954 82.118 81.994 82.231 82.489 82.469 82.234 82.05 82.237 81.665 81.906 81.799 81.722 81.909 81.881 81.757 81.902 81.766 81.964 81.614 81.641 81.86 81.831 81.749 81.802 81.902 81.922 81.766 81.627 81.657 81.429 -9999 81.466 81.478 81.506
82.844 82.837 82.848 82.845 83.701 82.911 82.928 83.59 82.766 82.868 83.011 82.616 82.778 82.752 82.837 82.801 82.681 82.588 82.459 82.663 82.717 82.829 84.339 87.688 88.953 89.109 88.526 88.681 87.618 85.627 84.941 84.507 83.898 83.102 82.557 82.355 82.322 82.428 82.282 82.468 82.687 82.841 83.812 84.481 84.656 84.439 83.661 82.758 82.071 81.926 81.919 81.89 81.869 81.937 81.813 82.17 81.876 81.898 81.724 81.782 81.669 81.822 81.721 81.785 82.039 82.283 82.133 81.693 81.631 81.761 -9999 -9999 -9999 81.64
83.08 83.043 82.827 82.952 82.546 82.852 82.99 82.899 82.748 82.722 82.965 82.836 82.652 82.723 82.688 82.345 82.791 82.938 82.915 83.021 82.935 82.822 83.108 84.737 86.696 88.218 88.001 87.234 87.071 86.793 86.372 85.749 84.101 83.649 83.148 82.719 82.631 82.962 83.007 84.232 84.71 84.498 83.828 84.385 84.264 84.14 83.728 84.709 82.509 82.534 82.102 81.899 81.963 82.303 82.034 82.363 82.342 81.864 81.853 81.864 82.165 81.72 81.817 81.757 81.844 81.953 82.136 81.726 81.693 81.656 -9999 -9999 -9999 81.613
83.636 84.777 82.95 82.752 82.644 82.825 82.86 82.933 82.879 82.961 82.66 82.709 82.497 82.565 82.837 82.917 82.99 83.056 83.09 82.804 82.989 83.014 83.069 84.207 84.846 85.587 86.255 88.007 88.347 87.066 86.164 85.244 84.853 84.199 83.965 83.534 83.63 83.544 84.194 85.168 85.468 84.988 84.289 84.744 85.037 85.684 84.806 83.422 83.282 82.664 82.152 82.333 82.51 82.419 82.377 82.465 82.288 81.927 82.004 81.925 81.844 81.76 81.846 82.036 81.797 81.8 81.816 81.733 81.84 81.76 -9999 -9999 -9999 -9999
84.726 84.329 83.225 82.91 82.907 82.899 83.931 84.479 84.262 83.462 83.349 83.324 84.07 84.472 83.16 83.102 83.075 83.143 83.074 82.965 82.609 82.926 83.004 83.78 84.117 84 84.306 85.383 87.487 87.378 85.963 85.631 85.425 86.005 85.181 84.942 84.99 85.2 85.384 85.912 86.668 86.371 85.747 84.923 85.476 86.208 85.137 83.342 83.423 83.081 82.692 82.707 83.895 83.255 82.94 83.019 83.056 82.909 82.451 81.922 81.864 81.888 81.795 81.81 81.821 81.857 81.664 81.968 81.837 -9999 -9999 -9999 -9999 -9999
86.489 84.346 84.624 83.685 83.252 83.568 84.121 84.845 84.989 85.069 85.436 86.891 85.936 84.772 83.869 84.619 83.067 83.075 83.038 83.274 82.63 83.26 83.133 84.018 83.846 83.322 84.038 84.984 85.96 85.523 85.506 85.565 86.13 85.743 85.696 85.041 85.615 85.728 86.09 87.035 87.273 87.338 86.989 85.802 84.916 84.544 83.958 83.757 83.952 83.519 83.906 83.84 83.775 83.986 85.021 83.772 83.272 83.269 83.21 82.775 82.252 81.907 82.366 81.906 81.865 81.927 82.029 81.877 81.888 -9999 -9999 -9999 -9999 -9999
85.836 83.908 83.666 83.405 83.834 84.389 85.568 85.596 85.73 87.017 89.865 88.158 86.992 85.62 85.126 84.888 83.329 83.132 83.031 83.216 82.779 83.205 83.205 83.22 83.505 83.198 84.404 85.898 85.087 84.737 84.6 85.07 85.674 86.22 86.235 85.505 85.137 85.541 85.669 85.604 85.87 86.327 86.852 86.08 85.395 84.782 84.629 84.41 84.15 84.069 84.583 84.112 84.174 84.361 84.271 84.042 83.497 83.276 83.674 82.414 82.209 82.152 82.18 82.009 81.819 82.02 81.861 81.816 81.902 -9999 -9999 -9999 -9999 -9999
83.797 83.645 83.415 83.783 84.615 85.419 86.886 87.592 88.932 88.146 90.102 87.497 87.551 86.432 85.766 84.003 83.791 83.809 83.094 83.116 83.183 83.286 83.131 83.33 83.647 83.644 83.81 84.017 84.367 84.3 84.437 85.621 87.48 86.841 86.809 85.406 85.213 85.477 85.529 85.625 85.739 85.948 85.927 85.98 86.245 86.32 85.917 85.181 84.942 84.685 84.565 84.539 84.855 84.89 85.005 84.664 84.137 83.358 83.158 82.526 82.278 82.403 82.823 82.11 81.836 81.93 81.925 81.994 81.963 -9999 -9999 -9999 -9999 -9999
83.689 84.083 84.138 83.913 85.117 86.888 88.592 88.686 87.621 86.907 86.604 86.809 87.537 87.862 -9999 85.37 85.137 85.403 84.527 82.979 82.862 83.217 83.334 83.393 84.202 84.754 84.478 84.24 83.925 84.337 84.277 85.157 87.314 86.646 85.868 85.422 85.305 85.413 85.962 86.193 86.26 86.085 86.157 86.34 87.166 87.581 87.757 86.477 85.302 85.32 85.189 84.946 85.18 85.453 85.227 85.212 84.472 83.594 83.156 82.683 82.501 82.709 82.272 81.967 81.923 81.979 81.936 81.975 81.896 -9999 -9999 -9999 -9999 -9999
83.789 84.382 85.003 84.664 85.233 87.307 90.678 88.172 87.691 87.527 87.179 87.302 86.638 86.606 -9999 -9999 87.171 -9999 87.382 85.516 83.726 83.272 83.393 83.081 84.59 85.202 84.32 84.073 84.171 84.06 84.329 84.649 85.393 85.821 85.861 85.982 85.928 85.857 86.032 86.655 87.418 87.516 87.213 86.716 87.639 89.143 88.927 86.747 85.507 85.914 85.672 86.377 86.224 85.501 84.587 84.307 83.897 83.538 83.252 83.069 82.636 82.745 82.478 82.254 81.993 81.986 81.982 82.195 82.019 -9999 -9999 -9999 -9999 -9999
83.926 83.765 84.482 84.591 85.247 86.803 87.488 87.558 88.52 88.891 88.582 87.316 86.458 86.288 -9999 -9999 -9999 -9999 85.441 85.006 85.123 83.745 83.253 83.474 84.662 85.484 84.413 84.334 84.233 84.025 84.352 84.683 85.501 86.285 86.758 87.002 87.481 88.692 88.349 88.499 88.257 87.9 87.598 87.033 87.478 89.054 88.809 87.045 86.168 85.817 85.981 85.973 86.344 86.131 84.845 84.247 83.949 83.591 83.773 83.918 83.529 83.643 82.817 82.123 82.003 82.081 81.969 81.952 81.951 -9999 -9999 -9999 -9999 -9999
84.164 83.981 83.857 84.543 85.931 86.788 87.146 87.107 88.449 88.367 88.014 88.018 86.368 86.166 -9999 -9999 -9999 -9999 -9999 84.62 85.462 84.553 83.684 84.319 83.999 84.093 84.069 84.269 83.921 84.21 84.409 85.14 86.258 87.042 87.743 87.877 89.318 -9999 -9999 -9999 89.06 87.518 87.032 87.126 88.237 88.758 88.777 87.102 86.759 86.653 85.838 85.823 85.898 85.855 85.357 84.56 83.857 83.714 83.614 83.671 83.98 84.36 84.273 83.246 82.396 82.125 82.124 82.067 82.081 -9999 -9999 -9999 -9999 -9999
84.045 84.039 84.064 84.33 85.766 87.585 87.732 87.231 86.434 86.396 87.236 88.013 86.151 86.203 -9999 -9999 -9999 -9999 -9999 85.158 84.306 84.881 84.448 84.327 84.221 84.098 84.151 84.208 84.119 84.194 84.383 85.669 86.848 88.058 89.033 88.776 -9999 -9999 -9999 -9999 -9999 -9999 -9999 -9999 -9999 89.115 88.436 87.769 87.696 86.858 86.13 85.733 85.664 85.839 85.638 84.67 84.154 83.678 83.6 83.69 83.999 84.033 84.189 84.431 83.688 82.757 82.207 82.102 -9999 -9999 -9999 -9999 -9999 -9999
84.044 84.019 84.167 84.604 84.99 85.741 86.185 85.462 85.81 86.234 85.347 84.777 84.958 85.693 85.699 -9999 -9999 -9999 -9999 -9999 84.255 84.201 84.366 84.546 84.241 84.252 84.239 84.057 84.103 84.236 84.578 86.124 87.814 87.973 89.116 89.433 -9999 -9999 -9999 -9999 -9999 -9999 -9999 -9999 -9999 -9999 87.902 88.024 88.336 86.853 86.222 85.755 85.444 85.126 85.066 85.107 84.283 83.822 83.802 83.688 83.781 84.107 83.907 84.394 84.373 83.651 82.734 82.778 -9999 -9999 -9999 -9999 -9999 -9999
