04_184A014/dem.asc
ncols 186
nrows 177
xllcorner 610464
yllcorner 6870672
cellsize 16
nodata_value -9999
[rows 99 to 131 of 177, columns 0 to 73 of 186]
-9999 -9999 -9999 -9999 -9999 -9999 -9999 -9999 -9999 -9999 -9999 -9999 -9999 -9999 -9999 -9999 -9999 -9999 -9999 -9999 -9999 84.369 84.349 84.281 84.369 84.283 84.308 84.25 84.312 84.26 84.231 84.133 84.149 84.145 84.137 84.055 84.04 84.085 84.024 84.027 83.9 83.894 83.967 83.931 83.883 83.88 83.738 83.765 83.654 83.628 83.548 83.516 83.382 83.296 83.288 83.182 83.216 83.176 83.224 83.432 83.378 84.032 84.073 84.01 84.285 85.476 86.503 87.931 89.328 88.86 87.22 83.885 82.719 83.01
-9999 -9999 -9999 -9999 -9999 -9999 -9999 -9999 -9999 -9999 -9999 -9999 -9999 -9999 -9999 -9999 -9999 -9999 -9999 -9999 -9999 84.353 84.352 84.394 84.373 84.352 84.28 84.2 84.174 84.289 84.326 84.124 84.159 84.11 84.098 83.997 84.01 84.043 84.014 84.101 84.065 84.045 83.966 83.957 83.865 83.902 83.864 83.806 83.542 83.59 83.524 83.438 83.443 83.401 83.316 83.162 83.209 83.283 83.321 83.273 83.37 83.512 83.611 83.849 85.12 86.001 87.344 88.858 89.941 89.671 87.931 84.273 82.893 82.541
-9999 -9999 -9999 -9999 -9999 -9999 -9999 -9999 -9999 -9999 -9999 -9999 -9999 -9999 -9999 -9999 -9999 -9999 -9999 -9999 84.4 84.383 84.32 84.314 84.315 84.341 84.338 84.289 84.221 84.343 84.183 84.172 84.099 84.151 84.032 84.051 83.982 84.059 84.149 84.117 84.042 84.02 84.001 83.872 83.896 83.806 83.79 83.729 83.642 83.738 83.585 83.51 83.41 83.393 83.403 83.354 82.797 83.309 83.245 83.302 83.134 83.434 83.515 83.697 84.85 86.381 88.093 89.469 90.317 90.151 88.592 84.504 82.842 82.611
-9999 -9999 -9999 -9999 -9999 -9999 -9999 -9999 -9999 -9999 -9999 -9999 -9999 -9999 -9999 -9999 -9999 -9999 -9999 -9999 84.494 84.372 84.442 84.449 84.406 84.323 84.29 84.242 84.199 84.266 84.205 84.085 84.096 84.109 84.098 83.995 83.99 84.083 83.934 84.006 84.06 84.004 83.997 84.044 84.004 83.858 83.767 83.792 83.735 83.745 83.635 83.488 83.556 83.477 83.465 83.403 83.414 83.371 83.258 83.319 83.346 82.898 83.309 83.407 84.482 85.932 87.753 89.428 90.263 89.997 88.302 85.399 83.228 82.561
-9999 -9999 -9999 -9999 -9999 -9999 -9999 -9999 -9999 -9999 -9999 -9999 -9999 -9999 -9999 -9999 -9999 -9999 -9999 -9999 -9999 84.449 84.417 84.362 84.397 84.252 84.159 84.246 84.171 84.168 84.139 84.115 84.023 84.022 84.13 84.187 84.113 84.091 84.049 84.131 84.094 83.991 83.979 84.02 83.968 83.832 83.668 84.096 83.759 83.7 83.672 83.584 83.622 83.498 83.551 83.469 83.463 83.407 83.233 83.269 83.363 83.149 83.29 83.523 84.5 85.732 87.316 89.055 88.828 87.727 86.654 84.009 82.812 82.374
-9999 -9999 -9999 -9999 -9999 -9999 -9999 -9999 -9999 -9999 -9999 -9999 -9999 -9999 -9999 -9999 -9999 -9999 -9999 -9999 84.384 84.408 84.376 84.354 84.318 84.323 84.232 84.165 84.198 84.107 84.155 84.139 84.084 84.217 84.106 84.128 84.106 84.126 84.074 84.158 84.083 83.92 84.089 84.024 84.031 83.926 83.972 83.845 83.8 83.805 83.658 83.609 83.625 83.611 83.543 83.512 83.505 83.385 83.511 83.291 83.406 83.286 83.34 83.65 84.534 85.467 86.587 87.177 84.74 85.536 84.803 82.525 82.686 82.688
-9999 -9999 -9999 -9999 -9999 -9999 -9999 -9999 -9999 -9999 -9999 -9999 -9999 -9999 -9999 -9999 -9999 -9999 -9999 -9999 84.472 84.399 84.366 84.429 84.369 84.579 85.135 85.17 84.601 84.076 84.111 84.138 84.233 84.181 84.225 84.068 84.021 84.155 84.141 84.13 84.06 84.069 84.045 83.98 84.02 83.958 83.918 83.929 83.812 83.697 83.84 83.918 83.799 83.637 83.639 83.426 83.44 83.485 83.377 82.85 83.313 83.275 83.222 83.252 83.323 83.803 84.707 84.457 83.849 83.115 82.651 82.748 82.717 82.607
-9999 -9999 -9999 -9999 -9999 -9999 -9999 -9999 -9999 -9999 -9999 -9999 -9999 -9999 -9999 -9999 -9999 -9999 -9999 -9999 -9999 84.386 84.382 84.371 84.426 84.301 84.32 84.894 84.794 84.256 84.151 84.178 84.225 84.186 84.205 84.183 84.109 84.163 84.145 84.121 84.102 84.086 84.06 83.987 83.9 83.992 83.928 83.892 83.897 83.893 83.816 83.771 83.723 83.684 83.615 83.616 83.539 83.46 83.415 83.402 83.228 83.293 83.254 83.218 82.818 83.256 83.548 83.473 82.783 82.946 82.781 82.839 82.764 82.61
-9999 -9999 -9999 -9999 -9999 -9999 -9999 -9999 -9999 -9999 -9999 -9999 -9999 -9999 -9999 -9999 -9999 -9999 -9999 -9999 -9999 84.457 84.393 84.406 84.378 84.362 84.328 84.296 84.364 84.219 84.202 84.161 84.208 84.178 84.165 84.157 84.155 84.109 84.047 84.108 84.08 84.105 84.031 83.995 83.972 83.988 83.92 83.893 83.923 83.872 83.674 83.757 83.746 83.671 83.7 83.662 83.554 83.525 83.465 83.494 83.372 83.294 83.252 83.268 83.325 83.005 83.556 83.041 82.834 82.759 82.514 82.343 82.66 82.634
-9999 -9999 -9999 -9999 -9999 -9999 -9999 -9999 -9999 -9999 -9999 -9999 -9999 -9999 -9999 -9999 -9999 -9999 -9999 -9999 -9999 84.451 84.476 84.4 84.364 84.35 84.201 84.38 84.282 84.337 84.229 84.122 84.236 84.117 84.185 84.15 84.091 84.134 84.068 84.112 84.053 84.119 84.053 84.021 84.04 83.895 83.826 83.873 83.888 83.839 83.803 83.829 83.755 83.738 83.727 83.628 83.631 83.496 83.45 83.424 83.387 83.432 83.331 83.291 83.239 83.254 83.671 82.841 82.477 82.758 82.675 82.744 82.707 82.812
-9999 -9999 -9999 -9999 -9999 -9999 -9999 -9999 -9999 -9999 -9999 -9999 -9999 -9999 -9999 -9999 -9999 -9999 -9999 -9999 -9999 -9999 84.434 84.363 84.38 84.329 84.343 84.388 84.341 84.327 84.258 84.223 84.184 84.794 85.078 84.088 84.07 84.111 84.141 84.15 84.024 83.996 84.04 84.014 84.028 83.954 83.971 83.911 83.942 83.914 83.843 83.746 83.745 83.772 83.641 83.219 83.323 83.793 83.51 83.424 83.458 83.279 83.065 83.193 83.246 82.905 82.442 82.992 82.795 82.804 82.742 82.73 82.75 82.687
-9999 -9999 -9999 -9999 -9999 -9999 -9999 -9999 -9999 -9999 -9999 -9999 -9999 -9999 -9999 -9999 -9999 -9999 -9999 -9999 -9999 -9999 84.376 84.31 84.407 84.357 84.303 84.348 84.206 84.251 84.268 84.222 84.208 84.143 84.204 84.134 84.095 84.121 84.09 84.103 84.036 84.067 84.022 84.033 83.983 83.926 83.916 84.021 83.929 83.804 83.786 83.968 83.817 83.486 83.609 83.536 83.517 83.533 83.423 83.524 83.352 83.276 83.301 82.986 83.124 83.572 82.968 83.09 82.801 82.742 82.745 82.755 82.784 82.578
-9999 -9999 -9999 -9999 -9999 -9999 -9999 -9999 -9999 -9999 -9999 -9999 -9999 -9999 -9999 -9999 -9999 -9999 -9999 -9999 -9999 -9999 84.365 84.313 84.326 84.373 84.322 84.284 84.257 84.229 84.3 84.33 84.306 84.207 84.167 84.097 84.1 84.078 84.136 84.071 84.047 84.035 84.011 84.033 83.987 83.828 83.889 84.029 83.909 83.88 83.838 83.779 83.809 83.697 83.615 83.635 83.613 83.633 83.01 83.208 83.435 83.08 83.327 83.37 83.328 83.697 83.292 82.779 82.878 82.774 82.741 82.778 82.657 82.67
-9999 -9999 -9999 -9999 -9999 -9999 -9999 -9999 -9999 -9999 -9999 -9999 -9999 -9999 -9999 -9999 -9999 -9999 -9999 -9999 -9999 -9999 -9999 84.384 84.29 84.29 84.261 84.308 84.29 84.223 84.223 84.236 84.259 84.164 84.209 84.19 84.099 84.149 84.121 84.091 83.956 84.09 84.037 84.022 84.016 84.042 83.924 83.939 83.927 83.829 83.881 83.846 83.798 83.168 83.691 83.614 83.642 83.55 83.174 83.256 83.414 84.156 83.574 83.824 83.968 83.162 83.36 82.993 82.748 82.832 82.775 82.448 82.663 82.648
-9999 -9999 -9999 -9999 -9999 -9999 -9999 -9999 -9999 -9999 -9999 -9999 -9999 -9999 -9999 -9999 -9999 -9999 -9999 -9999 -9999 -9999 84.317 84.373 84.321 84.314 84.278 84.299 84.283 84.23 84.227 84.218 84.247 84.191 84.172 84.097 84.142 84.155 84.09 84.097 84.132 84.114 84.017 84.016 84 83.96 83.93 83.859 83.38 83.852 83.773 83.719 83.654 83.672 83.851 83.641 83.565 83.616 83.615 83.129 83.535 84.053 83.624 83.585 83.823 84.251 83.682 83.169 82.903 83.059 83.52 83.185 82.808 82.831
-9999 -9999 -9999 -9999 -9999 -9999 -9999 -9999 -9999 -9999 -9999 -9999 -9999 -9999 -9999 -9999 -9999 -9999 -9999 -9999 -9999 84.313 84.382 84.289 84.311 84.317 84.277 84.318 84.293 84.256 84.203 84.198 84.218 84.169 84.155 84.125 84.12 84.062 84.1 84.137 84.13 84.071 84.006 84.041 84.33 84.354 83.844 83.844 84.128 83.846 83.742 83.769 83.662 83.663 83.67 83.72 83.033 83.638 83.744 83.414 83.541 83.455 83.677 83.706 83.644 84.192 84.64 83.14 82.992 83.139 84.898 84.281 82.874 82.672
-9999 -9999 -9999 -9999 -9999 -9999 -9999 -9999 -9999 -9999 -9999 -9999 -9999 -9999 -9999 -9999 -9999 -9999 -9999 -9999 -9999 84.354 84.425 84.404 84.316 84.334 84.33 84.334 84.234 84.274 84.129 84.235 84.215 84.201 84.11 84.145 84.105 84.041 84.09 84.073 84.107 84.074 84.767 85.285 85.485 84.047 83.778 83.836 83.694 83.801 83.756 83.411 83.798 83.717 83.678 83.569 83.638 83.539 83.483 83.586 83.59 83.652 85.356 85.275 83.658 84.394 85.038 83.916 83.631 83.478 83.604 83.461 83.034 82.52
-9999 -9999 -9999 -9999 -9999 -9999 -9999 -9999 -9999 -9999 -9999 -9999 -9999 -9999 -9999 -9999 -9999 -9999 -9999 -9999 84.416 84.413 84.413 84.39 84.335 84.279 84.43 84.296 84.261 84.287 84.193 84.136 84.168 84.23 84.112 84.122 84.1 84.096 84.062 84.092 84.051 84.116 84.069 84.033 84.178 83.816 83.417 83.892 83.75 83.739 83.755 83.685 83.708 83.628 83.708 83.675 83.543 83.583 83.423 83.616 83.632 83.577 84.218 84.179 83.768 84.383 84.711 84.122 83.785 83.442 83.64 83.419 83.019 82.819
-9999 -9999 -9999 -9999 -9999 -9999 -9999 -9999 -9999 -9999 -9999 -9999 -9999 -9999 -9999 -9999 -9999 -9999 -9999 -9999 84.359 84.346 84.42 84.349 84.343 84.5 85.207 87.217 88.737 87.154 84.425 84.159 84.116 84.096 83.954 84.06 84.047 84.082 84.042 84.047 84.038 83.701 84.008 83.968 83.871 83.856 83.839 83.793 83.766 83.814 83.76 83.805 83.629 83.25 83.643 83.643 83.661 83.654 83.582 83.693 83.625 83.672 84.507 85.076 84.562 84.369 84.179 83.387 83.745 84.289 84.07 82.87 82.746 82.878
-9999 -9999 -9999 -9999 -9999 -9999 -9999 -9999 -9999 -9999 -9999 -9999 -9999 -9999 -9999 -9999 -9999 -9999 -9999 -9999 84.435 84.423 84.43 84.386 84.485 85.489 86.771 86.75 87.84 86.719 85.602 84.514 84.313 84.038 85.128 84.093 83.771 83.728 83.948 83.917 83.892 83.873 83.853 83.805 83.819 83.891 83.897 83.737 83.406 83.644 83.812 83.735 83.675 83.647 83.656 83.6 83.608 83.539 83.727 83.587 83.792 84.059 84.782 87.039 87.032 85.108 83.981 83.399 83.343 83.117 83.409 83.936 83.022 82.851
-9999 -9999 -9999 -9999 -9999 -9999 -9999 -9999 -9999 -9999 -9999 -9999 -9999 -9999 -9999 -9999 -9999 -9999 -9999 -9999 84.503 84.546 84.784 86.647 85.709 86.524 86.806 86.062 85.916 85.989 86.452 86.081 85.702 85.394 85.137 87.009 84.257 83.732 83.952 83.976 83.795 83.849 83.922 83.613 84.041 83.967 83.779 83.775 83.814 83.796 83.718 83.738 83.717 83.696 83.726 83.699 83.162 83.744 83.703 83.74 84.207 84.458 84.504 84.756 85.264 84.84 84.476 83.582 83.299 83.408 83.328 83.276 83.813 82.907
-9999 -9999 -9999 -9999 -9999 -9999 -9999 -9999 -9999 -9999 -9999 -9999 -9999 -9999 -9999 -9999 -9999 -9999 -9999 84.513 84.397 84.451 85.135 85.394 85.523 85.949 85.361 85.719 86.825 87.128 86.287 87.733 87.128 87.381 87.35 89.752 88.766 83.959 84.047 83.963 83.944 83.795 83.822 83.809 83.914 83.842 83.893 83.886 83.842 83.742 83.846 83.423 83.662 83.752 83.658 83.646 83.762 83.646 83.7 83.794 84.26 85.195 85.79 85.24 84.868 84.613 85.023 84.621 83.653 83.122 83.178 83.041 82.832 83.081
-9999 -9999 -9999 -9999 -9999 -9999 -9999 -9999 -9999 -9999 -9999 -9999 -9999 -9999 -9999 -9999 -9999 -9999 -9999 84.541 84.537 84.618 84.438 84.567 84.731 85.291 85.376 86.487 86.439 86.764 86.298 86.829 87.221 88.81 89.892 90.733 90.069 86.239 84.468 83.968 83.752 83.886 83.901 83.912 83.87 83.881 83.553 83.76 83.831 83.714 83.691 83.73 83.785 83.688 83.722 83.751 83.746 83.762 83.533 83.671 84.589 85.962 86.826 85.81 85.348 85.771 84.288 84.579 83.822 83.22 83.132 83.215 83.234 83.749
-9999 -9999 -9999 -9999 -9999 -9999 -9999 -9999 -9999 -9999 -9999 -9999 -9999 -9999 -9999 -9999 -9999 -9999 84.477 84.531 84.52 84.515 84.503 84.542 84.73 84.798 85.579 86.868 86.987 86.566 86.62 86.793 87.286 89.111 90.722 88.249 88.176 87.322 86.049 85.728 84.115 83.948 83.787 83.862 83.936 83.863 83.893 83.727 83.823 83.766 83.776 83.783 83.755 83.931 83.459 83.895 83.971 86.505 83.735 83.631 83.899 84.9 85.78 85.551 85.428 85.996 84.646 83.658 83.823 83.396 83.228 83.584 84.189 84.398
-9999 -9999 -9999 -9999 -9999 -9999 -9999 -9999 -9999 -9999 -9999 -9999 -9999 -9999 -9999 -9999 -9999 -9999 84.586 84.557 84.536 84.578 84.725 85.032 84.645 85.158 85.144 85.775 87.245 87.211 86.928 86.93 87.029 87.75 88.401 88.177 88.18 88.202 87.225 86.444 85.241 84.074 83.872 83.776 83.912 83.951 83.878 83.776 83.77 83.459 83.851 83.856 83.959 83.963 83.846 83.893 83.855 83.881 83.83 83.802 83.764 84.03 84.145 84.224 84.465 84.429 84.049 84.228 84.281 84.36 84.445 84.642 84.041 85.159
-9999 -9999 -9999 -9999 -9999 -9999 -9999 -9999 -9999 -9999 -9999 -9999 -9999 -9999 -9999 -9999 -9999 84.554 84.529 84.576 84.469 85.031 86.044 86.077 85.018 85.211 84.916 84.966 85.287 85.742 86.551 86.033 85.722 85.936 86.139 85.712 86.286 87.314 87.139 85.62 85.758 85.07 84.307 83.883 83.68 83.97 83.822 83.796 83.902 83.846 83.804 83.727 84.032 83.871 83.85 83.851 83.896 83.813 83.855 83.822 83.859 83.896 83.878 84.212 85.905 84.383 84.805 85.955 85.176 83.905 83.991 83.975 84.001 84.587
-9999 -9999 -9999 -9999 -9999 -9999 -9999 -9999 -9999 -9999 -9999 -9999 -9999 -9999 -9999 -9999 84.614 84.589 84.485 84.605 84.514 84.825 85.354 85.724 85.47 85.663 85.186 85.155 85.198 85.54 86.977 85.48 85.237 85.421 86.715 85.357 85.097 84.983 85.104 85.385 85.047 84.37 84.015 83.913 83.995 83.905 83.821 83.904 83.963 83.97 83.958 83.92 83.951 83.914 83.902 83.924 83.86 83.883 83.717 83.884 83.885 83.926 83.76 84.059 84.287 84.266 87.139 86.212 84.615 84.118 84.088 84.105 84.224 84.829
-9999 -9999 -9999 -9999 -9999 -9999 -9999 -9999 -9999 -9999 -9999 -9999 -9999 -9999 -9999 84.682 84.642 84.659 84.605 84.739 84.599 84.66 84.672 84.562 85.076 85.616 85.164 85.378 85.27 85.24 85.116 84.888 84.795 86.279 87.198 85.234 85.063 84.685 84.547 84.478 84.549 84.694 84.52 84.116 84.427 84.156 84.066 84.04 83.903 83.94 83.931 84.02 83.899 84.013 83.926 83.824 83.89 83.932 83.903 83.859 83.864 83.767 84.337 83.981 83.699 84.005 84.103 84.653 84.537 84.095 83.989 84.938 84.696 84.181
-9999 -9999 -9999 -9999 -9999 -9999 -9999 -9999 -9999 -9999 -9999 -9999 -9999 -9999 84.785 84.661 84.634 84.611 84.664 84.755 84.527 84.604 84.679 84.645 84.611 85.234 84.897 84.648 84.874 85.485 84.604 84.611 84.501 84.564 84.981 84.892 85.132 84.574 84.574 84.56 84.546 84.557 84.528 84.33 84.448 83.928 84.54 84.441 83.916 83.969 83.855 84 83.826 84.001 83.929 83.938 83.85 83.958 83.89 83.861 83.905 83.854 83.892 83.937 83.951 83.886 84.254 84.019 83.947 84.086 84.103 84.469 84.437 83.714
-9999 -9999 -9999 -9999 -9999 -9999 -9999 -9999 -9999 -9999 -9999 -9999 -9999 -9999 84.772 84.575 84.65 84.671 84.641 84.703 84.709 84.701 84.703 84.593 84.664 84.585 84.587 84.915 85.652 85.378 84.862 84.524 84.582 84.642 84.596 84.573 84.642 84.596 84.501 84.61 84.571 84.551 84.424 84.083 84.311 84.228 83.975 84.052 83.983 83.879 84.039 84.094 83.85 84.008 84.021 83.939 83.918 84.07 83.959 83.905 83.873 83.869 83.965 84.59 84.82 84.15 83.95 84.062 84.198 83.874 83.941 83.89 84.003 83.857
-9999 -9999 -9999 -9999 -9999 -9999 -9999 -9999 -9999 -9999 -9999 -9999 -9999 84.759 84.709 84.706 84.68 84.71 84.727 84.733 84.689 84.677 84.677 84.66 84.69 84.673 84.494 84.601 85.473 85.59 84.873 84.704 84.605 84.687 84.711 84.633 84.621 84.482 84.561 84.548 84.514 84.471 84.623 85.135 84.997 85.108 85.214 84.769 84.373 84.571 84.565 83.832 84.013 83.937 83.923 83.91 83.873 83.966 83.994 83.955 83.945 83.886 83.898 84.89 86.445 85.437 83.956 84.001 83.835 83.891 83.945 83.842 83.883 84.004
-9999 -9999 -9999 -9999 -9999 -9999 -9999 -9999 -9999 -9999 -9999 -9999 84.748 84.837 84.63 84.666 84.74 84.733 84.694 84.694 84.738 84.707 84.685 84.659 84.759 84.731 84.533 84.519 84.615 85.523 84.736 84.576 84.401 84.351 84.592 84.6 84.538 84.572 84.579 84.451 84.346 84.329 86.145 86.286 86.943 87.175 86.749 86.382 85.986 86.405 85.722 84.897 84.181 84.11 83.976 83.994 83.929 83.984 83.867 83.771 83.948 83.946 83.906 85.071 85.483 84.385 83.815 83.87 83.826 83.847 83.995 83.919 83.833 84.041
-9999 -9999 -9999 -9999 -9999 -9999 -9999 -9999 -9999 -9999 -9999 84.801 84.765 84.798 84.718 84.734 84.743 84.706 84.72 84.704 84.727 84.741 84.751 84.762 84.82 84.623 84.641 84.707 84.618 84.731 84.646 84.711 84.832 84.64 84.57 84.565 84.515 84.494 84.463 84.611 84.567 84.53 84.614 85.353 87.323 89.085 91.051 90.267 91.969 89.173 89.046 85.909 84.483 83.989 84.01 83.908 83.928 83.824 83.975 83.869 83.89 83.836 83.957 84.424 84.839 84.53 83.831 83.9 83.942 83.871 83.881 83.921 83.989 84.085
