04_184A014/dem.asc
ncols 186
nrows 177
xllcorner 610464
yllcorner 6870672
cellsize 16
nodata_value -9999
[rows 132 to 164 of 177, columns 0 to 73 of 186]
-9999 -9999 -9999 -9999 -9999 -9999 -9999 -9999 -9999 -9999 84.884 84.792 84.75 84.804 84.665 84.497 84.527 84.662 84.73 84.799 84.743 84.699 84.762 84.744 84.374 84.372 84.658 84.663 84.78 84.462 84.572 84.585 84.601 84.574 84.618 84.576 84.553 84.388 84.431 84.556 84.581 84.671 84.567 85.238 86.843 88.817 89.216 92.851 94.949 93.401 89.821 86.972 85.699 84.892 84.256 83.943 83.925 83.925 83.935 83.869 83.918 84.032 84.015 83.885 84.056 84.004 83.92 83.908 83.899 83.91 83.891 84.043 83.967 84.247
-9999 -9999 -9999 -9999 -9999 -9999 -9999 -9999 -9999 84.819 84.814 84.861 84.797 84.806 84.754 84.738 84.732 84.776 84.761 84.704 84.712 84.719 84.609 84.454 84.735 84.737 84.678 84.772 84.752 84.632 84.541 84.555 84.544 84.55 84.578 84.542 84.447 84.563 84.689 84.604 84.656 84.695 84.793 84.602 85.597 86.692 87.458 88.61 92.07 92.507 89.633 88.695 88.307 87.3 86.453 85.056 84.135 83.915 84.075 83.996 84.021 83.957 83.94 84.029 83.934 83.864 83.952 83.964 84.015 83.987 84.03 83.892 84.402 84.23
-9999 -9999 -9999 -9999 -9999 -9999 -9999 -9999 84.78 84.815 84.8 84.73 84.734 84.841 84.794 84.693 84.842 84.72 84.766 84.707 84.714 84.695 84.846 85.441 86.33 86.756 84.748 84.67 84.772 84.514 84.597 84.607 84.714 84.632 84.628 84.54 84.54 84.544 84.588 84.61 84.772 84.649 84.784 84.65 85.23 85.446 86.06 86.37 88.232 90.107 89.498 90.396 90.401 89.733 89.192 88.054 86.163 84.487 83.915 83.899 83.917 84.182 83.932 83.981 83.958 83.915 84.098 83.913 83.837 83.991 83.913 83.89 85.548 84.697
-9999 -9999 -9999 -9999 -9999 -9999 -9999 -9999 84.867 84.853 84.798 84.799 84.813 84.831 84.766 84.804 84.792 84.82 84.702 84.709 84.647 86.955 86.378 85.622 85.241 85.176 85.283 84.649 84.717 84.746 84.678 84.66 84.636 84.617 84.603 84.66 84.741 84.582 84.644 84.657 84.748 84.59 84.691 84.813 84.806 85.361 85.229 86.169 87.152 87.644 87.659 88.845 90.945 90.55 89.088 87.882 87.194 86.254 84.62 84.224 83.902 83.997 83.885 83.797 83.871 83.915 83.887 83.917 84.039 83.968 83.961 83.965 85.949 85.601
-9999 -9999 -9999 -9999 -9999 -9999 -9999 84.927 84.866 84.882 84.806 84.778 84.766 84.822 84.739 84.815 84.72 84.766 84.814 84.69 84.739 84.744 85.546 85.575 85.285 84.837 84.669 84.824 84.87 84.718 84.73 84.657 84.641 84.616 84.628 84.684 84.616 84.669 85.577 86.908 86.111 84.591 84.642 84.601 84.731 84.67 84.968 86 87.036 86.835 87.043 87.86 88.813 88.501 87.851 88.128 87.52 86.626 86.034 85.513 84.478 84.069 84.029 83.876 84.037 84.011 83.974 83.972 83.98 84.003 83.968 84.007 84.086 86.272
-9999 -9999 -9999 -9999 -9999 -9999 85.133 85.037 84.77 84.741 84.807 84.79 84.749 84.795 84.783 84.684 84.8 84.739 84.796 84.798 84.804 84.716 84.774 85.38 85.017 85.32 85.162 84.834 84.653 84.79 84.808 84.657 84.699 84.588 84.58 84.675 84.703 84.599 86.402 87.532 85.749 85.333 84.611 84.631 84.629 84.707 84.625 84.659 84.699 84.861 84.948 86.313 86.151 86.691 87.284 86.297 86.406 86.917 87.218 85.799 85.371 84.65 83.846 83.829 83.765 84.096 84.019 84.045 84.401 84.095 84.008 83.968 83.939 84.299
-9999 -9999 -9999 -9999 -9999 84.999 85.554 86.006 85.426 84.746 84.872 84.799 84.728 84.785 84.775 84.769 84.832 84.795 84.815 84.921 84.819 84.702 84.595 85.178 84.771 84.889 87.634 87.052 86.718 84.537 84.419 84.663 84.629 84.629 84.653 84.702 84.711 84.623 84.69 85.145 84.942 85.08 84.847 84.779 84.838 84.658 84.659 84.69 84.727 84.698 84.72 84.874 84.795 85.441 85.755 85.675 86.066 86.69 86.019 85.848 85.569 85.477 84.858 84.057 83.951 84.141 84.169 84.006 84.025 83.966 84.032 84.056 84.169 84.257
-9999 -9999 -9999 -9999 -9999 85.319 85.924 85.779 84.984 84.926 84.761 84.763 84.791 84.815 84.798 84.728 84.804 84.742 84.663 84.72 84.75 84.808 84.776 84.878 84.685 84.75 85.079 85.618 86.434 85.533 84.679 84.545 84.582 84.615 84.723 84.693 84.649 84.597 84.631 84.698 84.787 84.661 84.851 86.17 85.892 85.643 84.683 84.629 84.682 84.732 84.735 84.718 84.613 84.81 84.737 84.717 84.913 86.287 85.923 86.207 86.423 85.788 85.614 84.43 84.097 84.537 84.069 84.143 84.062 84 84.064 84.076 84.698 84.31
-9999 -9999 -9999 -9999 -9999 85.048 85.335 85.324 84.911 85.025 85.332 84.847 84.78 84.811 84.752 84.781 84.75 84.586 84.416 84.483 84.735 84.863 84.77 84.78 84.704 84.72 84.757 84.675 84.797 84.675 84.737 84.74 84.561 84.573 84.693 84.765 84.641 84.613 84.655 84.694 84.706 84.65 85.729 86.823 87.333 86.126 84.713 84.662 84.632 84.728 84.782 84.725 84.75 84.833 84.671 84.764 84.798 84.87 85.553 86.494 87.824 86.61 86.545 85.096 84.763 84.425 84.127 84.093 84.128 84.082 84.118 84.148 84.286 84.05
-9999 -9999 -9999 -9999 84.781 84.974 85.092 85.142 85.19 85.366 86.072 85.639 85.417 85.449 84.867 84.582 84.742 84.777 84.736 84.681 84.774 84.773 84.778 84.71 84.678 84.612 84.59 84.776 84.729 84.851 84.684 84.738 84.968 85.177 84.706 84.698 84.621 84.637 84.658 84.622 84.669 84.764 84.654 84.637 84.614 84.678 84.636 84.65 84.69 84.695 84.675 84.783 84.747 84.856 84.828 84.744 84.852 84.725 84.786 85.138 86.657 86.494 85.901 86.086 85.307 84.653 84.146 83.972 84.108 83.885 83.991 83.923 84.113 84.494
-9999 -9999 -9999 -9999 84.619 84.762 85.046 84.705 84.78 85.015 85.066 84.811 84.889 84.848 84.686 84.585 84.737 84.695 84.689 84.751 84.715 84.655 84.621 84.696 85.094 84.687 84.809 84.851 84.806 84.851 84.796 84.828 84.786 84.605 84.697 84.702 84.595 84.648 84.663 84.583 84.731 84.626 84.714 84.703 84.562 84.674 84.666 84.635 84.709 84.639 84.63 84.843 84.722 84.872 84.742 84.84 84.832 84.814 84.791 84.739 85.323 85.772 84.981 84.932 85.191 84.776 84.856 83.968 84.168 84.171 84.203 84.493 84.053 84.766
-9999 -9999 -9999 84.687 85.841 84.85 85.558 84.588 84.801 84.782 84.677 84.815 85.35 85.583 85.068 84.77 84.714 84.843 84.72 84.747 84.756 84.694 84.576 84.74 84.881 85.622 85.776 84.67 84.412 84.655 84.825 84.755 84.67 84.709 84.742 84.631 84.637 84.882 84.729 84.656 84.566 84.627 84.656 84.685 84.608 84.71 84.676 84.622 84.677 84.644 84.659 84.648 84.834 84.725 84.802 84.807 84.811 84.693 84.688 84.67 84.584 84.687 84.574 84.664 85.153 85.032 84.811 84.714 84.163 84.207 84.215 84.288 84.378 84.922
-9999 -9999 -9999 84.652 86.326 86.117 84.865 84.856 84.762 84.747 84.615 84.717 84.786 84.762 84.801 84.764 84.764 84.794 84.783 84.907 84.725 84.686 84.719 84.767 84.712 84.811 84.784 84.926 84.844 84.585 84.773 84.98 84.584 84.798 84.7 84.618 84.636 84.659 84.574 84.61 84.591 84.613 84.649 84.718 84.736 84.697 84.702 84.669 84.558 84.662 84.688 84.648 84.637 84.674 84.751 84.594 84.602 84.743 84.664 84.841 84.684 84.696 84.819 84.621 85.418 86.598 86.086 85.668 84.581 84.368 84.454 84.323 84.373 84.601
-9999 -9999 84.797 85.246 86.241 85.275 84.744 84.765 84.746 84.732 84.709 84.625 84.676 84.659 84.802 84.714 85.223 84.683 84.602 84.718 84.693 84.79 84.708 84.613 84.708 84.705 84.786 84.795 84.697 84.656 84.664 84.65 84.54 85.106 84.419 84.595 84.546 84.569 84.704 84.709 84.556 84.563 84.641 84.717 84.644 84.655 84.679 84.653 84.694 84.663 84.647 84.682 84.673 84.676 84.681 84.614 84.633 84.727 84.657 84.703 84.702 84.664 84.704 84.528 84.838 86.213 84.63 84.631 84.492 84.522 84.532 84.816 84.532 84.682
-9999 -9999 84.606 84.745 84.743 84.788 84.367 84.331 84.813 84.816 84.931 84.688 84.711 84.667 84.7 84.778 84.784 84.784 84.729 84.72 84.68 84.694 84.751 84.646 84.508 84.483 84.744 84.698 84.704 84.66 84.579 84.612 84.772 84.72 84.424 85.117 84.605 84.605 84.486 84.622 84.743 84.655 84.739 84.653 84.582 84.681 84.679 84.693 84.662 84.645 84.639 84.695 84.661 84.66 84.692 84.722 84.658 84.623 84.714 84.747 84.685 84.681 84.345 84.463 84.745 84.62 84.556 84.433 84.292 84.521 84.589 84.587 84.515 84.487
-9999 -9999 84.625 84.633 84.652 84.638 84.68 84.762 84.772 84.661 84.643 85.087 84.902 84.522 84.401 84.159 84.782 84.739 84.774 84.763 84.621 84.585 84.698 84.589 84.598 84.609 84.585 84.563 84.65 84.675 84.72 84.694 84.651 84.632 84.652 84.626 84.556 84.536 84.673 84.675 84.636 84.807 84.815 84.742 84.718 84.696 84.67 84.686 84.72 84.634 84.64 85.175 84.706 84.674 84.698 84.624 84.701 84.735 84.684 84.682 84.603 84.57 84.573 84.543 84.569 84.402 84.473 84.481 84.58 84.973 85.045 84.606 84.579 84.427
-9999 84.304 84.233 84.509 84.688 84.727 84.675 84.744 84.769 84.716 84.707 84.644 84.679 84.689 84.685 85 85.239 85.023 84.812 84.81 84.555 84.335 84.249 84.706 84.612 84.651 84.596 84.55 84.58 84.57 84.694 84.662 84.7 84.653 84.607 84.586 84.957 84.771 84.852 84.739 85.832 84.495 84.863 84.771 84.734 84.69 84.859 84.759 84.644 84.633 84.717 84.732 84.641 84.596 84.564 84.683 84.711 84.716 84.519 84.593 84.726 84.602 84.521 84.46 84.555 84.638 84.59 84.495 84.427 84.504 84.426 84.506 84.623 84.902
-9999 84.578 84.673 84.572 84.517 84.621 84.692 84.632 84.803 84.184 84.392 84.807 84.697 84.591 84.733 84.66 84.738 84.736 84.699 84.738 84.801 84.632 84.736 84.632 84.563 84.587 84.566 84.663 84.593 84.493 84.464 84.663 84.677 84.631 84.606 84.589 84.379 84.636 84.746 84.777 84.92 84.667 84.618 84.673 84.603 84.84 84.584 84.361 84.635 84.473 84.536 84.575 84.605 84.634 84.514 84.669 84.71 84.676 84.607 84.604 84.565 84.533 84.387 84.621 84.456 84.439 84.399 84.345 84.487 84.603 84.557 84.531 84.569 84.709
-9999 84.698 84.632 84.661 84.689 84.592 84.631 84.753 84.773 84.68 84.716 84.342 84.725 84.684 84.704 84.959 84.684 84.321 84.495 85.085 84.711 84.526 84.62 84.664 84.675 84.593 84.537 84.59 84.49 84.472 84.637 84.718 84.667 84.839 84.763 84.723 84.458 85.065 85.337 84.881 84.686 84.775 84.645 84.749 84.657 84.681 84.495 84.445 84.424 84.479 84.523 84.572 84.546 84.503 84.286 84.428 84.647 84.665 84.546 84.535 84.542 84.542 84.384 84.475 84.432 84.399 84.398 84.297 84.313 85.683 84.543 84.643 84.578 84.705
-9999 84.675 84.728 84.855 84.728 84.195 84.28 84.645 84.884 84.595 84.65 84.722 84.815 84.689 84.775 84.949 84.753 84.838 84.78 84.662 84.721 84.619 84.637 84.637 84.613 84.144 84.595 84.815 84.263 84.58 84.59 84.7 84.794 84.658 84.587 84.708 85.092 85.944 86.225 84.704 84.786 84.724 84.772 84.482 84.607 84.795 84.951 84.748 84.598 84.5 84.421 84.465 84.48 84.372 84.252 84.577 84.496 84.549 84.493 84.552 84.487 84.315 84.5 84.504 84.391 84.476 84.403 84.483 84.785 84.363 84.578 84.637 84.595 84.657
84.729 84.699 84.638 84.605 84.965 84.738 84.634 84.738 84.6 84.64 84.713 84.888 84.484 84.209 84.468 84.875 84.873 84.951 84.768 84.71 84.761 84.689 84.781 84.71 84.745 84.686 84.645 84.546 84.545 84.603 84.847 84.387 84.459 84.501 84.532 84.631 84.942 84.682 84.66 84.682 84.749 84.706 84.772 84.807 84.781 84.718 84.71 84.639 84.543 84.496 84.294 84.346 84.613 84.529 84.459 84.426 84.418 84.515 84.677 84.527 84.447 84.487 84.442 84.389 84.405 84.424 84.421 84.455 84.56 84.519 84.593 84.65 84.652 84.625
-9999 84.684 84.665 84.89 84.924 84.65 84.717 84.602 84.698 84.694 84.603 84.757 84.855 85.308 84.878 84.795 84.746 84.694 84.778 84.288 84.227 84.897 84.526 84.696 84.855 84.857 84.599 84.513 84.525 84.523 84.732 84.68 84.626 84.6 84.586 84.824 84.284 84.887 84.628 84.289 84.299 84.712 84.87 85.026 84.751 84.732 84.678 84.618 84.614 84.599 84.736 84.643 84.625 84.549 84.556 84.64 84.314 84.54 84.448 84.528 84.452 84.474 84.617 84.471 84.421 84.465 84.384 84.456 84.49 84.459 84.371 84.366 84.766 84.746
-9999 84.587 84.963 84.812 84.772 84.747 84.719 84.832 84.672 84.513 84.424 84.769 85.825 85.336 84.94 84.916 84.933 84.917 84.997 84.826 85.116 85.593 84.837 84.916 84.739 84.815 84.686 84.392 84.38 84.624 84.654 84.715 84.598 84.552 84.59 84.327 84.794 84.621 84.737 84.77 84.663 84.799 84.756 84.785 84.797 84.8 84.669 84.315 84.534 84.564 84.662 84.618 84.675 84.526 84.663 84.639 84.601 84.601 84.639 84.487 84.458 84.437 84.33 84.363 84.365 84.294 84.39 84.365 84.396 84.484 84.506 84.614 84.637 84.659
-9999 84.925 84.744 85.054 84.764 85.159 84.714 84.355 84.446 84.158 84.762 84.812 85.043 85.458 85.173 84.988 84.774 85.02 86.232 84.861 85.581 85.95 85.259 84.675 85.279 84.992 84.703 84.75 84.712 84.677 84.502 84.576 84.777 84.613 84.719 84.307 84.742 84.59 84.948 85.082 84.679 84.76 84.77 84.737 84.76 84.799 84.76 84.67 84.557 84.602 84.704 84.595 84.525 84.577 84.361 84.604 84.741 84.561 84.587 84.497 84.397 84.386 84.324 84.38 84.452 84.457 84.441 84.405 84.544 84.466 84.459 84.791 84.841 84.501
-9999 -9999 84.936 85.082 85.542 85.583 85.951 86.848 87.698 85.984 85.82 85.896 86.237 87.251 87.305 86.675 86.108 85.549 85.21 84.919 85.455 85.843 85.076 84.737 84.846 85.104 84.737 84.753 84.805 84.756 84.585 84.661 84.737 84.699 84.61 84.585 84.721 84.767 84.838 84.943 84.923 84.726 84.285 84.653 84.508 84.808 84.737 84.601 84.563 84.418 84.487 84.407 84.515 84.533 84.63 84.71 84.598 84.656 84.65 84.463 84.23 84.397 84.413 84.488 84.407 84.444 84.463 84.48 84.464 84.459 84.657 84.736 84.702 84.592
-9999 -9999 -9999 87.296 86.99 87.416 89.001 90.208 90.262 88.208 87.653 87.695 88.567 89.645 90.159 89.419 88.56 87.487 86.12 86.913 87.266 85.93 84.939 84.989 85.594 85.141 84.934 84.963 84.773 84.717 84.634 84.648 84.593 84.711 84.764 84.899 84.71 84.787 84.844 84.878 84.81 84.83 84.778 84.85 84.941 84.907 84.822 84.909 84.947 85.007 86.101 85.772 84.932 84.606 84.592 84.647 84.623 84.55 84.529 84.474 84.503 84.5 84.526 84.416 84.438 84.543 84.487 84.396 84.485 84.49 84.666 84.911 84.846 84.64
-9999 -9999 -9999 -9999 -9999 88.908 89.888 91.045 90.361 89.66 89.912 91.03 91.208 90.728 89.766 89.151 88.598 88.516 88.158 87.332 86.212 85.862 85.091 84.733 84.186 84.848 84.749 84.809 84.668 85.07 84.283 84.361 84.747 84.657 84.665 85.054 84.826 84.704 84.807 84.784 84.735 84.773 84.8 84.775 84.777 84.964 84.753 84.72 84.664 84.68 85.833 86.388 84.748 84.568 84.606 84.681 84.42 84.63 84.701 84.554 84.48 84.51 84.28 84.204 84.476 84.528 84.438 84.561 84.336 84.691 84.656 84.665 84.664 84.832
-9999 -9999 -9999 -9999 -9999 -9999 90.191 91.173 92.021 91.484 91.812 92.041 -9999 91.249 89.644 88.968 88.542 88.304 87.329 87.187 87.008 86.252 86.218 85.795 85.043 84.687 84.846 84.85 84.94 84.81 84.864 84.831 84.871 84.669 84.922 85.278 84.705 84.362 84.694 84.74 84.822 84.659 84.572 84.78 84.734 84.888 84.804 84.752 84.75 84.672 84.842 84.581 84.898 84.539 84.634 84.784 84.808 84.566 84.527 84.537 84.594 84.471 84.427 84.529 84.555 85.383 84.88 84.699 84.67 84.651 84.915 84.735 84.733 85.187
-9999 -9999 -9999 -9999 -9999 -9999 -9999 -9999 -9999 -9999 -9999 -9999 -9999 -9999 -9999 -9999 89.541 88.421 88.042 87.516 88.279 86.786 86.301 86.579 85.944 85.35 84.615 84.781 84.958 84.746 84.935 84.866 85.354 85.985 85.182 85.095 84.876 85.39 84.872 84.633 84.624 84.842 85.986 84.803 84.638 84.835 84.885 84.662 84.683 84.762 84.67 84.813 84.55 84.622 84.863 85.976 85.255 84.915 84.74 84.708 84.763 84.741 84.803 84.548 85.051 85.031 85.149 84.847 85.719 84.876 84.934 85.642 87.183 87.489
-9999 -9999 -9999 -9999 -9999 -9999 -9999 -9999 -9999 -9999 -9999 -9999 -9999 -9999 -9999 -9999 -9999 -9999 87.887 87.388 86.741 86.104 85.373 85.095 84.93 84.768 84.646 85.004 84.863 84.93 84.85 84.82 84.857 84.818 85.32 84.713 85.38 84.763 84.744 84.705 84.726 85.07 86.528 86.671 86.05 85.677 84.905 84.888 84.818 84.582 85.604 84.964 84.409 84.728 84.608 84.403 84.563 84.831 84.892 84.747 84.8 84.828 85.2 85.185 85.025 85.664 85.959 86.715 86.75 86.817 87.406 88.224 89.56 90.058
-9999 -9999 -9999 -9999 -9999 -9999 -9999 -9999 -9999 -9999 -9999 -9999 -9999 -9999 -9999 -9999 -9999 -9999 87.09 86.117 85.596 86.081 85.307 84.849 85.046 84.628 84.604 84.779 84.692 84.496 84.633 84.898 84.938 85.052 84.535 84.673 84.64 84.638 85.44 84.808 84.747 84.761 84.845 85.185 86.161 86.724 85.672 85.04 84.821 85.316 85.016 84.685 84.587 84.616 84.739 84.643 84.851 84.717 84.858 85.114 84.888 84.749 85.247 85.601 86.47 87.922 88.784 89.388 89.59 89.562 90.756 91.725 95.375 94.395
-9999 -9999 -9999 -9999 -9999 -9999 -9999 -9999 -9999 -9999 -9999 -9999 -9999 -9999 -9999 -9999 -9999 -9999 86.403 85.772 85.112 84.999 85.053 85.026 84.575 84.894 84.787 84.805 84.857 84.858 85.088 84.954 84.915 86.287 85.263 84.872 84.898 84.823 84.648 84.799 84.702 84.657 84.595 85.465 85.205 85.5 85.545 85.403 85.067 85.197 84.73 84.684 84.712 84.631 84.679 84.684 84.767 84.851 84.924 85.235 85.518 85.925 86.411 87.953 88.901 89.998 90.874 91.382 91.585 91.876 93.226 97.004 98.596 98.245
-9999 -9999 -9999 -9999 -9999 -9999 -9999 -9999 -9999 -9999 -9999 -9999 -9999 -9999 -9999 -9999 -9999 -9999 85.477 85.178 85.087 84.75 84.84 84.817 84.848 84.957 84.822 86.422 86.636 85.848 85.839 85.904 85.953 88.157 87.657 85.766 84.946 84.796 84.862 84.817 85.093 84.717 84.868 85.81 86.472 85.811 86.716 86.161 85.803 85.406 84.915 84.807 85.045 85.117 84.906 84.802 85.008 85.295 85.261 86.633 87.918 88.122 89.39 90.007 90.874 92.296 93.35 93.9 93.893 94.174 95.48 98.047 99.687 101.236
