04_184A014/downslope_distance.asc
ncols 186
nrows 177
xllcorner 610464
yllcorner 6870672
cellsize 16
nodata_value -9999
[rows 87 to 115 of 177, columns 0 to 65 of 186]
-9999 -9999 -9999 -9999 -9999 -9999 -9999 -9999 -9999 -9999 -9999 -9999 -9999 -9999 -9999 -9999 -9999 -9999 -9999 -9999 -9999 -9999 28.3461 12.28722 11.33731 13.89759 17.09788 18.34198 17.73176 19.79296 11.89483 8.477095 5.40257 4.083408 4.407551 7.090451 10.13725 30.4469 36.51812 26.16136 35.41565 47.88998 24.09994 13.83677 4.741879 66.28558 57.80419 6.696764 24.6665 41.75587 58.29011 91.62831 81.5332 74.97888 89.84138 121.5163 139.7916 105.9009 76.59735 62.10242 57.92879 66.06734 45.06752 37.3448 24.57481 18.99937
-9999 -9999 -9999 -9999 -9999 -9999 -9999 -9999 -9999 -9999 -9999 -9999 -9999 -9999 -9999 -9999 -9999 -9999 -9999 -9999 -9999 -9999 19.40968 17.7205 21.9021 19.42776 11.7382 5.174017 5.011486 5.502602 8.510027 12.70939 17.50267 23.77319 24.06241 23.92538 50.00854 43.27517 15.38579 13.88357 6.967672 12.81402 6.914595 5.907012 16.65409 96.03976 37.37145 6.9316 16.39965 32.81133 59.68516 92.45229 57.20784 58.31482 72.93117 103.1892 124.6166 132.4403 121.8557 129.1376 115.8341 90.78031 93.06432 67.31796 51.38186 49.81774
-9999 -9999 -9999 -9999 -9999 -9999 -9999 -9999 -9999 -9999 -9999 -9999 -9999 -9999 -9999 -9999 -9999 -9999 -9999 -9999 -9999 -9999 3.055299 4.939182 5.688262 9.218973 13.61304 17.95571 24.21904 21.67722 23.61387 23.74293 28.63585 22.97142 11.11542 6.573986 6.407012 5.257044 8.299398 12.50191 13.38357 22.41412 29.33484 11.606 39.82672 79.08672 53.85673 10.14131 13.26577 35.67377 58.19068 68.17704 36.85368 39.43341 62.22514 82.86391 107.4556 106.8591 70.74389 129.6564 125.5369 113.8903 149.1383 235.685 150.4735 153.1987
-9999 -9999 -9999 -9999 -9999 -9999 -9999 -9999 -9999 -9999 -9999 -9999 -9999 -9999 -9999 -9999 -9999 -9999 -9999 -9999 -9999 12.71085 15.36694 24.75083 31.08538 26.9685 30.41603 35.63408 16.58883 11.71361 6.539595 4.670876 4.572684 6.4329 8.889088 19.45127 24.38731 21.6534 29.11732 19.39559 14.91482 10.16758 6.051619 3.728935 7.008345 71.91606 43.00663 16.1881 6.536454 18.23252 29.94781 23.12284 18.41428 23.68687 48.45109 70.82967 90.95795 65.703 43.14204 56.52148 70.69633 102.114 211.5618 256.9242 242.1523 203.4031
-9999 -9999 -9999 -9999 -9999 -9999 -9999 -9999 -9999 -9999 -9999 -9999 -9999 -9999 -9999 -9999 -9999 -9999 -9999 -9999 -9999 9.193466 6.207488 14.88319 11.02259 6.908313 4.30974 4.408852 5.388325 11.66888 17.15708 15.90593 18.32145 18.57957 16.84029 16.00819 14.74823 5.749842 5.176238 4.695464 7.196226 9.164595 13.69308 20.12583 6.323446 51.31406 58.63231 25.23252 6.609677 3.888325 8.48636 7.477095 9.531473 15.12545 35.8356 58.33535 73.52146 31.46926 28.32259 40.66434 59.8784 131.7985 157.3243 190.2286 241.2188 221.0403
-9999 -9999 -9999 -9999 -9999 -9999 -9999 -9999 -9999 -9999 -9999 -9999 -9999 -9999 -9999 -9999 -9999 -9999 -9999 -9999 -9999 13.66926 36.16603 16.35492 10.01983 12.88985 15.66314 21.22954 22.49639 21.98642 19.23252 9.136328 6.076206 4.133883 5.095432 6.693624 10.20473 14.94791 20.06647 27.16228 32.68395 23.82275 21.5837 15.9888 11.90946 4.279791 46.59211 40.07818 16.28928 4.539595 20.99071 30.01384 48.32203 8.324747 16.49026 30.26898 25.93833 9.772051 14.48712 31.86549 67.17726 138.1798 137.2682 149.919 215.3545 229.7856
-9999 -9999 -9999 -9999 -9999 -9999 -9999 -9999 -9999 -9999 -9999 -9999 -9999 -9999 -9999 -9999 -9999 -9999 -9999 -9999 -9999 29.04379 54.58145 29.61755 26.60958 14.84604 7.135566 6.819544 5.317323 4.96285 7.809201 14.76799 16.4862 25.18465 25.69337 20.42224 18.56647 17.33899 14.14169 15.09696 9.633726 4.12224 4.767767 6.626682 13.18956 11.15057 6.840451 46.06638 30.25127 14.55314 7.30108 19.7368 43.69496 40.80442 6.498922 14.5317 6.634645 8.237279 23.51139 45.53827 66.13935 120.2727 122.682 141.9175 177.3525 215.1307
-9999 -9999 -9999 -9999 -9999 -9999 -9999 -9999 -9999 -9999 -9999 -9999 -9999 -9999 -9999 -9999 -9999 -9999 -9999 -9999 -9999 7.300318 4.782932 3.922716 5.945845 7.18068 11.61358 16.0006 18.6138 20.89857 22.1717 21.99823 15.3046 14.979 12.10768 5.331568 4.241879 4.975794 6.606536 10.25651 14.68404 20.57481 24.2882 31.82573 30.28322 22.55337 7.58233 7.571226 48.62174 22.88915 8.073446 8.623384 40.01206 41.16479 12.81571 3.012405 8.232299 23.00603 38.33024 57.8133 73.69871 96.05141 122.0858 147.6207 172.164 196.7889
-9999 -9999 -9999 -9999 -9999 -9999 -9999 -9999 -9999 -9999 -9999 -9999 -9999 -9999 -9999 -9999 -9999 -9999 -9999 -9999 -9999 12.981 16.5703 23.51469 25.93909 22.71866 18.63617 18.95625 14.80184 7.245781 4.673097 4.543655 5.349874 8.809201 10.22303 13.57881 17.58883 21.87361 24.60108 30.94223 24.05169 19.01247 9.929221 6.689182 6.525731 4.911993 5.533852 4.973954 35.65162 38.20968 21.79356 6.007425 32.23649 58.97958 37.42215 10.49876 13.19423 24.89252 44.15905 66.55334 90.24573 108.5663 134.1273 140.5903 170.4723 190.8797
-9999 -9999 -9999 -9999 -9999 -9999 -9999 -9999 -9999 -9999 -9999 -9999 -9999 -9999 -9999 -9999 -9999 -9999 -9999 -9999 -9999 19.50451 20.22012 15.19439 9.067704 7.606536 4.099493 5.489658 7.678459 13.89705 17.56517 18.24899 24.10254 23.07183 21.1223 17.74026 12.74968 8.583789 5.749461 4.390546 4.265546 6.3079 8.967672 15.74876 19.69553 20.08715 22.03392 16.033 4.230236 31.05359 43.35689 18.74286 7.417196 34.94321 58.73976 55.08611 26.63218 17.0441 62.28839 79.64716 98.92457 146.2091 157.8188 155.7043 162.1239 183.2727
-9999 -9999 -9999 -9999 -9999 -9999 -9999 -9999 -9999 -9999 -9999 -9999 -9999 -9999 -9999 -9999 -9999 -9999 -9999 -9999 -9999 4.549017 5.43068 9.486898 14.48582 16.40133 23.45203 29.923 26.1619 22.23956 20.51951 11.1868 7.84007 6.233376 4.15349 4.495019 6.989119 10.76929 16.06777 18.7244 21.15784 20.20257 21.30667 18.62323 19.18887 10.70787 6.983376 7.675699 4.02535 8.805522 44.34081 29.66174 14.54648 5.33601 48.21993 96.26959 92.57429 6.448446 23.74845 33.49683 50.73709 150.9037 182.729 176.1171 187.9008 194.6474
-9999 -9999 -9999 -9999 -9999 -9999 -9999 -9999 -9999 -9999 -9999 -9999 -9999 -9999 -9999 -9999 -9999 -9999 -9999 -9999 -9999 21.59442 20.51469 26.73382 24.3975 14.00467 10.90333 11.22342 6.810122 4.203046 9.918117 8.598034 10.20381 15.61878 22.51155 22.50343 26.29118 18.49455 17.20089 11.748 7.77665 5.594512 4.972653 5.136486 5.817323 10.45289 14.58807 16.87284 19.91764 8.385407 18.30667 43.99223 29.82833 9.004665 7.581029 53.09385 131.0024 64.38184 14.71828 16.87215 33.28382 61.56207 117.5745 193.774 202.3772 216.5845
-9999 -9999 -9999 -9999 -9999 -9999 -9999 -9999 -9999 -9999 -9999 -9999 -9999 -9999 -9999 -9999 -9999 -9999 -9999 -9999 -9999 14.93979 8.548478 4.683439 4.593211 7.519449 13.81571 15.13227 19.4705 27.50067 27.07405 22.74286 18.8429 14.69607 12.58271 8.501143 6.528872 4.142767 5.331568 8.827507 10.36098 14.2349 16.29442 19.89712 21.74585 23.95295 21.53116 13.27963 12.02465 5.324905 2.68566 23.27878 36.70248 22.70073 6.794036 11.88043 105.9699 156.3655 49.05778 6.679221 25.31983 44.24138 60.40375 118.4467 189.9557 231.381
-9999 -9999 -9999 -9999 -9999 -9999 -9999 -9999 -9999 -9999 -9999 -9999 -9999 -9999 -9999 -9999 -9999 -9999 -9999 -9999 -9999 10.21139 13.05942 21.25435 26.8546 22.02916 22.21276 21.07573 14.19753 10.25819 6.30568 4.723573 4.156631 5.653491 8.238199 13.60248 15.20197 18.24064 21.06019 22.63655 19.57589 14.96698 11.87821 9.355078 4.817323 4.165133 5.946764 8.30384 9.722115 17.6763 12.18979 4.499842 36.41549 36.18801 20.76155 4.756124 18.25527 95.79342 25.96444 6.544956 11.57329 28.4619 49.15905 60.9239 77.36714 149.3835
-9999 -9999 -9999 -9999 -9999 -9999 -9999 -9999 -9999 -9999 -9999 -9999 -9999 -9999 -9999 -9999 -9999 -9999 -9999 -9999 21.32443 22.29946 17.98696 14.66168 11.97066 6.690864 4.482075 6.21507 10.43236 25.2869 20.78576 16.38135 18.05054 23.74547 19.44499 20.50282 13.38319 10.17738 5.967291 4.629823 4.171796 5.18382 7.950286 12.50597 16.19125 26.25305 32.59074 26.36196 19.88411 20.13487 14.95495 4.534233 11.21935 52.10467 33.18211 17.36694 4.851175 31.55251 35.04661 29.75794 5.191784 17.25473 31.21612 42.19306 57.90407 73.61507
-9999 -9999 -9999 -9999 -9999 -9999 -9999 -9999 -9999 -9999 -9999 -9999 -9999 -9999 -9999 -9999 -9999 -9999 -9999 -9999 7.067704 4.861517 7.83601 14.64207 26.86419 26.13877 27.47938 29.31723 23.15042 23.33424 17.03316 12.53239 8.396669 5.888706 4.34099 5.228934 7.078427 9.804221 13.61488 16.95051 24.86456 30.60146 22.52135 21.94683 30.48865 43.31339 30.85238 19.46973 4.742798 5.311961 8.812343 17.89781 7.17792 24.95831 59.99268 28.12199 13.10806 7.427 25.6429 48.74734 21.05505 6.728776 17.58255 34.30727 51.02548 67.23074
-9999 -9999 -9999 -9999 -9999 -9999 -9999 -9999 -9999 -9999 -9999 -9999 -9999 -9999 -9999 -9999 -9999 -9999 -9999 -9999 -9999 18.57351 78.73967 84.28386 68.70683 61.88446 38.4711 19.93534 5.637405 4.167355 5.015927 7.249842 12.6626 16.68274 29.31723 21.2277 24.23865 24.83331 19.00374 15.25114 19.30889 17.71069 6.427539 4.136105 4.973573 7.581029 7.425318 8.890388 33.17913 28.52526 18.14467 21.66504 11.25191 3.311961 35.64718 53.71165 29.16695 6.857837 10.60362 41.92412 38.89151 17.35384 5.918117 21.69943 37.6586 49.79179
-9999 -9999 -9999 -9999 -9999 -9999 -9999 -9999 -9999 -9999 -9999 -9999 -9999 -9999 -9999 -9999 -9999 -9999 -9999 -9999 13.69331 7.598034 9.634107 3.741879 10.63985 41.15032 43.04585 27.71904 20.87805 22.51193 26.69023 25.84242 34.75112 61.33551 35.85406 12.12208 7.61634 6.874842 3.96691 5.176238 8.153872 12.5494 15.4054 20.6593 26.50565 21.68963 22.92722 16.53576 13.97303 10.14537 4.593211 10.9172 7.136486 7.308281 10.1796 50.48364 46.36546 23.16526 4.99134 24.46428 49.82516 33.40829 11.7876 7.009645 23.83033 40.10131
-9999 -9999 -9999 -9999 -9999 -9999 -9999 -9999 -9999 -9999 -9999 -9999 -9999 -9999 -9999 -9999 -9999 -9999 -9999 -9999 8.924779 12.39759 15.70327 16.03576 5.049398 11.41612 20.65524 19.12008 27.50549 24.6743 17.81555 10.19975 4.875762 6.823065 6.724493 10.89705 16.925 17.37139 18.50857 19.93779 27.85254 29.16282 15.06034 12.45105 7.592672 4.607075 4.239658 5.6204 8.821226 12.23582 22.59978 37.7041 26.31111 17.10454 6.560503 17.25213 49.50156 34.85521 17.39061 5.283313 36.58858 62.23846 40.21489 9.976017 13.53316 25.61234
-9999 -9999 -9999 -9999 -9999 -9999 -9999 -9999 -9999 -9999 -9999 -9999 -9999 -9999 -9999 -9999 -9999 -9999 -9999 -9999 -9999 28.39712 21.40486 15.29296 9.528333 2.822685 5.927539 4.12316 4.596352 7.203427 11.15777 15.61104 17.88341 25.25955 21.2349 21.87545 23.75917 13.80038 8.024811 5.4954 4.141466 5.148129 7.133345 12.45105 12.46139 19.16726 18.76875 17.87193 20.99141 13.81088 11.91796 22.89413 7.136486 4.270908 5.174017 4.21285 13.34512 65.32815 35.72148 16.63693 10.71843 32.16587 51.72621 24.94077 4.552539 19.17722
-9999 -9999 -9999 -9999 -9999 -9999 -9999 -9999 -9999 -9999 -9999 -9999 -9999 -9999 -9999 -9999 -9999 -9999 -9999 -9999 -9999 6.002983 5.299017 6.105236 10.07973 12.60876 16.27427 18.56739 20.0415 18.32773 17.9692 17.02618 8.935502 8.379665 4.670876 4.24724 5.373541 11.30016 15.14819 15.60914 21.9744 19.52059 22.94055 19.94553 13.49302 10.36044 5.943624 5.335629 4.273129 6.163294 11.0435 32.01936 25.1521 27.47662 28.08646 15.57161 4.11818 38.25296 49.85581 34.27386 11.23046 11.75451 37.70194 40.4678 21.83293 4.623541
-9999 -9999 -9999 -9999 -9999 -9999 -9999 -9999 -9999 -9999 -9999 -9999 -9999 -9999 -9999 -9999 -9999 -9999 -9999 -9999 -9999 17.5441 21.47088 27.45241 21.6138 17.31663 12.08049 10.06901 5.679379 4.292355 6.430679 7.404791 9.746701 12.01815 18.86863 22.95372 20.60346 21.58385 17.49953 15.80628 10.90777 5.4316 4.406631 4.718211 6.630204 17.15356 20.58531 20.17316 21.89896 25.17094 55.25654 61.51136 39.63386 16.9875 11.89039 9.025731 3.99724 6.14889 52.12732 52.44779 25.16526 6.433281 15.74049 30.08814 23.39819 11.17256
-9999 -9999 -9999 -9999 -9999 -9999 -9999 -9999 -9999 -9999 -9999 -9999 -9999 -9999 -9999 -9999 -9999 -9999 -9999 -9999 -9999 -9999 8.564944 5.907932 4.145908 4.936041 7.399811 12.38334 15.60064 21.44315 38.80397 26.96812 24.73642 17.09734 11.86266 10.47027 6.320845 4.888325 4.52941 10.05774 17.19829 16.95679 18.13671 23.24048 30.35131 27.25717 28.04118 26.32259 32.60537 15.96843 41.35873 20.44277 6.713231 8.725636 30.09648 30.68709 28.85537 9.354696 12.56609 37.90813 32.0146 16.57129 4.480236 8.372083 4.08785 4.40257
-9999 -9999 -9999 -9999 -9999 -9999 -9999 -9999 -9999 -9999 -9999 -9999 -9999 -9999 -9999 -9999 -9999 -9999 -9999 -9999 -9999 -9999 25.35292 17.84236 26.41098 25.99883 30.30689 21.52986 16.59251 14.2192 9.812723 4.965991 4.9941 5.707488 9.977476 14.49692 19.17262 25.74623 50.49658 35.0244 41.32618 31.53728 22.95625 16.82995 11.32919 7.737279 6.030172 4.239658 5.913675 14.55276 12.34933 17.27021 29.50127 28.54953 51.62266 34.30581 20.58516 20.19645 3.390546 12.69461 9.692546 7.504665 6.190864 27.81057 23.51025 13.84474
-9999 -9999 -9999 -9999 -9999 -9999 -9999 -9999 -9999 -9999 -9999 -9999 -9999 -9999 -9999 -9999 -9999 -9999 -9999 -9999 -9999 -9999 25.45464 20.3429 21.60974 8.060122 5.478014 4.90257 5.218211 11.75911 10.97119 27.74699 24.04502 48.52647 33.68265 28.50273 23.55819 22.63141 26.87942 9.99134 7.574367 6.347653 4.302158 6.338231 7.507425 12.55146 17.09344 26.8566 23.29708 27.68817 19.62522 17.3599 20.13081 22.11679 18.06739 7.989119 6.382425 8.576588 12.99601 3.813262 8.691245 15.08087 23.57129 40.65216 38.21628 30.87069
-9999 -9999 -9999 -9999 -9999 -9999 -9999 -9999 -9999 -9999 -9999 -9999 -9999 -9999 -9999 -9999 -9999 -9999 -9999 -9999 -9999 -9999 -9999 6.037374 8.459709 13.18994 18.07367 25.58868 22.72586 26.56761 23.37751 37.29439 30.68373 26.70479 10.8743 6.109296 4.436961 5.036073 7.601175 8.71101 13.57735 17.42722 24.70686 22.7967 26.22364 20.07015 17.15057 16.00911 7.254823 5.642767 6.71285 7.938643 15.42814 12.50099 25.29655 32.46819 24.64175 25.89252 18.35254 6.560503 24.70318 70.85027 74.25337 108.0951 104.3132 54.41172
-9999 -9999 -9999 -9999 -9999 -9999 -9999 -9999 -9999 -9999 -9999 -9999 -9999 -9999 -9999 -9999 -9999 -9999 -9999 -9999 -9999 -9999 21.64337 28.33906 27.17278 23.70051 20.64429 15.35102 13.19032 9.666277 5.748541 4.361517 4.835629 6.545876 10.47748 23.08071 18.17278 25.42615 32.02456 21.49953 25.24033 20.59366 13.79074 7.198066 6.585629 5.335629 5.738738 29.83538 56.87066 53.05495 38.27288 26.52526 27.17507 49.48716 51.55578 26.84074 7.761867 7.89667 2.995939 18.24807 44.42704 72.53094 91.49868 109.8875 138.0411 91.4898
-9999 -9999 -9999 -9999 -9999 -9999 -9999 -9999 -9999 -9999 -9999 -9999 -9999 -9999 -9999 -9999 -9999 -9999 -9999 -9999 -9999 27.98458 19.01745 13.77871 7.828808 5.346352 4.684741 6.77259 7.472114 52.54766 10.07735 9.662216 24.20203 19.91076 21.04632 20.13655 15.6554 9.612279 8.08639 4.448605 4.419575 5.823605 8.049398 10.81418 25.64804 32.74109 32.90752 71.45835 88.83824 62.57294 33.14972 13.41758 6.264626 9.684583 8.568085 26.73068 28.53966 18.38303 4.15035 26.42783 52.95835 69.86858 104.7641 125.9415 137.9412 115.8571
-9999 -9999 -9999 -9999 -9999 -9999 -9999 -9999 -9999 -9999 -9999 -9999 -9999 -9999 -9999 -9999 -9999 -9999 -9999 -9999 -9999 3.130743 7.889087 7.105617 10.26761 17.9113 20.40838 26.53674 42.17812 107.19 52.84554 17.54134 5.926619 5.972653 3.995019 4.432519 7.527031 10.40149 15.0546 18.746 30.57925 27.83347 24.04724 20.44124 19.27618 15.07773 16.06961 24.9672 11.25375 9.626143 14.11082 14.27373 18.63969 29.78712 24.88823 27.53988 31.56523 13.06517 6.854697 45.27485 73.39024 86.97334 121.622 151.5614 154.7212 180.2661
