04_184A014/downslope_distance.asc
ncols 186
nrows 177
xllcorner 610464
yllcorner 6870672
cellsize 16
nodata_value -9999
[rows 145 to 173 of 177, columns 0 to 65 of 186]
-9999 -9999 14.42922 8.766848 6.77849 6.013325 5.049017 9.862279 12.00298 15.8658 13.59305 20.93519 19.20457 33.92675 23.86679 24.4685 23.5271 24.18113 19.79318 13.34657 9.510946 7.446764 5.642767 4.245019 3.299937 5.001682 8.237818 11.21583 14.17608 15.07367 17.18404 25.22646 47.08567 43.65375 30.85689 34.23189 20.81133 11.29794 7.504665 9.726937 3.697685 6.644988 5.291434 4.203966 5.680299 6.005743 8.746701 13.1145 14.6001 18.25083 21.56019 35.81653 23.91098 23.73252 21.51285 20.80812 17.64023 14.84658 23.59534 7.67792 4.487818 4.499461 4.325825 3.112437 6.434201 15.10086
-9999 -9999 24.32259 27.68043 20.68979 19.36212 22.12062 23.56907 38.80657 17.49378 9.205267 14.2238 5.581568 9.546638 4.689182 5.810122 11.74746 16.03538 13.88005 20.24286 16.37453 22.69613 29.34036 38.5061 22.05705 18.09068 13.9368 12.02113 16.84068 8.567704 7.396289 4.203966 7.729316 7.088231 13.783 11.60232 11.57773 6.823446 27.8441 26.00771 10.00191 25.86587 30.12529 28.96904 17.73528 17.78852 11.67608 8.527951 9.252444 5.020908 6.84007 14.05904 6.730236 8.223954 11.59083 15.23322 20.1112 19.32237 27.98611 16.55299 4.902951 34.68839 47.22431 26.67094 9.663136 2.765546
-9999 -9999 32.45717 33.85806 30.21345 22.90816 10.80866 21.48198 17.10898 19.38617 27.43465 26.7797 18.97326 24.96092 33.92025 26.10882 12.64077 10.60914 7.255204 5.483376 4.612437 4.678459 6.066403 9.830109 11.49708 15.3514 15.49616 20.24639 30.40286 31.26714 30.43281 30.59848 20.52227 14.72786 13.19477 7.435503 6.264087 28.74791 58.47015 59.39687 23.64581 15.23046 22.27855 16.17554 19.82849 26.26101 20.57589 23.42186 20.64873 20.07681 21.98084 24.4672 16.72012 12.80422 8.922177 7.737818 6.5566 6.310122 5.139626 3.696764 8.02075 21.3481 27.27396 13.82773 11.43534 31.84724
-9999 64.76536 72.75793 107.8078 88.44436 108.7798 85.76314 18.66964 20.30981 11.47119 13.66406 9.89575 8.869481 9.615801 11.77833 13.44347 16.22104 20.1606 21.50787 22.0382 30.8278 29.32427 18.47142 12.69032 9.941784 8.504665 6.573986 8.947145 7.843592 5.686961 7.460629 19.2876 14.51225 21.07351 25.8929 6.756505 19.40133 38.33354 57.01336 47.90499 28.87865 4.62132 9.922939 9.614119 7.534233 5.650731 8.940483 4.24816 4.74816 5.925318 7.816784 11.88671 12.99692 15.61488 20.58883 23.32145 20.12047 12.30758 3.912374 14.07015 20.15302 16.28131 6.348954 10.89705 45.95163 33.86225
-9999 19.68128 34.18795 26.01875 23.38487 48.35597 45.65407 35.22538 46.89702 30.44521 31.13677 32.30581 24.79172 17.47954 20.02059 13.4309 6.011867 5.232456 7.581949 10.32031 19.3599 14.32161 14.54036 16.49876 27.11441 27.24163 22.59902 27.86273 6.063262 33.55749 35.99797 15.07275 13.58049 15.77856 11.84527 34.01453 35.74493 29.76583 21.91114 12.24915 30.09188 24.9711 12.73506 37.84855 34.91051 32.29255 87.56223 121.2922 79.40254 66.67545 30.87897 31.60086 7.141847 5.628903 5.220432 5.250381 6.275731 3.010185 11.00114 18.37399 25.18319 19.40708 10.14835 54.56889 30.36463 9.398352
-9999 12.40907 7.539595 8.144068 6.571764 8.848954 5.447684 7.538675 12.26577 12.08049 15.11082 26.9276 42.36301 40.21228 43.3369 67.58466 52.67888 35.16863 31.50794 19.72218 16.20977 13.37154 6.721352 11.93236 12.53185 6.598034 7.581949 10.20825 5.333408 15.56517 27.36517 30.19874 23.95333 36.74797 27.30743 30.34956 31.49195 38.35667 20.9842 12.33585 5.861517 7.931981 5.65035 7.177539 11.1073 20.22478 39.14588 85.64794 71.43601 47.2198 33.729 35.03154 34.70295 26.89061 37.86288 45.74179 41.09458 32.84458 8.39759 6.659233 4.845432 29.89274 60.21632 38.44382 7.041276 15.29594
-9999 35.18694 30.69651 37.95892 51.43103 37.41542 65.43164 57.73586 29.02364 11.16038 4.253903 6.157012 11.76041 8.818085 12.52205 48.77799 52.9949 15.27373 22.94889 36.66847 21.65952 16.91704 20.5454 45.11149 45.69858 25.01301 18.51209 9.485439 11.90869 17.93849 8.528872 6.852095 9.031473 13.94829 6.938262 9.665895 18.61342 28.89696 19.66152 28.69429 35.22868 27.38992 40.28589 49.36914 30.91634 16.50597 13.72694 13.15149 9.422558 10.33455 6.502602 6.137405 9.289976 11.67884 26.33684 22.37529 44.49293 46.97631 20.97992 8.419417 42.70124 53.64455 39.26781 11.32145 11.53001 27.77548
41.95194 36.0673 44.28995 49.74131 38.34794 47.42377 88.43529 85.03018 37.73227 14.54778 14.83103 26.31165 20.729 14.51615 5.676619 12.31218 13.29664 5.412374 4.913675 6.294036 4.691403 8.660915 4.8704 12.36856 28.89673 29.45349 30.0974 15.54778 15.13855 34.69781 28.28598 36.12405 34.15898 33.12774 36.66809 12.17884 8.548098 21.31571 5.603934 4.485216 6.615039 8.197145 30.14198 22.05168 28.04318 49.47815 33.57389 21.78706 30.29877 28.43265 23.39689 29.923 20.3566 8.920338 8.019068 5.976175 7.826588 25.73497 7.318085 43.64557 57.5371 25.99499 10.26707 10.64429 27.887 12.20051
-9999 13.56717 28.1632 19.02672 14.47548 35.06761 45.16311 38.78313 22.37751 9.897051 12.66314 34.17063 48.41219 32.30321 4.563262 12.57123 16.49562 5.687342 29.58262 27.62199 21.60974 19.42186 4.177158 9.780172 6.193243 5.424017 9.61764 5.0566 7.393148 8.112279 14.6001 40.83529 28.67913 20.95663 30.31577 20.42478 27.56126 46.05819 38.12513 30.36945 16.13027 21.2843 10.6158 9.300699 11.72472 6.664595 7.172177 6.427158 17.71974 19.00489 14.2961 27.76622 37.1949 22.92392 25.531 28.52916 13.38801 3.970432 32.05565 48.26727 16.77948 5.61726 25.35276 61.30816 17.02135 18.80819
-9999 9.718973 6.824905 7.753903 9.099874 11.63058 4.774049 5.910153 5.02757 4.828427 20.83922 38.11279 56.37558 53.16809 12.43979 6.788294 6.614658 21.59312 54.86254 55.24106 63.54744 23.25121 5.286073 17.32237 33.56907 32.27656 31.63401 19.39689 20.30574 14.12913 14.83493 12.80866 6.371701 6.854315 7.131124 5.74816 8.199367 26.82681 40.12697 36.07364 39.40781 62.4719 39.1461 31.42691 40.40569 22.36955 19.80927 27.43671 25.10682 20.46146 7.277951 4.624461 5.254823 10.11894 9.075667 21.33255 18.77764 12.48934 4.877983 17.9659 5.483757 16.94055 38.11723 25.25197 9.51523 28.53697
-9999 34.55635 29.76859 24.621 30.09068 41.05244 20.00873 17.60838 17.00375 18.86174 41.12329 47.33506 64.22774 58.97729 27.6066 23.9921 23.81532 55.21679 75.84268 72.12984 75.63535 25.61403 6.347653 14.88227 39.49093 73.01067 59.22675 42.82043 41.74744 36.0074 40.26866 43.98909 43.99223 32.65746 20.20657 17.06732 14.52611 14.85952 8.39851 5.635184 4.686961 11.40724 5.083408 8.65073 12.56625 14.69997 20.93801 20.79578 8.657774 7.857837 5.459709 6.342291 11.24524 28.73351 27.41802 17.82275 8.222114 7.406092 11.18588 7.058281 5.857837 16.36917 11.8586 14.21291 26.73144 14.86916
-9999 -9999 56.41869 46.04563 46.72348 60.43579 43.02005 37.99899 37.56133 41.98535 57.26345 62.73411 78.18377 71.94709 43.50603 63.30939 58.52095 91.71553 91.4028 87.12286 58.46073 27.31653 10.49784 11.9126 31.02732 64.86324 37.18487 15.25857 11.78369 24.27434 20.20035 22.12307 30.54065 43.67469 30.94124 28.28553 39.85568 39.23351 38.19766 53.04116 27.23014 5.475794 19.68833 25.29984 13.4244 64.35658 60.84899 49.62374 22.07243 34.65346 18.98712 11.93642 4.766847 15.96514 18.10714 21.68963 20.1606 28.77862 27.33446 29.43709 12.19477 3.207488 11.42738 21.56187 22.39658 4.528872
-9999 -9999 -9999 92.7082 75.31996 82.04208 85.69334 70.99535 62.79582 61.39442 73.40178 89.76987 130.124 180.5453 178.5562 152.8431 129.0866 115.4177 102.8139 86.97083 69.22872 45.82479 24.58132 5.163675 7.223034 5.525731 9.835852 14.29686 7.418117 6.764087 4.036993 5.466372 8.386867 11.32605 8.945845 13.2369 16.07107 21.61793 33.67139 41.97285 24.74125 4.257964 35.85391 46.3974 36.48389 83.32063 109.4501 91.33564 85.19709 103.0613 60.02669 16.63763 4.772209 6.533313 4.747241 6.108376 6.050318 9.249303 8.652032 21.42615 15.38541 14.96437 5.917736 9.877825 9.640769 21.73665
-9999 -9999 -9999 -9999 -9999 93.13941 121.6653 121.4479 111.0327 86.08497 99.17175 204.9019 220.837 198.966 181.3678 161.4385 138.3182 119.6281 108.3855 92.45718 70.55791 61.92749 29.92767 19.81593 10.96437 6.060122 33.97653 37.16035 40.0712 31.32986 31.66863 6.908313 11.98468 21.00022 26.02779 9.090071 6.892767 5.347653 9.170338 19.32367 13.87507 4.235597 6.382425 15.4224 24.61403 48.90819 55.33519 57.99858 52.64204 48.79623 25.38747 6.811041 29.10184 28.11387 24.75749 22.02503 23.36288 20.87323 11.05292 12.70993 7.86634 5.257044 4.736517 2.776269 7.470813 32.84632
-9999 -9999 -9999 -9999 -9999 -9999 168.279 166.5161 158.9741 161.7303 159.4617 157.2667 -9999 204.3564 187.2297 170.1016 148.6876 134.3004 128.3993 120.5878 104.7435 107.8063 72.25991 45.90806 23.82443 5.984677 21.94353 39.10857 51.61063 42.05312 31.37244 6.436422 26.39267 45.56593 42.08202 27.09344 25.96253 25.48865 3.882964 6.724874 2.982995 13.85362 14.25987 9.273352 5.77259 22.97776 42.5211 33.64045 15.24042 13.69308 11.08417 5.097653 16.53224 29.55168 32.48167 37.1033 58.85099 45.99201 30.88747 33.6599 30.89436 24.031 15.98566 8.037216 10.38893 2.745019
-9999 -9999 -9999 -9999 -9999 -9999 -9999 -9999 -9999 -9999 -9999 -9999 -9999 -9999 -9999 -9999 130.7546 111.8277 114.3622 88.19884 102.5851 99.29719 72.93668 42.11517 21.74861 5.594512 14.57865 33.83224 41.60597 26.69651 14.04372 4.638706 16.52059 27.75803 23.75022 34.8396 60.95216 46.18195 11.51225 19.62193 8.321226 10.63281 19.77526 29.27272 12.54794 5.582869 5.894068 3.383883 5.521828 10.51853 14.79794 7.926238 5.822684 4.859296 6.664595 8.969893 31.16282 21.04556 35.35997 42.81799 57.82748 44.4357 8.470274 17.64268 5.33601 10.30016
-9999 -9999 -9999 -9999 -9999 -9999 -9999 -9999 -9999 -9999 -9999 -9999 -9999 -9999 -9999 -9999 -9999 -9999 75.4745 67.14532 64.83335 75.31374 60.97751 49.2047 27.79448 11.77205 8.171257 11.1243 6.205648 3.698604 1.84283 7.481536 7.30476 6.593211 6.600412 24.70089 41.34871 36.2836 8.415515 18.75083 20.88677 3.017767 4.872622 12.79204 18.20793 14.2987 9.527032 4.245019 14.67884 44.46727 41.20095 16.73322 13.32291 29.18005 34.50464 36.09417 22.75695 12.63005 9.348415 3.846352 4.96285 6.816784 7.062723 7.537755 14.96107 24.91022
-9999 -9999 -9999 -9999 -9999 -9999 -9999 -9999 -9999 -9999 -9999 -9999 -9999 -9999 -9999 -9999 -9999 -9999 55.25524 50.09807 38.95584 29.16717 17.9646 17.73712 8.498922 5.11818 2.860216 3.562881 5.187881 9.588612 15.17684 20.13303 30.61012 21.91482 15.44991 9.507424 5.767767 5.860597 5.385184 11.19347 26.90746 9.478777 6.425699 5.016847 5.051619 3.850794 7.608376 13.68496 33.21666 49.8042 38.18487 16.81663 14.55368 20.64766 28.6553 48.31667 52.00325 22.47088 4.664595 5.794036 12.97066 19.80628 24.86479 22.84572 30.48665 39.66879
-9999 -9999 -9999 -9999 -9999 -9999 -9999 -9999 -9999 -9999 -9999 -9999 -9999 -9999 -9999 -9999 -9999 -9999 24.77672 24.37767 22.71514 15.01745 5.743561 12.33623 15.12231 9.837311 4.789595 18.15854 24.66152 26.58883 31.36755 35.43671 46.12742 44.81263 34.02005 32.29448 22.71935 18.87951 11.39169 13.99486 33.22608 6.343592 26.56079 48.51336 13.87246 13.4237 31.67745 31.76898 53.1792 47.22132 29.86939 12.35378 10.42922 5.410153 9.354696 15.70847 7.583789 6.508345 14.74508 22.18411 28.70847 36.57259 42.1759 41.57066 45.74674 54.55902
-9999 -9999 -9999 -9999 -9999 -9999 -9999 -9999 -9999 -9999 -9999 -9999 -9999 -9999 -9999 -9999 -9999 -9999 6.103934 5.292355 5.552158 3.59191 14.3995 17.28338 4.226714 6.004442 12.42316 34.56086 41.63401 42.58884 47.42691 52.26698 62.70997 75.16578 55.63293 45.56523 37.46514 38.19337 11.43588 8.197145 23.05743 7.390388 29.63738 50.92942 43.28068 47.04607 49.67995 47.43769 61.44068 53.00296 44.07043 36.13792 33.18709 21.17462 19.97748 20.76929 5.067323 15.29096 34.62519 40.4923 45.67107 53.13662 59.006 61.87311 61.35534 69.57225
-9999 -9999 -9999 -9999 -9999 -9999 -9999 -9999 -9999 -9999 -9999 -9999 -9999 -9999 -9999 -9999 -9999 -9999 13.61488 16.26003 16.45863 5.074905 25.84372 7.933662 14.76469 24.91818 27.656 36.64617 55.92643 61.24217 77.79147 73.82234 84.01641 80.58941 70.04293 63.82212 74.61194 65.27907 18.25213 7.418498 4.985597 12.46399 32.15026 37.66542 28.44483 36.67821 27.62453 21.54556 22.32199 21.79518 37.51085 39.23335 50.33681 44.26 38.07833 30.76507 7.442704 27.49331 40.06958 52.52691 63.29382 68.28387 75.74351 104.6984 164.8596 194.852
-9999 -9999 -9999 -9999 -9999 -9999 -9999 -9999 -9999 -9999 -9999 -9999 -9999 -9999 -9999 -9999 -9999 -9999 34.89528 28.09978 13.32031 9.609519 30.49093 33.17659 30.027 41.48878 55.62288 81.58586 107.6061 199.1194 210.0478 125.0921 117.4137 108.2898 116.2903 113.0327 99.98003 94.57171 42.56714 20.66634 5.571764 6.281092 11.52795 7.269068 6.99318 5.126301 5.323605 4.783852 5.357075 5.677158 6.955267 14.7876 39.63018 63.10896 53.0928 16.1698 16.08699 36.42789 51.16946 66.39998 75.61642 85.94805 109.5215 243.5609 241.9231 232.1671
-9999 -9999 -9999 -9999 -9999 -9999 -9999 -9999 -9999 -9999 -9999 -9999 -9999 -9999 -9999 -9999 -9999 -9999 30.26805 15.28706 5.576206 12.16666 30.80137 54.57653 55.10534 59.3535 68.85632 85.75062 159.792 230.5391 236.9493 192.1748 160.5688 131.7687 113.0883 100.267 77.49712 66.83865 37.90699 17.70235 5.848954 14.96751 13.45105 15.26945 17.91092 21.58975 19.7179 31.0987 27.35162 35.31685 30.36418 16.80368 8.327507 6.816403 9.702507 4.691403 19.15079 36.71841 59.39868 75.65043 89.18143 98.87067 161.6971 262.7294 247.8153 222.2689
-9999 -9999 -9999 -9999 -9999 -9999 -9999 -9999 -9999 -9999 -9999 -9999 -9999 -9999 -9999 -9999 -9999 -9999 -9999 4.439182 11.39245 30.41488 44.49147 62.19297 76.85309 83.74011 88.01838 181.8186 255.9433 215.2837 200.9667 169.982 149.0286 126.2149 105.3229 85.59264 67.21114 51.22148 34.40654 15.60248 6.40035 9.183439 9.274429 8.274429 10.09489 12.8756 14.95533 36.0159 54.41816 68.56943 56.16999 37.53275 33.10629 29.02894 15.4185 10.53316 26.44759 42.57335 58.87114 80.91429 98.54073 122.3579 139.533 268.9073 255.2674 230.079
-9999 -9999 -9999 -9999 -9999 -9999 -9999 -9999 -9999 -9999 -9999 -9999 -9999 -9999 -9999 -9999 -9999 -9999 -9999 97.16959 33.89496 41.50166 54.26596 73.29782 98.92095 148.5536 235.5592 248.1044 251.6639 211.5565 185.8896 166.8659 146.7271 130.3916 112.551 86.8317 70.18525 58.45073 42.90079 28.67944 27.496 32.19607 37.30797 38.87751 18.65708 21.7388 7.257425 8.627444 21.92446 25.63471 22.75197 16.33347 7.176619 6.218211 8.475255 18.51951 32.13608 48.79477 65.1389 83.49973 104.9374 125.0034 145.3506 220.733 238.353 203.1843
-9999 -9999 -9999 -9999 -9999 -9999 -9999 -9999 -9999 -9999 -9999 -9999 -9999 -9999 -9999 -9999 -9999 -9999 -9999 211.8916 178.4901 107.9179 117.7212 125.8046 185.0836 -9999 -9999 -9999 242.7628 210.8639 190.2175 169.9048 155.1179 139.7171 122.69 102.5115 85.48878 76.90514 83.31384 92.73294 46.8435 53.94315 62.85032 78.2028 54.35521 35.04769 27.02418 27.81485 18.81831 14.96399 14.35324 17.15371 22.19093 31.9829 39.68557 48.08744 49.49398 61.70889 73.0423 86.5904 103.2818 120.2031 189.9943 214.2169 216.873 194.7407
-9999 -9999 -9999 -9999 -9999 -9999 -9999 -9999 -9999 -9999 -9999 -9999 -9999 -9999 -9999 -9999 -9999 -9999 -9999 -9999 -9999 104.4103 120.0067 142.321 -9999 -9999 -9999 -9999 -9999 226.7791 203.8438 191.9725 170.2746 152.4245 134.133 123.2452 111.2274 100.1092 104.7426 122.4485 103.2023 70.71091 78.64896 94.94467 65.81352 51.58183 53.59515 67.43132 68.84792 57.3719 54.64112 49.83675 47.2119 59.01476 75.28957 87.49268 107.6166 122.9526 137.541 140.4505 135.7357 155.7477 198.2156 187.7568 -9999 -9999
-9999 -9999 -9999 -9999 -9999 -9999 -9999 -9999 -9999 -9999 -9999 -9999 -9999 -9999 -9999 -9999 -9999 -9999 -9999 -9999 -9999 -9999 -9999 -9999 -9999 -9999 -9999 -9999 -9999 231.7068 219.1027 200.5054 184.0309 163.4114 148.0278 141.2815 129.9013 116.8051 118.6233 132.7056 139.106 95.57288 92.77785 105.8721 75.32254 77.34766 84.90074 107.0565 102.6361 90.40734 84.0279 73.02951 77.39195 75.83875 92.14519 99.80486 120.752 133.0947 147.8021 189.7724 185.8533 179.1734 170.0008 -9999 -9999 -9999
-9999 -9999 -9999 -9999 -9999 -9999 -9999 -9999 -9999 -9999 -9999 -9999 -9999 -9999 -9999 -9999 -9999 -9999 -9999 -9999 -9999 -9999 -9999 -9999 -9999 -9999 -9999 -9999 -9999 -9999 236.082 220.6081 190.8603 175.3114 160.715 157.8832 148.9488 132.8127 134.2193 148.2511 159.2917 147.6398 116.1463 113.4757 109.2241 122.9654 143.0851 128.1893 117.5516 116.9028 119.4151 154.2308 172.3082 167.2983 114.712 114.5462 132.7833 149.2812 168.7317 219.2338 194.3096 171.834 -9999 -9999 -9999 -9999
