04_184A014/downslope_distance.asc
ncols 186
nrows 177
xllcorner 610464
yllcorner 6870672
cellsize 16
nodata_value -9999
[rows 116 to 144 of 177, columns 66 to 131 of 186]
167.6729 156.5932 117.0589 103.7042 100.5559 85.54436 61.59677 58.36041 30.09204 15.5258 5.027951 4.52665 6.58509 13.62101 25.67208 31.67783 28.12199 21.55613 10.84083 4.96285 4.940483 11.73636 18.68243 22.57205 13.82237 6.880585 3.191022 14.49953 40.28795 64.34928 79.81181 92.49693 80.99281 81.12409 67.32501 55.187 52.00242 53.09915 35.87903 31.84794 34.14328 32.98557 4.720432 4.598573 11.34673 19.13893 25.9145 13.39153 3.007964 8.42884 8.875223 10.66406 11.55514 4.483376 5.507425 18.02948 27.47424 28.03154 11.03852 8.36358 15.47824 9.112818 9.694386 16.74731 31.63148 34.56698
176.4567 154.3585 130.8094 131.4031 113.2446 86.45207 71.59201 34.24461 12.87284 4.508345 13.29962 24.9541 31.85 34.12589 43.20546 37.24997 9.715833 5.220813 7.214531 19.46054 20.40968 16.1711 12.19071 4.956568 7.890007 20.17132 10.18236 16.54448 34.30902 53.1205 69.12701 99.91245 96.87009 96.28133 80.94991 81.79604 78.6745 63.30778 50.27961 75.98447 89.96943 70.25906 42.31584 18.04648 8.916277 4.928459 6.770369 5.235978 14.97678 20.04004 10.77573 12.35416 10.37522 20.77618 11.83179 4.763706 10.39613 10.64261 22.91044 48.20109 38.08116 28.54908 19.40724 10.29204 9.451968 11.21974
173.5522 155.262 141.6379 107.3665 103.7529 104.1494 57.95423 25.23366 3.536073 12.3599 23.49569 41.23373 58.41761 46.80365 40.75908 32.11272 22.12989 21.21644 15.2804 10.61932 4.665514 6.152951 11.52075 16.90133 16.7336 16.31333 5.05476 6.736898 27.37405 42.33659 60.63621 91.34843 114.3692 107.6853 103.3188 109.4474 85.99433 77.42066 76.36736 119.4358 95.2411 72.96149 55.027 39.06707 36.86463 21.27802 12.85286 18.14137 33.42031 50.59125 27.50006 29.20019 28.74493 34.42101 25.59978 19.64543 11.99784 15.8638 36.54033 54.43722 60.73916 44.46092 40.08722 38.43081 21.63065 14.76247
179.1183 152.2644 129.0099 111.6561 88.08241 75.63168 42.5751 22.04356 12.4849 4.472653 6.552539 7.4954 14.75413 12.65908 17.45533 16.98582 14.06755 7.636867 13.91796 23.21199 34.63623 24.91466 13.38281 6.189563 4.553459 9.586772 16.27948 6.404791 28.80245 43.25112 67.01381 95.72863 105.7058 135.4808 148.3356 128.873 105.608 94.66483 134.76 122.5822 97.95036 82.00362 65.69696 53.37221 49.02447 38.83966 37.78199 34.4099 48.37742 68.12203 76.0838 93.86121 104.7836 85.76379 59.3764 36.14572 33.42215 30.64756 38.75892 69.52054 76.08595 63.23151 58.14442 56.64487 38.74797 40.36454
187.4671 152.248 126.4429 105.0921 88.48513 68.75093 48.54943 38.87221 36.38922 17.64061 14.0975 9.229696 5.098573 7.364119 5.529791 5.33693 2.668274 6.869481 20.51469 13.23062 15.84029 7.499842 5.472653 13.73046 21.10216 25.36847 8.533694 2.486136 19.78484 59.98976 77.33228 81.54271 88.99353 82.99062 87.28723 123.5938 136.1604 155.0784 145.3146 123.0632 107.9151 91.46226 81.14985 69.9488 66.05648 56.39963 58.14173 57.70683 79.40105 96.46337 93.32558 128.269 128.0334 109.1833 89.25084 58.81245 58.57891 58.01089 55.55823 75.85309 100.7071 82.94135 78.78748 88.79037 88.45826 72.6332
174.1357 161.5853 131.4474 115.6877 103.0829 87.82904 71.41438 64.14141 63.04744 54.1713 38.17659 30.0935 9.214532 28.11127 23.15225 23.36028 26.13195 20.43817 10.05828 7.296257 7.155711 15.05444 21.58462 33.4112 39.31339 11.38947 7.601175 2.298636 14.82751 49.83008 61.71581 64.75986 67.80451 53.79347 60.847 79.12387 135.958 143.2137 150.3031 134.6636 115.6405 106.2036 94.82425 86.55939 81.31981 74.1127 78.99833 78.64148 117.6241 113.5187 110.1012 130.9201 156.3 116.5093 82.85731 83.42892 90.61924 75.54113 76.58586 89.59443 110.5821 100.3952 111.5726 118.9497 103.2239 82.43919
174.6503 157.9956 140.0375 128.9076 125.8914 133.1991 142.9941 101.877 77.89278 63.58097 44.32364 22.64359 6.751682 29.01974 43.29623 42.43173 49.40055 37.0349 27.31517 35.15914 54.25349 45.05917 38.56285 48.38284 58.49068 10.07697 19.11954 2.587468 8.520369 24.42408 33.48106 45.93741 40.89344 37.89214 52.23021 66.98196 71.13091 80.99097 103.9129 119.3503 127.1087 124.8395 118.4306 108.4908 111.6477 90.55204 110.7689 116.0089 141.0995 131.9386 130.1612 143.738 152.1232 128.7603 100.1624 98.89091 99.61449 92.64903 93.71997 98.31325 115.4013 118.7126 134.5432 131.8958 117.4323 93.94624
195.8577 177.3982 123.5169 107.5617 106.1279 126.707 145.9998 160.3772 59.70537 36.54845 13.79334 5.846733 9.14483 30.29731 52.35772 69.40788 75.87977 55.35077 47.01108 84.86445 74.56298 58.78243 56.59287 54.25026 24.43817 35.69988 19.17056 3.212468 4.527189 5.017767 5.006124 8.454728 15.71231 22.54556 42.14274 54.28243 46.21365 59.1231 60.94915 75.33164 100.1726 145.3816 133.9178 124.2651 148.4348 167.8735 203.9489 219.8809 238.7238 226.4245 170.1769 161.085 145.4943 126.9371 114.8142 115.4204 114.9698 110.787 114.9775 119.7281 123.7415 145.6407 154.8825 133.7047 116.7699 108.0361
183.5208 140.9916 119.6605 98.51654 94.20458 122.8862 140.9038 72.86483 18.77043 8.250223 4.297177 9.79832 20.63233 33.42735 51.99734 76.85839 96.21362 105.7284 141.9052 131.3357 76.58665 58.82771 37.90676 17.0929 48.36638 44.91149 21.7784 2.653109 5.131124 5.549398 12.47288 12.84029 4.379823 4.698605 9.599716 19.65156 29.93678 38.53741 50.2429 72.88374 104.039 166.9749 154.6651 142.934 149.8388 178.8912 197.8022 213.6296 233.3146 245.8665 196.2095 172.8401 155.6121 139.2082 132.4486 132.7605 135.6564 134.0919 146.3841 139.0178 141.7631 162.2421 161.1311 143.0313 156.7004 169.8355
37.18678 73.49995 84.62555 64.30464 79.79253 136.9622 86.13358 14.11212 5.687342 8.920718 20.80467 29.18233 35.54645 44.76489 72.9614 135.3798 188.5 169.5824 151.5887 142.7514 99.71217 76.45261 45.34655 38.15898 72.2049 49.78633 30.66565 3.682519 8.951968 16.32351 7.866721 29.88792 34.26828 26.88287 10.46751 5.815864 13.54502 26.95524 38.82993 53.44481 136.1133 191.8631 168.5447 162.7906 171.6614 184.5769 214.4781 224.3515 245.2562 235.3941 200.3271 196.433 179.1881 155.6687 152.4053 156.1362 153.9788 169.5697 164.8461 166.4429 163.9709 195.4932 202.3545 213.2788 207.4433 187.2886
32.2836 34.96114 48.10765 42.35375 55.44297 59.66562 22.7172 5.542736 12.82107 29.52196 42.32142 44.78395 58.76955 78.62723 185.3472 203.6222 185.9628 167.1082 143.5488 125.6744 116.3892 107.4409 -9999 56.73335 83.00224 66.78142 31.88294 13.15371 12.69867 7.291276 15.11418 6.281092 39.10521 55.77393 27.3317 12.02909 4.30882 9.011328 22.48604 40.85054 60.21971 150.3617 182.739 181.6375 189.2204 200.2883 219.3267 242.013 262.2407 243.8504 222.8965 222.2373 221.2807 191.0779 189.5705 181.7951 183.2652 193.1386 184.7783 183.4457 222.8678 274.1828 256.8147 237.0148 211.4718 190.4813
8.916277 17.72196 29.93985 22.69315 36.23595 31.3461 19.96958 5.011486 21.66174 43.07479 68.34084 80.28561 95.06854 126.8183 183.172 184.2317 195.9027 182.0852 133.5046 106.6765 96.24986 98.82882 -9999 -9999 129.3908 -9999 88.80132 51.28043 34.43532 18.52342 7.80108 20.38363 35.12481 54.21863 39.45248 27.19667 14.64559 4.199905 18.37392 34.83829 52.82802 122.5866 201.4964 198.9257 206.843 214.8699 227.0257 256.7099 278.2199 261.3279 243.8755 239.532 251.0758 249.4757 211.2835 196.3636 196.2956 207.894 325.414 374.1762 295.7979 271.9969 249.0326 232.5216 216.2764 211.0628
6.577507 5.859677 5.299017 4.000381 5.674937 10.44623 7.579728 13.74601 43.05258 49.04966 66.63037 88.19354 106.523 137.8481 154.6179 152.4746 174.5981 134.7199 117.4625 97.8141 79.62593 81.15788 -9999 -9999 -9999 -9999 83.98882 73.06159 38.5712 21.81447 8.651112 7.86358 21.01898 23.98826 34.38087 31.56095 8.809963 5.776269 23.27687 42.11625 56.23878 88.84821 226.593 221.561 225.2407 237.3829 265.7961 300.6336 310.6187 294.2042 269.7873 262.8969 262.8383 275.9275 230.2847 215.7599 217.086 298.1054 405.9632 402.1908 368.7649 273.5068 258.1688 253.2621 247.4588 240.6139
4.516847 20.51193 12.88909 5.035153 15.36878 9.137247 3.549017 17.49861 36.47079 63.92434 76.18161 98.14177 120.7747 149.4764 145.5774 117.3806 94.87615 98.9365 91.19846 77.19348 70.35969 56.01159 -9999 -9999 -9999 -9999 -9999 63.05302 47.55495 34.17399 31.19131 15.06571 6.236898 5.27757 10.76095 5.58915 15.10362 4.965991 21.34105 39.29233 58.52669 80.27942 227.4336 249.7061 295.608 -9999 -9999 -9999 316.6134 297.0552 282.5111 285.0704 295.5004 287.4049 247.0382 235.6408 379.8669 416.2802 395.695 380.7646 366.3413 290.6283 283.0428 281.7267 268.1272 247.6691
11.24838 28.46482 11.1685 12.89781 31.04785 16.95219 5.859677 26.26844 48.80648 72.84988 91.73882 109.1459 127.2323 130.8801 102.1553 102.1498 81.39056 60.83551 37.45702 41.01628 47.06505 40.02355 -9999 -9999 -9999 -9999 -9999 35.08744 32.59388 34.97072 39.94077 41.67729 23.67982 20.0487 5.65165 13.81402 12.34305 8.330648 25.7277 43.09042 62.3679 77.96746 212.2734 312.8137 -9999 -9999 -9999 -9999 -9999 -9999 -9999 -9999 -9999 300.6855 264.9561 264.6237 433.6899 407.5668 384.3598 365.2906 346.0784 328.114 307.5511 287.2813 268.0832 253.9358
21.11234 28.06133 6.157012 20.03728 35.5836 6.482075 12.00152 41.91825 55.57187 76.19884 98.66029 122.7258 132.5553 110.5002 85.5955 73.91904 57.01933 41.87926 21.58049 22.4659 24.04563 19.11456 8.754665 -9999 -9999 -9999 -9999 -9999 9.870782 13.53109 28.59014 30.57611 18.8442 5.954728 11.46621 30.72922 12.27833 8.370782 23.25175 37.64267 57.00632 72.96701 162.5137 419.3474 -9999 -9999 -9999 -9999 -9999 -9999 -9999 -9999 -9999 -9999 281.8775 374.3629 426.4826 407.4544 389.2021 370.0401 347.9782 339.0151 315.7955 289.7222 279.1543 272.9754
29.40194 20.42316 5.693624 23.93243 43.33123 5.638706 19.07811 54.74506 70.47634 80.95848 106.9605 141.0636 131.3613 100.5743 85.92999 71.32729 42.56882 28.63379 8.218593 5.439182 5.716372 4.637405 9.233218 -9999 -9999 -9999 -9999 -9999 -9999 6.002602 4.742799 4.71691 4.533852 9.471575 22.7113 40.35429 19.16818 8.519449 15.12652 37.01323 48.72132 52.91187 68.79881 312.8944 -9999 -9999 -9999 -9999 -9999 -9999 -9999 -9999 -9999 -9999 302.6779 396.3471 432.4937 410.3545 394.5331 378.2025 361.9198 359.4331 319.3773 301.3029 296.8605 290.3535
26.48941 13.15279 16.62951 30.34036 13.03407 5.707488 36.49163 52.91273 75.06635 94.72212 116.9592 138.062 126.5467 111.8854 101.9637 77.55661 39.72316 23.80667 5.082488 28.82098 40.96473 26.79249 25.98182 -9999 -9999 -9999 -9999 -9999 -9999 33.93411 22.85178 17.07437 19.55406 23.9718 33.76314 52.0047 40.99614 21.04632 4.722653 12.28592 19.60568 36.3863 54.82294 108.113 -9999 -9999 -9999 -9999 -9999 -9999 -9999 -9999 -9999 -9999 -9999 -9999 441.9835 423.5477 406.8511 397.0444 381.902 363.8343 330.3519 319.7333 313.1407 307.9988
31.77142 7.230617 19.01967 26.82535 6.293655 8.483218 46.21305 72.47352 83.88406 99.53409 117.1915 140.7936 156.3485 163.5297 129.1426 70.42748 49.0725 42.40492 5.288294 34.42698 47.73272 29.61317 6.764087 7.382806 -9999 -9999 -9999 -9999 -9999 167.4432 66.66546 43.51444 39.55061 43.10001 55.99658 66.8718 57.75784 26.71904 18.74309 17.94353 8.881886 36.2757 53.70661 172.6913 -9999 -9999 -9999 -9999 -9999 -9999 -9999 -9999 -9999 -9999 -9999 -9999 -9999 352.4248 407.6595 404.0676 397.8752 396.3817 358.1703 340.9094 329.0081 333.8325
23.10422 4.301238 25.43297 31.4711 4.311961 4.407012 16.15578 52.29683 71.96962 107.5672 121.5868 155.293 162.5192 162.6486 175.9862 111.4141 63.25861 28.89236 8.397051 16.7869 25.19651 5.091372 10.4126 31.7119 -9999 -9999 -9999 -9999 -9999 -9999 -9999 -9999 -9999 -9999 -9999 79.36651 75.87409 44.96159 32.08192 9.748764 11.99232 41.50816 67.54919 -9999 -9999 -9999 -9999 -9999 -9999 -9999 -9999 -9999 -9999 -9999 -9999 -9999 -9999 -9999 -9999 -9999 -9999 -9999 -9999 -9999 348.3707 327.7194
16.87376 9.243561 37.58132 22.67354 7.707869 11.04036 6.681061 23.73367 50.08161 94.69592 106.1645 123.6671 139.0747 164.0798 180.3745 197.4073 131.7495 29.90216 10.80958 4.904791 5.470813 15.36104 33.47599 -9999 -9999 -9999 -9999 -9999 -9999 -9999 -9999 -9999 -9999 -9999 -9999 -9999 -9999 -9999 5.038675 10.00505 -9999 -9999 -9999 -9999 -9999 -9999 -9999 -9999 -9999 -9999 -9999 -9999 -9999 -9999 -9999 -9999 -9999 -9999 -9999 -9999 -9999 -9999 -9999 -9999 -9999 -9999
7.675699 12.21621 26.56631 11.91444 11.08991 28.18893 7.441784 21.75197 48.3797 75.88168 100.2747 119.4383 145.7426 185.2231 164.6771 101.0267 25.56041 15.61418 7.370781 6.047558 21.68151 32.78643 40.88675 -9999 -9999 -9999 -9999 -9999 -9999 -9999 -9999 -9999 -9999 -9999 -9999 -9999 -9999 -9999 -9999 -9999 -9999 -9999 -9999 -9999 -9999 -9999 -9999 -9999 -9999 -9999 -9999 -9999 -9999 -9999 -9999 -9999 -9999 -9999 -9999 -9999 -9999 -9999 -9999 -9999 -9999 -9999
7.068085 24.28766 30.45096 5.015546 16.31517 33.42675 12.23452 4.446764 43.60619 73.49358 85.62117 63.13085 82.05064 41.80105 26.44299 12.45733 6.060122 4.576206 4.519068 20.04058 48.67865 69.3652 67.40518 -9999 -9999 -9999 -9999 -9999 -9999 -9999 -9999 -9999 -9999 -9999 -9999 -9999 -9999 -9999 -9999 -9999 -9999 -9999 -9999 -9999 -9999 -9999 -9999 -9999 -9999 -9999 -9999 -9999 -9999 -9999 -9999 -9999 -9999 -9999 -9999 -9999 -9999 -9999 -9999 -9999 -9999 -9999
5.900731 35.80917 42.31584 3.917354 22.2401 21.2882 4.271289 12.11342 52.09753 80.32438 90.3233 37.97025 23.24883 14.63433 5.437342 2.781631 10.58011 12.57735 6.758345 25.08699 62.90972 96.55176 87.47572 -9999 -9999 -9999 -9999 -9999 -9999 -9999 -9999 -9999 -9999 -9999 -9999 -9999 -9999 -9999 -9999 -9999 -9999 -9999 -9999 -9999 -9999 -9999 -9999 -9999 -9999 -9999 -9999 -9999 -9999 -9999 -9999 -9999 -9999 -9999 -9999 -9999 -9999 -9999 -9999 -9999 -9999 -9999
8.414436 16.22494 23.45778 4.485597 8.05514 4.157012 14.02633 26.15806 41.16977 56.38783 31.18877 14.16336 3.968211 6.626143 16.26377 13.13357 5.751143 7.824367 12.7863 33.2764 41.85521 50.2567 48.10283 -9999 -9999 -9999 -9999 -9999 -9999 -9999 -9999 -9999 -9999 -9999 -9999 -9999 -9999 -9999 -9999 -9999 -9999 -9999 -9999 -9999 -9999 -9999 -9999 -9999 -9999 -9999 -9999 -9999 -9999 -9999 -9999 -9999 -9999 -9999 -9999 -9999 -9999 -9999 -9999 -9999 -9999 -9999
20.58592 4.890007 4.097653 16.4973 12.57459 7.919417 19.2967 33.19283 31.94207 21.52894 6.384645 7.200667 13.43795 4.521289 13.91114 26.71038 16.06409 3.205267 12.6014 22.62545 22.82367 25.00435 -9999 -9999 -9999 -9999 -9999 -9999 -9999 -9999 -9999 -9999 -9999 -9999 -9999 -9999 -9999 -9999 -9999 -9999 -9999 -9999 -9999 -9999 -9999 -9999 -9999 -9999 -9999 -9999 -9999 -9999 -9999 -9999 -9999 -9999 -9999 -9999 -9999 -9999 -9999 -9999 -9999 -9999 -9999 -9999
30.53382 13.79204 6.942323 29.24883 33.51444 8.454189 8.707711 19.8599 8.417735 6.752063 4.077126 23.11977 44.70607 21.78452 4.608757 11.99378 24.15784 16.40578 5.824367 5.007964 5.49816 -9999 -9999 -9999 -9999 -9999 -9999 -9999 -9999 -9999 -9999 -9999 -9999 -9999 -9999 -9999 -9999 -9999 -9999 -9999 -9999 -9999 -9999 -9999 -9999 -9999 -9999 -9999 -9999 -9999 -9999 -9999 -9999 -9999 -9999 -9999 -9999 -9999 -9999 -9999 -9999 -9999 -9999 -9999 -9999 -9999
37.12167 14.99156 11.08953 43.24645 53.02967 55.70185 27.52326 3.58785 10.60768 22.44575 28.59112 16.43833 19.14896 29.79455 16.93703 9.295718 11.52243 24.73091 24.45778 5.958789 9.402032 18.46475 -9999 -9999 -9999 -9999 -9999 -9999 -9999 -9999 -9999 -9999 -9999 -9999 -9999 -9999 -9999 -9999 -9999 -9999 -9999 -9999 -9999 -9999 -9999 -9999 -9999 -9999 -9999 -9999 -9999 -9999 -9999 -9999 -9999 -9999 -9999 -9999 -9999 -9999 -9999 -9999 -9999 -9999 -9999 -9999
21.37513 7.572526 29.13233 71.1791 73.95613 87.17517 35.09134 12.89299 8.056441 13.15226 28.09817 25.9626 5.774811 13.40724 34.5817 28.50771 6.628364 12.81793 30.81447 26.87659 8.414436 -9999 -9999 -9999 -9999 -9999 -9999 -9999 -9999 -9999 -9999 -9999 -9999 -9999 -9999 -9999 -9999 -9999 -9999 -9999 -9999 -9999 -9999 -9999 -9999 -9999 -9999 -9999 -9999 -9999 -9999 -9999 -9999 -9999 -9999 -9999 -9999 -9999 -9999 -9999 -9999 -9999 -9999 -9999 -9999 -9999
