04_184A014/downslope_distance.asc
ncols 186
nrows 177
xllcorner 610464
yllcorner 6870672
cellsize 16
nodata_value -9999
[rows 29 to 57 of 177, columns 66 to 131 of 186]
22.68404 40.48059 49.11508 58.83037 18.29502 5.070845 18.65172 5.156631 9.76891 4.58601 5.070464 5.438801 4.077126 4.389626 11.66444 20.03414 29.55727 35.58798 67.98945 58.38024 76.90604 107.7442 81.57178 71.07231 87.00237 66.54719 5.169036 11.63671 4.99632 6.030172 18.52097 37.31209 41.87037 52.86577 57.84753 66.99788 75.10947 87.17654 105.8744 120.6702 146.8723 201.7954 -9999 -9999 -9999 -9999 -9999 -9999 -9999 -9999 -9999 -9999 -9999 -9999 -9999 -9999 -9999 -9999 -9999 -9999 -9999 -9999 -9999 -9999 -9999 -9999
4.879823 14.16336 29.95708 37.20968 21.2915 4.439182 13.75229 4.924017 3.793655 10.67814 19.1449 20.72326 16.02779 10.57291 5.219131 4.010184 8.589532 25.54341 49.9252 44.59747 24.66466 49.69144 59.32999 57.57279 57.2753 6.643529 17.00987 36.74001 38.35153 23.33094 4.456568 15.78722 28.64804 36.09426 42.9528 52.70293 60.76641 70.68529 84.30446 95.78767 108.9592 129.1795 174.5334 202.8853 -9999 -9999 -9999 -9999 -9999 -9999 -9999 -9999 -9999 -9999 -9999 -9999 -9999 -9999 -9999 -9999 -9999 -9999 -9999 -9999 -9999 -9999
19.15079 3.897209 5.27443 8.915357 8.815864 4.15349 2.906631 4.720432 13.1711 22.40882 33.58919 37.06615 32.29356 25.66894 20.57237 14.76431 7.623003 5.056981 19.25657 11.32827 5.46507 25.6599 31.72132 21.50029 6.21101 15.90762 28.97202 69.79566 112.8786 124.0916 81.339 29.99813 7.169417 18.32053 29.58094 38.67161 47.87634 57.74941 69.89217 77.7206 62.85372 94.38311 136.612 81.94646 125.2044 128.8551 149.7697 -9999 -9999 -9999 -9999 -9999 -9999 -9999 -9999 -9999 -9999 -9999 -9999 -9999 -9999 -9999 -9999 -9999 -9999 -9999
30.73887 15.63969 2.971352 4.797177 7.62224 11.77925 13.82843 18.02687 25.15384 35.6415 45.49925 53.1785 48.30495 41.55635 36.88845 30.06362 23.08109 15.18427 11 12.10524 6.840451 11.785 13.49156 4.695845 37.97875 45.19734 43.43126 66.83098 91.96813 118.1722 148.1841 180.4346 59.26143 4.6816 13.84604 23.04747 34.50296 43.84525 56.9383 39.64182 36.12228 43.25876 50.52691 59.53196 66.56496 60.98487 20.62729 73.5685 148.503 -9999 -9999 -9999 -9999 -9999 -9999 -9999 -9999 -9999 -9999 -9999 -9999 -9999 -9999 -9999 -9999 -9999
36.42475 15.61012 4.100794 16.3429 23.55406 28.26691 29.93106 34.39804 40.04163 47.81343 58.26892 66.8306 64.19985 57.80619 52.97514 45.99337 37.96473 30.80115 27.125 26.20073 16.74477 7.364881 2.568243 18.09718 62.09278 70.68897 59.60902 74.45153 99.03691 133.5414 160.9672 188.5661 156.2882 96.17768 34.38592 8.585852 22.44521 30.83538 32.20686 13.27411 20.53896 27.45172 34.95546 41.6935 49.34417 27.40784 31.00419 77.03671 81.34386 75.73301 93.76569 -9999 -9999 -9999 -9999 -9999 -9999 -9999 -9999 -9999 -9999 -9999 -9999 -9999 -9999 -9999
23.24385 6.716753 8.922019 24.25073 38.0941 44.50067 45.99264 50.904 56.04163 62.66905 70.44085 81.2254 80.18377 74.42313 68.71156 61.73602 53.38215 46.93687 43.28607 39.19335 29.83383 18.90178 8.274652 6.691784 40.29293 39.44696 59.96463 81.93053 111.9435 143.033 163.3469 174.0354 184.9825 208.2562 217.4931 54.89823 5.476175 12.06479 16.43389 9.011867 5.882425 12.14743 18.96222 26.3955 33.85146 10.74968 42.61539 55.97989 62.92888 53.3974 37.43579 33.37681 109.3008 -9999 -9999 -9999 -9999 -9999 -9999 -9999 -9999 -9999 -9999 -9999 -9999 -9999
6.844893 5.030172 15.35032 31.11571 47.58291 60.01904 61.99264 67.2132 72.09785 78.66904 85.29646 93.87144 96.18377 90.8904 84.66904 76.787 69.35534 63.33592 59.62259 52.46124 41.5292 30.84493 17.89604 8.167196 5.590451 18.25251 51.864 81.08793 84.77911 128.5678 137.704 151.7771 173.9658 206.8924 210.6398 77.57016 22.71352 5.3079 5.173097 10.98674 15.06257 9.923478 5.630204 10.68757 17.60936 10.56625 32.45356 39.68103 47.46688 54.90806 61.4449 20.21881 20.67967 87.90871 121.8139 -9999 -9999 -9999 -9999 -9999 -9999 -9999 -9999 -9999 -9999 -9999
3.518687 11.53331 24.93541 37.95369 54.24236 70.81581 78.9652 83.2132 88.49138 94.66904 101.2965 108.5858 112.3197 107.1877 100.4117 92.0471 85.35534 80.30451 74.839 64.15662 53.47235 40.52346 30.36041 22.70464 12.27043 4.002983 15.67722 46.30718 63.08963 86.03431 106.8815 129.4669 176.9313 194.461 116.9975 60.75331 33.66625 39.79239 19.29892 14.46606 5.313262 7.965832 13.65724 10.92256 5.094512 7.888167 17.30889 24.12031 31.80245 39.12881 47.02732 42.17247 8.450129 28.96114 68.14763 110.9756 109.2256 130.5265 -9999 -9999 -9999 -9999 -9999 -9999 -9999 -9999
5.74318 15.36863 30.72792 46.5804 61.20207 76.95557 92.99738 99.74766 104.913 110.669 117.2965 123.9239 128.6218 123.2965 115.4788 107.9828 101.4696 98.37151 86.90161 76.09976 63.15087 53.13113 46.36032 35.19519 23.79439 12.06647 3.511104 19.86732 46.26834 91.31334 116.0901 122.286 165.5391 200.8574 94.17768 66.67977 16.51821 24.3474 26.71336 32.71634 16.39429 12.82421 4.759264 6.1204 13.4322 10.5618 6.040895 8.494862 16.06349 23.33845 31.02396 38.03674 16.63763 16.89137 37.39128 69.34823 89.79538 103.0692 135.1511 129.301 -9999 -9999 -9999 -9999 -9999 -9999
21.09918 27.45118 37.99604 53.35534 69.35534 85.09798 100.5695 114.6584 121.166 126.669 133.2965 139.9239 144.8669 139.1678 130.6745 123.9828 120.0621 112.6634 98.72718 85.77829 75.75855 69.19354 58.23421 46.42181 34.73602 21.7211 7.414437 7.093973 28.47056 93.24478 132.9695 135.2017 158.8815 188.6929 180.8347 82.79173 13.99378 12.66444 15.17776 7.02443 5.071764 5.24318 4.623541 9.739881 8.377444 5.234677 11.4296 19.05352 4.918655 7.733757 15.13319 22.64727 24.66688 9.097495 27.11203 56.36501 74.39281 98.5193 97.94754 114.9893 116.2295 122.4005 -9999 -9999 -9999 -9999
34.83446 43.26628 50.0786 60.62346 75.98276 91.98276 107.9828 123.3256 136.1985 142.6691 149.2965 155.9239 160.8381 153.9453 146.6102 142.4307 138.0406 122.4632 108.4057 98.38597 91.82096 82.58444 69.04922 57.8377 44.39141 29.90575 16.14712 4.085629 11.34029 29.91825 100.8554 149.4778 163.3618 177.1011 118.7438 50.05594 11.58141 5.426238 16.38173 21.21422 17.95181 17.7244 15.12691 31.39956 29.11349 17.39153 18.41872 7.285534 3.882964 11.94607 5.703427 6.704728 14.14781 8.772971 16.71054 44.23757 72.60512 75.97888 85.40527 91.49747 97.98352 109.2948 127.7705 -9999 -9999 -9999
37.81615 53.05372 64.91644 72.71674 83.25088 98.61018 114.6102 130.6102 145.953 158.2217 165.2965 171.9239 175.8793 169.2376 164.0743 160.7802 147.6058 131.0385 121.0134 114.4484 106.1909 91.84676 81.86372 68.13656 53.45007 39.59157 24.58392 11.06517 4.029791 20.45073 51.30388 141.7 118.209 118.6458 42.92995 51.32885 28.55819 19.04908 5.098573 2.387024 5.3066 13.53001 11.28592 18.9692 32.72148 39.53069 51.30626 48.77148 10.9172 2.737437 6.508345 10.07123 5.677539 4.826206 8.701049 30.16596 64.29928 56.27393 69.32945 75.21914 79.87469 76.84719 80.19072 134.3475 114.5137 162.3727
31.39756 48.34845 64.52691 80.29782 94.1918 106.6133 121.4343 137.2376 153.2376 168.5542 180.6382 187.9239 191.3159 185.9384 183.0204 175.5033 154.384 143.6408 137.0758 129.7899 115.9449 105.8223 91.5241 77.1891 62.95414 47.21134 33.65207 20.91558 5.852095 13.55812 38.66901 50.85267 76.44862 47.29055 7.037374 10.98008 7.228395 4.40165 4.137405 8.828808 11.92202 9.845274 9.488199 5.393148 6.715451 25.13379 85.96378 69.88459 25.548 5.256124 9.774652 2.586549 4.80882 8.376143 3.751682 20.90892 38.65254 37.60445 52.75731 58.38475 55.74941 48.12228 98.46407 84.10579 70.71502 112.1511
25.71475 41.89949 57.89949 75.27456 93.10083 109.8782 126.1482 144.7462 164.9721 179.4356 193.2441 203.3173 207.3494 204.2543 199.5692 181.2235 166.2682 159.7032 152.6758 140.9695 130.0352 117.2591 101.6396 85.63961 69.83875 56.6951 43.56821 27.57466 12.62675 3.975794 22.94537 49.94297 68.8885 7.437342 3.719131 12.29258 14.96307 20.09588 14.2434 10.69883 6.504284 12.72954 21.63839 35.62735 28.96942 13.21974 27.7296 54.65115 37.97967 15.74118 15.02948 8.527032 13.70587 3.245019 7.507425 17.11786 14.23934 22.40026 36.73097 33.88424 23.65762 43.72805 65.05762 47.58376 59.06758 97.25826
23.18887 39.49715 56.18395 72.72002 89.46635 107.7798 125.9589 144.3343 160.7302 181.6433 206.955 217.9695 223.6239 221.577 212.8008 189.9668 182.4007 175.3032 168.0616 156.9146 141.695 125.9612 110.6132 94.78958 80.1358 65.32653 49.51143 34.48665 19.02649 4.544575 15.42332 42.6468 50.49299 12.54534 5.636486 3.208408 3.257964 5.927539 13.30682 21.77786 5.921257 14.50099 7.353395 16.07237 45.44413 29.01269 23.86311 17.4276 8.868941 11.10194 7.33417 19.07665 14.84994 10.19699 18.81777 5.843592 11.9908 10.61082 20.21644 7.025731 11.47027 47.59172 37.36533 26.70609 61.01305 101.7927
19.31066 35.65755 52.05438 68.85063 85.63173 101.8736 117.8995 133.8995 149.8995 165.8995 194.226 229.22 242.2328 240.5213 219.3793 205.7002 199.1597 197.0317 186.0011 169.4955 147.2009 126.6592 109.4955 93.35534 77.35534 61.35534 45.34776 31.55886 20.04242 5.479854 14.78906 34.80505 49.02418 32.29578 24.56945 21.77764 6.33693 3.322685 2.495939 5.08601 7.172558 58.32678 48.4606 26.69591 10.06625 32.17507 56.00455 56.07685 30.78306 30.19055 8.6204 11.90095 13.62729 14.22012 11.94661 11.37782 11.76853 7.176619 9.931441 28.2342 59.02777 12.48506 20.72272 12.46882 61.37955 36.93747
22.78284 38.72792 54.72792 70.72792 86.72792 102.7279 118.7279 134.7279 150.7279 166.7279 182.7279 214.3963 242.2936 241.5072 230.545 226.0456 226.4656 213.8628 185.0572 163.1572 142.4628 125.2764 108.2351 89.8199 72.27418 55.173 38.87437 22.72034 9.162597 6.448066 26.28874 47.17659 65.03458 49.75978 44.23519 35.47348 24.17056 14.16888 3.353014 3.936961 6.83417 25.9724 38.43985 26.00045 7.715451 27.6344 46.10803 42.92085 23.39321 24.93036 19.45365 5.89851 8.891689 20.38839 5.490959 17.6848 8.753364 12.95549 10.50781 64.78871 30.03728 21.29908 10.41092 27.44353 43.55029 11.31755
28.64268 44.90331 61.25102 77.35534 93.35534 109.3553 125.3553 141.3553 157.3553 172.9756 186.1311 196.3976 207.5459 219.302 232.073 245.0005 236.5344 196.9164 164.9675 148.9675 132.9675 116.9675 100.9675 84.96751 68.98582 52.95549 36.90685 20.5533 5.592291 12.61932 39.29455 70.40376 84.28021 68.28979 121.9697 129.7236 57.35765 34.82818 14.14819 4.442704 18.17523 5.801238 9.539976 10.30644 5.423097 12.19737 25.67247 27.1462 5.366879 7.107075 8.930679 4.343211 7.873384 12.19032 8.057362 18.89712 7.868941 7.807362 24.90264 45.01238 8.496701 30.31263 7.028872 40.58224 12.2434 22.3553
35.03221 50.87006 66.88744 83.13084 99.53072 115.7775 130.6056 142.6456 152.7605 163.774 172.6941 183.0552 194.3272 205.6877 214.9054 243.9822 223.0212 187.3539 171.4075 155.4706 139.5072 123.4706 107.4706 91.47057 75.47057 59.47056 43.47056 27.49959 13.16818 4.222653 18.00987 38.22446 81.19985 102.7351 152.696 140.8919 74.45131 56.28849 30.37091 13.20847 8.979539 25.63639 31.00365 9.500223 4.658852 2.547716 4.422716 4.070464 9.069767 10.48376 6.361517 4.365039 3.411073 12.99248 15.50619 17.71644 16.64597 4.475794 33.53988 23.16558 5.170876 12.99746 14.56402 22.97402 4.161073 21.35898
37.56609 52.98402 69.29243 82.72654 94.80618 106.3421 117.6963 128.2962 140.7129 150.0667 159.9563 170.2298 180.6576 191.2505 200.2746 222.4791 210.9946 194.1838 178.1838 162.1838 146.1838 130.1838 114.1838 98.18377 82.18377 66.18377 50.24183 36.11745 21.84848 7.009645 12.9198 39.83062 70.77691 95.02866 120.3104 128.2994 74.7442 52.97577 37.49055 29.98849 12.9224 13.93626 24.97608 12.10546 4.2441 6.683281 14.07383 17.11174 22.798 26.64268 17.46276 6.874842 6.176619 4.014626 6.065864 19.33087 24.3553 4.704347 15.95089 10.84083 7.853395 6.544956 9.516308 7.504284 2.839689 5.222272
31.94718 46.5338 59.55376 71.18127 83.60611 95.06887 105.6322 117.9939 127.4393 137.3128 147.5863 157.8971 167.8069 177.2502 188.6601 208.6654 212.6599 201.5469 184.5906 168.4353 152.3835 136.3835 120.3835 104.3835 88.31029 72.13827 56.84763 41.51539 25.46323 9.469131 22.6066 48.8693 68.48424 90.83044 111.3884 124.7513 78.32967 61.06927 56.05962 46.08192 22.24861 6.066403 10.59305 4.02757 11.88617 19.83354 28.78605 33.17462 38.97056 39.50195 28.49391 22.24264 21.47548 11.87101 3.015546 19.77557 35.81263 15.9322 5.412374 5.955648 3.669575 4.878522 5.707107 8.544956 10.97801 13.04366
23.77418 36.90268 48.55385 60.97869 72.44145 83.00478 95.36652 104.8119 114.5768 124.8406 135.1178 145.1558 154.5862 163.3596 181.4189 192.8944 199.5219 202.6506 185.3107 169.3107 153.3107 137.3107 121.3107 105.3107 89.31066 73.31066 57.31066 41.31066 25.31066 9.316022 10.87744 45.11723 73.72948 92.62453 114.9386 117.5011 95.36359 79.90756 61.46257 36.47723 19.51193 5.522209 3.970432 10.97234 24.47485 34.76743 42.4824 49.34648 55.27386 51.24909 44.04163 38.2578 33.94781 19.26323 5.385565 9.343054 34.67913 30.23919 5.237818 3.659772 14.61082 20.09711 21.34413 24.6554 27.55828 29.34933
14.2355 25.92643 38.35128 49.81403 60.37736 72.73911 82.18447 91.94939 102.1895 112.1622 122.1346 131.9588 140.7322 155.4193 170.267 176.8944 183.5219 190.1493 188.9633 172.7055 156.6323 140.6506 124.614 108.614 92.61396 76.61396 60.61396 44.61396 28.61396 12.63189 5.609296 23.91726 45.88484 45.13056 42.2561 96.58456 108.562 64.58964 37.12091 20.66098 7.314944 6.337311 15.23773 24.48313 33.59975 47.14516 57.41093 64.81245 71.07425 66.66904 59.48671 49.18433 33.83002 17.34864 5.009645 12.71989 34.74921 25.99899 4.563262 8.864342 21.79432 35.03284 37.57843 41.24531 43.63909 45.44975
4.735978 15.7185 27.18662 37.74995 50.11169 59.55706 69.32197 79.56207 89.5348 99.45222 109.2443 118.1048 130.5234 147.1955 154.267 160.8944 167.5219 174.1493 182.0597 176.0213 161.8682 145.8995 129.8995 113.8995 97.8995 81.8995 65.8995 49.89949 33.89949 18.02764 5.906473 8.39851 7.71193 10.56272 17.08753 29.73106 21.25787 24.78674 20.46514 11.32935 5.091371 16.33944 28.56254 38.20645 47.32095 56.22717 69.77258 80.11372 86.31261 76.25073 60.5533 44.5533 28.5533 12.54886 5.062881 18.30108 38.7283 19.621 4.414214 18.19001 31.27332 44.46648 53.43909 57.55635 60.07107 61.44975
8.437723 5.443085 15.12253 27.46282 36.92964 46.69455 56.93466 66.90738 76.8248 86.61684 95.47734 106.5969 122.71 131.6396 138.267 144.8944 151.5219 159.1943 167.8719 162.8701 157.22 151.665 136.5269 120.5269 104.5269 88.52691 72.52691 56.52691 40.65505 27.21787 16.08722 9.328966 8.870019 5.347653 4.652189 4.754823 3.970432 5.974874 4.958408 6.484296 10.16183 25.6521 38.97383 51.18996 60.97143 69.94836 78.85459 92.39999 91.85368 75.62132 59.62132 43.62132 27.62132 11.63963 3.328966 5.286073 5.539214 7.996701 3.552158 15.93198 31.93198 47.8828 63.07941 73.3278 76.50305 77.44975
8.298478 3.99632 5.656092 14.29372 24.06714 34.30724 44.27996 54.19738 63.98942 72.84992 83.96947 99.12022 109.1985 115.6396 122.267 128.8944 136.5669 145.5685 153.1171 146.8701 140.5533 142.293 141.7841 127.1543 111.1543 95.15433 79.15433 63.28247 49.84528 38.71463 30.40308 25.31066 25.16482 20.5533 19.41421 19.50505 14.44829 11.10355 13.45787 13.99762 20.01399 32.16977 48.04163 62.79988 74.30605 83.59885 92.57578 101.7415 97.2132 81.2132 65.2132 49.2132 33.23151 19.53804 14.07253 11.62668 10.93106 7.339689 10.66888 21.02548 36.38478 52.38478 68.38477 84.27754 93.01622 93.44975
13.58976 19.82925 12.2447 4.588231 11.67982 21.65254 31.56996 41.362 50.22251 61.34205 75.83348 86.94357 93.0318 99.63961 106.267 113.5041 121.5946 132.403 134.5306 130.8701 124.5533 125.8995 132.5447 132.1594 117.7817 101.7817 85.90989 72.4727 61.34205 53.0305 46.38478 41.31066 41.4783 36.5533 35.41422 35.88103 30.57627 27.10355 29.76355 30.03553 35.67009 42.64141 54.79719 70.66904 86.50246 98.12733 106.2316 114.5933 103.8406 87.84062 71.84062 55.85892 42.16546 34.38478 30.35064 27.8691 26.9764 23.36022 26.55352 33.10803 43.6529 59.01219 75.01219 91.01219 105.8763 109.7654
52.85848 41.69328 37.76428 12.54556 3.907012 8.926842 18.70242 27.59509 38.71463 52.56159 64.1618 70.7377 77.01219 83.63961 90.87664 98.93813 108.6652 117.0179 118.2843 114.8701 108.5533 109.8995 116.5269 123.1146 122.9678 108.5373 95.10012 83.96947 75.65791 69.01219 62.38478 57.31066 58.36133 52.5533 51.41422 52.26368 46.71276 43.10355 45.86396 46.03553 51.79141 58.18377 65.26883 77.42461 93.29646 109.2965 121.5631 124.8849 110.468 94.46804 78.48634 64.79288 57.01219 50.38478 46.57161 44.11374 43.63325 39.7513 42.79984 48.87006 55.73545 66.28031 81.63961 97.63961 116.0854 130.1926
77.77803 66.7805 45.65873 27.03658 15.26653 4.131124 5.549779 16.08722 29.93938 41.89182 48.38478 54.58675 61.01219 68.24922 76.31071 84.79117 95.41048 99.70584 102.2843 98.87006 92.5533 93.8995 100.5269 107.1543 113.7817 115.6644 106.6152 98.28533 91.63961 85.01219 78.38477 73.84841 74.87006 68.5533 67.63779 68.82142 62.72792 59.10355 61.86396 62.03553 67.79899 74.18377 80.81118 87.89625 100.052 115.9239 131.9239 133.0955 117.0955 101.1138 87.4203 79.63961 73.01219 66.60574 63.29334 61.00689 60.40622 56.26149 58.93687 64.87006 71.49747 78.36287 88.90773 104.267 126.2276 147.7164
