04_184A014/flow_acc.asc
ncols 186
nrows 177
xllcorner 610464
yllcorner 6870672
cellsize 16
nodata_value -9999
[rows 34 to 67 of 177, columns 76 to 151 of 186]
32 16 25.51464 34.06998 68.46769 284.075 231.2605 30.94123 22.74765 42.31111 83.74996 164.3539 16 6444.639 25.40247 73.08642 37.33333 16 16 16 16 16 87.84592 31.31259 18.48889 381916.1 382135.6 16 16 312.4456 114.8631 44.17855 67.3672 48.8953 34.36264 102.0286 43.33581 28.85777 29.86667 30.57778 27.73333 16 16 -9999 -9999 -9999 -9999 -9999 -9999 -9999 -9999 -9999 -9999 -9999 -9999 -9999 -9999 -9999 -9999 -9999 -9999 -9999 -9999 -9999 -9999 -9999 -9999 -9999 -9999 -9999 -9999 -9999 -9999 -9999 -9999 -9999
39.77319 16 23.78661 34.18215 110.4178 252.7605 142.2408 21.68889 26.31111 60.84978 155.2541 49.21356 187.7554 699.8359 5695.056 30.93333 47.51855 35.09728 17.42222 16 16 53.38074 20.26667 16 16 23.46667 16 382215.6 382560 16 16 189.1814 112.5353 40.64089 28.98144 156.5494 37.48847 48.0955 41.5842 39.57729 35.10519 48.71111 16 16 16 -9999 -9999 -9999 -9999 -9999 -9999 -9999 -9999 -9999 -9999 -9999 -9999 -9999 -9999 -9999 -9999 -9999 -9999 -9999 -9999 -9999 -9999 -9999 -9999 -9999 -9999 -9999 -9999 -9999 -9999 -9999
52.82201 17.90407 20.61162 48.21425 128.9017 204.9679 80.69234 16 44.84978 101.2957 71.17191 131.2948 164.9764 363.6951 16 5534.79 32.37873 50.03062 30.57778 16 16 38.35259 43.73333 16 16 24.53333 16 16 16 382640 382861.2 16 16 63.08121 195.0905 32.66154 61.40907 60.7675 51.28147 52.32759 39.40346 80 30.22222 17.77778 16 16 16 16 -9999 -9999 -9999 -9999 -9999 -9999 -9999 -9999 -9999 -9999 -9999 -9999 -9999 -9999 -9999 -9999 -9999 -9999 -9999 -9999 -9999 -9999 -9999 -9999 -9999 -9999 -9999 -9999
59.90288 21.42081 20.7523 60.27591 128.8112 152.5926 40.95571 28.84978 71.50273 68.96489 115.2948 128 275.0269 84.89163 61.05922 16 5361.833 65.98321 39.11111 16 91.11703 25.95555 16 16 16 30.93333 71.46667 87.46667 16 16 16 383125 383188.7 383462.8 16 56.84942 116.4848 51.15607 72.37451 62.59756 94.83273 35.55556 67.92165 32.82963 22.04445 29.15556 29.15556 16 16 16 -9999 -9999 -9999 -9999 -9999 -9999 -9999 -9999 -9999 -9999 -9999 -9999 -9999 -9999 -9999 -9999 -9999 -9999 -9999 -9999 -9999 -9999 -9999 -9999 -9999 -9999
62.32513 24.39364 23.7615 66.88245 118.6591 102.8411 24.09334 48.88212 59.58549 99.29482 112 180.2936 147.6249 45.05922 45.65577 206.5326 5229.819 16 35.2 16 134.3526 22.04445 16 16 16 17.06667 16 16 119.4667 150.7556 183.1111 32.71111 31.64444 16 383542.8 383732.2 16 76.806 130.1937 75.59851 86.06637 27.85185 111.6444 26.77728 38.92938 46.45136 43.21975 30.93333 22.04445 16 16 16 -9999 -9999 -9999 -9999 -9999 -9999 -9999 -9999 -9999 -9999 -9999 -9999 -9999 -9999 -9999 -9999 -9999 -9999 -9999 -9999 -9999 -9999 -9999 -9999
56.73929 26.97956 26.86673 68.09404 99.5135 60.3787 31.15347 46.69875 83.29482 96 136.2306 140.3152 48.43203 66.72549 155.2252 92.75665 67.77837 4830.751 21.68889 150.3526 16 16 31.64444 66.13333 19.2 44.72889 66.56 29.86667 16 16 16 16 16 16 16 16 383812.2 384035.2 17.67997 194.3603 246.0871 146.2123 16 85.43426 33.54829 58.34921 61.58398 44.83951 32.15012 31.64444 24.53333 16 16 -9999 -9999 -9999 -9999 -9999 -9999 -9999 -9999 -9999 -9999 -9999 -9999 -9999 -9999 -9999 -9999 -9999 -9999 -9999 -9999 -9999 -9999 -9999
43.68592 27.44889 28.76488 64.11729 75.36388 36.33253 32.12659 67.29482 80 107.3939 115.5305 54.05339 65.21849 102.1555 64 54.18667 50.69432 16 4691.168 48 16 16 29.86667 16 483.2 347.0049 237.5111 16 26.66667 32 16 16 16 16 16 16 16 16 384295.2 169.1209 16 16 92.75325 70.50171 44.52628 77.29919 67.03283 54.20335 47.22217 46.27753 38.49482 37.33333 16.71111 16 16 16 -9999 -9999 -9999 -9999 -9999 -9999 -9999 -9999 -9999 -9999 -9999 -9999 -9999 -9999 -9999 -9999 -9999 -9999 -9999 -9999
23.46667 24.53333 28.72099 53.60197 50.19233 24.18989 51.29482 64 85.27295 91.81384 51.89099 55.3708 71.6625 48 38.18667 34.69432 37.98299 114.7766 4473.554 16 41.6 16 16 576 16 16 16 192 148.9778 16 16 16 78.93333 128 160 16 16 16 16 384528.3 384560.3 23.82222 384835.6 16 129.2367 57.3604 85.19227 58.3587 63.78873 60.01058 51.36066 44.73679 33.36691 34.84444 18.84444 16 16 16 -9999 -9999 -9999 -9999 -9999 -9999 -9999 -9999 -9999 -9999 -9999 -9999 -9999 -9999 -9999 -9999 -9999 -9999
16 16 24.88889 39.46667 28.34963 35.29482 48 66.16406 69.94998 44.86374 43.21185 49.51019 32 25.6 32.35556 49.46173 65.13602 36.3424 16 4277.697 39.33979 16 16 625.0667 16 16 16 16 16 64 31.64444 16 16 16 16 224 256 16 16 16 16 384624.3 16 385033.9 21.0987 153.454 39.34348 82.20082 72.60736 82.82274 58.41558 52.21223 52.28089 47.9842 31.39951 38.04445 16 16 16 -9999 -9999 -9999 -9999 -9999 -9999 -9999 -9999 -9999 -9999 -9999 -9999 -9999 -9999 -9999 -9999 -9999
31.28889 16 16 24.53333 23.46667 32 49.05877 49.73827 34.18074 29.15556 29.66914 16 16 22.4 25.45778 21.65728 16 16 32 4179.923 37.52128 21.14528 16 16 760.2805 808.2805 16 16 16 16 16 64 80 16 16 16 16 336 352 16 16 16 16 385081.9 16 271.0192 134.9214 16 49.88343 236.328 46.85633 89.15663 50.69499 46.02873 63.83916 38.85827 33.42222 19.55556 16 16 16 32 16 -9999 -9999 -9999 -9999 -9999 -9999 -9999 -9999 -9999 -9999 -9999 -9999 -9999
51.84 33.06667 16 16 16 32.35556 31.64444 20.97778 16 18.84444 23.11901 31.41267 34.84761 34.58539 29.83416 21.96683 16 16 32 4095.236 76.45449 59.21027 28.94222 41.91605 45.29778 16.60839 926.2222 974.2222 16 16 16 16 16 128 46.57778 16 16 16 16 400 416 16 16 385113.9 16 322.9983 16 350.2114 317.1029 16 16 151.3454 51.19204 75.321 47.95031 54.65249 48.40296 38.91358 32.71111 17.06667 16 16 16 16 -9999 -9999 -9999 -9999 -9999 -9999 -9999 -9999 -9999 -9999 -9999 -9999
44.87111 30.93333 16 16 16 16 16 27.02222 40.62025 53.00956 63.11961 79.81265 97.73604 114.7949 126.0361 129.493 107.0298 36.75688 16 3970.781 41.52889 19.2 32.35556 28.44444 27.37778 35.69778 33.63556 20.26667 1041.422 30.93333 48 16 16 16 216.1778 16 16 16 16 16 16 454.7556 16 16 385500.9 16 391.4558 16 16 16 212.1454 16 182.1186 46.90131 51.26649 77.17429 61.28233 47.10628 43.24346 32.90074 38.04445 33.77778 16 16 16 16 -9999 -9999 -9999 -9999 -9999 -9999 -9999 -9999 -9999 -9999
16 16 28.08889 19.91111 16 16 32.71111 50.10173 71.75322 95.8522 125.8426 159.5045 203.3333 264.8604 353.0959 478.7218 691.8822 1069.602 3858.141 16 23.11111 16 16 16 16 18.84444 16 16 30.93333 1187.556 16 16 32 16 240 16 32 16 4676.267 4708.267 16 5291.022 25.24444 16 385548.9 16 414.2114 16 32 16 261.5676 16 217.8588 16 35.36734 234.8068 48.451 56.60136 53.03783 45.22351 51.49234 50.48889 33.77778 32 16 16 16 -9999 -9999 -9999 -9999 -9999 -9999 -9999 -9999 -9999
29.15556 39.44296 39.86173 34.11753 17.42222 16 31.28889 48.74272 67.32431 91.13035 119.7964 154.6845 194.9383 233.6271 274.5583 307.6431 277.9792 92.72453 16 2627.058 28.44444 16 16 16 16 29.15556 16 19.2 20.26667 16 1457.904 16 16 79.28889 336 32 4492.51 4596.267 16 16 4788.267 16 5482.706 16 385580.9 16 16 508.0781 16 16 294.6343 16 253.4144 16 286.1741 16 27.32027 89.56793 75.92483 54.65653 69.17882 55.71161 50.88395 40.53333 32.35556 34.48889 16 16 -9999 -9999 -9999 -9999 -9999 -9999 -9999 -9999
43.81972 60.16053 54.29904 36.8259 16.38716 16 16 29.15556 55.32444 77.87457 94.93913 109.6968 119.2782 124.021 116.1005 91.06633 58.19258 58.98992 179.9748 2582.613 21.89169 35.04198 30.22222 23.46667 16 16 77.15556 121.9556 176.3556 206.3486 16 1503.06 16 16 3852.792 4396.51 16 69.80984 17.94653 16.71111 31.28889 155.1221 56.13863 391153.2 16 16 16 558.2114 16 16 213.134 383.6258 16 16 398161.6 398225.6 398300.9 398472.3 37.05462 107.3817 85.80569 63.00462 57.03199 42.62716 48.6321 48.26074 34.13334 16 16 16 -9999 -9999 -9999 -9999 -9999 -9999
75.08743 77.76508 59.24742 33.20551 32 16 16 16 18.84444 21.83111 28.29432 35.81841 43.69743 52.3932 59.91838 73.02562 96.72731 112.4838 46.31202 16 2302.435 182.9136 135.4667 68.97778 32 16 16 38.4 27.37778 43.60691 59.60691 1581.511 16 3805.148 16 142.7587 48.60395 26.55839 29.19799 16 34.24711 109.7529 16 16 391233.2 16 16 16 605.5003 30.57778 397025 397456.6 397536.6 397827.4 16 32 32 16 398692.5 398892.1 43.7353 115.3005 61.16191 55.98639 58.96445 42.83681 48.97185 36.26667 32 16 16 -9999 -9999 -9999 -9999 -9999
103.3602 86.0276 50.52212 48 29.15556 30.57778 20.26667 16 29.15556 55.32444 74.31902 86.469 91.19407 88.33772 80.26176 64.14978 42.74644 22.81309 16 32 2070.815 22.04445 16 27.02222 16 16 16 16 16 16 27.37778 16 3639.879 66.57422 50.69432 42.89931 89.84933 26.61399 23.75638 16 50.56 45.44 16 32 391281.2 16 16 16 28.8 396747.1 16 32 48 236.7432 38.10129 16 16 34.83419 116.2702 16 399235.4 399415.6 75.50978 81.05281 48.13044 78.29886 36.14815 55.58519 38.75555 33.77778 32 16 16 -9999 -9999 -9999
118.8762 70.34557 64 44.50766 37.71259 41.72642 20.05333 16 16 16 16.71111 16.74272 17.11618 17.52144 18.33619 20.07471 23.58378 32.77069 48.77069 64.77069 2000.771 16 16 16 16 16 16 16 16 16 23.46667 1865.6 77.15556 83.61244 54.18667 34.69432 60.52346 40.22519 18.37037 19.2 28.8 16 16 16.71111 16 391345.2 16 16 396043.8 16 36.97778 16 32 135.3251 91.5193 16 16 63.76934 39.33503 58.36535 209.177 16 399669.1 51.01339 114.6206 42.50864 77.51901 39.51407 68.72494 38.04445 41.95555 28.44444 19.55556 16 22.04445 -9999
94.27065 80 60.50766 39.46561 61.77361 43.57935 28.98489 21.68889 16 16 32 48 65.42223 84.14024 105.5666 132.3963 167.1244 215.9176 304.1234 484.2749 1904 25.95555 22.04445 48 32 16 16 32 38.4 25.6 1623.467 92.44444 82.84444 64 64 38.18667 32.35556 39.68 17.77778 16 16 32 48 79.28889 391530.8 16 16 16 396008.7 32 16 20.97778 16 77.93151 93.13567 23.77726 21.10073 50.00364 36.40107 134.1962 64.94512 72.07589 78.75603 400036.9 22.61246 125.9699 51.93464 79.5319 57.80789 43.10123 53.84691 47.28889 34.17284 38.04445 16 16
96 76.50765 40.55638 74.83713 70.64605 51.11979 25.31966 37.90222 23.11111 16 16 16 30.57778 48.83753 69.61954 93.64042 122.9744 162.4631 175.8766 94.56955 77.15556 1206.044 790.0444 636.4445 381.8667 273.4222 29.15556 37.33333 355.5555 1361.422 107.7333 99.55556 80 64 48 48 25.6 22.4 16 18.48889 42.66667 80.13045 160.6982 370.1799 1180.019 392927.4 392959.4 16 395944.7 302.9596 104.0586 38.23608 16 42.62355 72.40483 31.81606 25.50365 34.00179 62.25891 104.8824 51.59332 67.2386 107.4991 107.7333 400735.7 400922.7 67.10901 102.7323 47.32603 71.29284 60.07484 55.71073 49.02804 48.95605 34.48889 16
97.79031 47.54385 71.57786 100.7886 78.97701 34.58911 42.69025 50.59476 27.57531 29.15556 32 16 16 27.02222 42.41383 55.49213 72.36236 69.61929 64 64 69.94998 330.05 112 112 112 112 128 128 128 843.2502 143.772 96 80 64 48 32 32 16 16 40.88889 80.48917 145.2775 207.3018 145.5622 858.4791 32 16 395333.7 133.8943 142.0914 191.4081 106.7625 38.81718 18.33613 46.61676 33.89156 23.75912 33.71685 81.4419 59.3222 51.2386 87.23244 96 125.4129 426.9861 16 401473.6 401629.2 81.96688 91.91769 40.76032 78.54625 64.98164 49.50141 47.54963 34.84444
58.2612 49.403 128.0865 116.5888 55.85424 30.23008 71.44405 59.22 23.9662 42.56395 50.59161 32 16 16 22.4 37.04889 37.53876 48 48 48 133.8746 186.1254 96 96 96 96 112 112 112 442.176 412.5796 96 80 64 48 32 16 16 25.6 55.00049 90.3241 110.5921 96 444.1965 418.0246 16 74.1291 2072.957 195.2137 126.3154 117.5844 118.4681 78.94896 38.02864 21.02518 29.81926 20.53885 44.43411 64.86229 39.64342 71.23244 80 96 301.7901 122.6088 113.8179 338.0042 16 401924 25.96363 125.3429 59.3211 70.66149 77.93678 35.14838 49.80938
26.97845 131.2765 170.8691 84.80856 35.48161 55.32609 95.71442 51.68655 26.65164 54.78049 70.37507 49.77778 30.22222 16 16 17.42222 32 32 32 59.95615 108.5971 119.4468 80 80 80 80 96 96 96 251.9968 391.9032 178.8556 80 64 48 32 16 16 34.84444 57.48938 74.52006 80 174.6588 475.3833 180.1791 43.16479 336.6971 1265.763 502.9941 137.2597 110.3154 101.5844 86.6783 53.70469 29.15556 18.84444 20.42483 47.05548 37.99836 55.23244 64 80 163.9514 228.4475 87.35489 235.4175 97.04973 88.99856 90.82317 402191.7 176.1911 90.92644 82.89852 57.53261 76.74443 25.24444
72.50946 246.0475 134.9824 51.48161 24.60628 107.3865 104.9512 40.44374 31.99099 64.69376 92.46178 69.80741 48.59259 25.6 16 16 16 16 34.25185 48.52148 75.62798 81.59869 64 64 64 64 80 80 80 163.8186 270.6682 228.1028 112.1661 64 48 32 16 16 34.48889 52.13235 64 107.8305 254.1414 360.0986 87.3154 80.66727 450.056 811.2648 489.5837 225.8828 121.2597 94.31536 85.58441 64.71111 32 16 22.12416 35.35451 39.23244 48 64 106.732 206.097 118.9248 126.7892 173.678 69.51841 78.30331 120.9833 134.974 403057.6 403245.6 49.80475 108.0819 45.86716 56.9442
203.3316 282.2077 67.48161 31.85738 48.61258 162.4936 93.93046 25.47013 43.01461 70.63029 118.5253 93.36626 68.98041 41.38667 20.26667 16 16 16 20.26667 36.26667 48.68741 54.77926 48 48 48 48 64 64 64 112.0756 178.7152 193.32 146.7886 79.85622 48 32 16 16 33.06667 48 74.86731 152.6686 256.09 244.8574 47.53869 170.1561 418.9656 562.8409 385.5786 249.2431 160.0342 105.2597 78.31536 69.58441 47.28889 16 21.19901 27.5121 32 48 74.71059 144.1927 154.8144 90.32563 152.4988 89.19736 62.30331 99.4496 124.5077 156.4179 382.309 16 403518 29.25051 97.96828 64.68688
488.9968 96.02418 47.85738 31.12391 96.43125 206.6953 51.20017 34.61485 49.45581 72.50423 148.6513 124.6952 94.48343 50.56948 34.25185 32 17.42222 16 16 16 29.86667 34.13334 32 32 32 32 48 48 48 77.7632 117.7223 142.4369 138.0774 99.76787 54.98796 32 16 16 32 52.19517 100.0821 162.2198 227.1165 145.5035 80.14325 207.2942 358.1859 406.9498 301.4712 206.3598 174.6955 124.6236 89.25972 62.31536 53.58441 31.28889 16.71111 16 32 52.16792 98.14014 137.232 101.0583 103.0041 112.3491 52.09122 83.4496 108.5077 128 279.4024 99.32444 82.55752 82.7156 403712 251.2677 91.644
190668.5 60.66689 50.3144 16 208.8891 177.4377 26.76906 54.13302 51.16858 69.16977 183.9858 167.9904 123.6438 60.36575 48 38.20247 43.02222 16 16 16 16 16 16 16 16 16 32 32 32 53.56177 73.81287 95.58747 111.6004 99.56212 66.04602 34.58489 16 16 33.28105 65.56769 107.1427 160.162 185.767 91.9946 102.5453 217.6768 284.9251 304.5279 236.8141 170.1701 156.0194 124.7084 97.53838 73.25972 46.31536 37.58441 16 16 33.27752 65.0339 99.9832 109.1791 77.0609 101.5044 58.00375 67.4496 92.50765 112 168.1745 178.5524 63.45447 69.81866 55.07148 16 404093 89.60905
16 189990.9 16 32 394.4406 50.65518 16 94.01169 43.28991 54.42765 230.7279 241.6909 142.3091 64 69.24993 67.71358 19.55556 18.13333 36.26667 25.6 16 16 16 16 16 16 16 16 16 33.73827 43.01432 59.85659 75.03834 85.52177 69.27002 39.4863 16.82995 16.4043 39.45388 70.65363 108.968 142.8722 140.3527 65.72334 132.4385 198.7844 218.5515 230.0072 188.8746 131.4 140.1502 107.9476 90.77151 75.48694 57.25972 35.89977 16 16.4038 39.31734 68.08033 91.70702 74.0256 75.00262 67.50603 51.4496 76.50765 96 119.4455 163.6451 79.09078 53.81865 39.07148 57.07457 218.9524 404421.5 16
260.3615 53.23852 189594.9 189515.3 189438.9 16 32 151.3776 17.924 19.62851 297.527 393.6751 94.93307 129.1232 78.97196 22.08395 16 39.77481 58.57185 41.38667 26.66667 25.6 34.13334 36.26667 35.55556 22.04445 16 16 16 16 19.55556 34.48889 41.77067 59.72069 62.22749 42.31849 18.67378 18.1934 42.4858 72.95155 100.1886 120.9987 95.46556 76.65371 132.7055 168.0122 164.8659 175.8704 148.6378 99.12404 118.039 96.44845 75.3342 64.23358 57.91921 43.87239 16 18.17108 41.62546 65.47472 69.4515 55.54252 63.24728 41.97979 60.50766 80 89.85347 122.3281 97.27242 42.54599 39.9314 92.41779 156.2977 93.5696 16 404660
37.23852 30.57778 33.06667 28.44444 19.91111 188941.8 188873.7 188742.7 16 16 188308.5 657.6385 187.6137 51.09865 27.77811 26.31111 21.68889 68.79078 86.38789 56.25837 18.96296 37.61778 59.75704 63.21778 51.12889 36.81185 33.06667 32 17.2563 18.84444 16 16 16 29.65333 44.8237 40.22519 20.05333 19.74062 44.69289 68.13394 83.81678 97.38965 70.11294 82.19241 122.9317 133.0932 124.2189 130.6619 115.5479 73.1167 95.63321 81.51581 65.23927 48.38892 47.00444 48.56889 16 19.53975 41.28395 52.86716 45.08445 47.00444 37.71259 44.50766 64 67.95095 88.53785 88.84801 42.66319 41.41974 76.5744 88.95446 67.14975 74.82526 260.779 405039.6
20.26667 16 16 16 26.66667 25.48148 82.99211 18.8153 188522.6 188402.8 16 187291.5 16 43.77811 42.31111 22.74765 30.94123 109.7473 122.4381 46.21464 16 46.09422 97.32899 95.84672 69.1732 53.15687 48 36.98362 41.93242 37.54919 26.97956 27.44889 24.53333 16 22.75556 27.73333 20.26667 21.04099 42.72197 55.07073 65.64239 76.49661 55.05166 85.6235 98.93844 102.5971 91.25074 92.98042 87.23753 55.45859 72.89679 64.26601 53.28751 40.47012 30.08 40.53333 16.35556 19.91111 33.42222 32.71111 30.22222 30.57778 29.15556 48 49.23593 61.08796 70.82456 42.85155 26.60205 47.28959 68.03262 88.52841 132.3568 182.0933 102.8734 16
16 16 16 16 21.33333 33.54074 42.22947 42.19259 61.62963 30.22222 16 25.95555 187225.2 56.43062 40.62815 16 46.94123 182.8851 127.5149 32 16 49.80243 153.3098 139.4962 82.99152 64 61.30435 74.88653 71.58961 65.96171 64.17775 57.07515 44.98507 33.39062 25.24444 16 16 20.62222 33.42222 37.7758 51.58049 56.35793 53.64447 70.91358 74.90107 77.09866 63.78772 61.79608 61.16346 40.06716 53.38074 48.20543 37.59407 31.28889 22.4 16 16 16 16 16 16 16 32 32.39506 37.83901 52.00592 37.76 34.07803 79.69572 107.6155 104.5968 101.5434 92.56175 74.7338 94.53468 340.3395
16 34.84444 29.15556 16 16 16 16 26.66667 37.33333 16 16 29.86667 60.44444 187018.7 16.35556 31.64444 62.94123 320.7327 53.66733 16 16 59.66802 256.5425 173.3895 80 108.7415 141.4673 139.5035 130.6715 120.6876 104.3502 85.88649 68.00417 50.16494 32 16 16 16 16 24.17778 40.19358 40.47802 46.24593 52.59852 53.28593 54.17086 39.59309 36.4563 37.68889 27.73333 33.77778 33.42222 24.17778 16 16 16 16 16 16 16 16 16 16 17.77778 33.42222 28.8 31.28889 47.62864 42.02702 30.15049 45.41736 65.67149 101.6547 176.703 246.2194 136.948
28.08889 62.53037 37.38074 29.15556 34.13334 16.71111 16 16 16 16 16 44.44444 29.86667 16 186899.8 109347.4 109284.4 109158.2 31.28889 16.71111 16 35.97787 493.9159 124.5665 312.9037 338.692 289.9936 241.7394 198.5485 154.0748 115.9138 84.52396 57.22706 33.42222 16 31.64444 16.35556 16 16 16 26.31111 28.44444 33.42222 33.77778 33.42222 33.77778 18.84444 16 16 16 16 16 16 16 16 24.17778 33.42222 33.77778 34.13334 33.77778 32.71111 16 16 16 16 16 22.4 29.92198 45.48372 74.32236 102.6774 128.0418 151.4342 132.0511 96 96
