04_184A014/flow_acc.asc
ncols 186
nrows 177
xllcorner 610464
yllcorner 6870672
cellsize 16
nodata_value -9999
[rows 102 to 135 of 177, columns 0 to 75 of 186]
-9999 -9999 -9999 -9999 -9999 -9999 -9999 -9999 -9999 -9999 -9999 -9999 -9999 -9999 -9999 -9999 -9999 -9999 -9999 -9999 1550.732 1599.443 1647.443 1679.443 1728.509 16 16 16 16 16 16 16 16 336 367.6444 399.6444 446.9333 480 16 16 16 16 16 16 16 16 16 16 3239.605 3285.116 3335.961 3366.894 5014.59 16 16 16 16 305.0667 16 16 16 542.0031 34.74244 85.90398 62.18658 38.29728 16 16 16 32 33.06667 35.65037 23.93389 443.8128 491.6529 16
-9999 -9999 -9999 -9999 -9999 -9999 -9999 -9999 -9999 -9999 -9999 -9999 -9999 -9999 -9999 -9999 -9999 -9999 -9999 -9999 -9999 16 16 16 16 16 23.46667 51.2 112 160 208 256 288 16 16 16 16 16 16 16 16 2934.894 2967.605 3015.25 3060.405 3110.183 3160.316 3192.672 16 16 16 16 16 4967.301 16 16 16 270.9333 16 16 16 16 731.8773 37.22776 28.09556 17.77778 16 16.35556 46.22222 17.42222 37.33333 65.80148 193.5093 16 16 16
-9999 -9999 -9999 -9999 -9999 -9999 -9999 -9999 -9999 -9999 -9999 -9999 -9999 -9999 -9999 -9999 -9999 -9999 -9999 -9999 16 1045.116 1076.405 1109.827 16 16 16 16 16 16 16 16 16 16 16 16 2727.961 2758.894 2808.672 2856.672 2888.672 16 16 16 16 16 16 16 16 16 2869.333 2885.333 2916.622 30.57778 1972.101 16 16 16 193.0667 16 16 16 779.8773 22.8678 25.08642 16 24.88889 35.8321 62.77531 24.11457 28.38914 50.3953 72.83148 16 16 16
-9999 -9999 -9999 -9999 -9999 -9999 -9999 -9999 -9999 -9999 -9999 -9999 -9999 -9999 -9999 -9999 -9999 -9999 -9999 -9999 997.8275 16 16 16 1173.827 16 16 16 16 16 16 2552.672 2584.672 2616.316 2662.894 2680.672 16 16 16 16 16 16 16 16 2643.2 2676.267 2708.267 2739.911 2787.911 2821.333 16 16 16 16 1921.967 16 16 16 16 113.0667 16 16 16 870.2567 26.19698 35.67407 32.59259 19.98134 100.861 46.12846 19.75116 16.63087 16 16 85088.91 85137.97
-9999 -9999 -9999 -9999 -9999 -9999 -9999 -9999 -9999 -9999 -9999 -9999 -9999 -9999 -9999 -9999 -9999 -9999 -9999 -9999 -9999 16 16 16 16 1870.353 2326.539 2375.961 2423.961 2471.605 2504.672 16 16 16 16 16 16 16 16 2468.622 2500.622 2531.556 2580.978 2597.333 16 16 16 16 16 16 16 2317.037 2350.104 2382.459 507.4252 557.5585 16 16 16 16 33.06667 16 16 16 980.1278 16 26.13992 51.32954 106.3943 87.93059 28.30092 84926.71 84977.97 85025.97 16 16
-9999 -9999 -9999 -9999 -9999 -9999 -9999 -9999 -9999 -9999 -9999 -9999 -9999 -9999 -9999 -9999 -9999 -9999 -9999 -9999 -9999 929.7778 977.7778 1024.356 1042.844 409.9635 16 16 16 16 16 16 16 2260.978 2291.911 2340.978 2373.333 2404.622 2421.333 16 16 16 16 16 16 16 2127.17 2157.748 2190.104 2223.17 2255.526 16 16 16 16 16 620.1363 16 16 16 46.93333 16 16 16 16 1054.268 16 16 46.79773 84782.62 84833.29 16 16 16 16 16
-9999 -9999 -9999 -9999 -9999 -9999 -9999 -9999 -9999 -9999 -9999 -9999 -9999 -9999 -9999 -9999 -9999 -9999 -9999 -9999 -9999 16 16 16 16 16 16 16 2084.978 2116.622 2148.622 2181.333 2197.333 16 16 16 16 16 16 16 16 1934.459 1966.104 2015.17 2062.459 2079.526 16 16 16 16 16 16 16 16 16 16 9977.298 10357.03 16 16 16 110.9333 16 16 16 16 84408.7 84464.16 84512.16 16 16 16 16 16 16 16
-9999 -9999 -9999 -9999 -9999 -9999 -9999 -9999 -9999 -9999 -9999 -9999 -9999 -9999 -9999 -9999 -9999 -9999 -9999 -9999 -9999 -9999 16 1859.2 1907.556 1956.978 2005.333 2037.333 16 16 16 16 16 16 16 16 1711.17 1757.037 1806.459 1855.17 1871.526 16 16 16 16 16 16 16 16 16 16 9681.991 9721.458 9779.058 9828.124 9861.191 16 10610.75 16 16 16 16 83079.94 16 83281.9 83297.9 16 16 16 16 16 16 16 780.0889 824.1778 860.0889
-9999 -9999 -9999 -9999 -9999 -9999 -9999 -9999 -9999 -9999 -9999 -9999 -9999 -9999 -9999 -9999 -9999 -9999 -9999 -9999 -9999 -9999 1813.333 16 16 16 16 16 16 16 16 1487.17 1533.037 1581.393 1631.17 1647.526 16 16 16 16 16 16 16 16 16 9429.191 9476.836 9523.413 9572.124 9604.836 9621.191 16 16 16 16 16 16 16 10670.13 16 16 82921.01 52.5037 83201.9 16 16 54.04445 16 16 16 16 668.0889 700.0889 16 16 16
-9999 -9999 -9999 -9999 -9999 -9999 -9999 -9999 -9999 -9999 -9999 -9999 -9999 -9999 -9999 -9999 -9999 -9999 -9999 -9999 -9999 -9999 16 16 16 16 1279.17 1309.748 1359.17 1406.459 1423.526 16 16 16 16 16 16 16 16 16 9187.413 9236.124 9284.836 9332.124 9365.191 16 16 16 16 16 16 16 16 16 463.2889 494.2222 544 567.4667 11282.75 82553.01 82857.01 16 37.33333 26.66667 25.95555 22.04445 18.84444 146.4889 16 483.9111 588.0889 16 16 16 16 16
-9999 -9999 -9999 -9999 -9999 -9999 -9999 -9999 -9999 -9999 -9999 -9999 -9999 -9999 -9999 -9999 -9999 -9999 -9999 -9999 -9999 -9999 -9999 1150.459 1198.459 1231.526 16 16 16 16 16 16 16 16 16 8949.191 8997.191 9045.191 9092.124 9125.191 16 16 16 16 16 16 16 16 16 270.2222 318.9333 368 400 416 16 16 16 16 16 71238.26 272 16 16 16 16 16 41.6 24.08296 406.0444 16 22.04445 64 16 16 292.6222 324.6222
-9999 -9999 -9999 -9999 -9999 -9999 -9999 -9999 -9999 -9999 -9999 -9999 -9999 -9999 -9999 -9999 -9999 -9999 -9999 -9999 -9999 -9999 16 16 16 16 16 16 16 16 41.6 8757.191 8805.191 8853.191 8885.191 16 16 16 16 16 16 16 16 16 61.86666 108.4444 160 192 208 16 16 16 16 16 16 16 16 832 71168.45 37.80741 16 256 239.6444 104.8889 16 16 33.06667 78.43555 128.237 16 16 22.04445 61.97202 212.6222 16 16
-9999 -9999 -9999 -9999 -9999 -9999 -9999 -9999 -9999 -9999 -9999 -9999 -9999 -9999 -9999 -9999 -9999 -9999 -9999 -9999 -9999 16 16 16 16 7446.155 7511.214 7571.872 7627.244 7691.85 8664.391 16 16 16 16 16 16 16 176 160 128 78.93333 16 16 16 16 16 16 16 16 16 16 655.6445 704 733.8666 784 800 16 70317.37 61.33945 32.71111 16 16 160 16 16 18.48889 49.42222 70.32889 16 16 25.95555 23.7037 50.96296 80 16
-9999 -9999 -9999 -9999 -9999 -9999 -9999 -9999 -9999 -9999 -9999 -9999 -9999 -9999 -9999 -9999 -9999 -9999 -9999 -9999 -9999 1676.991 7229.013 7328.213 7389.013 26.31111 34.48889 27.37778 23.82222 56.96351 25.36735 917.8469 595.3311 16 336 320 272 224 16 16 16 16 16 16 16 16 16 461.5111 510.9333 544 576 592 16 16 16 16 16 16 70201.97 210.305 48.42526 16 16 38.34469 103.1664 16 16 19.2 16 32 16 26.66667 34.96296 16 16 16
-9999 -9999 -9999 -9999 -9999 -9999 -9999 -9999 -9999 -9999 -9999 -9999 -9999 -9999 -9999 -9999 -9999 -9999 -9999 -9999 16 5505.8 16 65.42223 36.97778 16 16 16 16 42.15309 199.5694 106.9464 18.75889 544.5722 16 16 16 16 16 16 16 16 224 267.3778 320 368 400 16 16 16 16 16 16 16 821.8843 852.4621 900.1065 69904.55 27.75704 52.5037 180.3155 45.36099 16 30.57778 41.6 16 16 19.55556 16 16 16 38.04445 70.04444 16 16 16
-9999 -9999 -9999 -9999 -9999 -9999 -9999 -9999 -9999 -9999 -9999 -9999 -9999 -9999 -9999 -9999 -9999 -9999 -9999 -9999 5410.867 28.08889 34.84444 38.4 16 16 16 16 19.91111 28.08889 214.0444 41.38333 61.46335 45.63806 69.47082 16 16 31.28889 77.15556 111.6444 144 160 16 16 16 16 16 16 16 579.751 629.5287 677.8843 725.8843 757.8843 16 16 16 68984.77 21.30963 17.06667 149.3333 32.71111 16 16 16 17.77778 21.92593 73.66584 26.31111 16 16 52.97778 149.3333 16 28.44444 19.55556
-9999 -9999 -9999 -9999 -9999 -9999 -9999 -9999 -9999 -9999 -9999 -9999 -9999 -9999 -9999 -9999 -9999 -9999 -9999 -9999 16 16 16 16 16 16 70.75555 16 16 190.5778 16 29.16346 38.24988 46.00889 16 57.14963 97.77778 16 16 16 16 16 16 16 404.4621 437.5287 469.1732 501.8843 517.8843 16 16 16 16 16 16 16 16 68941.65 74.66666 52.97778 16 133.3333 16 16 16 46.22222 95.40741 194.4149 45.9407 31.64444 16 16 32 194.4889 1204.93 16
-9999 -9999 -9999 -9999 -9999 -9999 -9999 -9999 -9999 -9999 -9999 -9999 -9999 -9999 -9999 -9999 -9999 -9999 -9999 -9999 16 16 16 16 16 144 41.24445 16 16 174.5778 16 17.42222 24.53333 23.46667 19.91111 29.86667 30.22222 164.2667 16 229.5288 261.8843 309.8843 341.8843 357.8843 16 16 16 16 16 16 16 16 68267.18 68298.12 68346.83 68395.89 68800.38 16 26.31111 16 22.04445 28.08889 77.86667 29.15556 16 16 16 32 292.3124 17.0209 60.50468 16 16 949.997 26.2242 1317.91
-9999 -9999 -9999 -9999 -9999 -9999 -9999 -9999 -9999 -9999 -9999 -9999 -9999 -9999 -9999 -9999 -9999 -9999 -9999 3950.398 544.3555 384.0434 308.5761 224.2518 189.203 27.73333 16 16 25.24444 125.2741 58.66667 30.57778 16 16 16 16 16 52.14815 292.3141 128.8712 16 16 16 16 16 16 16 68043.89 68091.89 68139.89 68187.89 68219.89 16 16 16 16 222.7864 355.0578 16 26.31111 16 16 16 16 16 32 16 16 27.02222 387.4529 773.9193 841.9318 884.2114 38.67654 16 41.24445
-9999 -9999 -9999 -9999 -9999 -9999 -9999 -9999 -9999 -9999 -9999 -9999 -9999 -9999 -9999 -9999 -9999 -9999 -9999 16 123.5654 98.801 125.5572 96.10377 73.19704 34.13334 16 16 16 16 16 16 16 16 16 16 16 37.33333 36.62222 25.24444 196.0712 16 27.73333 67851.89 67899.89 67947.89 67979.89 16 16 16 16 16 16 16 928.4346 16 16 16 308.48 26.31111 16 16 16 16 16 16 60.8 16 234.5323 267.3918 48.35556 43.02222 23.11111 24.88889 25.24444 22.75556
-9999 -9999 -9999 -9999 -9999 -9999 -9999 -9999 -9999 -9999 -9999 -9999 -9999 -9999 -9999 -9999 -9999 -9999 16 2912.332 16 16 16 55.46667 16 18.13333 32 16 16 16 16 35.55556 30.57778 30.22222 44.08889 19.55556 16 16 16 16 39.28195 287.3147 67771.89 16 16 16 16 16 16 65917.07 65901.07 65869.07 65716.51 1008.079 16 896.4346 16 16 16 207.8578 23.46667 27.37778 35.2 28.44444 29.51111 16 112.2607 202.5323 32 41.6 22.75556 16 16 16 16 16
-9999 -9999 -9999 -9999 -9999 -9999 -9999 -9999 -9999 -9999 -9999 -9999 -9999 -9999 -9999 -9999 -9999 -9999 2864.332 16 16 16 16 16 16 16 142.9333 91.73333 56.17778 16 16 77.06864 37.06469 30.1037 102.9557 18.17284 16 16 16 18.48889 17.64346 22.75556 37.03675 67411.5 16 16 66124.71 66108.71 66060.71 16 16 136.557 64676.08 16 16 16 848.4346 16 16 16 125.0133 69.56247 35.26321 30.47032 18.62321 46.79901 28.08889 16 16 16 16 16 32 16 16 27.02222
-9999 -9999 -9999 -9999 -9999 -9999 -9999 -9999 -9999 -9999 -9999 -9999 -9999 -9999 -9999 -9999 -9999 16 16 1923.2 43.02222 24.53333 27.73333 16 16 183.8222 16 16 17.06667 16 25.6 137.2444 16 16 156.5981 36.11303 30.22222 30.22222 16 29.51111 16 30.53722 36.29489 75.8876 67267.31 67201.52 16 16 16 79.64445 68.62222 16 53.90222 64642.11 16 16 16 784.4346 16 16 16 16 81.73353 30.89857 16 16 16 16 31.64444 42.01876 96 80 16 16 16 20.97778
-9999 -9999 -9999 -9999 -9999 -9999 -9999 -9999 -9999 -9999 -9999 -9999 -9999 -9999 -9999 -9999 16 16 16 16 1847.467 944.5215 887.9171 16 16 222.9333 16 32 23.96445 45.53798 41.31556 170.24 16 16 16.71111 172.5981 77.63402 50.92346 31.28889 32.45037 29.77185 40.47908 67.37354 33.79706 16 16 1012.804 775.0432 48 16 32 20.26667 43.73333 16 64588.28 16 16 16 720.4346 672.4346 16 16 16 158.8543 32.71111 16 16 16 16.35556 174.0879 16 16 16 32 2088.202 2133.002
-9999 -9999 -9999 -9999 -9999 -9999 -9999 -9999 -9999 -9999 -9999 -9999 -9999 -9999 -9999 709.6889 742.4 790.4 838.4 870.4 16 16 16 796.8 16 243.5556 73.24445 16 16 57.19016 144.6969 339.5555 58.2084 30.57778 105.5859 115.7233 16 143.4258 46.33459 47.65182 18.88448 16 16 16 16 16 16 948.804 16 16 16 16 16 16 25.6 64514.68 16 16 16 16 608.4346 16 16 384.6321 208.7111 24.53333 23.46667 32 16 208 16 16 28.8 1993.269 16 16
-9999 -9999 -9999 -9999 -9999 -9999 -9999 -9999 -9999 -9999 -9999 -9999 -9999 -9999 662.4 16 16 16 16 16 16 16 16 383.6444 365.1555 278.6765 18.13333 16 16 16 16 25.95555 419.2 16 16 237.3092 63.87241 155.3542 34.53384 16 63.65182 54.68727 16 16 366.8622 418.2281 473.9865 577.7715 355.0325 16 16 16 16 16 22.4 16 64444.28 16 16 16 16 528.4346 467.4765 16 20.26667 99.2 16 48 31.28889 225.4222 31.28889 16 19.2 1932.469 115.9213 16
-9999 -9999 -9999 -9999 -9999 -9999 -9999 -9999 -9999 -9999 -9999 -9999 -9999 -9999 16 16 16 16 144 176 210.8445 304 336 16 16 16 50.84444 62.22222 16 29.86667 18.13333 48 16 443.7333 60.56082 236.4732 75.61425 189.7722 32.11579 16 32 59.84903 220.8474 267.7965 35.06568 44.20741 42.15941 76.54242 44.67411 278.3584 206.641 27.37778 20.62222 16 16 16 16 64380.28 64332.28 16 16 28.95802 22.04445 16 16 16 16 179.2 229.6889 466.0069 886.4 16 16 1760.104 307.9868 236.0287
-9999 -9999 -9999 -9999 -9999 -9999 -9999 -9999 -9999 -9999 -9999 -9999 -9999 16 16 47.28889 80 96 16 16 48 16 16 16 16 16 16 130.1333 16 80 34.13334 49.06667 112 566.9452 680.2941 942.8013 1056.382 1294.27 22.75556 25.24444 16 58.31111 16 18.48889 29.51111 30.22222 37.97333 56.22519 50.15704 26.38222 34.70222 96.91654 16 48 16 16 16 16 16 64268.28 16 32.19753 29.15556 16 16 28.08889 102.4 16 16 357.1042 16 966.4 1379.354 28.29081 33.71615 165.6467
-9999 -9999 -9999 -9999 -9999 -9999 -9999 -9999 -9999 -9999 -9999 -9999 224 16 16 16 16 16 16 16 16 16 32 62.57778 96 142.2222 191.6444 327.7511 466.1333 16 16 16 16 16 16 16 16 16 1349.025 1392.403 49.62766 21.68889 16 16 16 16 25.24444 37.68889 31.64444 25.95555 23.46667 23.95654 143.374 233.9973 16 28.08889 19.91111 16 16 42.31111 64191.12 16 28.08889 16 16 26.31111 58.31111 16 304 16 16 16 381.8195 136.2066 19.75309 21.54667
-9999 -9999 -9999 -9999 -9999 -9999 -9999 -9999 -9999 -9999 -9999 16 16 287.6444 334.9333 384 432 480 16 16 16 16 16 16 16 16 16 16 16 513.0667 546.1334 578.1334 594.1334 16 16 16 16 16 16 16 1539.306 79.34747 56.9442 27.37778 16 16 16 16 16 16 18.84444 58.32253 79.67482 45.93374 386.5126 481.999 581.8573 613.8573 16 16 16 64108.08 19.91111 16 16 36.97778 16 16 271.6444 16 16 197.0172 31.72979 16 112.7444 33.77778
-9999 -9999 -9999 -9999 -9999 -9999 -9999 -9999 -9999 -9999 16 16 16 16 16 16 16 16 544 592 2194.678 2317.464 2395.733 2440.889 2475.733 16 16 16 16 16 16 16 16 641.4222 672.7111 706.1334 738.1334 770.1334 802.1334 2373.439 58.25562 57.6213 48.02458 35.04198 25.95555 22.04445 16 16 16 16 29.15556 43.83605 39.71161 41.99506 47.51802 51.39753 63.94715 20.46964 727.2928 16 16 957.1573 63084.43 16 16 71.82222 16 16 223.6444 16 16 165.0172 101.0172 41.63768 62.09746 16
-9999 -9999 -9999 -9999 -9999 -9999 -9999 -9999 -9999 1179.733 1226.667 1274.667 1323.733 1339.733 16 16 16 16 16 16 1643.733 18.13333 45.86666 16 16 2555.733 2587.733 27.37778 3542.803 3506.181 3458.181 3410.181 16 16 16 16 16 16 16 16 2897.296 16 21.45097 39.97006 24.3279 40.38321 29.15556 40.17778 16 16 16 16 26.31111 28.8 24.88889 32 50.28345 60.96593 19.95062 898.4907 914.4907 16 16 63017.59 62985.59 120.004 16 16 174.2222 16 16 26.66667 16 59.10931 60.72081 29.15556
-9999 -9999 -9999 -9999 -9999 -9999 -9999 -9999 16 16 16 16 16 16 1387.733 1419.378 1451.733 1499.378 1531.378 1595.733 25.24444 16 16 16 16 16 16 6274.734 16 16 16 16 3346.181 3314.181 3266.181 3218.181 3170.181 3122.181 3042.181 2994.181 37.00148 418.2352 20.44112 63.42258 42.02473 36.83749 113.1272 68.17185 25.24444 30.57778 16 16 16 16 16 16 31.64444 35.55556 58.08197 61.16521 16 96.89108 16 16 62831.99 16 16 112 16 16 69.33334 21.33333 16 16 27.72543 37.68889
-9999 -9999 -9999 -9999 -9999 -9999 -9999 -9999 157.8667 189.8667 16 16 16 16 16 16 16 16 16 16 32 16 16 16 16 44.8 84.81976 25.40247 6362.714 16 16 16 16 16 16 16 16 48 16 24.17778 23.82222 19.91111 341.3169 210.7968 78.98621 129.1272 31.1493 16 24.83358 38.09975 52.18765 17.77778 16 16 16 16 16.35556 16 38.75555 35.69163 64.89108 22.43951 217.9138 16 62815.63 16 16 76.08889 16 16 11036.64 10935.31 16 16 16 16
