04_184A014/flow_acc.asc
ncols 186
nrows 177
xllcorner 610464
yllcorner 6870672
cellsize 16
nodata_value -9999
[rows 136 to 169 of 177, columns 0 to 75 of 186]
-9999 -9999 -9999 -9999 -9999 -9999 -9999 23.11111 18.13333 30.1037 861.8666 640 608 576 528 480 432 16 16 16 16 16 48 16 16 16 30.22222 30.57778 19.2 7006.625 588.4445 560.7111 528.7111 496.7111 464.7111 432.7111 16 27.37778 16 16 16 40.17778 58.96779 51.88653 16 188.4139 51.58611 25.19633 41.20388 102.0541 27.45679 16 32 28.8 34.13334 17.06667 16 16 16 33.58025 32.19753 66.58318 35.10571 62735.99 31.64444 16 16 20.97778 16 16 11084.64 16 10892.64 28.44444 26.66667 42.11151
-9999 -9999 -9999 -9999 -9999 -9999 16 16 34.84444 978.0891 16 16 16 16 16 16 16 368 352 320 288 256 208 128 16 16 16 16 16 7053.914 16 16 16 16 16 16 384.7111 30.22222 16 16 16 16 35.55556 39.38765 21.05679 17.77778 273.3827 426.9741 568.0892 38.41401 43.09684 39.46667 65.42223 16 44.06519 43.40148 27.73333 16 16 17.77778 32.30815 37.38074 42.2163 62466.97 16 16 64 16 16 16 11132.64 16 10838.95 23.7037 243.9345 333.9182
-9999 -9999 -9999 -9999 -9999 19.55556 16 16 31.24464 91.2798 1161.813 1229.369 1261.369 16 16 16 16 16 16 16 16 16 16 16 48 28.44444 16 16 16 16.71111 7134.625 7166.625 16 16 16 16 16 322.4889 16 34.48889 29.51111 16 19.55556 28.44444 16 30.22222 96.39507 16 16 670.5032 769.0667 18.90765 80.29234 45.88984 57.90025 73.63213 16 21.68889 26.31111 16 23.46667 28.08889 30.31704 24.88889 62337.55 16 95.64445 16 16 11212.64 16 16 16 10783.25 203.8285 16
-9999 -9999 -9999 -9999 -9999 16 22.4 47.50222 75.2798 21.33333 39.11111 35.55556 16 1341.369 1372.302 31.64444 785.4222 752 704 656 608 16 16 16 16 16 32.35556 31.64444 16 16 16 16 7246.625 7284.669 25.95555 31.28889 32.71111 201.5052 222.9333 189.756 17.06667 36.97778 16 16 16 17.77778 49.77778 16 16 16 16 835.9743 948.2667 1068.057 22.54508 87.35372 40.74667 50.98667 19.91111 16 16 16 16 46.24593 24.86518 62234.44 29.15556 16 16 11260.64 16 16 10271.48 32 16 16
-9999 -9999 -9999 -9999 -9999 16 16 16.49778 16 16 16 16 16 16 16 2250.572 16 16 16 16 16 544 528 496 448 400 300.4445 270.9412 182.1156 16 16 16 16 16 7389.914 16 16 16 16 16 78.93333 53.07259 16 16 16 30.22222 16 16 16 16 16 16 16 16 1138.602 1282.702 16 86.89778 28.08889 16 16 16 16 18.13333 16 16 62061.64 16 16 11336.48 16 10207.48 16 16 16 16
-9999 -9999 -9999 -9999 118.8479 16 22.04445 42.45333 16 16 16 16 16 16 29.86667 575.7393 2861.867 16 16 16 16 16 16 16 16 32 16 16 62.93333 97.06667 64 16 16 39.11111 7453.914 16 16 16 16 16 16 16 32 382.2222 350.2222 315.5358 272 239.6444 206.9333 176 141.5111 95.64445 16 16 16 16 1368.495 121.4483 21.87852 41.95555 19.91111 23.82222 24.17778 16 16 16 16 61994.44 61946.44 16 43.83605 10188.28 16 16 16 16
-9999 -9999 -9999 -9999 16 16 16 85.17689 38.34311 38.75555 43.73333 34.48889 16 16 546.6311 16 16 2925.867 2973.867 3021.867 3069.867 3117.867 3149.867 16 16 16 16 32 16 16 16 16 16 16 16 7517.914 7565.914 7613.914 7661.914 7709.914 7757.914 7805.914 8236.137 16 16 16 16 16 16 16 16 16 48 31.64444 16 32 16 1537.944 1591.822 1667.919 17.76988 36.11654 23.46667 139.8835 56.88889 25.95555 16 16 50557.34 16 27.37778 20.62222 10139.32 16 5683.768 5651.768
-9999 -9999 -9999 31.64444 16 16 42.31111 16 117.1769 226.2756 302.0089 368.4978 400.4978 16 512.1422 16 16 16 16 16 16 16 16 3229.867 16 16 16 16 46.22222 78.93333 108.0889 160 16 16 16 16 16 16 16 16 16 16 16 8300.137 8348.137 8396.137 8444.137 8492.137 8540.137 8572.137 16 16 16 16 16 16 16 16 16 16 1717.294 1769.805 16 171.8835 16 16 16 16 50519.3 19.55556 16 16 31.64444 10059.32 16 16
-9999 -9999 -9999 16 16 16 58.35852 21.64148 16 16 16 16 16 432.4978 31.64444 16 43.73333 78.57777 112 128 16 16 16 3485.867 19.91111 28.08889 32 16 16 16 16 16 208 235.7333 288 320 352 368 16 16 16 16 16 16 16 16 16 16 16 16 8636.137 8684.137 8732.137 8780.137 8828.137 8876.137 8908.137 16 16 16 16 16 1973.689 16 16 16 22.4 25.6 50478.41 44.44444 16 16 4167.552 16 160 16
-9999 -9999 278.715 1656 1689.067 1721.067 1811.425 1865.067 1897.067 16 16 16 16 16 16 16 16 16 16 16 175.2889 206.9333 224 16 3553.778 3613.867 3677.867 16 16 16 16 16 16 16 16 16 16 16 912 510.2222 464 382.9333 334.2222 288 256 224 16 16 16 16 16 16 16 16 16 16 16 8972.137 9020.137 9068.137 9116.137 9164.137 11169.83 11210.71 23.11111 16 50296.36 50360.36 16 16 16 16 4135.552 16 16 112
-9999 -9999 16 16 16 16 16 16 16 1945.067 1977.067 2009.067 2041.067 2089.067 2137.067 2169.067 16 16 16 16 16 16 16 16 16 16 16 3725.867 3757.867 3789.867 3821.867 3869.867 3917.867 3949.867 16 16 16 976 16 16 48 16 16 16 16 16 176 160 128 80 26.31111 23.11111 48 16 16 16 16 16 16 16 16 16 16 16 11259.66 50209.96 16 16 32 16 16 16 4087.552 16 16 16
-9999 -9999 3076.085 3124.085 3172.085 3204.085 16 16 16 16 16 16 16 16 16 16 2217.067 2249.067 2281.067 2312.711 2360 2409.067 2457.067 2489.067 16 16 16 16 16 16 16 16 16 16 3997.156 3941.041 1040 16 16 16 16 16 16 16 16 16 16 16 16 16 16 16 16 96 128 160 192 208 224 16 16 16 16 16 16 16 38896.14 16 16 32 16 16 16 4007.552 16 16
-9999 16 16 16 16 16 3268.085 3316.085 3364.085 3412.085 3460.085 3508.085 3540.085 16 16 16 16 16 16 16 16 16 16 16 2552 2601.067 2649.067 2683.2 29.86667 5342.222 5309.867 16 16 16 16 5118.222 16 16 17.42222 16 16 64 110.9333 160 208 255.6444 298.3111 336 16 16 16 16 16 16 16 16 16 16 16 255.6444 29.86667 63.64444 90.69827 48 16 16 16 38832.14 16 16 80 16 16 16 3927.552 16
-9999 16 16 16 16 16 16 16 16 16 16 16 16 3588.085 3636.085 3684.085 3732.085 3780.085 3828.085 3860.085 16 16 16 16 16 16 16 16 8103.289 16 16 5246.222 5230.222 5198.222 5166.222 16 16.35556 47.28889 95.64445 16 16 16 16 16 16 16 16 16 398.9333 448 480 512 544 592 640 688 736 784 1071.644 16 16 16 176.3556 16 16 16 38752.14 16 16 16 16 128 16 16 16 3863.552
-9999 156.1995 228.6222 289.7778 337.7778 401.4222 417.4222 16 16 16 16 16 16 16 16 16 16 16 16 16 3908.085 3940.085 3972.085 4020.085 4052.085 4084.085 4100.085 16 25410.64 16 16 16 16 16 16 16 16 16 16 143.6444 175.6444 191.6444 223.6444 255.6444 287.6444 303.6444 16 16 16 16 16 16 16 16 16 16 16 16 16 1392 272 240.3556 16 16 16 38704.14 16 16 16 32 16 16 190.2222 224 16 16
-9999 27.02222 39.82222 29.15556 16 31.64444 16.35556 497.7778 545.4222 577.7778 29.86667 2136.889 2200.889 2232.889 16 16 16 16 16 16 16 16 16 16 16 16 16 17275.35 16 25474.64 25522.64 25570.64 25618.64 25666.64 25714.64 16 16 16 16 16 16 16 16 16 16 16 349.1555 382.5778 414.9333 446.2222 495.6444 543.6445 575.6445 16 16 16 16 16 16 1440 30.22222 16 16 16 38640.14 16 16 80 42.31111 16 95.64445 16 16 16 288 16
16 16 16 16 16 16 16 16 16 16 2056.889 16 32 16 2602.264 2650.264 2698.264 2762.264 2810.264 3021.291 3077.824 3125.824 3157.824 16 16 16 16 13143.27 16 16 16 16 16 16 16 25778.29 25826.64 25874.64 25922.64 25970.64 26018.64 26050.64 16 16 16 16 16 16 16 16 16 16 16 639.6445 687.6445 735.6445 783.6445 16 1488 16 16 16 38544.14 38576.14 16 16 128 16 16 16 1919.794 1805.661 16 16 16 352
-9999 17.77778 16 16 32 16 16 16 16 1370.062 61.76025 16 16 16 319.2419 16 16 32 16 179.0269 24.53333 16 16 7143.696 7191.696 7247.163 7306.477 45.21877 5743.571 5711.215 16 16 16 16 16 16 16 16 16 16 16 16 26114.64 26162.64 26210.64 26258.64 26306.64 26338.64 16 16 16 16 16 16 16 16 16 2319.645 16 16 16 38480.14 16 16 16 192 16 16 16 1967.794 16 16 1759.794 16 16 16
-9999 404.48 532.68 608.9514 744.723 831.1625 915.0024 976 1020.96 306.7176 116.8228 106.6953 43.93929 33.41432 33.51704 222.4438 144.5061 16 16 155.5603 16 16 3921.871 16 16 23.46667 41.95555 30.57778 16.35556 31.64444 5647.571 5599.571 5551.571 5503.571 5455.571 5406.504 5359.571 16 16 16 16 16 16 16 16 16 16 16 26402.64 26657.22 26691.71 29.86667 111.6444 78.93333 48 16 16 16 2431.645 16 38416.14 16 16 16 240 16 16 16 2031.794 16 16 930.3705 30.57778 766.8458 16 16
-9999 270.5383 38.1417 44.27142 87.77158 54.43951 51.84 28.99753 27.02222 87.20768 99.00932 70.51781 43.35407 27.02222 27.37778 42.46914 58.15309 54.35299 88.71583 50.84444 16 16 3889.871 32 16 16 16 16 16 16 16 16 16 16 17.06667 30.93333 16 5311.571 5258.593 5215.571 5167.571 27.73333 96 80 16 16 16 16 16 222.5778 31.28889 26882.64 16 16 16 16 46.57778 64 28.8 2493.867 38368.14 16 16 288 16 16 16 2079.794 16 16 880.2372 16 16 16 719.5569 16
-9999 -9999 16 27.63764 76.22409 34.84444 38.04445 16.71111 16 74.50864 67.1763 42.49284 41.95555 16 16 28.08889 35.91111 59.51326 51.55556 18.84444 16 40.17778 3825.871 16 16 16 16 16 16 16 16 16 16 16 16 16 16 16 16 16 16 5087.571 16 16 32 43.73333 94.57777 144 192 16 16 16 26932.06 16 16 16 16 16 16 16 16 35824.49 335.6444 16 16 2175.794 2143.794 16 16 816.2372 16 16 16 16 16 655.5569
-9999 -9999 -9999 30.53827 65.46173 16 16 16 25.6 42.31111 38.4 21.68889 16 18.13333 16 19.91111 33.91326 16 16 16 16 262.4937 32 3459.2 3411.2 29.51111 1053.606 1021.606 973.6059 925.6059 877.6059 829.6059 175.6444 16 32 16 16 16 16 16 16 4959.215 16 16 16 16 16 16 16 16 16 16 5206.303 32190.63 32238.63 32286.63 32334.63 32366.63 16 16 16 16 35456.49 16 2229.127 16 16 16 752.2372 16 16 16 32 16 16 16
-9999 -9999 -9999 -9999 -9999 32 16 16 16 16 16 16 16 29.86667 45.86666 67.17471 102.4937 129.5159 190.6714 209.8714 238.6714 16 16 16 16 3331.2 16 16 16 16 16 621.6059 16 96 25.24444 41.24445 94.57777 144 17.42222 30.57778 16 4898.035 609.1141 16 16 16 16 16 16 16 22.04445 5163.992 16 16 16 16 16 16 32446.63 32494.63 32542.63 32574.63 27.02222 2822.837 150.857 16 16 688.2372 16 16 16 16 120.7186 257.0764 343.4662 464.7981
-9999 -9999 -9999 -9999 -9999 -9999 20.97778 27.02222 16 16 16 16 -9999 16.35556 26.54025 37.2322 16 29.15556 29.60593 16 16 19.91111 16 16 16 2235.67 22.75556 16 16 16 28.8 599.7037 16 16 16 16 16 16 817.1378 893.8666 4253.035 16 16 546.5363 514.5363 17.77778 30.22222 25.24444 38.75555 25.95555 22.04445 5115.992 16 16 16 16 16 16 16 16 16 16 16 416.186 16 113.8792 71.43764 72.08587 512.7137 326.9183 173.2986 83.97446 43.82589 101.2505 70.38984 73.06412
-9999 -9999 -9999 -9999 -9999 -9999 -9999 -9999 -9999 -9999 -9999 -9999 -9999 -9999 -9999 -9999 16 23.82222 16 16 16 50.18864 37.63358 68.06615 89.04393 2190.839 25.24444 16 32 16 19.2 544.8059 16 16 16 16 16 16 636.8 16 3342.101 16 16 16 16 432.7585 384.7585 322.5363 128.7111 52.27457 16 30.22222 5029.592 699.715 643.1816 603.0038 555.715 16 16 16 16 16 301.6663 16 82.51978 85.89272 67.42415 58.69452 167.1867 116.59 64.58417 51.63632 52.1097 87.36026 33.42837 50.47309
-9999 -9999 -9999 -9999 -9999 -9999 -9999 -9999 -9999 -9999 -9999 -9999 -9999 -9999 -9999 -9999 -9999 -9999 50.84444 40.53333 19.55556 17.42222 78.96494 19.34521 16 2060.55 16 16 123.304 236.1837 400.4089 51.8937 41.3033 50.13334 102.4 16 32 16 604.4445 16 16 3295.168 41.95555 16 16 16 16 152.5807 16 16 16 4297.877 16 16 16 16 16 491.7149 388.0397 359.5952 246.0529 144.4437 139.8573 129.8089 53.81032 63.54733 61.24776 51.92576 133.6841 98.45167 58.92267 34.88395 34.80494 63.89729 33.88049 26.66667
-9999 -9999 -9999 -9999 -9999 -9999 -9999 -9999 -9999 -9999 -9999 -9999 -9999 -9999 -9999 -9999 -9999 -9999 24.88889 92.96593 49.96741 16 20.64593 1826.775 1858.775 29.51111 124.2641 34.03852 49.51704 74.66666 140.225 40.00111 29.19612 22.4 29.94831 284.0099 392.3674 435.5555 74.31111 48 16 16 3218.723 56.53333 18.84444 29.15556 83.47654 26.74568 26.35852 30.17481 54.02864 4266.232 16 16 16 16 16 16 68.11972 81.5423 48.99972 132.4897 124.2267 91.09236 53.06013 50.70205 43.94193 57.73783 102.8028 74.40681 57.31556 16 30.22222 39.82222 25.95555 16
-9999 -9999 -9999 -9999 -9999 -9999 -9999 -9999 -9999 -9999 -9999 -9999 -9999 -9999 -9999 -9999 -9999 -9999 55.7037 40.41692 117.8227 42.64928 1675.819 16 16 16 71.38116 16 35.91111 58.66667 47.28889 84.44208 29.69126 16 39.13482 84.87506 60.35753 21.49926 64 16 16 3119.168 16 16 16 16 16 30.22222 24.53333 25.24444 49.81728 31.57333 4098.813 4036.947 3970.813 3922.458 74.42171 43.26363 48.6853 38.63721 48.75992 93.72409 88.44835 98.8671 50.02272 39.88543 36.00592 45.89037 67.1842 50.86025 37.68889 33.77778 16 16 16 16
-9999 -9999 -9999 -9999 -9999 -9999 -9999 -9999 -9999 -9999 -9999 -9999 -9999 -9999 -9999 -9999 -9999 -9999 322.1333 378.5418 545.084 1219.308 365.8611 16 91.0382 68.8574 35.47005 19.91111 29.86667 32.71111 31.28889 30.79111 51.34222 16 45.86666 38.75555 41.24445 16 44.44444 16 16 3087.168 32 16 24.17778 16 16 16 16 16 25.95555 16 29.86667 34.13334 16 16 3795.769 56.70454 47.18705 44.57087 28.46025 48.37926 79.91309 103.8696 34.13334 27.37778 27.73333 34.48889 42.66667 34.84444 16 16 16 16 16 32
-9999 -9999 -9999 -9999 -9999 -9999 -9999 -9999 -9999 -9999 -9999 -9999 -9999 -9999 -9999 -9999 -9999 -9999 35.55556 16.71111 16 658.2245 16 349.8611 143.9273 34.76701 29.51901 16 16 16 16 17.06667 33.06667 29.86667 16 16 16 16 40.09087 101.9575 2957.271 64.47408 16 16 48 24.88889 23.11111 16 16 16 16 16 16 16 16 16 3721.014 107.205 85.01366 56.13669 40.17778 29.51111 34.48889 125.8667 16 16 16 16 16 16 16 16 16 38.04445 -9999 -9999
-9999 -9999 -9999 -9999 -9999 -9999 -9999 -9999 -9999 -9999 -9999 -9999 -9999 -9999 -9999 -9999 -9999 -9999 16 16 23.46667 624.9976 31.74347 38.66443 60.23111 127.9273 23.45877 20.97778 16 16 16 16 16 16 16 16 22.75556 24.09086 16 16 16 2821.181 254.2222 224 173.5111 91.02222 51.08148 45.86666 93.86667 139.7333 192 16 16 16 16 3480.986 50.37375 76.74667 57.79806 60.08731 47.54963 32 16 16 109.8667 32 16 16 16 16 16 -9999 -9999 -9999 -9999 -9999
-9999 -9999 -9999 -9999 -9999 -9999 -9999 -9999 -9999 -9999 -9999 -9999 -9999 -9999 -9999 -9999 -9999 -9999 16 16 491.7956 46.24166 30.55864 29.51901 16 37.12 107.2356 48.35556 21.33333 34.13334 24.53333 16 16 16 41.6 22.4 33.20889 30.66469 16 16 2567.077 16 16 16 16 16 16 16 16 16 16 238.9333 288 336 1051.669 3432.986 57.69496 44.70419 44.88155 42.95796 38.89778 27.37778 16 19.2 57.17333 18.13333 16.35556 43.37778 25.95555 26.31111 -9999 -9999 -9999 -9999 -9999 -9999
-9999 -9999 -9999 -9999 -9999 -9999 -9999 -9999 -9999 -9999 -9999 -9999 -9999 -9999 -9999 -9999 -9999 -9999 -9999 317.4962 43.36004 90.40607 44.10012 34.48099 20.97778 28.8 19.2 16 16 69.76 20.90667 19.91111 39.11111 36.62222 97.40642 16.92444 61.00543 1474.824 1750 2058.86 2280.643 263.6477 163.7602 75.7401 53.00159 93.00194 16 16 16 16 16 16 16 16 2862.282 86.05622 75.79585 40.87027 29.45073 20.24718 17.37481 20.62222 16 16 16 16 56.88889 132.6222 -9999 -9999 -9999 -9999 -9999 -9999 -9999 -9999
-9999 -9999 -9999 -9999 -9999 -9999 -9999 -9999 -9999 -9999 -9999 -9999 -9999 -9999 -9999 -9999 -9999 -9999 -9999 31.28889 39.98025 46.55407 23.82222 16 16 16 16 16 32 54.75555 448.411 494.5603 582.4169 668.9369 763.7398 980.6096 1358.105 249.0371 276.8597 102.0387 86.50026 90.34446 70.8152 62.5187 45.00194 25.65606 314.8042 501.2352 1696.707 1951.441 2085.19 2183.514 2241.78 2340.678 440.4092 325.9732 239.4572 134.2094 41.23444 24.50963 25.52889 23.82222 16 16 16 16 25.24444 -9999 -9999 -9999 -9999 -9999 -9999 -9999 -9999 -9999
