04_184A014/flow_acc.asc
ncols 186
nrows 177
xllcorner 610464
yllcorner 6870672
cellsize 16
nodata_value -9999
[rows 68 to 101 of 177, columns 0 to 75 of 186]
-9999 -9999 -9999 -9999 -9999 -9999 -9999 -9999 -9999 -9999 -9999 -9999 -9999 -9999 -9999 -9999 -9999 -9999 -9999 -9999 -9999 -9999 -9999 -9999 -9999 -9999 -9999 -9999 -9999 -9999 -9999 -9999 -9999 -9999 -9999 -9999 -9999 -9999 16 877.1528 73.18141 32.06321 16 16 16 16 16 18.84444 16 33.6877 98.08118 16 16 295.3244 16 16 16 16 16 26351.94 16 16 16 16 23.46667 44.8 27.73333 30.57778 29.86667 36.54321 77.92197 171.5911 256.4909 293.4124 80 16
-9999 -9999 -9999 -9999 -9999 -9999 -9999 -9999 -9999 -9999 -9999 -9999 -9999 -9999 -9999 -9999 -9999 -9999 -9999 -9999 -9999 -9999 -9999 -9999 -9999 -9999 -9999 -9999 -9999 -9999 -9999 -9999 -9999 -9999 -9999 -9999 -9999 -9999 339.5555 1245.153 17.42503 35.56346 19.91111 28.08889 29.15556 19.55556 34.84444 47.28889 16 19.55556 183.3244 215.3244 231.3244 16 16 16 158.9333 205.5111 26591.94 16 16 16 35345.07 35393.42 35432.89 16 35825.07 35872 34376.1 16 16 16 16 16 42442.52 42535.68
-9999 -9999 -9999 -9999 -9999 -9999 -9999 -9999 -9999 -9999 -9999 -9999 -9999 -9999 -9999 -9999 -9999 -9999 -9999 -9999 -9999 -9999 -9999 -9999 -9999 -9999 -9999 -9999 -9999 -9999 -9999 -9999 -9999 -9999 -9999 -9999 -9999 16 16 16 1363.911 33.76988 16 43.46469 43.18815 38.14716 49.2958 17.54864 95.28889 16 16 16 16 16 43.37778 80 16 16 16 35185.42 35230.93 35265.42 16 16 16 35704.89 16 16 36002.41 16 16 41970.27 42018.27 42066.27 16 16
-9999 -9999 -9999 -9999 -9999 -9999 -9999 -9999 -9999 -9999 -9999 -9999 -9999 -9999 -9999 -9999 -9999 -9999 -9999 -9999 -9999 -9999 -9999 -9999 -9999 -9999 -9999 -9999 -9999 -9999 -9999 -9999 -9999 -9999 -9999 -9999 555.0222 585.2444 608 631.8222 2019.911 16 16 48.83999 26.6247 5192.567 5268.059 5402.7 16 16 16 80 46.93333 16 16 16 16 8494.633 8529.478 16 16 16 16 191.2889 224 16 16 16 16 41858.27 41906.27 16 16 16 16 16
-9999 -9999 -9999 -9999 -9999 -9999 -9999 -9999 -9999 -9999 -9999 -9999 -9999 -9999 -9999 -9999 -9999 -9999 -9999 -9999 -9999 -9999 -9999 -9999 -9999 -9999 -9999 -9999 -9999 -9999 -9999 -9999 -9999 -9999 480 16 16 16 16 16 16 2634.271 16 5020.607 5052.607 16 16 16 5594.7 5643.767 5755.767 16 16 16 8401.478 8433.478 8449.478 16 16 16 96 128 144 16 16 16 5695.857 5743.857 5791.857 16 16 16 16 16 16 16
-9999 -9999 -9999 -9999 -9999 -9999 -9999 -9999 -9999 -9999 -9999 -9999 -9999 -9999 -9999 -9999 -9999 -9999 -9999 -9999 -9999 -9999 -9999 -9999 -9999 -9999 -9999 -9999 -9999 -9999 -9999 -9999 -9999 -9999 16 16 16 16 564.6222 606.9333 637.1556 103.5062 4907.767 16 16 16 97.06667 129.0667 16 16 16 8289.478 8321.478 8337.478 16 16 16 16 32 48 16 16 16 5567.501 5599.146 5631.857 16 16 16 16 16 16 16 31998.78 32080.61 32128.61
-9999 -9999 -9999 -9999 -9999 -9999 -9999 -9999 -9999 -9999 -9999 -9999 -9999 -9999 -9999 -9999 -9999 -9999 -9999 -9999 -9999 -9999 -9999 -9999 -9999 -9999 -9999 -9999 -9999 -9999 -9999 -9999 -9999 382.5778 414.2222 455.1111 491.7333 513.0667 16 16 16 16 16 2134.789 33.06667 49.06667 16 16 16 2436.288 2469.711 16 16 16 16 32 63.64444 80 16 16 16 5471.857 5519.857 16 16 16 16 16 16 16 16 30413.41 30446.47 1522.133 16 16
-9999 -9999 -9999 -9999 -9999 -9999 -9999 -9999 -9999 -9999 -9999 -9999 -9999 -9999 -9999 -9999 -9999 -9999 -9999 -9999 -9999 -9999 -9999 -9999 -9999 -9999 -9999 -9999 -9999 -9999 -9999 -9999 337.0667 16 16 16 16 16 16 16 16 2086.078 2103.856 16 16 16 2356.644 2373.711 2389.711 16 16 16 4863.501 4910.435 4927.501 16 16 16 5327.146 5375.857 5423.857 16 16 16 16 16 30093.41 16 30237.41 30285.41 30333.41 16 16 16 1491.2 16
-9999 -9999 -9999 -9999 -9999 -9999 -9999 -9999 -9999 -9999 -9999 -9999 -9999 -9999 -9999 -9999 -9999 -9999 -9999 -9999 -9999 -9999 -9999 -9999 -9999 -9999 -9999 -9999 -9999 -9999 -9999 -9999 16 16 16 1808.389 1846.434 1905.1 1955.945 2005.011 2039.856 16 16 182.3066 2293 2309.711 16 16 16 16 141.1555 4799.501 16 16 16 5070.79 5135.857 5183.857 16 16 16 16 16 16 16 30045.41 16 30157.41 16 16 16 16 16 16 16 1443.2
-9999 -9999 -9999 -9999 -9999 -9999 -9999 -9999 -9999 -9999 -9999 -9999 -9999 -9999 -9999 -9999 -9999 -9999 -9999 -9999 -9999 -9999 -9999 -9999 -9999 -9999 -9999 -9999 -9999 -9999 -9999 -9999 1686.078 1731.945 1767.856 16 16 16 16 16 16 16 16 2227.933 16 16 16 47.64444 80 96 16 16 4623.501 32.35556 80.35555 16 32 16 16 16 16 16 16 29885.41 29918.43 78.26173 16 16 16 16 16 16 510.5778 559.6445 591.6445 16
-9999 -9999 -9999 -9999 -9999 -9999 -9999 -9999 -9999 -9999 -9999 -9999 -9999 -9999 -9999 -9999 -9999 -9999 -9999 -9999 -9999 -9999 -9999 -9999 -9999 -9999 -9999 -9999 -9999 -9999 -9999 16 16 16 16 16 16 16 2051.933 2086.066 2117 2165 2197.711 17.06667 33.77778 3114.087 3130.087 16 16 16 4542.79 4591.857 16 16 16 16 16 16 16 16 29629.41 29677.41 29805.41 16 16 46.22222 16 16 16 16 415.6444 447.6444 16 16 16 16
-9999 -9999 -9999 -9999 -9999 -9999 -9999 -9999 -9999 -9999 -9999 -9999 -9999 -9999 -9999 -9999 -9999 -9999 -9999 -9999 -9999 -9999 -9999 -9999 -9999 -9999 -9999 -9999 -9999 -9999 16 16 16 1859.933 1890.866 1933.533 1966.955 2006.777 16 16 16 16 16 16 3032.31 16 16 4398.079 4446.435 4495.857 16 16 16 16 16 16 16 16 29501.05 29549.41 16 16 16 96 16 16 16 16 303.6444 335.6444 16 16 16 16 478.9333 512
-9999 -9999 -9999 -9999 -9999 -9999 -9999 -9999 -9999 -9999 -9999 -9999 -9999 -9999 -9999 -9999 -9999 -9999 -9999 -9999 -9999 -9999 -9999 -9999 -9999 -9999 -9999 -9999 -9999 -9999 1765.711 1798.422 1814.777 16 16 16 16 16 16 16 16 4030.79 4060.301 4092.301 1109.769 1137.621 1205.769 16 16 16 16 16 16 32 16 63.28889 29405.41 29421.41 16 16 16 32 48 16 16 16 190.2222 223.6444 16 16 16 16 399.6444 432 16 16
-9999 -9999 -9999 -9999 -9999 -9999 -9999 -9999 -9999 -9999 -9999 -9999 -9999 -9999 -9999 -9999 -9999 -9999 -9999 -9999 -9999 -9999 -9999 -9999 -9999 -9999 -9999 -9999 -9999 -9999 16 16 16 16 16 16 3814.612 3853.723 3894.968 3950.435 3982.79 16 16 16 16 30.22222 16 16 16 16 16 16 29078.2 29173.22 29251.32 29293.76 16 16 48 32 16 16 16 16 95.28889 127.6444 16 16 16 16 304 336 16 16 16 336
-9999 -9999 -9999 -9999 -9999 -9999 -9999 -9999 -9999 -9999 -9999 -9999 -9999 -9999 -9999 -9999 -9999 -9999 -9999 -9999 -9999 -9999 -9999 -9999 -9999 -9999 -9999 -9999 -9999 -9999 3530.879 3580.657 3626.879 3675.59 3725.012 3758.79 16 16 16 16 16 16 16 16 928 737.7778 16 16 28.8 19.2 28911.99 28984.6 29.60593 47.01966 69.86143 18.32484 136.8103 222.684 16 16 16 16 32.35556 31.64444 16 16 16 144.6479 208 240 16 16 16 127.6444 288 16
-9999 -9999 -9999 -9999 -9999 -9999 -9999 -9999 -9999 -9999 -9999 -9999 -9999 -9999 -9999 -9999 -9999 -9999 -9999 -9999 -9999 -9999 -9999 -9999 -9999 -9999 -9999 -9999 -9999 3470.79 16 16 16 16 16 16 16 16 16 734.2222 766.2222 812.4445 860.0889 896 16 973.8666 16 28687.49 28748.29 28814.63 30.15901 36.19556 34.01482 34.89712 52.30881 60.6051 66.0789 17.81377 392.4956 443.9941 477.0607 78.57777 16 16 16 48 96 17.42222 30.57778 16 16 48 80 16 16 128
-9999 -9999 -9999 -9999 -9999 -9999 -9999 -9999 -9999 -9999 -9999 -9999 -9999 -9999 -9999 -9999 -9999 -9999 -9999 -9999 -9999 -9999 -9999 -9999 -9999 -9999 -9999 16 16 16 16 16 16 16 525.8666 557.8666 603.7333 648.1778 688 16 16 16 16 16 16 23620.91 28607.49 16 16 26.61926 28.08889 20.97778 27.02222 34.01482 35.31852 41.56049 40.80988 52.78025 70.71605 16 168.956 750.3356 16 16 16 16 16 16 16 16 16 16 16 47.28889 64 16
-9999 -9999 -9999 -9999 -9999 -9999 -9999 -9999 -9999 -9999 -9999 -9999 -9999 -9999 -9999 -9999 -9999 -9999 -9999 -9999 -9999 -9999 -9999 -9999 -9999 -9999 16 16 16 302.2222 348.8 396.4445 446.2222 480 16 16 16 16 16 16 16 16 2182.206 2199.628 23576.11 16 16 3975.384 36.79552 25.29185 19.91111 16 16 21.33333 26.66667 23.11111 24.88889 36.62222 46.57778 60.39827 101.5878 23.11698 893.0607 941.0607 16 16 16 16 16 19.2 60.8 16 16 16 16 16
-9999 -9999 -9999 -9999 -9999 -9999 -9999 -9999 -9999 -9999 -9999 -9999 -9999 -9999 -9999 -9999 -9999 -9999 -9999 -9999 -9999 -9999 -9999 -9999 -9999 128 176 223.6444 256 16 16 16 16 16 16 16 16 1971.361 2005.139 2047.094 2097.939 2135.628 16 16 21360.48 16 16 3922.588 74.85738 51.03934 39.41926 27.02222 16 16 16 16 16 16 32 41.82124 78.87012 32.5048 58.71495 32.76431 1099.323 1180.935 1450.954 1552.229 1632.966 1728.966 16 16 16 16 96 64
-9999 -9999 -9999 -9999 -9999 -9999 -9999 -9999 -9999 -9999 -9999 -9999 -9999 -9999 -9999 -9999 -9999 -9999 -9999 -9999 -9999 -9999 16 16 64 16 16 16 16 16 16 1733.85 1765.85 1798.917 1847.628 1891.361 1927.628 16 16 16 16 16 16 16 21312.48 16 16 3809.659 56.30635 37.36915 19.60296 20.97778 30.57778 17.42222 16 16 16 16 16 16.35556 56.69136 46.41975 16 55.49037 51.57136 49.61273 238.019 69.2749 48.7364 24.1841 1929.089 1962.867 30.22222 144 16 16
-9999 -9999 -9999 -9999 -9999 -9999 -9999 -9999 -9999 -9999 -9999 -9999 -9999 -9999 -9999 -9999 -9999 -9999 -9999 -9999 -9999 -9999 30.57778 16 16 16 1542.917 1574.561 1606.561 1653.85 1687.628 16 16 16 16 16 16 16 16 16 1910.4 1939.911 1983.289 2009.956 21264.48 16 16 3721.008 44.94742 35.20632 27.65432 33.47753 48.87704 33.99111 20.97778 32.35556 31.64444 16 16 16 16 39.11111 30.57778 33.42222 24.88889 28.72099 133.1712 133.1873 40.92049 16 127.9392 29.36805 2243.461 16 16 16
-9999 -9999 -9999 -9999 -9999 -9999 -9999 -9999 -9999 -9999 -9999 -9999 -9999 -9999 -9999 -9999 -9999 -9999 -9999 -9999 -9999 -9999 1383.628 1428.783 1463.628 1495.628 16 16 16 16 16 16 16 16 16 1704.533 1733.333 1782.4 1830.4 1865.956 16 16 16 16 19218.26 16 16 3646.566 16 27.06173 31.62285 40.37162 70.44582 45.83032 29.05284 45.47951 53.00938 43.02222 18.48889 16 16 16 16 16 16.35556 42.13728 184.1239 18.48889 29.51111 75.17709 50.13017 61.00385 34.222 2376.209 2424.209 16
-9999 -9999 -9999 -9999 -9999 -9999 -9999 -9999 -9999 -9999 -9999 -9999 -9999 -9999 -9999 -9999 -9999 -9999 -9999 -9999 -9999 16 16 16 16 16 16 16 16 16 1480.533 1529.956 1575.822 1624.533 1657.956 16 16 16 16 16 16 16 2320.883 2354.66 19121.85 16 16 16 3570.477 16 52.10858 62.84412 90.76436 51.7185 47.97314 56.92822 78.86012 58.78519 37.34124 16 16 16 16 16 31.64444 28.34173 139.9156 16 16 72.67555 61.36889 40.99951 43.64466 22.88198 100.2962 2991.309
-9999 -9999 -9999 -9999 -9999 -9999 -9999 -9999 -9999 -9999 -9999 -9999 -9999 -9999 -9999 -9999 -9999 -9999 -9999 -9999 -9999 16 1129.956 16 16 1256.889 1305.956 1351.822 1401.956 1433.956 16 16 16 16 16 16 16 2133.505 2164.794 2196.794 2241.238 2278.572 16 16 16774.36 16 16 16 3498.938 561.4578 2433.717 2370.24 2268.634 25.59463 70.82444 56.48229 98.77913 79.99403 49.90227 34.48889 38.04445 31.28889 18.48889 16 16 28.8 49.42222 30.57778 16 39.46667 37.33333 27.37778 23.82222 84.29617 40.73297 442.8337
-9999 -9999 -9999 -9999 -9999 -9999 -9999 -9999 -9999 -9999 -9999 -9999 -9999 -9999 -9999 -9999 -9999 -9999 -9999 -9999 -9999 1097.956 16 1174.4 1209.956 16 16 16 16 16 16 1926.572 1957.505 1989.505 2019.727 2069.505 2086.572 16 16 16 16 16 16 16 16 16719.96 16 16 16 2885.958 16 16 16 2075.318 68.7168 19.76549 59.90183 160.8518 659.5689 114.9472 52.67753 42.76938 33.73037 19.2 16 16 16 16 16 16 16 16 34.13334 65.46963 19.91111 28.50713
-9999 -9999 -9999 -9999 -9999 -9999 -9999 -9999 -9999 -9999 -9999 -9999 -9999 -9999 -9999 -9999 -9999 -9999 -9999 -9999 -9999 16 16 16 16 16 1750.216 1781.505 1814.572 1845.86 1878.572 16 16 16 16 16 16 16 16 16 2116.806 2148.451 2190.051 2228.806 2262.229 16 14393.73 16 16 16 929.0667 16 16 16 1887.777 16 16 1477.612 565.2891 983.9367 924.1165 172.907 84.22874 35.55556 18.84444 16 16 16 16 16 16 16 16 16 40.20148 66.42621
-9999 -9999 -9999 -9999 -9999 -9999 -9999 -9999 -9999 -9999 -9999 -9999 -9999 -9999 -9999 -9999 -9999 -9999 -9999 -9999 -9999 1542.572 1589.505 1637.505 1670.216 1702.572 16 16 16 16 16 16 16 16 16 1892.095 1941.873 1988.451 2037.873 2070.229 16 16 16 16 16 16 14351.06 16 16 16 889.2444 16 16 16 16 1804.012 1575.034 27.44889 16 46.38815 43.82025 732.3582 585.3168 93.4021 21.33333 213.9331 179.8788 122.4827 85.28522 16 103.3912 16.35556 16 16 16.71111 19.2
-9999 -9999 -9999 -9999 -9999 -9999 -9999 -9999 -9999 -9999 -9999 -9999 -9999 -9999 -9999 -9999 -9999 -9999 -9999 -9999 -9999 16 16 16 16 16 16 16 16 16 1669.517 1717.162 1764.451 1809.962 1846.228 16 16 16 16 16 16 16 16 1799.467 1832.178 1863.467 30.93333 12419.33 16 16 16 817.0667 16 16 16 204.8 16 26.95111 22.4 28.44444 29.15556 27.37778 177.6628 421.4269 279.1824 45.59012 21.68889 35.2158 53.64078 39.74672 18.24114 152.547 34.18074 16 16 16
-9999 -9999 -9999 -9999 -9999 -9999 -9999 -9999 -9999 -9999 -9999 -9999 -9999 -9999 -9999 -9999 -9999 -9999 -9999 -9999 -9999 16 16 16 16 1444.806 1493.873 1542.228 1590.228 1622.228 16 16 16 16 16 16 16 16 1593.244 1623.467 1671.822 1718.4 1753.244 16 16 16 16 16 12352.48 16 16 16 737.0667 16 16 16 144 16 16 16 16 16 28.44444 251.6011 58.73778 20.58272 16 22.75556 34.87605 25.21284 16.6479 33.03928 230.45 294.6459 26.66667 16
-9999 -9999 -9999 -9999 -9999 -9999 -9999 -9999 -9999 -9999 -9999 -9999 -9999 -9999 -9999 -9999 -9999 -9999 -9999 -9999 -9999 1268.451 1318.228 1364.451 1398.228 16 16 16 16 16 16 16 16 1399.822 1432.533 1481.244 1529.244 1545.244 16 16 16 16 16 16 16 16 2702.021 2735.798 16.71111 9567.973 16 16 16 657.0667 16 16 16 80 16 16 16 16 19.55556 151.6544 69.53648 58.08197 20.62222 16 18.84444 29.15556 50.90765 74.31234 83.7068 487.2488 16 32
-9999 -9999 -9999 -9999 -9999 -9999 -9999 -9999 -9999 -9999 -9999 -9999 -9999 -9999 -9999 -9999 -9999 -9999 -9999 -9999 -9999 16 16 16 16 16 16 1207.467 1240.889 1272.889 1302.756 1336.889 1353.244 16 16 16 16 16 16 16 16 2495.798 2527.443 2571.887 2623.443 2656.509 16 16 16 9528.861 16 16 16 616.1778 16 16 16 16 48 32 16 16 16 66.82652 88.84289 43.5042 36.62222 16 16 32 54.87407 65.16938 87.77493 16 517.471 23.82222
-9999 -9999 -9999 -9999 -9999 -9999 -9999 -9999 -9999 -9999 -9999 -9999 -9999 -9999 -9999 -9999 -9999 -9999 -9999 -9999 -9999 16 1049.244 1081.244 1112.178 1144.178 1161.244 16 16 16 16 16 16 16 16 16 2271.798 2320.509 2366.021 2415.443 2448.509 16 16 16 16 16 16 16 16 954.6667 8530.817 16 16 16 545.0667 16 16 16 16 168.6835 43.88346 30.57778 42.81052 30.78444 22.17666 50.60741 36.26667 16 16 28.44444 42.46914 57.79402 71.2254 16 508.0958 64.64433
-9999 -9999 -9999 -9999 -9999 -9999 -9999 -9999 -9999 -9999 -9999 -9999 -9999 -9999 -9999 -9999 -9999 -9999 -9999 -9999 -9999 1001.244 16 16 16 16 16 16 16 16 2000.154 2047.443 2095.443 2143.443 2191.443 2224.509 16 16 16 16 16 16 16 717.5111 750.5778 782.9333 825.9556 875.3778 912 16 16 8463.973 16 16 16 465.0667 16 16 16 216.6835 26.8721 58.81052 50.96671 41.73376 35.09149 25.26815 24.53333 16 16 19.55556 24.25679 38.10063 54.97589 87.2254 21.33333 577.2478
-9999 -9999 -9999 -9999 -9999 -9999 -9999 -9999 -9999 -9999 -9999 -9999 -9999 -9999 -9999 -9999 -9999 -9999 -9999 -9999 16 16 16 16 16 1790.021 1840.509 1885.309 1919.798 1936.509 16 16 16 16 16 16 16 16 526.9333 559.6445 590.9333 638.5778 672 16 16 16 16 16 16 16 16 16 8415.973 16 16 16 385.0667 16 16 16 350.3661 42.04965 101.5874 56.22733 38.58699 33.88049 25.95555 16 16 16 25.6 35.91111 52.00842 158.2013 16 1124.695
