04_184A014/ika.asc
ncols 186
nrows 177
xllcorner 610464
yllcorner 6870672
cellsize 16
nodata_value -9999
[rows 123 to 163 of 177, columns 0 to 90 of 186]
-9999 -9999 -9999 -9999 -9999 -9999 -9999 -9999 -9999 -9999 -9999 -9999 -9999 -9999 -9999 -9999 -9999 -9999 40 48 64 86 78 75 45 -9999 34 69 88 62 61 66 75 55 75 69 57 64 75 61 67 67 73 57 70 50 41 35 39 62 60 -9999 46 46 46 46 46 46 46 63 63 63 54 43 43 43 43 43 37 37 50 50 37 37 37 37 37 37 -9999 51 51 51 51 51 51 51 51 51 51 37 37
-9999 -9999 -9999 -9999 -9999 -9999 -9999 -9999 -9999 -9999 -9999 -9999 -9999 -9999 -9999 -9999 -9999 39 39 50 45 73 52 56 46 -9999 29 85 86 75 48 69 66 72 75 54 53 71 59 39 68 74 70 51 54 48 50 57 57 17 17 17 46 46 46 46 46 46 46 63 63 63 63 63 54 54 43 54 54 50 50 50 37 37 37 37 37 37 37 -9999 51 51 51 51 51 51 51 51 51 51 51
-9999 -9999 -9999 -9999 -9999 -9999 -9999 -9999 -9999 -9999 -9999 -9999 -9999 -9999 -9999 -9999 40 31 39 39 35 42 53 67 40 -9999 32 101 87 76 58 58 51 67 82 31 30 36 65 69 71 53 69 67 69 54 58 58 17 17 17 17 46 46 46 46 46 46 46 46 46 63 63 63 63 54 63 63 63 50 50 50 37 37 37 37 37 37 37 37 37 -9999 51 51 51 51 51 51 51 51 51
-9999 -9999 -9999 -9999 -9999 -9999 -9999 -9999 -9999 -9999 -9999 -9999 -9999 -9999 -9999 40 40 44 40 42 43 40 42 47 51 -9999 36 60 42 53 52 50 64 34 31 28 28 50 61 60 68 68 69 61 63 52 31 31 17 17 17 17 17 17 46 46 46 46 46 46 46 46 63 63 63 63 63 63 63 50 50 50 50 50 50 37 37 37 37 37 37 37 -9999 -9999 51 51 51 51 -9999 51 51
-9999 -9999 -9999 -9999 -9999 -9999 -9999 -9999 -9999 -9999 -9999 -9999 -9999 -9999 54 52 40 45 48 43 45 43 43 39 40 -9999 41 62 40 31 49 49 38 38 31 30 45 63 64 66 56 67 68 72 31 31 31 31 17 17 17 17 17 17 17 46 46 46 46 46 46 46 63 63 63 63 63 63 63 50 50 50 50 50 50 37 37 37 37 37 37 37 37 37 -9999 51 51 51 -9999 -9999 51
-9999 -9999 -9999 -9999 -9999 -9999 -9999 -9999 -9999 -9999 -9999 -9999 -9999 -9999 54 56 57 46 50 45 43 68 43 42 55 34 52 37 33 31 30 29 28 31 31 42 43 63 72 60 43 60 31 31 31 31 31 31 17 17 17 17 17 17 17 17 46 46 46 46 46 46 46 63 63 63 63 63 50 50 50 50 50 50 44 44 37 37 37 37 37 37 37 37 37 37 -9999 51 -9999 -9999 -9999
-9999 -9999 -9999 -9999 -9999 -9999 -9999 -9999 -9999 -9999 -9999 -9999 -9999 58 65 54 49 49 58 48 49 49 48 70 51 55 51 62 65 56 28 28 28 27 35 43 55 59 69 59 51 31 31 31 31 31 31 31 31 31 31 17 17 17 17 17 17 17 46 46 46 46 63 63 63 63 63 63 50 50 50 50 44 44 44 44 37 37 37 37 37 37 37 37 37 37 37 -9999 -9999 -9999 -9999
-9999 -9999 -9999 -9999 -9999 -9999 -9999 -9999 -9999 -9999 -9999 -9999 56 51 66 58 45 46 45 48 61 61 58 73 44 -9999 55 70 64 55 43 20 27 28 44 40 36 62 67 58 51 31 31 31 31 31 31 31 31 31 31 31 31 17 17 17 17 17 17 46 46 46 63 63 63 63 63 50 50 50 50 50 44 44 44 44 37 37 37 37 37 37 37 37 37 37 37 37 -9999 -9999 -9999
-9999 -9999 -9999 -9999 -9999 -9999 -9999 -9999 -9999 -9999 -9999 62 49 40 40 56 41 44 42 42 47 54 45 48 -9999 72 71 60 71 68 68 36 44 46 46 45 37 57 33 43 31 31 31 31 31 31 31 31 31 31 31 31 31 31 17 17 17 17 17 17 46 46 63 63 63 63 50 50 50 50 50 50 44 44 44 44 44 37 37 37 37 43 43 43 37 37 37 37 37 -9999 -9999
-9999 -9999 -9999 -9999 -9999 -9999 -9999 -9999 -9999 -9999 55 57 46 40 41 40 40 56 45 45 43 46 38 -9999 44 71 74 55 55 34 57 64 63 66 67 64 64 56 46 57 31 31 31 31 31 31 31 31 31 31 31 31 31 31 31 17 17 17 17 17 17 17 63 63 63 63 50 50 50 50 50 50 44 44 44 44 43 43 43 43 43 43 43 43 43 49 49 49 49 -9999 -9999
-9999 -9999 -9999 -9999 -9999 -9999 -9999 -9999 -9999 52 54 56 58 50 35 45 37 40 50 56 41 52 45 -9999 44 83 39 65 49 63 72 83 71 43 64 73 57 34 65 72 31 31 31 31 31 31 31 31 31 31 31 31 31 31 31 31 31 31 31 31 17 17 17 63 63 63 50 50 50 50 50 0 44 44 44 44 44 43 43 43 43 43 43 43 49 49 49 49 49 -9999 -9999
-9999 -9999 -9999 -9999 -9999 -9999 -9999 -9999 50 53 56 52 51 49 40 46 47 40 49 51 44 27 37 45 43 81 29 51 59 65 66 73 67 68 46 51 46 57 66 65 31 31 31 31 31 31 31 31 31 31 31 31 31 31 31 31 31 31 31 31 31 31 17 63 63 63 50 50 50 50 0 0 44 44 44 44 44 43 43 43 43 43 43 43 49 49 49 49 49 49 -9999
-9999 -9999 -9999 -9999 -9999 -9999 -9999 -9999 35 56 52 57 54 56 50 40 44 39 39 47 41 36 40 47 71 43 56 81 69 45 42 42 49 49 69 75 70 78 48 63 61 65 72 31 31 31 31 31 31 31 31 31 31 31 31 31 31 31 31 31 31 31 63 63 63 63 63 63 50 50 50 0 0 0 0 48 43 43 43 43 43 43 43 49 49 49 49 49 49 49 -9999
-9999 -9999 -9999 -9999 -9999 -9999 -9999 88 42 46 56 58 56 65 50 40 44 55 44 45 57 49 56 49 55 78 55 63 70 52 53 70 69 67 55 69 73 90 90 71 87 66 69 75 75 31 31 31 31 31 31 31 31 31 31 31 31 31 31 31 31 31 31 63 63 63 63 63 50 50 50 0 0 0 0 0 43 43 43 43 43 43 43 49 49 49 49 49 49 -9999 -9999
-9999 -9999 -9999 -9999 -9999 -9999 55 59 50 43 35 59 63 57 50 50 45 45 45 51 44 71 47 58 47 79 60 59 75 71 71 46 71 69 69 60 71 101 73 91 106 93 66 73 83 69 45 31 31 31 31 31 31 31 31 31 31 31 31 31 31 31 31 40 40 40 40 50 50 50 50 0 0 0 0 0 43 43 43 43 43 43 43 49 49 49 49 49 49 -9999 -9999
-9999 -9999 -9999 -9999 -9999 69 60 67 91 47 44 46 39 39 45 45 45 48 48 66 75 59 41 59 48 65 73 79 77 55 61 52 64 77 68 68 70 71 69 95 95 76 42 43 49 48 55 43 43 43 31 31 31 31 31 31 31 31 31 31 31 31 31 31 40 40 40 50 50 50 50 0 0 0 0 0 43 43 43 43 43 43 43 49 49 49 0 0 0 -9999 -9999
-9999 -9999 -9999 -9999 -9999 66 88 90 90 79 82 89 51 47 54 44 44 48 57 60 45 55 34 49 53 59 69 55 69 65 60 46 70 67 60 60 50 75 64 42 45 75 61 52 59 86 67 47 51 51 57 48 31 31 31 31 31 31 31 31 31 31 31 31 40 40 40 40 50 50 50 50 0 0 0 43 43 43 43 43 43 49 49 49 49 0 0 0 0 -9999 -9999
-9999 -9999 -9999 -9999 -9999 108 103 92 92 74 72 91 87 90 52 44 51 57 46 57 42 55 61 -9999 57 42 43 59 75 69 67 56 52 33 35 48 60 52 68 48 42 50 88 90 86 73 66 47 45 59 66 67 49 49 31 31 31 31 31 31 31 31 31 31 31 40 40 40 40 40 50 50 50 43 43 43 43 43 43 43 43 49 49 49 49 0 0 0 0 -9999 -9999
-9999 -9999 -9999 -9999 100 108 105 50 77 78 76 78 86 101 47 55 51 49 54 60 48 45 64 -9999 20 44 56 59 45 54 66 48 68 50 45 43 52 49 55 72 63 49 71 76 65 67 46 47 44 49 61 47 54 72 70 64 70 31 31 31 31 31 31 31 31 31 40 40 40 40 40 40 50 40 40 40 43 43 43 43 43 49 49 49 49 0 0 0 -9999 -9999 -9999
-9999 -9999 -9999 -9999 96 105 45 55 57 55 46 46 84 56 51 54 65 65 65 49 65 48 64 36 -9999 -9999 20 43 49 52 57 59 74 70 69 64 46 45 41 50 72 68 45 48 69 66 51 47 57 59 48 48 50 61 49 54 47 57 44 31 31 31 31 31 31 31 31 40 40 40 40 40 40 40 40 40 43 43 43 43 49 49 49 49 49 49 49 -9999 -9999 -9999 -9999
-9999 -9999 -9999 97 107 102 51 45 49 57 59 54 48 52 51 48 65 63 74 49 65 57 71 66 64 65 79 44 -9999 -9999 -9999 62 75 74 63 57 39 33 44 49 55 77 77 74 44 59 65 57 57 47 64 60 48 65 65 47 52 60 57 56 66 31 31 31 31 31 31 40 40 40 40 40 40 40 40 40 49 49 49 49 49 49 49 49 49 49 49 49 -9999 -9999 -9999
-9999 -9999 -9999 72 94 57 46 51 69 69 54 53 50 51 45 48 65 65 73 65 65 55 67 66 70 72 72 73 54 49 54 33 -9999 36 61 44 62 72 60 56 55 64 67 75 64 72 48 51 38 45 45 48 45 50 47 46 50 71 57 74 65 61 31 31 31 31 40 40 40 40 40 40 40 40 49 49 49 49 49 49 49 49 49 49 49 49 49 -9999 -9999 -9999 -9999
-9999 -9999 49 49 49 49 51 57 48 48 56 59 59 55 53 88 45 53 53 52 53 66 67 57 65 72 69 81 52 52 72 73 64 58 -9999 77 41 62 70 62 54 83 68 65 64 70 49 48 45 44 48 54 57 55 54 48 74 43 67 69 53 42 43 31 31 40 40 40 40 40 40 40 49 49 49 49 49 49 49 49 49 49 49 49 49 49 49 -9999 -9999 -9999 -9999
-9999 -9999 49 49 49 49 49 49 49 49 49 49 49 49 49 49 44 54 66 67 71 66 65 65 73 72 68 44 53 51 50 72 74 46 15 -9999 45 55 44 54 77 80 65 56 45 45 71 70 69 42 55 55 62 73 80 70 61 51 63 50 38 25 32 47 40 40 40 40 40 40 40 49 49 49 49 0 0 0 49 49 49 49 49 49 49 49 49 -9999 -9999 -9999 -9999
-9999 -9999 49 49 49 49 49 49 49 49 49 49 49 49 49 49 42 42 42 42 -9999 66 65 66 67 72 68 42 45 48 61 49 74 49 61 58 42 55 42 45 60 69 63 45 60 69 37 58 59 70 88 88 59 64 68 68 68 64 63 45 42 24 49 42 39 48 40 40 40 40 40 49 0 0 0 0 0 0 0 0 49 49 49 49 49 49 -9999 -9999 -9999 -9999 -9999
-9999 49 49 49 49 49 49 49 49 49 49 49 49 49 49 49 42 42 42 42 59 59 59 59 59 59 59 59 -9999 -9999 -9999 54 72 66 61 50 -9999 66 49 39 43 29 31 62 60 76 34 64 47 49 40 54 67 68 48 57 61 60 48 55 53 29 33 41 39 47 -9999 49 49 49 49 0 0 0 0 0 0 0 0 0 0 49 49 49 49 -9999 -9999 -9999 -9999 -9999 -9999
-9999 49 49 49 49 49 49 49 49 49 49 49 49 49 42 42 42 42 42 42 59 59 59 59 59 59 59 59 46 46 46 46 46 46 46 46 -9999 -9999 59 37 46 27 55 58 56 60 62 52 36 33 34 35 50 50 60 48 40 33 33 40 34 30 30 33 32 40 45 45 49 49 0 0 0 0 0 0 0 0 0 0 0 49 49 -9999 -9999 -9999 -9999 -9999 -9999 -9999 -9999
-9999 49 49 49 49 49 49 49 49 49 49 49 49 49 49 42 42 42 42 42 59 59 59 59 59 59 59 46 46 46 46 46 46 46 46 46 -9999 44 44 44 44 44 44 44 44 44 31 42 33 27 37 51 36 33 19 21 20 23 31 41 33 25 25 25 33 45 33 33 42 49 0 0 0 0 0 0 0 0 0 0 0 49 -9999 -9999 -9999 -9999 -9999 -9999 -9999 -9999 -9999
-9999 49 49 49 49 49 49 49 49 49 49 49 49 49 49 49 42 42 42 42 46 46 46 46 46 46 46 46 46 46 46 46 46 46 46 46 44 44 44 44 44 44 44 44 44 53 53 53 53 53 -9999 21 22 10 32 49 50 38 36 33 31 25 25 26 34 32 32 25 26 31 0 0 0 0 0 0 0 0 0 0 -9999 -9999 -9999 -9999 -9999 -9999 -9999 -9999 -9999 -9999 -9999
49 49 49 49 49 49 49 49 49 49 49 49 49 49 49 49 42 42 42 42 46 18 46 46 46 46 46 46 46 46 46 46 46 46 46 -9999 44 44 44 44 44 44 44 53 53 53 53 53 53 53 56 56 56 56 56 56 56 31 51 35 23 30 31 27 33 33 26 26 26 27 31 0 0 0 0 0 0 0 0 0 -9999 -9999 -9999 -9999 -9999 -9999 -9999 -9999 -9999 -9999 -9999
-9999 49 49 49 49 49 49 49 49 49 49 49 49 49 42 42 42 18 18 18 18 18 18 46 46 46 46 46 46 46 46 46 46 46 46 -9999 44 44 44 44 44 44 44 53 53 53 53 53 53 53 56 56 56 56 56 56 56 56 88 50 47 32 26 26 35 27 37 37 27 27 30 27 0 0 0 55 55 55 55 55 -9999 -9999 -9999 -9999 -9999 -9999 -9999 -9999 -9999 -9999 -9999
-9999 49 49 49 49 49 49 49 49 49 49 49 49 19 19 19 18 18 18 18 18 18 18 46 46 46 46 46 46 46 46 46 46 46 46 -9999 44 44 44 44 44 44 44 53 53 53 53 53 53 56 56 56 56 56 56 56 56 56 56 65 51 38 27 25 26 36 26 26 26 28 23 24 7 7 7 55 55 55 55 -9999 -9999 -9999 -9999 -9999 -9999 -9999 -9999 -9999 -9999 -9999 -9999
-9999 49 49 49 19 19 19 19 19 19 19 19 19 19 19 19 18 18 18 18 18 18 18 46 46 46 46 46 46 46 46 46 46 46 46 -9999 44 44 44 44 44 44 44 44 53 53 53 53 53 53 24 24 56 56 56 56 56 56 56 56 38 51 55 23 24 31 25 25 26 35 7 7 7 7 7 55 55 55 55 -9999 -9999 -9999 -9999 -9999 -9999 -9999 -9999 -9999 -9999 -9999 -9999
-9999 -9999 19 19 19 19 19 19 19 19 19 19 19 19 19 18 18 18 18 18 18 18 18 46 46 46 46 46 46 46 46 46 46 46 46 -9999 44 44 44 44 44 44 44 44 53 53 53 53 53 24 24 24 24 56 56 56 56 56 56 56 56 56 69 35 33 33 26 35 32 7 7 7 7 7 7 7 7 55 55 -9999 -9999 -9999 -9999 -9999 -9999 -9999 -9999 -9999 -9999 -9999 -9999
-9999 -9999 -9999 19 19 19 19 19 19 19 19 19 19 19 19 18 18 18 18 18 18 18 18 18 46 32 32 32 32 32 32 32 46 46 23 -9999 44 44 44 44 44 44 44 44 44 24 24 24 24 24 24 24 24 56 56 56 56 56 56 56 56 56 21 48 49 49 34 32 7 7 7 7 7 7 7 7 7 55 -9999 -9999 -9999 -9999 -9999 -9999 -9999 -9999 -9999 -9999 -9999 -9999 -9999
-9999 -9999 -9999 -9999 -9999 19 19 19 19 19 19 19 19 19 19 18 18 18 18 18 18 18 18 18 18 32 32 32 32 32 32 32 23 23 23 23 23 23 44 44 44 18 18 44 24 24 24 24 24 24 24 24 24 56 56 21 21 21 21 21 21 21 21 21 40 41 45 7 7 7 7 7 7 7 7 7 7 7 7 7 -9999 -9999 -9999 -9999 -9999 -9999 -9999 -9999 -9999 -9999 -9999
-9999 -9999 -9999 -9999 -9999 -9999 19 19 19 19 19 19 -9999 19 88 88 88 88 88 18 18 18 18 18 18 32 32 32 32 32 32 32 23 23 23 23 23 23 23 44 44 18 18 18 24 24 24 24 24 24 24 24 24 56 21 21 21 21 21 21 21 21 21 21 21 21 7 7 7 7 7 7 7 7 7 7 7 7 7 -9999 -9999 -9999 -9999 -9999 -9999 -9999 -9999 -9999 -9999 -9999 -9999
-9999 -9999 -9999 -9999 -9999 -9999 -9999 -9999 -9999 -9999 -9999 -9999 -9999 -9999 -9999 -9999 88 88 88 18 18 18 18 18 18 32 32 32 32 32 32 32 23 23 -9999 23 23 23 23 46 46 18 18 18 24 24 24 24 24 24 18 24 24 56 21 21 21 21 21 21 21 21 21 21 21 31 7 7 7 7 7 7 7 7 7 7 7 7 43 -9999 -9999 -9999 -9999 -9999 -9999 -9999 -9999 -9999 -9999 -9999 -9999
-9999 -9999 -9999 -9999 -9999 -9999 -9999 -9999 -9999 -9999 -9999 -9999 -9999 -9999 -9999 -9999 -9999 -9999 88 18 18 18 18 18 18 32 32 32 32 32 32 23 23 23 -9999 23 23 23 23 46 46 46 18 18 18 18 24 24 24 24 24 24 24 56 21 21 21 21 21 21 21 21 31 31 31 31 39 7 7 7 7 7 7 7 7 7 7 43 -9999 -9999 -9999 -9999 -9999 -9999 -9999 -9999 -9999 -9999 -9999 -9999 -9999
-9999 -9999 -9999 -9999 -9999 -9999 -9999 -9999 -9999 -9999 -9999 -9999 -9999 -9999 -9999 -9999 -9999 -9999 88 18 18 18 18 18 32 32 32 32 32 32 32 23 23 23 -9999 23 23 23 23 46 46 46 46 18 18 18 24 24 18 24 24 24 24 23 56 21 21 21 21 31 31 31 31 31 31 35 39 39 7 7 7 7 7 7 7 7 43 43 -9999 -9999 -9999 -9999 -9999 -9999 -9999 -9999 -9999 -9999 -9999 -9999 -9999
-9999 -9999 -9999 -9999 -9999 -9999 -9999 -9999 -9999 -9999 -9999 -9999 -9999 -9999 -9999 -9999 -9999 -9999 20 20 20 20 18 32 32 32 32 32 32 32 32 23 23 23 23 23 23 23 23 46 46 18 18 18 18 18 18 18 18 24 24 24 24 23 23 23 23 21 31 31 31 31 31 35 35 39 39 39 39 39 7 7 7 7 7 7 43 43 -9999 -9999 -9999 -9999 -9999 -9999 -9999 -9999 -9999 -9999 -9999 -9999 -9999
