04_184A014/ika.asc
ncols 186
nrows 177
xllcorner 610464
yllcorner 6870672
cellsize 16
nodata_value -9999
[rows 82 to 122 of 177, columns 0 to 90 of 186]
-9999 -9999 -9999 -9999 -9999 -9999 -9999 -9999 -9999 -9999 -9999 -9999 -9999 -9999 -9999 -9999 -9999 -9999 -9999 -9999 -9999 -9999 -9999 -9999 -9999 -9999 -9999 -9999 -9999 -9999 47 61 65 64 66 64 72 71 64 43 51 52 72 68 67 45 45 45 45 45 66 66 66 66 66 66 66 46 46 46 46 46 46 46 46 46 46 46 46 46 46 46 46 46 46 46 46 46 46 46 46 46 46 46 46 46 46 46 46 46 46
-9999 -9999 -9999 -9999 -9999 -9999 -9999 -9999 -9999 -9999 -9999 -9999 -9999 -9999 -9999 -9999 -9999 -9999 -9999 -9999 -9999 -9999 -9999 -9999 -9999 -9999 -9999 -9999 -9999 48 51 52 61 61 61 65 67 64 73 47 50 71 74 72 55 48 45 45 45 66 66 66 66 66 66 66 66 66 66 46 46 46 46 46 46 46 46 46 46 46 46 46 46 46 46 46 46 46 46 46 46 46 46 46 46 46 46 46 46 46 46
-9999 -9999 -9999 -9999 -9999 -9999 -9999 -9999 -9999 -9999 -9999 -9999 -9999 -9999 -9999 -9999 -9999 -9999 -9999 -9999 -9999 -9999 -9999 -9999 -9999 -9999 -9999 69 73 51 54 54 61 63 58 63 67 73 63 62 51 72 73 60 48 48 48 48 10 66 66 66 66 66 66 66 66 66 66 46 46 46 46 46 46 46 46 46 46 46 46 46 46 46 46 46 46 46 46 46 46 46 46 46 46 46 46 46 46 46 46
-9999 -9999 -9999 -9999 -9999 -9999 -9999 -9999 -9999 -9999 -9999 -9999 -9999 -9999 -9999 -9999 -9999 -9999 -9999 -9999 -9999 -9999 -9999 -9999 -9999 -9999 38 44 46 44 54 65 65 66 60 65 79 73 72 70 65 55 73 61 48 48 48 48 10 66 66 66 66 66 66 10 10 10 66 66 46 46 46 46 46 46 46 46 46 46 46 46 46 46 46 46 46 46 46 46 46 46 46 46 46 46 46 46 46 46 46
-9999 -9999 -9999 -9999 -9999 -9999 -9999 -9999 -9999 -9999 -9999 -9999 -9999 -9999 -9999 -9999 -9999 -9999 -9999 -9999 -9999 -9999 -9999 -9999 -9999 53 43 47 46 48 53 64 65 67 64 64 71 70 63 69 74 71 60 80 48 48 48 48 10 10 66 66 66 66 10 10 10 10 66 66 66 46 8 46 46 46 46 46 46 46 46 46 46 46 46 46 46 46 46 46 46 46 46 46 46 46 46 46 46 46 46
-9999 -9999 -9999 -9999 -9999 -9999 -9999 -9999 -9999 -9999 -9999 -9999 -9999 -9999 -9999 -9999 -9999 -9999 -9999 -9999 -9999 -9999 38 40 66 54 47 46 55 56 62 64 63 60 66 76 71 60 55 59 74 51 62 85 48 48 48 48 10 10 10 10 10 10 10 10 10 10 10 73 73 -9999 -9999 8 8 46 46 46 46 46 46 46 46 46 46 46 46 46 46 46 46 46 46 46 46 46 46 46 46 46 46
-9999 -9999 -9999 -9999 -9999 -9999 -9999 -9999 -9999 -9999 -9999 -9999 -9999 -9999 -9999 -9999 -9999 -9999 -9999 -9999 -9999 -9999 52 41 55 58 41 58 55 63 64 70 65 60 71 71 70 68 60 74 74 51 66 69 48 48 48 48 10 10 10 10 10 10 10 10 10 10 10 73 73 73 -9999 8 8 8 46 46 46 46 46 46 46 46 46 46 46 46 46 46 46 46 46 46 46 46 46 46 46 46 46
-9999 -9999 -9999 -9999 -9999 -9999 -9999 -9999 -9999 -9999 -9999 -9999 -9999 -9999 -9999 -9999 -9999 -9999 -9999 -9999 -9999 -9999 63 60 54 57 53 59 55 59 58 65 65 65 70 69 65 65 60 73 58 51 67 48 48 48 48 48 48 10 10 10 10 10 10 10 10 10 73 73 73 73 73 73 -9999 8 8 8 46 46 46 46 46 46 46 46 46 46 46 46 46 46 46 46 46 46 46 46 46 46 46
-9999 -9999 -9999 -9999 -9999 -9999 -9999 -9999 -9999 -9999 -9999 -9999 -9999 -9999 -9999 -9999 -9999 -9999 -9999 -9999 -9999 47 69 65 57 54 55 57 62 53 57 73 64 65 71 70 65 68 58 58 57 63 69 -9999 48 48 48 48 57 57 57 57 57 10 10 10 10 10 73 73 73 73 73 73 73 -9999 8 8 8 46 46 46 46 46 46 46 46 46 46 46 46 46 46 46 46 46 46 46 46 46 46
-9999 -9999 -9999 -9999 -9999 -9999 -9999 -9999 -9999 -9999 -9999 -9999 -9999 -9999 -9999 -9999 -9999 -9999 -9999 -9999 -9999 47 44 52 61 69 49 46 60 61 59 59 59 70 80 75 57 62 62 62 62 73 74 70 48 48 48 48 57 57 57 57 57 57 57 10 10 10 73 73 73 73 73 73 73 73 -9999 8 8 8 46 46 46 46 46 46 46 46 46 46 46 46 46 46 46 46 46 46 46 46 46
-9999 -9999 -9999 -9999 -9999 -9999 -9999 -9999 -9999 -9999 -9999 -9999 -9999 -9999 -9999 -9999 -9999 -9999 -9999 -9999 -9999 25 25 46 56 56 55 63 62 61 73 60 63 64 65 60 65 69 62 70 70 71 64 74 75 48 44 48 48 44 44 57 57 57 57 57 57 57 57 57 73 73 73 73 73 73 73 -9999 8 8 8 8 8 46 46 46 46 46 46 46 46 46 46 46 46 46 46 46 46 46 46
-9999 -9999 -9999 -9999 -9999 -9999 -9999 -9999 -9999 -9999 -9999 -9999 -9999 -9999 -9999 -9999 -9999 -9999 -9999 -9999 -9999 55 57 62 61 62 61 61 59 58 59 63 59 55 57 63 59 71 70 70 71 68 72 71 74 72 44 44 44 44 44 44 44 44 57 57 57 57 57 57 73 73 73 73 73 73 73 73 -9999 8 8 8 8 8 46 46 46 46 46 46 46 46 46 46 46 46 46 46 46 46 46
-9999 -9999 -9999 -9999 -9999 -9999 -9999 -9999 -9999 -9999 -9999 -9999 -9999 -9999 -9999 -9999 -9999 -9999 -9999 -9999 -9999 57 56 60 63 60 62 72 72 70 63 63 62 61 60 64 60 71 69 60 65 67 69 66 69 73 55 44 44 44 44 44 44 44 44 57 57 57 57 57 73 73 73 73 73 73 73 73 73 -9999 8 8 8 8 8 46 46 46 46 46 46 46 46 46 46 46 46 46 46 46 46
-9999 -9999 -9999 -9999 -9999 -9999 -9999 -9999 -9999 -9999 -9999 -9999 -9999 -9999 -9999 -9999 -9999 -9999 -9999 -9999 -9999 57 48 54 57 61 58 64 65 70 73 59 63 47 57 64 65 64 70 68 65 64 69 71 66 58 45 44 44 44 44 44 44 44 44 44 44 73 73 73 73 73 73 73 73 73 73 73 73 73 -9999 8 8 8 8 8 48 48 46 46 46 46 46 46 46 46 46 46 46 46 46
-9999 -9999 -9999 -9999 -9999 -9999 -9999 -9999 -9999 -9999 -9999 -9999 -9999 -9999 -9999 -9999 -9999 -9999 -9999 -9999 -9999 47 64 57 61 64 65 54 64 72 58 63 60 48 47 64 59 64 69 57 65 66 67 71 70 52 43 45 44 44 44 44 44 44 44 44 44 73 73 73 73 73 73 73 73 73 73 73 73 73 -9999 8 8 8 48 48 48 48 46 46 46 46 46 46 46 46 48 48 48 48 48
-9999 -9999 -9999 -9999 -9999 -9999 -9999 -9999 -9999 -9999 -9999 -9999 -9999 -9999 -9999 -9999 -9999 -9999 -9999 -9999 -9999 48 64 61 64 62 59 58 58 69 57 64 56 56 60 64 59 71 64 60 56 59 69 61 70 62 53 57 53 44 44 44 44 44 44 44 44 73 73 73 73 73 73 73 73 73 73 73 73 73 73 8 8 48 48 48 48 48 48 48 46 46 46 46 46 48 48 48 48 48 48
-9999 -9999 -9999 -9999 -9999 -9999 -9999 -9999 -9999 -9999 -9999 -9999 -9999 -9999 -9999 -9999 -9999 -9999 -9999 -9999 -9999 60 61 54 63 65 63 58 63 69 61 52 56 56 56 61 65 60 50 63 51 70 62 70 61 69 65 57 58 44 44 44 44 44 44 44 44 44 73 73 73 73 73 73 73 73 73 73 73 73 73 8 8 48 48 48 48 48 48 48 48 46 48 48 48 48 48 48 48 48 48
-9999 -9999 -9999 -9999 -9999 -9999 -9999 -9999 -9999 -9999 -9999 -9999 -9999 -9999 -9999 -9999 -9999 -9999 -9999 -9999 -9999 63 62 62 65 63 64 58 57 56 61 52 56 51 50 45 62 45 72 69 51 71 71 69 65 64 56 53 44 45 44 44 44 44 44 44 44 44 73 73 73 73 73 73 73 73 73 73 73 73 73 -9999 48 48 48 48 48 48 48 48 48 48 48 48 48 48 48 48 48 48 48
-9999 -9999 -9999 -9999 -9999 -9999 -9999 -9999 -9999 -9999 -9999 -9999 -9999 -9999 -9999 -9999 -9999 -9999 -9999 -9999 -9999 63 63 59 59 58 44 43 57 44 42 59 41 39 40 62 40 44 72 69 69 68 56 57 69 54 45 52 44 44 46 44 44 44 44 44 44 44 44 73 73 73 73 73 73 73 73 73 73 73 73 -9999 48 48 48 48 48 48 48 48 48 48 48 48 48 48 48 48 48 48 48
-9999 -9999 -9999 -9999 -9999 -9999 -9999 -9999 -9999 -9999 -9999 -9999 -9999 -9999 -9999 -9999 -9999 -9999 -9999 -9999 56 62 58 58 59 59 73 73 71 33 31 47 40 73 63 60 35 45 55 55 59 59 56 56 72 60 68 59 46 44 74 58 44 44 44 44 44 44 44 44 73 73 73 73 73 73 73 73 73 73 73 -9999 48 48 48 48 48 48 48 48 48 48 48 48 48 48 48 48 48 48 48
-9999 -9999 -9999 -9999 -9999 -9999 -9999 -9999 -9999 -9999 -9999 -9999 -9999 -9999 -9999 -9999 -9999 -9999 -9999 -9999 60 63 58 61 68 79 66 81 76 39 48 42 66 72 61 40 52 54 53 55 46 45 53 60 73 58 52 52 47 65 74 57 44 44 44 44 44 44 44 44 44 73 73 73 73 73 73 73 73 73 -9999 48 48 48 48 48 48 48 48 48 48 48 48 48 48 48 48 48 48 48 48
-9999 -9999 -9999 -9999 -9999 -9999 -9999 -9999 -9999 -9999 -9999 -9999 -9999 -9999 -9999 -9999 -9999 -9999 -9999 -9999 -9999 62 64 57 88 79 80 70 56 74 60 42 47 45 43 39 54 61 60 70 46 46 53 47 57 59 47 45 42 57 66 75 56 44 44 44 44 44 44 44 44 44 73 73 73 73 73 73 73 -9999 56 48 48 48 48 48 48 48 48 48 48 48 48 48 48 48 48 48 48 48 48
-9999 -9999 -9999 -9999 -9999 -9999 -9999 -9999 -9999 -9999 -9999 -9999 -9999 -9999 -9999 -9999 -9999 -9999 -9999 -9999 62 60 56 34 96 84 79 73 45 42 52 63 50 43 44 46 53 57 70 54 57 51 54 46 47 46 46 44 51 51 69 56 62 50 44 44 44 44 44 44 44 44 73 73 73 73 73 73 -9999 56 48 48 48 48 48 48 48 48 48 48 48 48 48 48 48 48 48 48 48 48 48
-9999 -9999 -9999 -9999 -9999 -9999 -9999 -9999 -9999 -9999 -9999 -9999 -9999 -9999 -9999 -9999 -9999 -9999 -9999 -9999 61 60 60 64 57 51 57 62 39 39 43 70 52 44 45 50 38 38 69 57 45 51 52 45 45 45 45 51 51 72 72 50 61 45 44 44 44 44 44 44 44 44 44 73 73 73 73 56 56 56 56 48 48 48 48 48 48 48 48 48 48 48 48 48 48 48 48 48 48 48 48
-9999 -9999 -9999 -9999 -9999 -9999 -9999 -9999 -9999 -9999 -9999 -9999 -9999 -9999 -9999 -9999 -9999 -9999 -9999 -9999 -9999 61 53 62 55 60 51 57 51 55 48 57 50 33 41 44 35 38 46 53 44 43 42 49 49 53 60 58 58 73 73 56 68 72 66 44 44 44 44 44 44 44 44 52 52 52 -9999 56 56 56 56 48 48 48 48 48 48 48 48 48 48 48 48 48 48 48 48 48 48 48 48
-9999 -9999 -9999 -9999 -9999 -9999 -9999 -9999 -9999 -9999 -9999 -9999 -9999 -9999 -9999 -9999 -9999 -9999 -9999 -9999 -9999 43 49 50 55 56 54 65 65 47 44 51 64 60 46 75 44 52 58 36 60 48 72 72 59 55 55 55 59 60 66 71 82 74 72 61 44 44 44 44 44 44 44 52 52 52 56 56 56 56 48 48 48 48 48 48 48 48 48 48 48 48 48 48 48 48 48 48 48 48 48
-9999 -9999 -9999 -9999 -9999 -9999 -9999 -9999 -9999 -9999 -9999 -9999 -9999 -9999 -9999 -9999 -9999 -9999 -9999 -9999 -9999 47 40 42 38 40 55 56 65 75 74 58 52 45 42 56 56 56 43 48 50 68 73 61 49 49 55 67 55 55 73 68 77 67 71 64 64 44 44 52 52 52 52 52 52 -9999 56 56 56 48 48 48 48 48 48 48 48 48 48 48 48 48 48 48 48 48 48 48 48 48 48
-9999 -9999 -9999 -9999 -9999 -9999 -9999 -9999 -9999 -9999 -9999 -9999 -9999 -9999 -9999 -9999 -9999 -9999 -9999 -9999 -9999 -9999 38 55 45 44 45 45 45 42 62 35 57 46 49 47 55 50 40 45 69 66 48 42 42 48 66 58 48 70 70 59 59 71 50 44 45 52 52 52 52 52 52 52 52 -9999 56 56 56 48 48 48 48 48 48 48 48 48 48 48 48 48 48 48 48 48 48 48 48 48 48
-9999 -9999 -9999 -9999 -9999 -9999 -9999 -9999 -9999 -9999 -9999 -9999 -9999 -9999 -9999 -9999 -9999 -9999 -9999 -9999 -9999 -9999 37 40 39 40 33 33 56 57 57 61 55 55 50 50 47 49 39 36 62 31 48 48 48 46 62 67 69 71 69 57 61 63 52 45 40 42 52 52 52 52 52 52 52 56 56 56 56 48 48 48 56 56 56 48 48 48 48 48 48 48 48 48 48 48 48 48 48 48 48
-9999 -9999 -9999 -9999 -9999 -9999 -9999 -9999 -9999 -9999 -9999 -9999 -9999 -9999 -9999 -9999 -9999 -9999 -9999 -9999 -9999 -9999 39 39 31 56 49 50 58 56 57 60 51 56 50 51 41 45 39 30 36 43 45 49 48 64 69 70 70 69 63 57 63 52 54 46 37 36 41 52 52 52 52 52 52 56 56 56 56 48 48 56 56 56 56 56 48 48 48 48 48 48 48 48 48 48 48 48 48 48 48
-9999 -9999 -9999 -9999 -9999 -9999 -9999 -9999 -9999 -9999 -9999 -9999 -9999 -9999 -9999 -9999 -9999 -9999 -9999 -9999 -9999 -9999 -9999 35 40 58 54 56 54 57 57 42 42 48 51 58 46 35 43 44 48 48 74 60 76 68 64 64 64 64 61 61 51 50 48 47 26 27 66 46 46 52 52 52 -9999 56 56 56 56 56 56 56 56 56 56 56 48 48 48 48 48 48 48 48 48 48 48 48 48 48 48
-9999 -9999 -9999 -9999 -9999 -9999 -9999 -9999 -9999 -9999 -9999 -9999 -9999 -9999 -9999 -9999 -9999 -9999 -9999 -9999 -9999 -9999 40 41 32 51 46 56 54 46 40 49 41 41 52 59 41 35 47 44 59 74 48 78 71 71 40 40 36 31 27 35 44 46 50 35 23 26 46 46 46 46 43 52 -9999 45 45 45 56 45 45 45 56 56 56 56 48 48 48 48 48 48 48 48 48 48 48 48 48 48 48
-9999 -9999 -9999 -9999 -9999 -9999 -9999 -9999 -9999 -9999 -9999 -9999 -9999 -9999 -9999 -9999 -9999 -9999 -9999 -9999 -9999 58 59 46 35 35 43 43 31 40 40 36 40 40 56 58 50 50 67 49 42 45 80 50 55 20 26 26 46 35 36 35 34 34 32 25 23 27 46 46 46 46 43 43 43 45 45 45 45 45 45 45 56 56 56 56 48 48 48 48 48 48 48 48 48 48 48 48 48 48 48
-9999 -9999 -9999 -9999 -9999 -9999 -9999 -9999 -9999 -9999 -9999 -9999 -9999 -9999 -9999 -9999 -9999 -9999 -9999 -9999 -9999 50 50 36 40 56 45 51 45 45 33 39 40 39 58 56 50 57 61 61 66 66 58 60 20 21 23 25 35 44 36 35 27 32 26 25 37 50 46 46 46 43 43 43 43 -9999 45 45 45 45 45 45 56 56 56 56 48 48 48 48 48 48 48 48 48 48 48 48 48 48 48
-9999 -9999 -9999 -9999 -9999 -9999 -9999 -9999 -9999 -9999 -9999 -9999 -9999 -9999 -9999 -9999 -9999 -9999 -9999 -9999 37 31 29 96 88 58 75 105 60 45 58 47 36 38 40 41 64 57 49 49 49 57 60 20 28 27 28 35 35 32 31 27 27 26 31 32 60 46 46 46 46 43 43 43 -9999 37 -9999 -9999 45 45 45 45 56 56 56 56 56 48 48 48 48 48 48 48 48 48 48 48 48 48 48
-9999 -9999 -9999 -9999 -9999 -9999 -9999 -9999 -9999 -9999 -9999 -9999 -9999 -9999 -9999 -9999 -9999 -9999 -9999 -9999 43 55 97 99 63 32 69 72 64 44 39 55 65 68 47 61 59 63 62 46 47 37 37 27 28 36 36 36 28 27 28 26 25 26 33 31 49 46 46 46 46 43 43 43 37 37 37 37 -9999 45 45 45 56 56 56 56 56 56 56 48 48 48 48 48 48 48 48 48 48 48 48
-9999 -9999 -9999 -9999 -9999 -9999 -9999 -9999 -9999 -9999 -9999 -9999 -9999 -9999 -9999 -9999 -9999 -9999 -9999 -9999 55 61 80 70 36 31 28 27 33 46 71 49 45 49 32 38 54 57 61 61 47 38 38 45 40 36 35 44 35 23 23 23 25 23 27 52 46 46 46 46 46 43 43 43 37 37 37 37 37 37 -9999 45 56 56 56 56 56 56 56 56 48 48 48 48 48 48 48 48 48 48 48
-9999 -9999 -9999 -9999 -9999 -9999 -9999 -9999 -9999 -9999 -9999 -9999 -9999 -9999 -9999 -9999 -9999 -9999 -9999 -9999 61 80 84 65 24 26 38 32 43 63 59 47 43 47 46 45 40 55 44 56 57 47 39 42 46 45 36 44 35 25 23 34 24 35 53 51 46 46 46 46 46 46 43 43 43 37 37 37 37 37 37 -9999 56 56 56 56 56 56 56 56 56 48 48 48 48 48 48 48 48 48 48
-9999 -9999 -9999 -9999 -9999 -9999 -9999 -9999 -9999 -9999 -9999 -9999 -9999 -9999 -9999 -9999 -9999 -9999 -9999 40 35 32 95 39 40 -9999 32 48 53 48 58 63 79 68 72 71 67 48 45 62 49 49 58 42 46 36 35 35 33 26 26 32 40 57 40 66 46 46 63 63 46 43 43 43 43 37 37 37 37 37 37 37 37 -9999 56 56 56 56 56 56 56 37 48 48 48 48 48 48 48 48 48
-9999 -9999 -9999 -9999 -9999 -9999 -9999 -9999 -9999 -9999 -9999 -9999 -9999 -9999 -9999 -9999 -9999 -9999 -9999 40 39 95 69 62 38 -9999 -9999 64 53 61 79 74 86 68 83 79 90 62 61 54 73 64 50 56 40 34 37 36 33 36 38 61 56 54 63 46 46 46 63 63 54 54 43 43 43 43 37 37 37 37 37 37 37 37 -9999 -9999 56 56 56 56 51 37 37 37 37 37 -9999 37 37 37 37
-9999 -9999 -9999 -9999 -9999 -9999 -9999 -9999 -9999 -9999 -9999 -9999 -9999 -9999 -9999 -9999 -9999 -9999 46 48 58 105 86 72 44 42 60 55 88 81 89 87 64 52 87 66 75 78 64 71 103 75 56 55 45 25 34 32 32 35 62 52 76 46 46 46 46 46 63 63 63 54 43 43 43 43 37 37 37 37 37 37 37 37 37 37 -9999 56 51 51 51 51 51 51 51 37 37 37 37 37 37
