04_184A014/ika.asc
ncols 186
nrows 177
xllcorner 610464
yllcorner 6870672
cellsize 16
nodata_value -9999
[rows 82 to 122 of 177, columns 91 to 181 of 186]
46 36 36 46 46 46 46 48 48 48 48 48 48 0 -9999 -9999 -9999 -9999 -9999 -9999 -9999 -9999 -9999 -9999 -9999 -9999 -9999 -9999 -9999 -9999 -9999 -9999 -9999 -9999 -9999 -9999 -9999 99 93 -9999 -9999 -9999 -9999 48 48 48 48 48 -9999 -9999 -9999 -9999 -9999 -9999 -9999 -9999 -9999 -9999 -9999 -9999 -9999 -9999 -9999 -9999 -9999 -9999 -9999 -9999 -9999 -9999 -9999 13 13 13 13 13 13 -9999 -9999 -9999 -9999 -9999 -9999 -9999 -9999 -9999 -9999 -9999 -9999 -9999 -9999
46 46 46 46 46 46 46 46 48 48 48 48 48 0 -9999 -9999 -9999 -9999 -9999 -9999 -9999 -9999 -9999 -9999 -9999 -9999 -9999 -9999 -9999 -9999 -9999 -9999 -9999 -9999 -9999 -9999 -9999 -9999 -9999 -9999 -9999 -9999 -9999 -9999 48 48 48 48 48 -9999 -9999 -9999 -9999 -9999 48 48 48 48 48 48 48 -9999 -9999 -9999 -9999 -9999 -9999 -9999 -9999 -9999 -9999 39 13 13 13 13 13 13 -9999 -9999 -9999 -9999 -9999 -9999 -9999 -9999 -9999 -9999 -9999 -9999 -9999
46 46 46 46 46 46 46 46 48 48 48 48 48 0 0 -9999 -9999 -9999 -9999 -9999 -9999 -9999 -9999 -9999 -9999 -9999 -9999 -9999 -9999 -9999 -9999 -9999 -9999 -9999 -9999 -9999 -9999 -9999 -9999 -9999 -9999 -9999 -9999 -9999 -9999 48 48 48 48 48 -9999 48 -9999 -9999 -9999 -9999 -9999 48 48 48 48 48 48 -9999 -9999 -9999 -9999 -9999 0 39 39 39 39 30 30 13 13 13 -9999 -9999 -9999 -9999 -9999 -9999 -9999 -9999 -9999 -9999 -9999 -9999 -9999
46 46 46 46 46 46 46 46 46 48 53 48 48 0 0 -9999 -9999 -9999 -9999 -9999 -9999 -9999 -9999 -9999 -9999 -9999 -9999 -9999 -9999 -9999 -9999 -9999 -9999 -9999 -9999 -9999 -9999 -9999 -9999 -9999 -9999 -9999 -9999 -9999 -9999 -9999 48 48 48 48 48 48 32 32 32 32 32 32 48 48 48 48 48 0 66 46 0 0 39 39 39 30 30 30 30 30 30 13 -9999 -9999 -9999 -9999 -9999 -9999 -9999 -9999 -9999 -9999 -9999 -9999 -9999
46 46 46 46 46 46 46 46 46 53 53 48 48 48 0 0 -9999 -9999 -9999 -9999 -9999 -9999 -9999 -9999 -9999 -9999 -9999 -9999 -9999 -9999 -9999 -9999 -9999 -9999 -9999 -9999 -9999 -9999 -9999 -9999 -9999 -9999 -9999 -9999 -9999 -9999 48 48 48 48 48 48 32 32 32 32 32 32 32 48 48 48 48 48 48 39 39 39 30 30 30 30 30 30 30 30 30 30 30 -9999 -9999 -9999 -9999 -9999 -9999 -9999 -9999 -9999 -9999 -9999 -9999
46 46 46 46 46 46 46 46 46 53 53 53 53 53 53 0 -9999 -9999 -9999 -9999 -9999 -9999 -9999 -9999 -9999 -9999 -9999 -9999 -9999 -9999 -9999 -9999 -9999 -9999 -9999 -9999 -9999 -9999 -9999 -9999 -9999 -9999 -9999 -9999 -9999 -9999 48 48 48 48 48 48 32 32 32 32 32 32 32 32 32 48 48 48 48 48 48 48 30 30 30 30 30 30 30 30 30 30 30 -9999 -9999 -9999 -9999 -9999 -9999 -9999 -9999 -9999 -9999 -9999 -9999
46 46 46 46 46 46 46 46 46 46 53 53 53 53 53 53 0 -9999 -9999 -9999 -9999 -9999 -9999 -9999 -9999 -9999 -9999 -9999 -9999 -9999 -9999 -9999 -9999 -9999 -9999 -9999 -9999 -9999 -9999 -9999 -9999 -9999 -9999 -9999 -9999 -9999 -9999 48 48 48 48 32 32 32 32 32 32 32 32 32 32 32 48 48 48 48 48 48 48 48 30 30 30 30 30 30 30 30 30 -9999 -9999 -9999 -9999 -9999 -9999 -9999 -9999 -9999 -9999 -9999 -9999
46 46 46 46 46 46 46 46 46 46 53 53 53 53 53 53 53 0 -9999 -9999 -9999 -9999 -9999 -9999 -9999 -9999 -9999 -9999 -9999 -9999 -9999 -9999 -9999 -9999 -9999 -9999 -9999 -9999 -9999 -9999 -9999 -9999 -9999 -9999 -9999 -9999 -9999 -9999 -9999 -9999 39 39 39 39 32 32 32 32 32 32 32 32 32 48 48 48 48 48 48 48 48 48 42 30 30 30 30 30 30 -9999 -9999 -9999 -9999 -9999 -9999 -9999 -9999 -9999 -9999 -9999 -9999
46 46 46 46 46 46 46 46 46 46 53 53 53 53 53 53 53 53 -9999 -9999 -9999 -9999 -9999 -9999 -9999 -9999 -9999 -9999 -9999 -9999 -9999 -9999 -9999 -9999 -9999 -9999 -9999 -9999 -9999 -9999 -9999 -9999 -9999 -9999 -9999 -9999 -9999 -9999 -9999 -9999 -9999 -9999 -9999 39 32 32 32 32 32 32 32 32 32 32 48 48 48 48 48 48 48 48 42 42 42 30 30 30 -9999 -9999 -9999 -9999 -9999 -9999 -9999 -9999 -9999 -9999 -9999 -9999 -9999
46 46 46 46 46 46 46 46 46 46 44 53 53 53 53 53 53 53 0 -9999 -9999 -9999 -9999 -9999 -9999 -9999 -9999 -9999 -9999 -9999 -9999 -9999 -9999 -9999 -9999 -9999 -9999 -9999 -9999 -9999 -9999 -9999 -9999 -9999 -9999 -9999 -9999 -9999 -9999 -9999 -9999 -9999 -9999 -9999 -9999 39 39 32 32 39 32 32 32 32 48 48 48 48 48 48 48 48 42 42 42 42 30 -9999 -9999 -9999 -9999 -9999 -9999 -9999 -9999 -9999 -9999 -9999 -9999 -9999 -9999
46 46 46 46 46 46 46 46 46 46 44 53 53 53 53 53 53 53 0 -9999 -9999 -9999 -9999 -9999 -9999 -9999 -9999 -9999 -9999 -9999 -9999 -9999 -9999 -9999 -9999 -9999 -9999 -9999 -9999 -9999 -9999 -9999 -9999 -9999 -9999 -9999 -9999 -9999 -9999 -9999 -9999 -9999 -9999 -9999 -9999 -9999 -9999 -9999 39 39 39 32 32 39 39 48 48 48 48 48 48 48 42 42 42 42 -9999 -9999 -9999 -9999 -9999 -9999 -9999 -9999 -9999 -9999 -9999 -9999 -9999 -9999 -9999
46 46 46 46 46 46 -9999 46 46 44 44 44 44 53 53 53 53 53 53 0 -9999 -9999 -9999 -9999 -9999 -9999 -9999 -9999 -9999 -9999 -9999 -9999 -9999 -9999 -9999 -9999 -9999 -9999 -9999 -9999 -9999 -9999 -9999 -9999 -9999 -9999 -9999 -9999 -9999 -9999 -9999 -9999 -9999 -9999 -9999 -9999 -9999 -9999 -9999 -9999 39 39 39 39 39 48 48 48 48 48 48 48 42 42 42 -9999 -9999 -9999 -9999 -9999 -9999 -9999 -9999 -9999 -9999 -9999 -9999 -9999 -9999 -9999 -9999
46 46 46 46 46 67 67 67 46 67 44 44 44 44 44 53 53 53 53 -9999 0 -9999 -9999 -9999 -9999 -9999 -9999 -9999 -9999 -9999 -9999 -9999 -9999 -9999 -9999 -9999 -9999 -9999 -9999 -9999 -9999 -9999 -9999 -9999 -9999 -9999 -9999 -9999 -9999 -9999 -9999 -9999 -9999 -9999 -9999 -9999 -9999 -9999 -9999 -9999 -9999 -9999 -9999 39 39 39 39 -9999 42 42 42 42 42 42 42 -9999 -9999 -9999 -9999 -9999 -9999 -9999 -9999 -9999 -9999 -9999 -9999 -9999 -9999 -9999 -9999
48 48 67 67 67 67 67 67 67 67 67 67 44 44 44 53 53 53 53 31 31 -9999 -9999 -9999 -9999 -9999 -9999 -9999 -9999 -9999 -9999 -9999 -9999 -9999 -9999 -9999 -9999 -9999 -9999 -9999 -9999 -9999 -9999 -9999 -9999 -9999 -9999 -9999 -9999 -9999 -9999 -9999 -9999 -9999 -9999 -9999 -9999 -9999 -9999 -9999 -9999 -9999 -9999 39 39 39 39 18 18 18 42 42 42 42 42 42 -9999 -9999 -9999 -9999 -9999 -9999 -9999 -9999 -9999 -9999 -9999 -9999 -9999 -9999 -9999
48 67 67 67 67 67 67 67 67 67 67 67 67 67 53 53 53 53 53 31 -9999 54 102 -9999 -9999 -9999 -9999 -9999 -9999 -9999 -9999 -9999 -9999 -9999 -9999 -9999 -9999 -9999 -9999 -9999 -9999 -9999 -9999 -9999 -9999 -9999 -9999 -9999 -9999 -9999 -9999 -9999 -9999 -9999 -9999 -9999 -9999 -9999 -9999 -9999 -9999 -9999 -9999 39 39 18 18 18 18 18 18 18 18 42 18 18 -9999 -9999 -9999 -9999 -9999 -9999 -9999 -9999 -9999 -9999 -9999 -9999 -9999 -9999 -9999
48 67 67 67 67 67 67 67 67 67 67 67 67 67 67 53 53 53 31 93 -9999 -9999 41 -9999 -9999 -9999 -9999 -9999 -9999 -9999 -9999 -9999 -9999 -9999 -9999 -9999 -9999 -9999 -9999 -9999 -9999 -9999 -9999 -9999 -9999 -9999 -9999 -9999 -9999 -9999 -9999 -9999 -9999 -9999 -9999 -9999 -9999 -9999 -9999 -9999 -9999 -9999 -9999 18 18 18 18 18 18 18 18 18 -9999 18 18 18 18 -9999 -9999 -9999 -9999 -9999 -9999 -9999 -9999 -9999 -9999 -9999 -9999 -9999 -9999
48 67 67 67 67 67 67 67 67 67 67 67 67 67 67 67 67 67 31 31 71 -9999 41 -9999 -9999 -9999 -9999 -9999 -9999 -9999 -9999 -9999 -9999 -9999 -9999 -9999 -9999 -9999 -9999 -9999 -9999 -9999 -9999 -9999 -9999 -9999 -9999 -9999 -9999 -9999 -9999 -9999 -9999 -9999 -9999 -9999 -9999 -9999 -9999 -9999 -9999 -9999 -9999 18 18 18 18 18 18 18 48 48 48 48 48 48 48 -9999 -9999 -9999 -9999 -9999 -9999 -9999 -9999 -9999 -9999 -9999 -9999 -9999 -9999
48 67 67 67 67 67 67 67 67 67 67 67 67 67 67 67 67 67 67 31 31 -9999 41 -9999 -9999 -9999 -9999 -9999 -9999 -9999 -9999 -9999 -9999 -9999 -9999 -9999 -9999 -9999 -9999 -9999 -9999 -9999 -9999 -9999 -9999 -9999 -9999 -9999 -9999 -9999 -9999 -9999 -9999 -9999 -9999 -9999 -9999 -9999 -9999 -9999 -9999 -9999 -9999 -9999 18 18 18 18 18 48 48 48 48 48 48 48 48 -9999 -9999 -9999 -9999 -9999 -9999 -9999 -9999 -9999 -9999 -9999 -9999 -9999 -9999
48 48 48 48 67 67 67 67 67 67 67 67 67 67 67 67 67 67 67 67 31 31 -9999 41 41 -9999 -9999 -9999 -9999 -9999 -9999 -9999 -9999 -9999 -9999 -9999 -9999 -9999 -9999 -9999 -9999 -9999 -9999 -9999 -9999 -9999 -9999 44 10 7 -9999 -9999 -9999 -9999 -9999 -9999 -9999 -9999 -9999 -9999 -9999 -9999 -9999 -9999 18 18 18 18 48 48 48 48 48 48 48 48 48 48 -9999 -9999 -9999 -9999 -9999 -9999 -9999 -9999 -9999 -9999 -9999 -9999 -9999
48 48 48 48 48 67 67 67 67 67 67 67 67 67 67 67 67 67 67 67 31 31 31 -9999 -9999 41 41 -9999 -9999 -9999 -9999 -9999 -9999 -9999 -9999 -9999 -9999 -9999 -9999 -9999 -9999 -9999 -9999 -9999 -9999 -9999 -9999 -9999 -9999 -9999 -9999 -9999 -9999 -9999 -9999 -9999 -9999 -9999 -9999 -9999 -9999 -9999 -9999 -9999 103 103 103 48 48 48 48 48 48 48 48 48 48 48 -9999 -9999 -9999 -9999 -9999 -9999 -9999 -9999 -9999 -9999 -9999 -9999 -9999
48 48 48 48 48 48 48 67 67 67 67 67 67 67 67 67 67 67 67 67 31 31 31 31 31 -9999 41 -9999 -9999 -9999 -9999 -9999 -9999 -9999 -9999 -9999 -9999 -9999 -9999 -9999 -9999 -9999 -9999 -9999 -9999 -9999 -9999 -9999 -9999 -9999 -9999 -9999 -9999 -9999 -9999 -9999 -9999 -9999 -9999 -9999 -9999 -9999 -9999 -9999 103 103 48 48 48 48 48 48 48 48 48 48 48 48 -9999 -9999 -9999 -9999 -9999 -9999 -9999 -9999 -9999 -9999 -9999 -9999 -9999
48 48 48 48 48 48 48 48 48 48 48 67 67 67 67 67 67 67 67 67 31 31 31 31 31 51 51 41 -9999 -9999 -9999 -9999 -9999 -9999 -9999 -9999 -9999 -9999 -9999 -9999 -9999 -9999 -9999 -9999 -9999 -9999 -9999 -9999 -9999 -9999 -9999 -9999 -9999 -9999 -9999 -9999 -9999 -9999 -9999 -9999 -9999 -9999 -9999 -9999 48 48 48 48 48 48 48 48 48 48 48 48 48 48 -9999 -9999 -9999 -9999 -9999 -9999 -9999 -9999 -9999 -9999 -9999 -9999 -9999
48 48 48 48 48 48 48 48 48 48 48 48 67 67 67 67 67 67 67 67 31 31 31 31 31 51 51 -9999 41 41 -9999 -9999 -9999 -9999 -9999 -9999 -9999 -9999 -9999 -9999 -9999 -9999 -9999 -9999 -9999 -9999 -9999 -9999 -9999 -9999 -9999 -9999 -9999 -9999 -9999 -9999 -9999 103 103 103 103 -9999 -9999 103 48 48 48 48 48 48 48 48 48 48 48 48 48 48 -9999 -9999 -9999 -9999 -9999 -9999 -9999 -9999 -9999 -9999 -9999 -9999 -9999
48 48 48 48 48 48 48 48 48 48 48 48 48 67 67 67 67 67 67 67 31 31 31 31 31 51 51 51 -9999 41 -9999 -9999 -9999 -9999 -9999 -9999 -9999 -9999 -9999 -9999 -9999 -9999 -9999 -9999 -9999 -9999 -9999 -9999 -9999 -9999 -9999 -9999 -9999 -9999 -9999 -9999 -9999 103 103 103 103 103 103 48 48 48 48 48 48 48 48 48 48 48 48 48 48 48 48 -9999 -9999 -9999 -9999 -9999 -9999 -9999 -9999 -9999 -9999 -9999 -9999
48 48 48 48 48 48 48 48 48 48 48 48 48 48 67 67 67 67 67 67 67 67 31 31 51 51 51 51 43 41 41 -9999 -9999 -9999 -9999 -9999 -9999 -9999 -9999 -9999 -9999 -9999 -9999 -9999 -9999 -9999 -9999 -9999 -9999 -9999 -9999 -9999 -9999 -9999 -9999 -9999 -9999 -9999 103 103 103 103 103 48 48 48 48 48 48 48 48 48 48 48 48 48 48 48 48 -9999 -9999 -9999 -9999 -9999 -9999 -9999 -9999 -9999 -9999 -9999 -9999
48 48 48 48 48 48 48 48 48 48 48 48 48 48 48 48 48 48 67 67 67 67 67 51 51 51 51 51 43 -9999 41 41 -9999 -9999 -9999 -9999 -9999 -9999 -9999 -9999 -9999 -9999 -9999 -9999 -9999 -9999 -9999 -9999 -9999 -9999 -9999 -9999 -9999 -9999 -9999 -9999 -9999 -9999 -9999 -9999 103 103 103 48 48 48 48 48 48 48 48 48 48 48 48 48 48 48 48 -9999 -9999 -9999 -9999 -9999 -9999 -9999 -9999 -9999 -9999 -9999 -9999
48 48 48 48 48 48 48 48 48 48 48 48 48 48 48 48 48 48 48 48 48 67 51 51 51 51 51 51 43 43 41 41 41 41 41 41 50 -9999 -9999 -9999 -9999 -9999 -9999 -9999 -9999 -9999 -9999 -9999 -9999 -9999 -9999 -9999 -9999 -9999 -9999 -9999 -9999 -9999 -9999 -9999 -9999 103 103 18 18 18 18 18 48 48 48 48 48 48 48 48 48 48 48 48 -9999 -9999 -9999 -9999 -9999 -9999 -9999 -9999 -9999 -9999 -9999
48 48 48 48 48 48 48 48 48 48 48 48 48 48 48 48 48 48 48 48 48 48 48 51 51 51 51 51 43 43 -9999 41 41 41 50 50 50 50 50 -9999 -9999 -9999 -9999 -9999 -9999 -9999 -9999 -9999 -9999 -9999 -9999 -9999 -9999 -9999 -9999 -9999 -9999 -9999 -9999 -9999 -9999 -9999 103 103 18 18 18 18 48 48 48 48 48 48 48 48 48 48 48 101 -9999 -9999 -9999 -9999 -9999 -9999 -9999 -9999 -9999 -9999 -9999
48 48 48 48 48 48 48 48 48 48 48 48 48 48 48 48 48 48 48 48 48 48 48 48 51 43 43 43 43 43 -9999 41 41 41 50 50 50 50 50 50 50 -9999 -9999 -9999 -9999 -9999 -9999 -9999 -9999 -9999 -9999 -9999 -9999 -9999 -9999 -9999 -9999 -9999 -9999 -9999 -9999 -9999 103 103 18 18 18 18 48 48 48 48 48 48 48 48 48 48 101 101 -9999 -9999 -9999 -9999 -9999 -9999 -9999 -9999 -9999 -9999 -9999
48 48 48 48 48 48 48 48 48 48 48 48 48 48 48 48 48 48 48 48 48 48 48 48 43 43 43 43 43 43 -9999 41 41 41 50 50 50 50 50 36 36 36 36 -9999 -9999 -9999 -9999 -9999 -9999 -9999 -9999 -9999 -9999 -9999 -9999 -9999 -9999 -9999 -9999 -9999 -9999 -9999 103 103 18 18 18 18 48 48 48 48 48 48 48 48 48 28 28 28 -9999 28 -9999 -9999 -9999 -9999 -9999 -9999 -9999 -9999 -9999
48 48 48 48 48 48 59 48 48 48 48 48 48 48 48 48 48 48 48 48 48 48 43 48 48 43 43 43 43 43 41 41 41 41 50 50 50 50 36 36 36 36 36 36 -9999 -9999 -9999 -9999 -9999 -9999 -9999 -9999 -9999 -9999 -9999 -9999 -9999 -9999 -9999 -9999 -9999 -9999 103 103 18 48 48 48 48 48 48 48 48 48 48 48 48 28 28 28 28 -9999 -9999 -9999 -9999 -9999 -9999 -9999 -9999 -9999 -9999
48 48 48 48 48 59 59 59 48 48 48 48 48 48 48 48 48 48 48 48 48 48 48 48 48 48 48 43 43 43 -9999 41 41 50 50 50 50 50 36 36 36 36 36 36 36 36 -9999 -9999 -9999 -9999 -9999 -9999 -9999 -9999 -9999 -9999 -9999 -9999 -9999 -9999 -9999 103 103 103 103 103 103 48 48 48 48 48 48 48 48 48 48 28 28 28 28 -9999 -9999 -9999 -9999 -9999 -9999 -9999 -9999 -9999 -9999
48 48 48 48 59 59 59 59 59 59 48 -9999 -9999 48 48 48 48 48 48 48 48 48 48 48 48 48 48 48 48 48 -9999 50 50 50 50 50 36 36 36 36 36 36 36 36 36 36 61 61 -9999 -9999 -9999 -9999 -9999 0 -9999 -9999 -9999 -9999 -9999 -9999 103 103 103 103 103 103 103 103 103 48 48 48 48 48 48 48 28 28 28 28 28 28 -9999 -9999 -9999 -9999 -9999 -9999 -9999 -9999 -9999
48 48 59 59 59 59 59 59 44 44 48 44 44 48 48 48 48 48 48 48 48 48 48 48 48 48 48 48 48 48 -9999 50 50 50 50 36 36 36 36 36 36 36 36 36 36 61 61 61 61 -9999 -9999 -9999 -9999 0 0 -9999 -9999 -9999 103 103 103 103 103 103 103 103 103 103 103 48 48 48 48 48 48 48 48 28 28 28 28 28 28 28 -9999 -9999 -9999 -9999 -9999 -9999 -9999
48 48 59 59 59 27 27 27 44 44 44 44 44 48 48 48 48 48 48 48 48 48 48 48 48 48 48 48 48 48 -9999 36 36 36 36 36 36 36 36 36 36 36 36 36 36 61 61 61 61 61 61 0 -9999 -9999 0 -9999 -9999 103 103 103 103 103 103 103 103 103 103 103 103 48 48 48 48 48 48 48 18 18 28 28 28 28 28 28 28 28 28 28 28 -9999 -9999
48 48 48 59 27 27 27 27 44 44 44 44 44 48 48 48 44 48 48 48 48 48 48 48 48 48 48 48 48 48 -9999 36 36 36 36 36 36 36 36 36 36 36 36 36 61 61 61 61 61 61 61 61 61 -9999 0 -9999 103 103 103 103 103 103 103 103 103 103 103 103 48 48 48 48 48 48 48 18 18 18 28 28 28 28 28 28 28 28 28 28 -9999 -9999 -9999
48 48 48 27 27 27 27 31 44 44 44 31 44 44 44 44 44 44 38 38 48 48 48 48 48 0 48 38 38 38 36 36 36 36 36 36 36 36 36 36 36 36 36 36 61 61 61 61 61 61 61 61 61 -9999 33 33 103 103 103 103 103 103 103 103 103 103 103 103 48 48 48 48 48 48 28 28 28 28 28 28 28 28 28 28 28 28 53 53 -9999 -9999 -9999
48 48 48 27 27 27 27 31 44 44 31 31 44 44 44 44 44 44 44 38 48 48 48 0 0 0 38 38 38 -9999 54 36 36 36 36 36 36 36 36 36 36 36 36 61 61 61 61 61 61 61 61 61 61 -9999 -9999 -9999 103 103 103 103 103 103 103 103 103 103 103 103 48 48 48 48 48 28 28 28 28 28 28 28 28 28 28 28 28 53 53 53 -9999 -9999 -9999
48 27 27 27 27 27 27 31 31 31 31 31 31 31 31 44 44 44 44 44 48 48 0 0 0 0 38 -9999 54 54 54 54 54 36 36 36 36 36 36 36 36 36 61 61 61 61 61 61 61 61 61 61 61 -9999 -9999 -9999 33 103 103 103 103 103 103 103 103 103 103 103 48 48 48 48 48 -9999 -9999 28 28 28 28 28 28 28 28 8 28 28 53 53 53 -9999 -9999
27 27 27 27 27 27 27 27 31 31 31 31 31 31 31 44 44 44 44 44 44 38 38 38 38 38 -9999 54 54 54 54 54 54 54 36 36 36 36 36 36 36 47 47 61 61 61 61 61 61 61 61 61 61 -9999 -9999 -9999 -9999 33 103 103 103 103 103 -9999 -9999 -9999 -9999 -9999 -9999 -9999 -9999 -9999 -9999 -9999 -9999 -9999 28 28 28 28 -9999 28 3 5 28 28 28 53 53 2 -9999
27 27 27 27 27 27 27 27 31 31 31 31 31 31 31 31 44 44 44 44 44 44 38 38 38 38 54 54 54 54 54 54 54 54 54 54 54 54 54 54 47 47 47 47 61 61 61 61 61 61 61 61 -9999 -9999 -9999 -9999 -9999 -9999 -9999 33 33 103 -9999 -9999 -9999 -9999 -9999 -9999 -9999 -9999 -9999 -9999 -9999 -9999 -9999 -9999 28 28 28 -9999 -9999 -9999 -9999 -9999 -9999 5 28 2 2 2 2
