04_184A014/keskipituus.asc
ncols 186
nrows 177
xllcorner 610464
yllcorner 6870672
cellsize 16
nodata_value -9999
[rows 114 to 151 of 177, columns 0 to 85 of 186]
-9999 -9999 -9999 -9999 -9999 -9999 -9999 -9999 -9999 -9999 -9999 -9999 -9999 -9999 -9999 -9999 -9999 -9999 -9999 -9999 -9999 96 95 91 112 120 132 135 109 98 100 111 99 97 121 124 100 124 131 132 125 125 198 170 133 63 76 67 123 92 93 90 87 87 80 64 59 72 158 158 158 158 168 168 168 161 161 161 161 161 161 161 180 180 180 180 164 164 164 164 164 164 164 164 164 164
-9999 -9999 -9999 -9999 -9999 -9999 -9999 -9999 -9999 -9999 -9999 -9999 -9999 -9999 -9999 -9999 -9999 -9999 -9999 -9999 -9999 86 86 112 117 197 165 183 183 169 114 116 100 99 125 121 107 122 127 129 132 199 170 164 67 70 61 66 90 117 95 91 70 80 66 65 97 148 158 158 158 168 168 168 168 -9999 161 161 161 161 161 161 180 180 180 180 164 164 164 164 164 164 164 164 164 164
-9999 -9999 -9999 -9999 -9999 -9999 -9999 -9999 -9999 -9999 -9999 -9999 -9999 -9999 -9999 -9999 -9999 -9999 -9999 -9999 123 108 107 253 227 163 224 253 199 172 209 141 107 126 121 123 136 128 119 119 118 139 142 67 94 71 73 92 92 87 85 76 76 67 79 82 150 158 158 158 158 168 168 168 -9999 158 -9999 -9999 161 161 161 161 180 180 180 180 180 164 164 164 164 164 164 164 164 164
-9999 -9999 -9999 -9999 -9999 -9999 -9999 -9999 -9999 -9999 -9999 -9999 -9999 -9999 -9999 -9999 -9999 -9999 -9999 -9999 135 180 254 261 168 126 184 176 209 173 162 200 212 114 139 142 121 135 151 124 125 98 98 70 79 93 94 98 75 76 75 74 65 66 84 83 115 158 158 158 158 168 168 168 158 158 158 158 -9999 161 161 161 180 180 180 180 180 180 180 164 164 164 164 164 164 164
-9999 -9999 -9999 -9999 -9999 -9999 -9999 -9999 -9999 -9999 -9999 -9999 -9999 -9999 -9999 -9999 -9999 -9999 -9999 -9999 182 189 220 203 137 106 105 116 134 160 216 166 181 190 121 152 128 119 142 144 114 98 98 121 116 93 92 107 90 59 59 59 63 59 69 125 158 158 158 158 158 168 168 168 158 158 158 158 158 158 -9999 161 180 180 180 180 180 180 180 180 164 164 164 164 164 164
-9999 -9999 -9999 -9999 -9999 -9999 -9999 -9999 -9999 -9999 -9999 -9999 -9999 -9999 -9999 -9999 -9999 -9999 -9999 -9999 192 221 227 198 78 54 144 132 170 212 221 201 177 190 163 177 159 139 118 136 138 116 103 120 124 120 93 117 90 64 60 87 59 90 129 103 158 158 158 158 158 158 168 168 168 158 158 158 158 158 158 -9999 180 180 180 180 180 180 180 180 180 164 164 164 164 164
-9999 -9999 -9999 -9999 -9999 -9999 -9999 -9999 -9999 -9999 -9999 -9999 -9999 -9999 -9999 -9999 -9999 -9999 -9999 98 113 102 252 149 113 -9999 155 206 219 205 219 202 230 213 196 214 214 171 133 144 120 106 151 120 123 94 90 90 84 68 66 82 107 122 109 114 158 158 199 199 158 168 168 168 168 158 158 158 158 158 158 158 158 -9999 180 180 180 180 180 180 180 151 164 164 164 164
-9999 -9999 -9999 -9999 -9999 -9999 -9999 -9999 -9999 -9999 -9999 -9999 -9999 -9999 -9999 -9999 -9999 -9999 -9999 98 125 240 206 180 109 -9999 -9999 192 203 203 235 229 224 186 228 209 231 200 211 177 152 148 109 140 112 87 96 94 85 95 102 143 111 137 117 158 158 158 199 199 174 174 168 168 168 168 158 158 158 158 158 158 158 158 -9999 -9999 180 180 180 180 197 151 151 151 151 151
-9999 -9999 -9999 -9999 -9999 -9999 -9999 -9999 -9999 -9999 -9999 -9999 -9999 -9999 -9999 -9999 -9999 -9999 103 115 196 263 221 182 143 154 146 174 241 227 229 226 198 180 245 183 207 200 195 213 261 140 120 133 103 65 90 82 82 89 157 115 145 158 158 158 158 158 199 199 199 174 168 168 168 168 158 158 158 158 158 158 158 158 158 158 -9999 180 197 197 197 197 197 197 197 151
-9999 -9999 -9999 -9999 -9999 -9999 -9999 -9999 -9999 -9999 -9999 -9999 -9999 -9999 -9999 -9999 -9999 -9999 98 121 197 232 199 189 131 -9999 143 217 233 171 179 199 186 162 184 163 170 184 196 177 188 207 153 130 153 113 115 88 104 157 132 -9999 158 158 158 158 158 158 158 199 199 199 174 168 168 168 168 168 158 158 171 171 158 158 158 158 158 158 -9999 197 197 197 197 197 197 197
-9999 -9999 -9999 -9999 -9999 -9999 -9999 -9999 -9999 -9999 -9999 -9999 -9999 -9999 -9999 -9999 -9999 124 124 124 108 186 158 163 113 -9999 145 227 220 186 157 188 162 168 170 160 159 167 151 134 163 181 140 138 98 119 99 139 141 61 61 61 158 158 158 158 158 158 158 199 199 199 199 199 174 174 168 174 174 171 171 171 158 158 158 158 158 158 158 -9999 197 197 197 197 197 197
-9999 -9999 -9999 -9999 -9999 -9999 -9999 -9999 -9999 -9999 -9999 -9999 -9999 -9999 -9999 -9999 97 101 121 123 110 117 136 166 119 -9999 128 248 221 187 182 180 159 148 177 111 115 107 152 163 165 170 166 135 157 125 116 146 61 61 61 61 158 158 158 158 158 158 158 158 158 199 199 199 199 174 199 199 199 171 171 171 158 158 158 158 158 158 158 158 158 -9999 197 197 197 197
-9999 -9999 -9999 -9999 -9999 -9999 -9999 -9999 -9999 -9999 -9999 -9999 -9999 -9999 -9999 95 97 106 104 141 143 133 116 114 122 -9999 152 157 148 159 175 146 188 118 110 97 91 107 124 138 149 151 152 125 134 115 131 131 61 61 61 61 61 61 158 158 158 158 158 158 158 158 199 199 199 199 199 199 199 171 171 171 171 171 171 158 158 158 158 158 158 158 -9999 -9999 197 197
-9999 -9999 -9999 -9999 -9999 -9999 -9999 -9999 -9999 -9999 -9999 -9999 -9999 -9999 110 105 95 108 121 127 143 127 124 126 128 -9999 128 184 140 115 108 107 87 87 82 74 114 139 134 141 149 149 148 162 131 131 131 131 61 61 61 61 61 61 61 158 158 158 158 158 158 158 199 199 199 199 199 199 199 171 171 171 171 171 171 158 158 158 158 158 158 158 158 158 -9999 197
-9999 -9999 -9999 -9999 -9999 -9999 -9999 -9999 -9999 -9999 -9999 -9999 -9999 -9999 121 113 115 129 124 139 126 148 123 126 131 115 130 129 112 80 85 75 73 89 84 111 114 153 160 127 126 145 131 131 131 131 131 131 61 61 61 61 61 61 61 61 158 158 158 158 158 158 158 199 199 199 199 199 171 171 171 171 171 171 159 159 158 158 158 158 158 158 158 158 158 158
-9999 -9999 -9999 -9999 -9999 -9999 -9999 -9999 -9999 -9999 -9999 -9999 -9999 145 144 113 122 122 147 123 124 135 123 140 139 146 117 131 135 144 74 74 76 77 90 114 125 148 145 126 120 131 131 131 131 131 131 131 131 131 131 61 61 61 61 61 61 61 158 158 158 158 199 199 199 199 199 199 171 171 171 171 159 159 159 159 158 158 158 158 158 158 158 158 158 158
-9999 -9999 -9999 -9999 -9999 -9999 -9999 -9999 -9999 -9999 -9999 -9999 117 126 131 147 140 141 140 124 128 147 150 147 140 -9999 112 159 132 139 116 55 77 73 117 113 94 151 141 129 121 131 131 131 131 131 131 131 131 131 131 131 131 61 61 61 61 61 61 158 158 158 199 199 199 199 199 171 171 171 171 171 159 159 159 159 158 158 158 158 158 158 158 158 158 158
-9999 -9999 -9999 -9999 -9999 -9999 -9999 -9999 -9999 -9999 -9999 136 125 125 123 127 122 123 123 125 125 133 130 149 -9999 123 117 131 159 149 144 93 116 123 122 121 98 133 103 130 131 131 131 131 131 131 131 131 131 131 131 131 131 131 61 61 61 61 61 61 158 158 199 199 199 199 171 171 171 171 171 171 159 159 159 159 159 158 158 158 158 166 166 166 158 158
-9999 -9999 -9999 -9999 -9999 -9999 -9999 -9999 -9999 -9999 111 124 111 103 115 121 122 144 140 143 127 112 114 -9999 85 117 162 135 134 122 153 137 136 142 134 136 135 133 113 142 131 131 131 131 131 131 131 131 131 131 131 131 131 131 131 61 61 61 61 61 61 61 199 199 199 199 171 171 171 171 171 171 159 159 159 159 166 166 166 166 166 166 166 166 166 170
-9999 -9999 -9999 -9999 -9999 -9999 -9999 -9999 -9999 102 105 114 124 123 118 149 105 132 124 142 124 148 130 -9999 142 241 133 148 118 133 145 149 145 132 140 159 136 100 165 197 131 131 131 131 131 131 131 131 131 131 131 131 131 131 131 131 131 131 131 131 61 61 61 199 199 199 171 171 171 171 171 0 159 159 159 159 159 166 166 166 166 166 166 166 170 170
-9999 -9999 -9999 -9999 -9999 -9999 -9999 -9999 117 103 109 101 104 121 123 148 150 131 123 125 167 143 111 148 141 219 109 139 147 147 171 196 184 165 112 100 120 129 171 187 131 131 131 131 131 131 131 131 131 131 131 131 131 131 131 131 131 131 131 131 131 131 61 199 199 199 171 171 171 171 0 0 159 159 159 159 159 166 166 166 166 166 166 166 170 170
-9999 -9999 -9999 -9999 -9999 -9999 -9999 -9999 99 113 109 113 111 126 124 124 139 123 122 149 127 135 119 151 145 145 160 185 160 145 127 126 124 123 154 164 166 166 191 207 210 159 176 131 131 131 131 131 131 131 131 131 131 131 131 131 131 131 131 131 131 131 199 199 199 199 199 199 171 171 171 0 0 0 0 215 166 166 166 166 166 166 166 170 170 170
-9999 -9999 -9999 -9999 -9999 -9999 -9999 245 126 122 113 116 113 138 123 122 139 146 139 142 150 118 153 128 124 200 179 135 153 129 130 154 152 132 133 170 162 243 248 210 231 159 196 203 204 131 131 131 131 131 131 131 131 131 131 131 131 131 131 131 131 131 131 199 199 199 199 199 171 171 171 0 0 0 0 0 166 166 166 166 166 166 166 170 170 170
-9999 -9999 -9999 -9999 -9999 -9999 177 190 147 127 97 127 134 126 122 124 141 142 143 151 126 158 142 147 138 199 181 165 183 143 153 128 151 139 150 149 146 264 210 229 259 252 163 197 190 196 142 131 131 131 131 131 131 131 131 131 131 131 131 131 131 131 131 150 150 150 150 171 171 171 171 0 0 0 0 0 166 166 166 166 166 166 166 170 170 170
-9999 -9999 -9999 -9999 -9999 222 191 221 248 153 142 148 122 121 149 148 140 124 134 158 172 152 126 150 117 131 184 195 199 150 161 137 165 162 138 138 152 154 137 238 238 220 175 184 192 134 144 124 125 125 131 131 131 131 131 131 131 131 131 131 131 131 131 131 150 150 150 171 171 171 171 0 0 0 0 0 166 166 166 166 166 166 166 170 170 170
-9999 -9999 -9999 -9999 -9999 209 248 251 239 216 233 246 152 132 149 142 126 131 137 142 124 146 106 149 112 133 157 126 182 138 161 123 150 152 133 133 143 163 149 134 150 220 189 187 184 235 134 149 151 138 161 126 131 131 131 131 131 131 131 131 131 131 131 131 150 150 150 150 171 171 171 171 0 0 0 166 166 166 166 166 166 170 170 170 170 0
-9999 -9999 -9999 -9999 -9999 271 265 247 246 217 216 247 228 237 158 151 151 158 152 157 124 145 152 -9999 141 149 147 128 140 120 141 125 145 121 127 141 157 135 162 122 125 150 230 230 224 220 132 149 142 158 158 166 135 124 131 131 131 131 131 131 131 131 131 131 131 150 150 150 150 150 171 171 171 166 166 166 166 166 166 166 166 170 170 170 170 0
-9999 -9999 -9999 -9999 262 270 258 151 205 221 230 231 215 258 152 162 154 148 159 167 151 128 154 -9999 79 132 141 116 82 84 126 127 169 135 124 117 131 127 128 157 149 114 146 161 164 135 131 149 127 135 156 131 132 168 166 167 168 131 131 131 131 131 131 131 131 131 150 150 150 150 150 150 171 150 150 150 166 166 166 166 166 170 170 170 170 0
-9999 -9999 -9999 -9999 251 264 152 163 161 152 145 145 219 158 153 166 161 161 160 142 160 122 118 91 -9999 -9999 50 132 145 151 148 131 148 149 147 125 123 120 103 124 156 137 124 124 151 132 126 132 130 147 121 121 126 152 142 148 124 143 130 131 131 131 131 131 131 131 131 150 150 150 150 150 150 150 150 150 166 166 166 166 170 170 170 170 170 170
-9999 -9999 -9999 251 266 263 152 144 123 140 164 158 156 155 152 153 159 140 159 138 161 137 140 165 177 155 209 131 -9999 -9999 -9999 158 164 168 137 128 129 118 118 134 128 182 170 169 125 148 157 136 136 130 154 152 151 159 161 151 150 143 123 122 111 131 131 131 131 131 131 150 150 150 150 150 150 150 150 150 170 170 170 170 170 170 170 170 170 170
-9999 -9999 -9999 225 252 135 140 150 155 155 131 146 150 152 144 152 159 159 160 160 158 135 184 171 154 145 145 145 127 114 131 122 -9999 119 162 95 132 156 148 148 127 148 189 194 182 180 134 151 109 151 148 121 142 150 152 148 149 168 124 163 142 122 131 131 131 131 150 150 150 150 150 150 150 150 170 170 170 170 170 170 170 170 170 170 170 170
-9999 -9999 167 167 167 167 147 161 134 132 155 156 177 151 133 245 152 151 150 149 123 178 185 157 185 193 196 182 127 141 159 145 148 123 -9999 167 100 132 150 152 128 150 148 169 165 164 133 123 141 142 126 150 161 151 133 132 174 124 134 139 121 113 118 131 131 150 150 150 150 150 150 150 170 170 170 170 170 170 170 170 170 170 170 170 170 170
-9999 -9999 167 167 167 167 167 167 167 167 167 167 167 167 167 167 144 151 158 165 191 184 183 171 184 166 144 105 132 129 136 157 158 97 47 -9999 136 147 150 163 167 169 168 144 148 131 156 139 118 124 163 167 171 183 181 186 129 126 133 114 105 63 85 127 150 150 150 150 150 150 150 170 170 170 170 0 0 0 170 170 170 170 170 170 170 170
-9999 -9999 167 167 167 167 167 167 167 167 167 167 167 167 167 167 153 153 153 153 -9999 162 155 159 168 165 143 130 137 125 160 111 178 120 133 152 142 146 148 177 201 169 170 147 142 152 142 131 133 145 221 216 153 136 115 115 138 134 159 120 92 60 108 109 104 117 150 150 150 150 150 170 0 0 0 0 0 0 0 0 170 170 170 170 170 170
-9999 167 167 167 167 167 167 167 167 167 167 167 167 167 167 167 153 153 153 153 184 184 184 184 184 184 184 184 -9999 -9999 -9999 149 175 156 135 134 -9999 138 177 158 154 106 113 132 133 175 147 161 118 135 121 125 161 156 113 133 139 144 130 129 123 79 89 106 102 127 -9999 170 170 170 170 0 0 0 0 0 0 0 0 0 0 170 170 170 170 -9999
-9999 167 167 167 167 167 167 167 167 167 167 167 167 167 153 153 153 153 153 153 184 184 184 184 184 184 184 184 156 156 156 156 156 156 156 156 -9999 -9999 186 110 113 106 148 136 128 143 147 117 76 68 71 75 111 113 140 120 121 86 83 104 89 80 80 83 81 105 123 123 170 170 0 0 0 0 0 0 0 0 0 0 0 170 170 -9999 -9999 -9999
-9999 167 167 167 167 167 167 167 167 167 167 167 167 167 167 153 153 153 153 153 184 184 184 184 184 184 184 156 156 156 156 156 156 156 156 156 -9999 156 156 156 156 156 156 156 156 156 97 103 117 119 155 195 152 148 41 48 45 59 79 106 87 64 65 66 84 120 84 84 114 170 0 0 0 0 0 0 0 0 0 0 0 170 -9999 -9999 -9999 -9999
-9999 167 167 167 167 167 167 167 167 167 167 167 167 167 167 167 153 153 153 153 156 156 156 156 156 156 156 156 156 156 156 156 156 156 156 156 156 156 156 156 156 156 156 156 156 176 176 176 176 176 -9999 51 103 66 90 114 116 85 92 85 76 62 64 68 86 81 80 65 70 85 0 0 0 0 0 0 0 0 0 0 -9999 -9999 -9999 -9999 -9999 -9999
