04_184A014/keskipituus.asc
ncols 186
nrows 177
xllcorner 610464
yllcorner 6870672
cellsize 16
nodata_value -9999
[rows 76 to 113 of 177, columns 86 to 171 of 186]
176 176 176 201 201 185 185 185 185 185 134 134 134 116 116 -9999 -9999 -9999 -9999 -9999 -9999 -9999 -9999 -9999 -9999 -9999 -9999 -9999 -9999 -9999 -9999 -9999 -9999 -9999 -9999 -9999 -9999 -9999 -9999 -9999 -9999 -9999 -9999 -9999 -9999 -9999 -9999 -9999 -9999 -9999 -9999 -9999 -9999 -9999 -9999 -9999 -9999 -9999 -9999 -9999 -9999 -9999 -9999 -9999 -9999 -9999 -9999 -9999 -9999 -9999 -9999 -9999 -9999 -9999 -9999 -9999 -9999 53 53 53 53 51 51 -9999 -9999 -9999
201 176 176 201 201 185 185 185 185 185 134 134 178 178 116 116 -9999 -9999 -9999 -9999 -9999 -9999 -9999 -9999 -9999 -9999 -9999 -9999 -9999 -9999 -9999 -9999 -9999 -9999 -9999 -9999 -9999 -9999 -9999 -9999 -9999 -9999 -9999 -9999 -9999 -9999 -9999 -9999 -9999 -9999 -9999 -9999 -9999 -9999 -9999 -9999 -9999 -9999 -9999 -9999 -9999 -9999 -9999 -9999 -9999 -9999 -9999 -9999 -9999 -9999 -9999 -9999 -9999 -9999 -9999 -9999 -9999 53 53 53 53 53 51 -9999 -9999 -9999
155 201 201 201 201 185 185 185 185 134 134 134 178 178 116 178 178 178 178 -9999 -9999 -9999 -9999 -9999 -9999 -9999 -9999 -9999 -9999 -9999 -9999 -9999 -9999 -9999 -9999 -9999 -9999 -9999 -9999 -9999 -9999 -9999 -9999 -9999 -9999 -9999 -9999 -9999 -9999 -9999 -9999 -9999 -9999 -9999 -9999 -9999 -9999 -9999 -9999 -9999 -9999 -9999 -9999 -9999 -9999 -9999 -9999 -9999 -9999 -9999 -9999 -9999 -9999 -9999 -9999 -9999 53 53 53 53 -9999 -9999 -9999 -9999 -9999 -9999
155 155 155 155 201 185 185 185 134 134 134 134 178 178 178 178 178 178 -9999 -9999 -9999 -9999 -9999 -9999 -9999 -9999 -9999 -9999 -9999 -9999 -9999 -9999 -9999 -9999 -9999 -9999 -9999 -9999 -9999 -9999 -9999 -9999 -9999 -9999 -9999 -9999 -9999 -9999 -9999 -9999 -9999 -9999 -9999 -9999 -9999 -9999 -9999 -9999 -9999 -9999 -9999 -9999 -9999 -9999 -9999 -9999 -9999 -9999 -9999 -9999 -9999 -9999 -9999 -9999 -9999 -9999 53 53 53 51 -9999 -9999 -9999 -9999 -9999 -9999
155 155 155 155 155 134 134 134 134 134 134 134 134 134 178 178 178 178 -9999 -9999 -9999 -9999 -9999 -9999 -9999 -9999 -9999 -9999 -9999 -9999 -9999 -9999 -9999 -9999 -9999 -9999 -9999 -9999 -9999 -9999 -9999 -9999 -9999 -9999 -9999 -9999 -9999 -9999 -9999 199 199 199 -9999 -9999 -9999 -9999 -9999 -9999 -9999 -9999 -9999 -9999 -9999 -9999 -9999 -9999 -9999 -9999 -9999 -9999 -9999 -9999 -9999 -9999 -9999 53 53 51 51 51 51 -9999 -9999 -9999 -9999 -9999
155 155 155 155 155 155 134 134 155 155 155 155 134 134 178 178 178 178 -9999 -9999 -9999 -9999 -9999 -9999 -9999 -9999 -9999 -9999 -9999 -9999 -9999 -9999 -9999 -9999 -9999 -9999 -9999 -9999 -9999 -9999 -9999 -9999 107 160 -9999 -9999 -9999 -9999 -9999 199 199 199 -9999 -9999 -9999 -9999 -9999 -9999 -9999 -9999 -9999 -9999 -9999 -9999 -9999 -9999 -9999 -9999 -9999 -9999 -9999 -9999 -9999 -9999 -9999 -9999 51 51 51 51 51 51 -9999 -9999 -9999 -9999
155 155 155 155 155 155 134 134 155 155 155 155 178 178 178 178 178 178 0 -9999 -9999 -9999 -9999 -9999 -9999 -9999 -9999 -9999 -9999 -9999 -9999 -9999 -9999 -9999 -9999 -9999 -9999 -9999 -9999 -9999 -9999 -9999 249 243 -9999 -9999 -9999 -9999 199 199 199 199 199 -9999 -9999 -9999 -9999 -9999 -9999 -9999 -9999 -9999 -9999 -9999 -9999 -9999 -9999 -9999 -9999 -9999 -9999 -9999 -9999 -9999 -9999 -9999 51 51 51 51 51 51 -9999 -9999 -9999 -9999
155 155 155 155 155 155 155 155 155 155 155 155 155 178 178 178 178 178 0 -9999 -9999 -9999 -9999 -9999 -9999 -9999 -9999 -9999 -9999 -9999 -9999 -9999 -9999 -9999 -9999 -9999 -9999 -9999 -9999 -9999 -9999 -9999 -9999 -9999 -9999 -9999 -9999 -9999 -9999 199 199 199 199 199 -9999 -9999 -9999 -9999 -9999 199 199 199 199 199 199 199 -9999 -9999 -9999 -9999 -9999 -9999 -9999 -9999 -9999 -9999 157 51 51 51 51 51 51 -9999 -9999 -9999
155 155 155 155 155 155 155 155 155 155 155 155 155 178 178 178 178 178 0 0 -9999 -9999 -9999 -9999 -9999 -9999 -9999 -9999 -9999 -9999 -9999 -9999 -9999 -9999 -9999 -9999 -9999 -9999 -9999 -9999 -9999 -9999 -9999 -9999 -9999 -9999 -9999 -9999 -9999 -9999 199 199 199 199 199 -9999 199 -9999 -9999 -9999 -9999 -9999 199 199 199 199 199 199 -9999 -9999 -9999 -9999 -9999 0 157 157 157 157 113 113 51 51 51 -9999 -9999 -9999
155 155 155 155 155 155 155 155 155 155 155 155 155 155 178 179 178 178 0 0 -9999 -9999 -9999 -9999 -9999 -9999 -9999 -9999 -9999 -9999 -9999 -9999 -9999 -9999 -9999 -9999 -9999 -9999 -9999 -9999 -9999 -9999 -9999 -9999 -9999 -9999 -9999 -9999 -9999 -9999 -9999 199 199 199 199 199 199 132 132 132 132 132 132 199 199 199 199 199 0 64 46 0 0 157 157 157 113 113 113 113 113 113 51 -9999 -9999 -9999
155 155 155 155 155 155 155 155 155 155 155 155 155 155 179 179 178 178 178 0 0 -9999 -9999 -9999 -9999 -9999 -9999 -9999 -9999 -9999 -9999 -9999 -9999 -9999 -9999 -9999 -9999 -9999 -9999 -9999 -9999 -9999 -9999 -9999 -9999 -9999 -9999 -9999 -9999 -9999 -9999 199 199 199 199 199 199 132 132 132 132 132 132 132 199 199 199 199 199 199 157 157 157 113 113 113 113 113 113 113 113 113 113 113 -9999 -9999
155 155 155 155 155 155 155 155 155 155 155 155 155 155 179 179 179 179 179 179 0 -9999 -9999 -9999 -9999 -9999 -9999 -9999 -9999 -9999 -9999 -9999 -9999 -9999 -9999 -9999 -9999 -9999 -9999 -9999 -9999 -9999 -9999 -9999 -9999 -9999 -9999 -9999 -9999 -9999 -9999 199 199 199 199 199 199 132 132 132 132 132 132 132 132 132 199 199 199 199 199 199 199 113 113 113 113 113 113 113 113 113 113 113 -9999 -9999
155 155 155 155 155 155 155 155 155 155 155 155 155 155 155 179 179 179 179 179 179 0 -9999 -9999 -9999 -9999 -9999 -9999 -9999 -9999 -9999 -9999 -9999 -9999 -9999 -9999 -9999 -9999 -9999 -9999 -9999 -9999 -9999 -9999 -9999 -9999 -9999 -9999 -9999 -9999 -9999 -9999 199 199 199 199 132 132 132 132 132 132 132 132 132 132 132 199 199 199 199 199 199 199 199 113 113 113 113 113 113 113 113 113 -9999 -9999
155 155 155 155 155 155 155 155 155 155 155 155 155 155 155 179 179 179 179 179 179 179 0 -9999 -9999 -9999 -9999 -9999 -9999 -9999 -9999 -9999 -9999 -9999 -9999 -9999 -9999 -9999 -9999 -9999 -9999 -9999 -9999 -9999 -9999 -9999 -9999 -9999 -9999 -9999 -9999 -9999 -9999 -9999 -9999 183 183 183 183 132 132 132 132 132 132 132 132 132 199 199 199 199 199 199 199 199 199 171 113 113 113 113 113 113 -9999 -9999
155 155 155 155 155 155 155 155 155 155 155 155 155 155 155 179 179 179 179 179 179 179 179 -9999 -9999 -9999 -9999 -9999 -9999 -9999 -9999 -9999 -9999 -9999 -9999 -9999 -9999 -9999 -9999 -9999 -9999 -9999 -9999 -9999 -9999 -9999 -9999 -9999 -9999 -9999 -9999 -9999 -9999 -9999 -9999 -9999 -9999 -9999 183 132 132 132 132 132 132 132 132 132 132 199 199 199 199 199 199 199 199 171 171 171 113 113 113 -9999 -9999 -9999
155 155 155 155 155 155 155 155 155 155 155 155 155 155 155 141 179 179 179 179 179 179 179 0 -9999 -9999 -9999 -9999 -9999 -9999 -9999 -9999 -9999 -9999 -9999 -9999 -9999 -9999 -9999 -9999 -9999 -9999 -9999 -9999 -9999 -9999 -9999 -9999 -9999 -9999 -9999 -9999 -9999 -9999 -9999 -9999 -9999 -9999 -9999 -9999 183 183 132 132 183 132 132 132 132 199 199 199 199 199 199 199 199 171 171 171 171 113 -9999 -9999 -9999 -9999
155 155 155 155 155 155 155 155 155 155 155 155 155 155 155 141 179 179 179 179 179 179 179 0 -9999 -9999 -9999 -9999 -9999 -9999 -9999 -9999 -9999 -9999 -9999 -9999 -9999 -9999 -9999 -9999 -9999 -9999 -9999 -9999 -9999 -9999 -9999 -9999 -9999 -9999 -9999 -9999 -9999 -9999 -9999 -9999 -9999 -9999 -9999 -9999 -9999 -9999 -9999 183 183 183 132 132 183 183 199 199 199 199 199 199 199 171 171 171 171 -9999 -9999 -9999 -9999 -9999
155 155 155 155 155 155 155 155 155 155 155 -9999 155 155 141 141 141 141 179 179 179 179 179 179 0 -9999 -9999 -9999 -9999 -9999 -9999 -9999 -9999 -9999 -9999 -9999 -9999 -9999 -9999 -9999 -9999 -9999 -9999 -9999 -9999 -9999 -9999 -9999 -9999 -9999 -9999 -9999 -9999 -9999 -9999 -9999 -9999 -9999 -9999 -9999 -9999 -9999 -9999 -9999 -9999 183 183 183 183 183 199 199 199 199 199 199 199 171 171 171 -9999 -9999 -9999 -9999 -9999 -9999
155 155 155 155 155 155 155 155 155 155 208 208 208 155 208 141 141 141 141 141 179 179 179 179 -9999 0 -9999 -9999 -9999 -9999 -9999 -9999 -9999 -9999 -9999 -9999 -9999 -9999 -9999 -9999 -9999 -9999 -9999 -9999 -9999 -9999 -9999 -9999 -9999 -9999 -9999 -9999 -9999 -9999 -9999 -9999 -9999 -9999 -9999 -9999 -9999 -9999 -9999 -9999 -9999 -9999 -9999 -9999 183 183 183 183 -9999 171 171 171 171 171 171 171 -9999 -9999 -9999 -9999 -9999 -9999
155 155 155 155 155 164 164 208 208 208 208 208 208 208 208 208 208 141 141 141 179 179 179 179 127 127 -9999 -9999 -9999 -9999 -9999 -9999 -9999 -9999 -9999 -9999 -9999 -9999 -9999 -9999 -9999 -9999 -9999 -9999 -9999 -9999 -9999 -9999 -9999 -9999 -9999 -9999 -9999 -9999 -9999 -9999 -9999 -9999 -9999 -9999 -9999 -9999 -9999 -9999 -9999 -9999 -9999 -9999 183 183 183 183 88 88 88 171 171 171 171 171 171 -9999 -9999 -9999 -9999 -9999
164 164 164 164 164 164 208 208 208 208 208 208 208 208 208 208 208 208 208 179 179 179 179 179 127 -9999 196 222 -9999 -9999 -9999 -9999 -9999 -9999 -9999 -9999 -9999 -9999 -9999 -9999 -9999 -9999 -9999 -9999 -9999 -9999 -9999 -9999 -9999 -9999 -9999 -9999 -9999 -9999 -9999 -9999 -9999 -9999 -9999 -9999 -9999 -9999 -9999 -9999 -9999 -9999 -9999 -9999 183 183 88 88 88 88 88 88 88 88 171 88 88 -9999 -9999 -9999 -9999 -9999
164 164 164 164 164 164 208 208 208 208 208 208 208 208 208 208 208 208 208 208 179 179 179 127 185 -9999 -9999 148 -9999 -9999 -9999 -9999 -9999 -9999 -9999 -9999 -9999 -9999 -9999 -9999 -9999 -9999 -9999 -9999 -9999 -9999 -9999 -9999 -9999 -9999 -9999 -9999 -9999 -9999 -9999 -9999 -9999 -9999 -9999 -9999 -9999 -9999 -9999 -9999 -9999 -9999 -9999 -9999 88 88 88 88 88 88 88 88 88 -9999 88 88 88 88 -9999 -9999 -9999 -9999
164 164 164 164 164 164 208 208 208 208 208 208 208 208 208 208 208 208 208 208 208 208 208 127 127 158 -9999 148 -9999 -9999 -9999 -9999 -9999 -9999 -9999 -9999 -9999 -9999 -9999 -9999 -9999 -9999 -9999 -9999 -9999 -9999 -9999 -9999 -9999 -9999 -9999 -9999 -9999 -9999 -9999 -9999 -9999 -9999 -9999 -9999 -9999 -9999 -9999 -9999 -9999 -9999 -9999 -9999 88 88 88 88 88 88 88 128 128 128 128 128 128 128 -9999 -9999 -9999 -9999
164 164 164 164 164 164 208 208 208 208 208 208 208 208 208 208 208 208 208 208 208 208 208 208 127 127 -9999 148 -9999 -9999 -9999 -9999 -9999 -9999 -9999 -9999 -9999 -9999 -9999 -9999 -9999 -9999 -9999 -9999 -9999 -9999 -9999 -9999 -9999 -9999 -9999 -9999 -9999 -9999 -9999 -9999 -9999 -9999 -9999 -9999 -9999 -9999 -9999 -9999 -9999 -9999 -9999 -9999 -9999 88 88 88 88 88 128 128 128 128 128 128 128 128 -9999 -9999 -9999 -9999
164 164 164 164 164 164 164 164 164 208 208 208 208 208 208 208 208 208 208 208 208 208 208 208 208 127 127 -9999 148 148 -9999 -9999 -9999 -9999 -9999 -9999 -9999 -9999 -9999 -9999 -9999 -9999 -9999 -9999 -9999 -9999 -9999 -9999 -9999 -9999 -9999 -9999 145 13 7 -9999 -9999 -9999 -9999 -9999 -9999 -9999 -9999 -9999 -9999 -9999 -9999 -9999 -9999 88 88 88 88 128 128 128 128 128 128 128 128 128 128 -9999 -9999 -9999
164 164 164 164 164 164 164 164 164 164 208 208 208 208 208 208 208 208 208 208 208 208 208 208 208 127 127 127 -9999 -9999 148 148 -9999 -9999 -9999 -9999 -9999 -9999 -9999 -9999 -9999 -9999 -9999 -9999 -9999 -9999 -9999 -9999 -9999 -9999 -9999 -9999 -9999 -9999 -9999 -9999 -9999 -9999 -9999 -9999 -9999 -9999 -9999 -9999 -9999 -9999 -9999 -9999 -9999 179 179 179 128 128 128 128 128 128 128 128 128 128 128 -9999 -9999 -9999
164 164 164 164 164 164 164 164 164 164 164 164 208 208 208 208 208 208 208 208 208 208 208 208 208 127 127 127 127 127 -9999 148 -9999 -9999 -9999 -9999 -9999 -9999 -9999 -9999 -9999 -9999 -9999 -9999 -9999 -9999 -9999 -9999 -9999 -9999 -9999 -9999 -9999 -9999 -9999 -9999 -9999 -9999 -9999 -9999 -9999 -9999 -9999 -9999 -9999 -9999 -9999 -9999 -9999 179 179 128 128 128 128 128 128 128 128 128 128 128 128 -9999 -9999 -9999
164 164 164 164 164 164 164 164 164 164 164 164 164 164 164 164 208 208 208 208 208 208 208 208 208 127 127 127 127 127 179 179 148 -9999 -9999 -9999 -9999 -9999 -9999 -9999 -9999 -9999 -9999 -9999 -9999 -9999 -9999 -9999 -9999 -9999 -9999 -9999 -9999 -9999 -9999 -9999 -9999 -9999 -9999 -9999 -9999 -9999 -9999 -9999 -9999 -9999 -9999 -9999 -9999 128 128 128 128 128 128 128 128 128 128 128 128 128 128 -9999 -9999 -9999
164 164 164 164 164 164 164 164 164 164 164 164 164 164 164 164 164 208 208 208 208 208 208 208 208 127 127 127 127 127 179 179 -9999 148 148 -9999 -9999 -9999 -9999 -9999 -9999 -9999 -9999 -9999 -9999 -9999 -9999 -9999 -9999 -9999 -9999 -9999 -9999 -9999 -9999 -9999 -9999 -9999 -9999 -9999 -9999 -9999 179 179 179 179 -9999 -9999 179 128 128 128 128 128 128 128 128 128 128 128 128 128 128 -9999 -9999 -9999
164 164 164 164 164 164 164 164 164 164 164 164 164 164 164 164 164 164 208 208 208 208 208 208 208 127 127 127 127 127 179 179 179 -9999 148 -9999 -9999 -9999 -9999 -9999 -9999 -9999 -9999 -9999 -9999 -9999 -9999 -9999 -9999 -9999 -9999 -9999 -9999 -9999 -9999 -9999 -9999 -9999 -9999 -9999 -9999 -9999 179 179 179 179 179 179 128 128 128 128 128 128 128 128 128 128 128 128 128 128 128 128 -9999 -9999
164 164 164 164 164 164 164 164 164 164 164 164 164 164 164 164 164 164 164 208 208 208 208 208 208 208 208 127 127 179 179 179 179 149 148 148 -9999 -9999 -9999 -9999 -9999 -9999 -9999 -9999 -9999 -9999 -9999 -9999 -9999 -9999 -9999 -9999 -9999 -9999 -9999 -9999 -9999 -9999 -9999 -9999 -9999 -9999 -9999 179 179 179 179 179 128 128 128 128 128 128 128 128 128 128 128 128 128 128 128 128 -9999 -9999
164 164 164 164 164 164 164 164 164 164 164 164 164 164 164 164 164 164 164 164 164 164 164 208 208 208 208 208 179 179 179 179 179 149 -9999 148 148 -9999 -9999 -9999 -9999 -9999 -9999 -9999 -9999 -9999 -9999 -9999 -9999 -9999 -9999 -9999 -9999 -9999 -9999 -9999 -9999 -9999 -9999 -9999 -9999 -9999 -9999 -9999 -9999 179 179 179 128 128 128 128 128 128 128 128 128 128 128 128 128 128 128 128 -9999 -9999
164 164 164 164 164 164 164 164 164 164 164 164 164 164 164 164 164 164 164 164 164 164 164 164 164 164 208 179 179 179 179 179 179 149 149 148 148 148 148 148 148 165 -9999 -9999 -9999 -9999 -9999 -9999 -9999 -9999 -9999 -9999 -9999 -9999 -9999 -9999 -9999 -9999 -9999 -9999 -9999 -9999 -9999 -9999 -9999 -9999 179 179 39 39 39 39 39 128 128 128 128 128 128 128 128 128 128 128 128 -9999
164 164 164 164 164 164 164 164 164 164 164 164 164 164 164 164 164 164 164 164 164 164 164 164 164 164 164 164 179 179 179 179 179 149 149 -9999 148 148 148 165 165 165 165 165 -9999 -9999 -9999 -9999 -9999 -9999 -9999 -9999 -9999 -9999 -9999 -9999 -9999 -9999 -9999 -9999 -9999 -9999 -9999 -9999 -9999 -9999 -9999 128 128 39 39 39 39 128 128 128 128 128 128 128 128 128 128 128 201 -9999
164 164 164 164 164 164 164 164 164 164 164 164 164 164 164 164 164 164 164 164 164 164 164 164 164 164 164 164 164 179 149 149 149 149 149 -9999 148 148 148 165 165 165 165 165 165 165 -9999 -9999 -9999 -9999 -9999 -9999 -9999 -9999 -9999 -9999 -9999 -9999 -9999 -9999 -9999 -9999 -9999 -9999 -9999 -9999 -9999 128 128 39 39 39 39 128 128 128 128 128 128 128 128 128 128 201 201 -9999
164 164 164 164 164 164 164 164 164 164 164 164 164 164 164 164 164 164 164 164 164 164 164 164 164 164 164 164 164 149 149 149 149 149 149 -9999 148 148 148 165 165 165 165 165 132 132 132 132 -9999 -9999 -9999 -9999 -9999 -9999 -9999 -9999 -9999 -9999 -9999 -9999 -9999 -9999 -9999 -9999 -9999 -9999 -9999 128 128 39 39 39 39 128 128 128 128 128 128 128 128 128 137 137 137 -9999
164 164 164 164 164 164 164 164 164 164 164 196 164 164 164 164 164 164 164 164 164 164 164 164 164 164 164 149 164 164 149 149 149 149 149 148 148 148 148 165 165 165 165 132 132 132 132 132 132 -9999 -9999 -9999 -9999 -9999 -9999 -9999 -9999 -9999 -9999 -9999 -9999 -9999 -9999 -9999 -9999 -9999 -9999 128 128 39 128 128 128 128 128 128 128 128 128 128 128 128 137 137 137 137
164 164 164 164 164 164 164 164 164 164 196 196 196 164 164 164 164 164 164 164 164 164 164 164 164 164 164 164 164 164 164 164 149 149 149 -9999 148 148 165 165 165 165 165 132 132 132 132 132 132 132 132 -9999 -9999 -9999 -9999 -9999 -9999 -9999 -9999 -9999 -9999 -9999 -9999 -9999 -9999 -9999 179 179 179 179 179 179 128 128 128 128 128 128 128 128 128 128 137 137 137 137
