04_184A014/keskilapimitta.asc
ncols 186
nrows 177
xllcorner 610464
yllcorner 6870672
cellsize 16
nodata_value -9999
[rows 120 to 159 of 177, columns 0 to 91 of 186]
-9999 -9999 -9999 -9999 -9999 -9999 -9999 -9999 -9999 -9999 -9999 -9999 -9999 -9999 -9999 -9999 -9999 -9999 -9999 12 13 11 31 17 13 -9999 19 25 25 24 26 24 29 25 23 25 24 19 15 17 14 11 17 13 13 10 10 10 9 7 7 9 12 13 13 13 20 20 25 25 20 21 21 21 21 19 19 19 19 19 19 19 19 -9999 22 22 22 22 22 22 22 18 20 20 20 20 20 20 20 20 20 20
-9999 -9999 -9999 -9999 -9999 -9999 -9999 -9999 -9999 -9999 -9999 -9999 -9999 -9999 -9999 -9999 -9999 -9999 -9999 12 14 29 25 21 13 -9999 -9999 22 24 24 28 28 27 21 27 24 27 23 24 20 18 18 11 16 12 10 11 10 10 10 11 15 12 16 13 20 20 20 25 25 20 20 21 21 21 21 19 19 19 19 19 19 19 19 -9999 -9999 22 22 22 22 25 18 18 18 18 18 -9999 18 18 18 18 13
-9999 -9999 -9999 -9999 -9999 -9999 -9999 -9999 -9999 -9999 -9999 -9999 -9999 -9999 -9999 -9999 -9999 -9999 12 14 24 31 26 21 16 20 18 21 30 27 28 27 23 21 29 20 22 22 22 25 31 17 14 15 12 7 10 9 9 10 18 13 17 20 20 20 20 20 25 25 25 20 21 21 21 21 19 19 19 19 19 19 19 19 19 19 -9999 22 25 25 25 25 25 25 25 18 18 18 18 18 18 13
-9999 -9999 -9999 -9999 -9999 -9999 -9999 -9999 -9999 -9999 -9999 -9999 -9999 -9999 -9999 -9999 -9999 -9999 12 15 23 28 23 22 15 -9999 17 26 28 19 20 23 23 19 22 20 19 20 24 21 21 25 18 15 18 13 13 10 11 18 15 -9999 20 20 20 20 20 20 20 25 25 25 20 21 21 21 21 21 19 19 21 21 19 19 19 19 19 19 -9999 25 25 25 25 25 25 25 25 25 25 18 18 13
-9999 -9999 -9999 -9999 -9999 -9999 -9999 -9999 -9999 -9999 -9999 -9999 -9999 -9999 -9999 -9999 -9999 14 14 15 13 22 19 19 13 -9999 16 27 26 23 20 22 20 20 21 19 19 20 18 15 21 21 17 16 12 14 11 16 16 7 7 7 20 20 20 20 20 20 20 25 25 25 25 25 20 20 21 20 20 21 21 21 19 19 19 19 19 19 19 -9999 25 25 25 25 25 25 25 25 25 25 25 13
-9999 -9999 -9999 -9999 -9999 -9999 -9999 -9999 -9999 -9999 -9999 -9999 -9999 -9999 -9999 -9999 12 11 13 14 12 15 17 21 14 -9999 15 30 26 22 22 20 20 18 22 13 13 12 18 20 20 19 21 16 19 15 13 16 7 7 7 7 20 20 20 20 20 20 20 20 20 25 25 25 25 20 25 25 25 21 21 21 19 19 19 19 19 19 19 19 19 -9999 25 25 25 25 25 25 25 25 25 25
-9999 -9999 -9999 -9999 -9999 -9999 -9999 -9999 -9999 -9999 -9999 -9999 -9999 -9999 -9999 12 12 13 13 16 16 15 14 15 15 -9999 17 18 17 19 21 17 22 14 13 12 11 12 16 18 19 19 19 16 16 13 15 15 7 7 7 7 7 7 20 20 20 20 20 20 20 20 25 25 25 25 25 25 25 21 21 21 21 21 21 19 19 19 19 19 19 19 -9999 -9999 25 25 25 25 -9999 25 25 25
-9999 -9999 -9999 -9999 -9999 -9999 -9999 -9999 -9999 -9999 -9999 -9999 -9999 -9999 13 13 12 13 15 14 16 15 14 14 14 -9999 15 24 17 13 12 12 10 10 8 8 12 15 16 17 19 19 18 21 15 15 15 15 7 7 7 7 7 7 7 20 20 20 20 20 20 20 25 25 25 25 25 25 25 21 21 21 21 21 21 19 19 19 19 19 19 19 19 19 -9999 25 25 25 -9999 -9999 25 -9999
-9999 -9999 -9999 -9999 -9999 -9999 -9999 -9999 -9999 -9999 -9999 -9999 -9999 -9999 14 14 14 14 15 16 14 17 14 14 15 13 15 16 14 9 9 8 8 9 9 12 13 16 19 15 16 18 15 15 15 15 15 15 7 7 7 7 7 7 7 7 20 20 20 20 20 20 20 25 25 25 25 25 21 21 21 21 21 21 18 18 19 19 19 19 19 19 19 19 19 19 -9999 25 -9999 -9999 -9999 -9999
-9999 -9999 -9999 -9999 -9999 -9999 -9999 -9999 -9999 -9999 -9999 -9999 -9999 16 17 14 15 15 17 14 14 15 14 17 15 17 14 16 16 16 8 8 8 8 10 13 14 16 16 15 15 15 15 15 15 15 15 15 15 15 15 7 7 7 7 7 7 7 20 20 20 20 25 25 25 25 25 25 21 21 21 21 18 18 18 18 19 19 19 19 19 19 19 19 19 19 19 -9999 -9999 -9999 -9999 -9999
-9999 -9999 -9999 -9999 -9999 -9999 -9999 -9999 -9999 -9999 -9999 -9999 14 15 16 17 16 16 16 14 15 17 17 18 15 -9999 12 18 16 15 12 6 8 8 13 13 11 16 17 15 15 15 15 15 15 15 15 15 15 15 15 15 15 7 7 7 7 7 7 20 20 20 25 25 25 25 25 21 21 21 21 21 18 18 18 18 19 19 19 19 19 19 19 19 19 19 19 19 -9999 -9999 -9999 -9999
-9999 -9999 -9999 -9999 -9999 -9999 -9999 -9999 -9999 -9999 -9999 16 15 14 14 16 14 14 14 14 13 14 14 16 -9999 15 14 15 20 18 16 10 13 14 13 13 11 14 11 14 15 15 15 15 15 15 15 15 15 15 15 15 15 15 7 7 7 7 7 7 20 20 25 25 25 25 21 21 21 21 21 21 18 18 18 18 18 19 19 19 19 20 20 20 19 19 19 19 19 -9999 -9999 -9999
-9999 -9999 -9999 -9999 -9999 -9999 -9999 -9999 -9999 -9999 14 15 14 13 14 14 14 17 16 16 14 13 12 -9999 10 15 19 16 16 13 17 16 16 16 15 15 15 16 13 17 15 15 15 15 15 15 15 15 15 15 15 15 15 15 15 7 7 7 7 7 7 7 25 25 25 25 21 21 21 21 21 21 18 18 18 18 20 20 20 20 20 20 20 20 20 21 21 21 21 -9999 -9999 -9999
-9999 -9999 -9999 -9999 -9999 -9999 -9999 -9999 -9999 12 13 14 15 15 13 17 13 15 15 18 14 16 17 -9999 16 30 15 17 14 16 17 18 16 14 17 19 15 11 20 23 15 15 15 15 15 15 15 15 15 15 15 15 15 15 15 15 15 15 15 15 7 7 7 25 25 25 21 21 21 21 21 0 18 18 18 18 18 20 20 20 20 20 20 20 21 21 21 21 21 -9999 -9999 -9999
-9999 -9999 -9999 -9999 -9999 -9999 -9999 -9999 15 13 12 12 13 15 14 17 17 15 15 15 20 16 14 18 17 27 12 16 18 17 21 23 22 18 12 12 13 15 21 22 15 15 15 15 15 15 15 15 15 15 15 15 15 15 15 15 15 15 15 15 15 15 7 25 25 25 21 21 21 21 0 0 18 18 18 18 18 20 20 20 20 20 20 20 21 21 21 21 21 21 -9999 -9999
-9999 -9999 -9999 -9999 -9999 -9999 -9999 -9999 12 14 13 14 13 15 15 14 16 14 14 17 14 16 15 18 18 16 17 22 18 16 14 14 14 14 18 19 19 19 22 24 24 19 20 15 15 15 15 15 15 15 15 15 15 15 15 15 15 15 15 15 15 15 25 25 25 25 25 25 21 21 21 0 0 0 0 26 20 20 20 20 20 20 20 21 21 21 21 21 21 21 -9999 -9999
-9999 -9999 -9999 -9999 -9999 -9999 -9999 30 16 16 14 14 14 17 15 14 16 17 16 16 17 14 17 14 15 23 20 17 19 16 16 17 17 17 16 19 19 30 30 24 27 19 23 23 23 15 15 15 15 15 15 15 15 15 15 15 15 15 15 15 15 15 15 25 25 25 25 25 21 21 21 0 0 0 0 0 20 20 20 20 20 20 20 21 21 21 21 21 21 -9999 -9999 -9999
-9999 -9999 -9999 -9999 -9999 -9999 21 21 18 16 12 15 16 15 15 15 16 16 16 16 14 20 16 17 16 25 21 19 22 17 18 15 18 17 19 17 18 32 24 27 31 31 20 23 23 23 16 15 15 15 15 15 15 15 15 15 15 15 15 15 15 15 15 17 17 17 17 21 21 21 21 0 0 0 0 0 20 20 20 20 20 20 20 21 21 21 21 21 21 -9999 -9999 -9999
-9999 -9999 -9999 -9999 -9999 27 22 26 30 17 16 17 14 14 17 17 16 14 14 19 20 17 14 17 14 16 23 24 23 17 18 15 18 20 17 17 18 19 17 28 28 26 19 21 22 14 17 14 14 14 15 15 15 15 15 15 15 15 15 15 15 15 15 15 17 17 17 21 21 21 21 0 0 0 0 0 20 20 20 20 20 20 20 21 21 21 0 0 0 -9999 -9999 -9999
-9999 -9999 -9999 -9999 -9999 26 30 30 28 24 29 30 17 16 18 16 14 14 16 17 14 16 12 16 13 17 19 15 22 16 18 14 18 18 16 16 16 20 17 15 17 26 21 20 21 29 16 17 19 16 19 14 15 15 15 15 15 15 15 15 15 15 15 15 17 17 17 17 21 21 21 21 0 0 0 20 20 20 20 20 20 21 21 21 21 0 0 0 0 -9999 -9999 -9999
-9999 -9999 -9999 -9999 -9999 33 32 29 29 25 25 30 26 28 19 17 19 19 17 19 14 16 17 -9999 16 17 18 15 17 15 17 14 17 13 13 15 19 15 19 13 14 16 29 27 27 26 16 17 16 19 19 20 15 14 15 15 15 15 15 15 15 15 15 15 15 17 17 17 17 17 21 21 21 20 20 20 20 20 20 20 20 21 21 21 21 0 0 0 0 -9999 -9999 -9999
-9999 -9999 -9999 -9999 32 33 30 18 23 26 28 27 24 31 19 19 19 18 19 20 17 14 18 -9999 8 15 17 14 9 10 15 14 18 15 13 13 15 14 15 18 16 14 18 19 19 16 16 17 14 15 17 14 16 21 20 20 20 15 15 15 15 15 15 15 15 15 17 17 17 17 17 17 21 17 17 17 20 20 20 20 20 21 21 21 21 0 0 0 -9999 -9999 -9999 -9999
-9999 -9999 -9999 -9999 30 31 17 19 20 19 17 18 25 19 19 19 20 20 20 17 20 13 14 9 -9999 -9999 5 16 17 17 17 16 18 18 18 15 14 14 12 15 18 15 14 14 17 16 15 16 16 17 13 13 14 18 17 18 14 17 14 15 15 15 15 15 15 15 15 17 17 17 17 17 17 17 17 17 20 20 20 20 21 21 21 21 21 21 21 -9999 -9999 -9999 -9999 -9999
-9999 -9999 -9999 30 31 32 19 18 15 17 20 19 19 19 19 17 20 17 19 17 20 16 18 20 21 18 26 15 -9999 -9999 -9999 17 19 19 16 15 14 13 13 15 15 21 20 20 14 17 20 16 16 16 19 18 17 20 20 19 19 18 15 15 14 15 15 15 15 15 15 17 17 17 17 17 17 17 17 17 21 21 21 21 21 21 21 21 21 21 21 21 -9999 -9999 -9999 -9999
-9999 -9999 -9999 27 30 16 17 19 19 19 16 17 18 19 16 17 20 20 20 20 20 16 22 21 19 18 18 16 14 14 15 13 -9999 14 18 11 16 18 17 17 15 17 23 23 21 22 15 17 13 17 17 15 16 19 17 17 16 21 15 20 17 15 15 15 15 15 17 17 17 17 17 17 17 17 21 21 21 21 21 21 21 21 21 21 21 21 21 -9999 -9999 -9999 -9999 -9999
-9999 -9999 21 21 21 21 17 19 14 14 17 19 21 18 16 30 17 19 19 19 15 21 21 18 21 22 23 22 15 16 19 16 17 14 -9999 20 11 16 18 18 15 18 18 20 20 20 14 14 16 16 16 18 19 18 16 14 21 14 16 17 14 12 13 15 15 17 17 17 17 17 17 17 21 21 21 21 21 21 21 21 21 21 21 21 21 21 21 -9999 -9999 -9999 -9999 -9999
-9999 -9999 21 21 21 21 21 21 21 21 21 21 21 21 21 21 16 18 19 20 23 22 22 20 22 20 17 12 15 14 16 18 19 10 5 -9999 16 17 16 17 20 20 19 17 17 15 19 17 15 14 18 19 20 22 22 22 15 15 15 13 11 7 9 14 17 17 17 17 17 17 17 21 21 21 21 0 0 0 21 21 21 21 21 21 21 21 21 -9999 -9999 -9999 -9999 -9999
-9999 -9999 21 21 21 21 21 21 21 21 21 21 21 21 21 21 19 19 19 19 -9999 19 18 19 20 20 18 14 14 14 19 13 21 13 15 18 17 16 16 21 24 19 19 16 17 18 15 15 15 18 26 24 18 17 14 14 17 16 18 13 10 7 12 12 11 12 17 17 17 17 17 21 0 0 0 0 0 0 0 0 21 21 21 21 21 21 -9999 -9999 -9999 -9999 -9999 -9999
-9999 21 21 21 21 21 21 21 21 21 21 21 21 21 21 21 19 19 19 19 23 23 23 23 23 23 23 23 -9999 -9999 -9999 18 20 17 15 15 -9999 15 20 19 18 12 12 16 15 20 16 18 13 14 13 15 19 18 13 16 17 16 14 14 14 8 10 12 11 14 -9999 21 21 21 21 0 0 0 0 0 0 0 0 0 0 21 21 21 21 -9999 -9999 -9999 -9999 -9999 -9999 -9999
-9999 21 21 21 21 21 21 21 21 21 21 21 21 21 19 19 19 19 19 19 23 23 23 23 23 23 23 23 19 19 19 19 19 19 19 19 -9999 -9999 22 14 14 10 17 16 15 17 17 14 8 7 8 8 13 13 16 13 13 10 9 11 10 8 9 9 9 12 13 13 21 21 0 0 0 0 0 0 0 0 0 0 0 21 21 -9999 -9999 -9999 -9999 -9999 -9999 -9999 -9999 -9999
-9999 21 21 21 21 21 21 21 21 21 21 21 21 21 21 19 19 19 19 19 23 23 23 23 23 23 23 19 19 19 19 19 19 19 19 19 -9999 20 20 20 20 20 20 20 20 20 11 12 14 14 18 23 18 17 5 5 5 6 9 12 9 7 7 7 9 13 9 9 12 21 0 0 0 0 0 0 0 0 0 0 0 21 -9999 -9999 -9999 -9999 -9999 -9999 -9999 -9999 -9999 -9999
-9999 21 21 21 21 21 21 21 21 21 21 21 21 21 21 21 19 19 19 19 19 19 19 19 19 19 19 19 19 19 19 19 19 19 19 19 20 20 20 20 20 20 20 20 20 21 21 21 21 21 -9999 6 12 8 10 14 14 10 10 9 9 7 7 7 10 9 9 7 7 9 0 0 0 0 0 0 0 0 0 0 -9999 -9999 -9999 -9999 -9999 -9999 -9999 -9999 -9999 -9999 -9999 -9999
21 21 21 21 21 21 21 21 21 21 21 21 21 21 21 21 19 19 19 19 19 9 19 19 19 19 19 19 19 19 19 19 19 19 19 -9999 20 20 20 20 20 20 20 21 21 21 21 21 21 21 21 21 21 21 21 21 21 9 14 10 6 8 9 8 9 9 7 7 8 8 8 0 0 0 0 0 0 0 0 0 -9999 -9999 -9999 -9999 -9999 -9999 -9999 -9999 -9999 -9999 -9999 -9999
-9999 21 21 21 21 21 21 21 21 21 21 21 21 21 19 19 19 9 9 9 9 9 9 19 19 19 19 19 19 19 19 19 19 19 19 -9999 20 20 20 20 20 20 20 21 21 21 21 21 21 21 21 21 21 21 21 21 21 21 20 13 12 9 7 7 10 8 11 11 8 8 9 8 0 0 0 21 21 21 21 21 -9999 -9999 -9999 -9999 -9999 -9999 -9999 -9999 -9999 -9999 -9999 -9999
-9999 21 21 21 21 21 21 21 21 21 21 21 21 10 10 10 9 9 9 9 9 9 9 19 19 19 19 19 19 19 19 19 19 19 19 -9999 20 20 20 20 20 20 20 21 21 21 21 21 21 21 21 21 21 21 21 21 21 21 21 18 15 10 7 7 7 10 7 8 8 8 6 7 4 4 4 21 21 21 21 -9999 -9999 -9999 -9999 -9999 -9999 -9999 -9999 -9999 -9999 -9999 -9999 -9999
-9999 21 21 21 10 10 10 10 10 10 10 10 10 10 10 10 9 9 9 9 9 9 9 19 19 19 19 19 19 19 19 19 19 19 19 -9999 20 20 20 20 20 20 20 20 21 21 21 21 21 21 12 12 21 21 21 21 21 21 21 21 12 13 15 6 6 9 7 7 7 10 4 4 4 4 4 21 21 21 21 -9999 -9999 -9999 -9999 -9999 -9999 -9999 -9999 -9999 -9999 -9999 -9999 -9999
-9999 -9999 10 10 10 10 10 10 10 10 10 10 10 10 10 9 9 9 9 9 9 9 9 19 19 19 19 19 19 19 19 19 19 19 19 -9999 20 20 20 20 20 20 20 20 21 21 21 21 21 12 12 12 12 21 21 21 21 21 21 21 21 21 18 10 9 9 7 10 9 4 4 4 4 4 4 4 4 21 21 -9999 -9999 -9999 -9999 -9999 -9999 -9999 -9999 -9999 -9999 -9999 -9999 -9999
-9999 -9999 -9999 10 10 10 10 10 10 10 10 10 10 10 10 9 9 9 9 9 9 9 9 9 19 17 17 17 17 17 17 17 19 19 12 -9999 20 20 20 20 20 20 20 20 20 12 12 12 12 12 12 12 12 21 21 21 21 21 21 21 21 21 11 13 13 13 10 9 4 4 4 4 4 4 4 4 4 21 -9999 -9999 -9999 -9999 -9999 -9999 -9999 -9999 -9999 -9999 -9999 -9999 -9999 -9999
-9999 -9999 -9999 -9999 -9999 10 10 10 10 10 10 10 10 10 10 9 9 9 9 9 9 9 9 9 9 17 17 17 17 17 17 17 12 12 12 12 12 12 20 20 20 10 10 20 12 12 12 12 12 12 12 12 12 21 21 11 11 11 11 11 11 11 11 11 14 12 12 4 4 4 4 4 4 4 4 4 4 4 4 4 -9999 -9999 -9999 -9999 -9999 -9999 -9999 -9999 -9999 -9999 -9999 -9999
-9999 -9999 -9999 -9999 -9999 -9999 10 10 10 10 10 10 -9999 10 34 34 34 34 34 9 9 9 9 9 9 17 17 17 17 17 17 17 12 12 12 12 12 12 12 20 20 10 10 10 12 12 12 12 12 12 12 12 12 21 11 11 11 11 11 11 11 11 11 11 11 11 4 4 4 4 4 4 4 4 4 4 4 4 4 -9999 -9999 -9999 -9999 -9999 -9999 -9999 -9999 -9999 -9999 -9999 -9999 -9999
