04_184A014/keskipituus.asc
ncols 186
nrows 177
xllcorner 610464
yllcorner 6870672
cellsize 16
nodata_value -9999
[rows 76 to 113 of 177, columns 0 to 85 of 186]
-9999 -9999 -9999 -9999 -9999 -9999 -9999 -9999 -9999 -9999 -9999 -9999 -9999 -9999 -9999 -9999 -9999 -9999 -9999 -9999 -9999 -9999 -9999 -9999 -9999 -9999 -9999 -9999 -9999 -9999 -9999 -9999 140 143 143 160 122 115 144 160 131 133 140 144 144 144 144 144 144 144 144 144 144 176 176 176 176 176 176 155 155 155 155 155 155 155 155 176 176 176 155 155 155 155 155 155 155 155 155 155 155 155 155 155 201 201
-9999 -9999 -9999 -9999 -9999 -9999 -9999 -9999 -9999 -9999 -9999 -9999 -9999 -9999 -9999 -9999 -9999 -9999 -9999 -9999 -9999 -9999 -9999 -9999 -9999 -9999 -9999 -9999 -9999 -9999 -9999 -9999 132 135 152 158 150 107 142 163 114 136 118 144 144 144 144 144 144 144 144 144 144 144 155 155 155 155 155 155 155 155 155 155 155 155 155 155 155 155 155 155 155 155 155 155 155 155 155 155 155 155 155 155 155 201
-9999 -9999 -9999 -9999 -9999 -9999 -9999 -9999 -9999 -9999 -9999 -9999 -9999 -9999 -9999 -9999 -9999 -9999 -9999 -9999 -9999 -9999 -9999 -9999 -9999 -9999 -9999 -9999 -9999 -9999 -9999 146 146 150 151 176 139 146 159 162 158 131 131 144 144 144 144 144 144 144 144 144 144 144 155 155 155 155 155 155 155 155 155 155 155 155 155 155 155 155 155 155 155 155 155 155 155 155 155 155 155 155 155 155 155 155
-9999 -9999 -9999 -9999 -9999 -9999 -9999 -9999 -9999 -9999 -9999 -9999 -9999 -9999 -9999 -9999 -9999 -9999 -9999 -9999 -9999 -9999 -9999 -9999 -9999 -9999 -9999 -9999 -9999 -9999 140 159 129 145 143 134 138 146 133 161 154 125 158 117 144 144 144 144 144 144 144 144 144 144 155 155 155 155 155 155 155 155 155 155 155 155 155 155 155 155 155 155 155 155 155 155 155 155 155 155 155 155 155 155 155 155
-9999 -9999 -9999 -9999 -9999 -9999 -9999 -9999 -9999 -9999 -9999 -9999 -9999 -9999 -9999 -9999 -9999 -9999 -9999 -9999 -9999 -9999 -9999 -9999 -9999 -9999 -9999 -9999 -9999 -9999 147 132 126 138 135 130 161 133 160 153 126 119 166 115 144 144 144 144 144 144 144 -9999 144 144 155 155 155 155 155 155 155 155 155 155 155 155 155 155 155 155 155 155 155 155 155 155 155 155 155 155 155 155 155 155 155 155
-9999 -9999 -9999 -9999 -9999 -9999 -9999 -9999 -9999 -9999 -9999 -9999 -9999 -9999 -9999 -9999 -9999 -9999 -9999 -9999 -9999 -9999 -9999 -9999 -9999 -9999 -9999 -9999 -9999 -9999 141 134 127 126 135 139 147 137 134 106 146 146 125 111 127 144 144 144 144 144 144 199 144 199 155 155 155 155 155 155 155 155 155 155 155 155 155 155 155 155 155 155 155 155 155 155 155 155 155 155 155 155 155 155 155 155
-9999 -9999 -9999 -9999 -9999 -9999 -9999 -9999 -9999 -9999 -9999 -9999 -9999 -9999 -9999 -9999 -9999 -9999 -9999 -9999 -9999 -9999 -9999 -9999 -9999 -9999 -9999 -9999 -9999 -9999 122 127 128 136 139 135 148 154 148 120 129 140 154 123 145 144 144 144 144 144 199 199 199 199 199 199 199 155 155 155 155 155 155 155 155 155 155 155 155 155 155 155 155 155 155 155 155 155 155 155 155 155 155 155 155 155
-9999 -9999 -9999 -9999 -9999 -9999 -9999 -9999 -9999 -9999 -9999 -9999 -9999 -9999 -9999 -9999 -9999 -9999 -9999 -9999 -9999 -9999 -9999 -9999 -9999 -9999 -9999 -9999 -9999 122 124 115 121 121 122 137 141 148 162 126 136 172 159 153 130 169 144 144 144 199 199 199 199 199 199 199 199 199 199 155 155 155 155 155 155 155 155 155 155 155 155 155 155 155 155 155 155 155 155 155 155 155 155 155 155 155
-9999 -9999 -9999 -9999 -9999 -9999 -9999 -9999 -9999 -9999 -9999 -9999 -9999 -9999 -9999 -9999 -9999 -9999 -9999 -9999 -9999 -9999 -9999 -9999 -9999 -9999 -9999 120 122 119 122 119 130 133 117 134 150 165 148 148 126 157 158 145 169 169 169 169 37 199 199 199 199 199 199 199 199 199 199 155 155 155 155 155 155 155 155 155 155 155 155 155 155 155 155 155 155 155 155 155 155 155 155 155 155 155
-9999 -9999 -9999 -9999 -9999 -9999 -9999 -9999 -9999 -9999 -9999 -9999 -9999 -9999 -9999 -9999 -9999 -9999 -9999 -9999 -9999 -9999 -9999 -9999 -9999 -9999 105 117 128 108 121 137 144 145 133 138 174 171 157 164 149 134 157 145 169 169 169 169 37 199 199 199 199 199 199 37 37 37 199 199 155 155 155 155 155 155 155 155 155 155 155 155 155 155 155 155 155 155 155 155 155 155 155 155 155 155
-9999 -9999 -9999 -9999 -9999 -9999 -9999 -9999 -9999 -9999 -9999 -9999 -9999 -9999 -9999 -9999 -9999 -9999 -9999 -9999 -9999 -9999 -9999 -9999 -9999 110 90 105 128 109 104 135 142 152 141 146 149 148 148 162 163 162 149 180 169 169 169 169 37 37 199 199 199 199 37 37 37 37 199 199 199 155 25 155 155 155 155 155 155 155 155 155 155 155 155 155 155 155 155 155 155 155 155 155 155 155
-9999 -9999 -9999 -9999 -9999 -9999 -9999 -9999 -9999 -9999 -9999 -9999 -9999 -9999 -9999 -9999 -9999 -9999 -9999 -9999 -9999 -9999 152 159 122 109 99 105 124 109 129 127 138 133 152 162 149 143 135 148 163 154 164 199 169 169 169 169 37 37 37 37 37 37 37 37 37 37 37 219 219 -9999 -9999 25 25 155 155 155 155 155 155 155 155 155 155 155 155 155 155 155 155 155 155 155 155 155
-9999 -9999 -9999 -9999 -9999 -9999 -9999 -9999 -9999 -9999 -9999 -9999 -9999 -9999 -9999 -9999 -9999 -9999 -9999 -9999 -9999 -9999 111 116 108 119 103 131 117 134 135 149 146 131 149 150 155 156 148 162 163 153 131 171 169 169 169 169 37 37 37 37 37 37 37 37 37 37 37 219 219 219 -9999 25 25 25 155 155 155 155 155 155 155 155 155 155 155 155 155 155 155 155 155 155 155 155
-9999 -9999 -9999 -9999 -9999 -9999 -9999 -9999 -9999 -9999 -9999 -9999 -9999 -9999 -9999 -9999 -9999 -9999 -9999 -9999 -9999 -9999 140 105 108 118 108 129 108 136 134 146 148 147 147 154 151 152 149 161 145 139 131 124 169 169 169 169 169 37 37 37 37 37 37 37 37 37 219 219 219 219 219 219 -9999 25 25 25 155 155 155 155 155 155 155 155 155 155 155 155 155 155 155 155 155 155
-9999 -9999 -9999 -9999 -9999 -9999 -9999 -9999 -9999 -9999 -9999 -9999 -9999 -9999 -9999 -9999 -9999 -9999 -9999 -9999 -9999 102 120 121 110 110 116 111 128 132 126 160 145 148 159 156 152 161 144 144 144 147 146 -9999 169 169 169 169 177 177 177 177 177 37 37 37 37 37 219 219 219 219 219 219 219 -9999 25 25 25 155 155 155 155 155 155 155 155 155 155 155 155 155 155 155 155 155
-9999 -9999 -9999 -9999 -9999 -9999 -9999 -9999 -9999 -9999 -9999 -9999 -9999 -9999 -9999 -9999 -9999 -9999 -9999 -9999 -9999 129 115 106 104 119 111 105 139 139 132 133 138 151 176 165 157 152 147 147 146 161 163 142 169 169 169 169 177 177 177 177 177 177 177 37 37 37 219 219 219 219 219 219 219 219 -9999 25 25 25 155 155 155 155 155 155 155 155 155 155 155 155 155 155 155 155
-9999 -9999 -9999 -9999 -9999 -9999 -9999 -9999 -9999 -9999 -9999 -9999 -9999 -9999 -9999 -9999 -9999 -9999 -9999 -9999 -9999 104 88 105 109 117 121 134 144 160 160 133 141 142 147 134 148 161 146 158 153 156 150 164 163 169 146 169 169 146 146 177 177 177 177 177 177 177 177 177 219 219 219 219 219 219 219 -9999 25 25 25 25 25 155 155 155 155 155 155 155 155 155 155 155 155 155
-9999 -9999 -9999 -9999 -9999 -9999 -9999 -9999 -9999 -9999 -9999 -9999 -9999 -9999 -9999 -9999 -9999 -9999 -9999 -9999 -9999 116 111 128 127 128 141 141 132 128 132 144 137 125 135 141 130 155 154 157 158 160 161 166 162 145 146 146 146 146 146 146 146 146 177 177 177 177 177 177 219 219 219 219 219 219 219 219 -9999 25 25 25 25 25 155 155 155 155 155 155 155 155 155 155 155 155
-9999 -9999 -9999 -9999 -9999 -9999 -9999 -9999 -9999 -9999 -9999 -9999 -9999 -9999 -9999 -9999 -9999 -9999 -9999 -9999 -9999 143 127 115 134 138 142 157 158 148 151 145 128 128 126 135 134 155 155 152 153 149 152 153 162 152 157 146 146 146 146 146 146 146 146 177 177 177 177 177 219 219 219 219 219 219 219 219 219 -9999 25 25 25 25 25 155 155 155 155 155 155 155 155 155 155 155
-9999 -9999 -9999 -9999 -9999 -9999 -9999 -9999 -9999 -9999 -9999 -9999 -9999 -9999 -9999 -9999 -9999 -9999 -9999 -9999 -9999 143 119 121 132 133 130 144 146 147 159 132 135 119 129 127 141 147 154 152 151 149 153 159 156 146 118 146 146 146 146 146 146 146 146 146 146 219 219 219 219 219 219 219 219 219 219 219 219 219 -9999 25 25 25 25 25 164 164 155 155 155 155 155 155 155 155
-9999 -9999 -9999 -9999 -9999 -9999 -9999 -9999 -9999 -9999 -9999 -9999 -9999 -9999 -9999 -9999 -9999 -9999 -9999 -9999 -9999 121 135 132 139 140 142 137 144 158 131 144 126 120 119 128 131 146 153 137 153 155 156 159 162 131 116 135 146 146 146 146 146 146 146 146 146 219 219 219 219 219 219 219 219 219 219 219 219 219 -9999 25 25 25 164 164 164 164 155 155 155 155 155 155 155 155
-9999 -9999 -9999 -9999 -9999 -9999 -9999 -9999 -9999 -9999 -9999 -9999 -9999 -9999 -9999 -9999 -9999 -9999 -9999 -9999 -9999 119 135 141 135 142 134 137 154 152 126 136 117 118 115 137 133 156 149 143 135 140 154 144 157 154 132 131 135 146 146 146 146 146 146 146 146 219 219 219 219 219 219 219 219 219 219 219 219 219 219 25 25 164 164 164 164 164 164 164 155 155 155 155 155 164
-9999 -9999 -9999 -9999 -9999 -9999 -9999 -9999 -9999 -9999 -9999 -9999 -9999 -9999 -9999 -9999 -9999 -9999 -9999 -9999 -9999 120 142 121 134 137 145 138 145 152 140 114 109 109 120 140 148 148 125 148 144 148 135 153 144 162 151 133 133 146 146 146 146 146 146 146 146 146 219 219 219 219 219 219 219 219 219 219 219 219 219 25 25 164 164 164 164 164 164 164 164 155 164 164 164 164
-9999 -9999 -9999 -9999 -9999 -9999 -9999 -9999 -9999 -9999 -9999 -9999 -9999 -9999 -9999 -9999 -9999 -9999 -9999 -9999 -9999 120 145 142 137 145 147 139 129 133 142 101 113 120 117 115 131 121 159 161 131 150 159 156 152 150 143 132 110 111 146 146 146 146 146 146 146 146 219 219 219 219 219 219 219 219 219 219 219 219 219 -9999 164 164 164 164 164 164 164 164 164 164 164 164 164 164
-9999 -9999 -9999 -9999 -9999 -9999 -9999 -9999 -9999 -9999 -9999 -9999 -9999 -9999 -9999 -9999 -9999 -9999 -9999 -9999 -9999 129 146 132 140 138 134 130 128 134 123 104 100 121 114 130 101 106 159 162 162 152 143 144 160 140 121 130 118 86 118 146 146 146 146 146 146 146 146 219 219 219 219 219 219 219 219 219 219 219 219 -9999 164 164 164 164 164 164 164 164 164 164 164 164 164 164
-9999 -9999 -9999 -9999 -9999 -9999 -9999 -9999 -9999 -9999 -9999 -9999 -9999 -9999 -9999 -9999 -9999 -9999 -9999 -9999 116 146 131 128 134 138 170 170 144 106 112 119 119 150 133 128 106 112 139 141 147 147 142 143 160 149 149 147 122 106 152 133 146 146 146 146 146 146 146 146 219 219 219 219 219 219 219 219 219 219 219 -9999 164 164 164 164 164 164 164 164 164 164 164 164 164 164
-9999 -9999 -9999 -9999 -9999 -9999 -9999 -9999 -9999 -9999 -9999 -9999 -9999 -9999 -9999 -9999 -9999 -9999 -9999 -9999 139 146 137 140 118 150 173 194 176 112 155 134 145 133 127 100 128 138 143 139 122 121 133 149 161 144 184 184 124 148 153 128 146 146 146 146 146 146 146 146 146 219 219 219 219 219 219 219 219 219 -9999 164 164 164 164 164 164 164 164 164 164 164 164 164 164 164
-9999 -9999 -9999 -9999 -9999 -9999 -9999 -9999 -9999 -9999 -9999 -9999 -9999 -9999 -9999 -9999 -9999 -9999 -9999 -9999 -9999 144 142 141 242 223 223 205 141 166 146 129 111 100 103 109 137 140 140 153 122 122 134 125 143 149 125 121 119 142 150 153 118 146 146 146 146 146 146 146 146 146 219 219 219 219 219 219 219 -9999 180 164 164 164 164 164 164 164 164 164 164 164 164 164 164 164
-9999 -9999 -9999 -9999 -9999 -9999 -9999 -9999 -9999 -9999 -9999 -9999 -9999 -9999 -9999 -9999 -9999 -9999 -9999 -9999 143 132 116 109 253 237 231 225 132 127 128 155 136 125 129 138 136 133 153 138 129 130 135 123 125 124 123 120 138 138 144 192 135 125 146 146 146 146 146 146 146 146 219 219 219 219 219 219 -9999 180 164 164 164 164 164 164 164 164 164 164 164 164 164 164 164 164
-9999 -9999 -9999 -9999 -9999 -9999 -9999 -9999 -9999 -9999 -9999 -9999 -9999 -9999 -9999 -9999 -9999 -9999 -9999 -9999 141 132 133 142 127 120 178 181 122 123 127 144 119 130 134 139 108 108 152 133 121 129 131 121 121 121 121 126 127 157 153 132 132 129 146 146 146 146 146 146 146 146 146 219 219 219 219 180 180 180 180 164 164 164 164 164 164 164 164 164 164 164 164 164 164 164
-9999 -9999 -9999 -9999 -9999 -9999 -9999 -9999 -9999 -9999 -9999 -9999 -9999 -9999 -9999 -9999 -9999 -9999 -9999 -9999 -9999 142 113 138 115 129 104 133 124 116 135 141 136 118 128 130 107 108 138 136 119 104 118 118 131 143 158 145 159 177 162 135 136 140 135 146 146 146 146 146 146 146 146 169 169 169 -9999 180 180 180 180 164 164 164 164 164 164 164 164 164 164 164 164 164 164 164
-9999 -9999 -9999 -9999 -9999 -9999 -9999 -9999 -9999 -9999 -9999 -9999 -9999 -9999 -9999 -9999 -9999 -9999 -9999 -9999 -9999 105 116 117 114 118 113 144 145 138 135 141 151 135 129 154 125 120 148 127 129 95 157 159 145 132 135 134 148 142 128 152 177 151 145 128 146 146 146 146 146 146 146 169 169 169 180 180 180 180 164 164 164 164 164 164 164 164 164 164 164 164 164 164 164 164
-9999 -9999 -9999 -9999 -9999 -9999 -9999 -9999 -9999 -9999 -9999 -9999 -9999 -9999 -9999 -9999 -9999 -9999 -9999 -9999 -9999 116 115 125 119 116 114 118 145 153 152 146 107 168 156 117 124 124 129 125 135 145 160 125 120 124 135 141 135 135 155 134 162 151 157 137 140 146 146 169 169 169 169 169 169 -9999 180 180 180 164 164 164 164 164 164 164 164 164 164 164 164 164 164 164 164 164
-9999 -9999 -9999 -9999 -9999 -9999 -9999 -9999 -9999 -9999 -9999 -9999 -9999 -9999 -9999 -9999 -9999 -9999 -9999 -9999 -9999 -9999 118 115 121 128 143 143 122 140 144 127 134 139 136 105 115 124 126 141 152 131 120 124 124 124 130 127 139 160 150 149 155 146 127 119 118 169 169 169 169 169 169 169 169 -9999 180 180 180 164 164 164 164 164 164 164 164 164 164 164 164 164 164 164 164 164
-9999 -9999 -9999 -9999 -9999 -9999 -9999 -9999 -9999 -9999 -9999 -9999 -9999 -9999 -9999 -9999 -9999 -9999 -9999 -9999 -9999 -9999 112 125 116 116 96 97 119 132 132 142 133 118 100 117 129 116 124 120 148 103 124 134 131 118 133 133 150 139 139 138 122 140 150 120 111 117 169 169 169 169 169 169 169 180 180 180 180 164 164 164 180 180 180 164 164 164 164 164 164 164 164 164 164 164
-9999 -9999 -9999 -9999 -9999 -9999 -9999 -9999 -9999 -9999 -9999 -9999 -9999 -9999 -9999 -9999 -9999 -9999 -9999 -9999 -9999 -9999 118 126 103 118 115 116 124 113 122 140 111 113 118 120 87 109 122 100 121 127 125 123 121 149 139 144 144 141 134 127 140 118 146 123 95 92 118 169 169 169 169 169 169 180 180 180 180 164 164 180 180 180 180 180 164 164 164 164 164 164 164 164 164 164
-9999 -9999 -9999 -9999 -9999 -9999 -9999 -9999 -9999 -9999 -9999 -9999 -9999 -9999 -9999 -9999 -9999 -9999 -9999 -9999 -9999 -9999 -9999 110 98 96 107 114 114 96 121 105 104 81 119 125 110 110 129 127 124 132 174 148 165 149 134 134 137 138 144 146 149 148 121 126 68 72 140 158 158 169 169 169 -9999 180 180 180 180 180 180 180 180 180 180 180 164 164 164 164 164 164 164 164 164 164
-9999 -9999 -9999 -9999 -9999 -9999 -9999 -9999 -9999 -9999 -9999 -9999 -9999 -9999 -9999 -9999 -9999 -9999 -9999 -9999 -9999 -9999 96 97 85 102 106 118 114 106 98 117 99 99 121 126 87 109 149 127 155 170 129 160 150 149 112 111 97 85 76 91 117 122 134 92 59 68 158 158 158 158 168 169 -9999 161 161 161 180 161 161 161 180 180 180 180 164 164 164 164 164 164 164 164 164 164
