04_184A014/keskilapimitta.asc
ncols 186
nrows 177
xllcorner 610464
yllcorner 6870672
cellsize 16
nodata_value -9999
[rows 80 to 119 of 177, columns 0 to 91 of 186]
-9999 -9999 -9999 -9999 -9999 -9999 -9999 -9999 -9999 -9999 -9999 -9999 -9999 -9999 -9999 -9999 -9999 -9999 -9999 -9999 -9999 -9999 -9999 -9999 -9999 -9999 -9999 -9999 -9999 -9999 16 14 14 17 16 15 20 16 19 18 13 14 19 12 18 18 18 18 18 18 18 -9999 18 18 19 19 19 19 19 19 19 19 19 19 19 19 19 19 19 19 19 19 19 19 19 19 19 19 19 19 19 19 19 19 19 19 19 19 19 19 19 16
-9999 -9999 -9999 -9999 -9999 -9999 -9999 -9999 -9999 -9999 -9999 -9999 -9999 -9999 -9999 -9999 -9999 -9999 -9999 -9999 -9999 -9999 -9999 -9999 -9999 -9999 -9999 -9999 -9999 -9999 15 14 14 15 16 17 18 16 16 12 17 17 15 12 14 18 18 18 18 18 18 24 18 24 19 19 19 19 19 19 19 19 19 19 19 19 19 19 19 19 19 19 19 19 19 19 19 19 19 19 19 19 19 19 19 19 19 19 19 19 19 19
-9999 -9999 -9999 -9999 -9999 -9999 -9999 -9999 -9999 -9999 -9999 -9999 -9999 -9999 -9999 -9999 -9999 -9999 -9999 -9999 -9999 -9999 -9999 -9999 -9999 -9999 -9999 -9999 -9999 -9999 13 14 15 16 17 16 18 18 17 14 14 16 18 15 17 18 18 18 18 18 24 24 24 24 24 24 24 19 19 19 19 19 19 19 19 19 19 19 19 19 19 19 19 19 19 19 19 19 19 19 19 19 19 19 19 19 19 19 19 19 19 19
-9999 -9999 -9999 -9999 -9999 -9999 -9999 -9999 -9999 -9999 -9999 -9999 -9999 -9999 -9999 -9999 -9999 -9999 -9999 -9999 -9999 -9999 -9999 -9999 -9999 -9999 -9999 -9999 -9999 13 13 14 15 15 15 16 17 17 19 14 16 20 19 18 16 21 18 18 18 24 24 24 24 24 24 24 24 24 24 19 19 19 19 19 19 19 19 19 19 19 19 19 19 19 19 19 19 19 19 19 19 19 19 19 19 19 19 19 19 19 19 19
-9999 -9999 -9999 -9999 -9999 -9999 -9999 -9999 -9999 -9999 -9999 -9999 -9999 -9999 -9999 -9999 -9999 -9999 -9999 -9999 -9999 -9999 -9999 -9999 -9999 -9999 -9999 14 14 14 15 14 16 16 14 16 17 20 17 17 15 18 19 17 21 21 21 21 4 24 24 24 24 24 24 24 24 24 24 19 19 19 19 19 19 19 19 19 19 19 19 19 19 19 19 19 19 19 19 19 19 19 19 19 19 19 19 19 19 19 19 19
-9999 -9999 -9999 -9999 -9999 -9999 -9999 -9999 -9999 -9999 -9999 -9999 -9999 -9999 -9999 -9999 -9999 -9999 -9999 -9999 -9999 -9999 -9999 -9999 -9999 -9999 12 13 14 13 14 17 17 17 16 17 20 19 18 19 18 16 19 17 21 21 21 21 4 24 24 24 24 24 24 4 4 4 24 24 19 19 19 19 19 19 19 19 19 19 19 19 19 19 19 19 19 19 19 19 19 19 19 19 19 19 19 19 19 19 19 19
-9999 -9999 -9999 -9999 -9999 -9999 -9999 -9999 -9999 -9999 -9999 -9999 -9999 -9999 -9999 -9999 -9999 -9999 -9999 -9999 -9999 -9999 -9999 -9999 -9999 13 10 11 14 13 13 16 17 18 17 17 17 17 17 19 20 20 18 21 21 21 21 21 4 4 24 24 24 24 4 4 4 4 24 24 24 19 2 19 19 19 19 19 19 19 19 19 19 19 19 19 19 19 19 19 19 19 19 19 19 19 19 19 19 19 19 19
-9999 -9999 -9999 -9999 -9999 -9999 -9999 -9999 -9999 -9999 -9999 -9999 -9999 -9999 -9999 -9999 -9999 -9999 -9999 -9999 -9999 -9999 19 19 14 12 11 12 14 12 15 15 17 16 18 19 17 16 15 17 20 17 20 23 21 21 21 21 4 4 4 4 4 4 4 4 4 4 4 28 28 -9999 -9999 2 2 19 19 19 19 19 19 19 19 19 19 19 19 19 19 19 19 19 19 19 19 19 19 19 19 19 19 19
-9999 -9999 -9999 -9999 -9999 -9999 -9999 -9999 -9999 -9999 -9999 -9999 -9999 -9999 -9999 -9999 -9999 -9999 -9999 -9999 -9999 -9999 13 13 13 15 12 14 13 16 16 18 17 16 17 17 18 18 17 19 20 17 16 19 21 21 21 21 4 4 4 4 4 4 4 4 4 4 4 28 28 28 -9999 2 2 2 19 19 19 19 19 19 19 19 19 19 19 19 19 19 19 19 19 19 19 19 19 19 19 19 19 19
-9999 -9999 -9999 -9999 -9999 -9999 -9999 -9999 -9999 -9999 -9999 -9999 -9999 -9999 -9999 -9999 -9999 -9999 -9999 -9999 -9999 -9999 16 12 13 14 13 14 13 16 16 17 17 17 17 18 17 18 17 19 17 16 17 14 21 21 21 21 21 4 4 4 4 4 4 4 4 4 28 28 28 28 28 28 -9999 2 2 2 19 19 19 19 19 19 19 19 19 19 19 19 19 19 19 19 19 19 19 19 19 19 19 19
-9999 -9999 -9999 -9999 -9999 -9999 -9999 -9999 -9999 -9999 -9999 -9999 -9999 -9999 -9999 -9999 -9999 -9999 -9999 -9999 -9999 11 14 15 14 14 13 13 15 16 15 19 17 17 18 18 18 19 17 17 17 17 18 -9999 21 21 21 21 21 21 21 21 21 4 4 4 4 4 28 28 28 28 28 28 28 -9999 2 2 2 19 19 19 19 19 19 19 19 19 19 19 19 19 19 19 19 19 19 19 19 19 19 19
-9999 -9999 -9999 -9999 -9999 -9999 -9999 -9999 -9999 -9999 -9999 -9999 -9999 -9999 -9999 -9999 -9999 -9999 -9999 -9999 -9999 14 13 12 12 13 13 13 17 17 16 16 16 18 21 19 17 17 17 17 17 19 20 17 21 21 21 21 21 21 21 21 21 21 21 4 4 4 28 28 28 28 28 28 28 28 -9999 2 2 2 19 19 19 19 19 19 19 19 19 19 19 19 19 19 19 19 19 19 19 19 19 19
-9999 -9999 -9999 -9999 -9999 -9999 -9999 -9999 -9999 -9999 -9999 -9999 -9999 -9999 -9999 -9999 -9999 -9999 -9999 -9999 -9999 11 9 13 13 13 14 16 17 18 19 16 17 17 17 16 18 19 17 18 18 18 18 20 20 21 18 21 21 18 18 21 21 21 21 21 21 21 21 21 28 28 28 28 28 28 28 -9999 2 2 2 2 2 19 19 19 19 19 19 19 19 19 19 19 19 19 19 19 19 19 19 19
-9999 -9999 -9999 -9999 -9999 -9999 -9999 -9999 -9999 -9999 -9999 -9999 -9999 -9999 -9999 -9999 -9999 -9999 -9999 -9999 -9999 13 13 15 15 15 17 17 16 15 16 17 16 15 16 17 15 18 18 18 18 19 19 19 19 18 18 18 18 18 18 18 18 18 21 21 21 21 21 21 28 28 28 28 28 28 28 28 -9999 2 2 2 2 2 19 19 19 19 19 19 19 19 19 19 19 19 19 19 19 19 19 19
-9999 -9999 -9999 -9999 -9999 -9999 -9999 -9999 -9999 -9999 -9999 -9999 -9999 -9999 -9999 -9999 -9999 -9999 -9999 -9999 -9999 15 13 13 16 17 17 18 18 17 18 17 15 14 14 16 16 18 18 18 18 17 18 18 19 18 17 18 18 18 18 18 18 18 18 21 21 21 21 21 28 28 28 28 28 28 28 28 28 -9999 2 2 2 2 2 19 19 19 19 19 19 19 19 19 19 19 19 19 19 19 19 19
-9999 -9999 -9999 -9999 -9999 -9999 -9999 -9999 -9999 -9999 -9999 -9999 -9999 -9999 -9999 -9999 -9999 -9999 -9999 -9999 -9999 15 13 15 16 16 15 17 17 17 19 16 16 13 14 15 17 17 18 18 18 17 18 18 18 16 13 18 18 18 18 18 18 18 18 18 18 28 28 28 28 28 28 28 28 28 28 28 28 28 -9999 2 2 2 2 2 20 20 19 19 19 19 19 19 19 19 19 19 19 19 19 20
-9999 -9999 -9999 -9999 -9999 -9999 -9999 -9999 -9999 -9999 -9999 -9999 -9999 -9999 -9999 -9999 -9999 -9999 -9999 -9999 -9999 13 16 16 17 17 17 16 17 18 16 17 14 13 13 15 16 17 18 15 18 18 18 18 19 15 13 14 18 18 18 18 18 18 18 18 18 28 28 28 28 28 28 28 28 28 28 28 28 28 -9999 2 2 2 20 20 20 20 19 19 19 19 19 19 19 19 20 20 20 20 20 20
-9999 -9999 -9999 -9999 -9999 -9999 -9999 -9999 -9999 -9999 -9999 -9999 -9999 -9999 -9999 -9999 -9999 -9999 -9999 -9999 -9999 13 16 17 16 17 16 16 17 18 15 16 13 13 13 16 16 18 17 16 15 16 18 16 18 18 15 15 16 18 18 18 18 18 18 18 18 28 28 28 28 28 28 28 28 28 28 28 28 28 28 2 2 20 20 20 20 20 20 20 19 19 19 19 19 20 20 20 20 20 20 20
-9999 -9999 -9999 -9999 -9999 -9999 -9999 -9999 -9999 -9999 -9999 -9999 -9999 -9999 -9999 -9999 -9999 -9999 -9999 -9999 -9999 14 17 14 16 16 17 16 17 18 17 14 12 12 15 17 18 17 15 17 15 17 16 18 16 19 17 15 16 18 18 18 18 18 18 18 18 18 28 28 28 28 28 28 28 28 28 28 28 28 28 2 2 20 20 20 20 20 20 20 20 19 20 20 20 20 20 20 20 20 20 20
-9999 -9999 -9999 -9999 -9999 -9999 -9999 -9999 -9999 -9999 -9999 -9999 -9999 -9999 -9999 -9999 -9999 -9999 -9999 -9999 -9999 14 17 17 16 17 18 17 15 16 17 12 14 15 15 12 15 14 19 19 14 17 18 18 17 17 16 15 13 13 18 18 18 18 18 18 18 18 28 28 28 28 28 28 28 28 28 28 28 28 28 -9999 20 20 20 20 20 20 20 20 20 20 20 20 20 20 20 20 20 20 20 20
-9999 -9999 -9999 -9999 -9999 -9999 -9999 -9999 -9999 -9999 -9999 -9999 -9999 -9999 -9999 -9999 -9999 -9999 -9999 -9999 -9999 16 17 16 17 16 15 14 15 15 14 13 13 13 12 15 12 12 19 19 19 18 16 16 19 16 14 15 13 10 14 18 18 18 18 18 18 18 18 28 28 28 28 28 28 28 28 28 28 28 28 -9999 20 20 20 20 20 20 20 20 20 20 20 20 20 20 20 20 20 20 20 20
-9999 -9999 -9999 -9999 -9999 -9999 -9999 -9999 -9999 -9999 -9999 -9999 -9999 -9999 -9999 -9999 -9999 -9999 -9999 -9999 14 17 16 15 16 16 19 19 16 11 12 13 13 17 16 15 12 13 16 16 17 17 16 16 19 17 17 17 14 12 18 16 18 18 18 18 18 18 18 18 28 28 28 28 28 28 28 28 28 28 28 -9999 20 20 20 20 20 20 20 20 20 20 20 20 20 20 20 20 20 20 20 20
-9999 -9999 -9999 -9999 -9999 -9999 -9999 -9999 -9999 -9999 -9999 -9999 -9999 -9999 -9999 -9999 -9999 -9999 -9999 -9999 16 18 16 16 15 18 21 22 20 13 17 15 16 16 15 12 14 16 16 16 14 14 15 17 19 17 22 22 14 17 19 15 18 18 18 18 18 18 18 18 18 28 28 28 28 28 28 28 28 28 -9999 20 20 20 20 20 20 20 20 20 20 20 20 20 20 20 20 20 20 20 20 20
-9999 -9999 -9999 -9999 -9999 -9999 -9999 -9999 -9999 -9999 -9999 -9999 -9999 -9999 -9999 -9999 -9999 -9999 -9999 -9999 -9999 17 17 16 30 27 27 25 16 19 15 14 12 10 12 12 15 16 17 18 14 14 15 14 17 17 14 14 14 16 18 19 14 18 18 18 18 18 18 18 18 18 28 28 28 28 28 28 28 -9999 22 20 20 20 20 20 20 20 20 20 20 20 20 20 20 20 20 20 20 20 20 20
-9999 -9999 -9999 -9999 -9999 -9999 -9999 -9999 -9999 -9999 -9999 -9999 -9999 -9999 -9999 -9999 -9999 -9999 -9999 -9999 17 16 14 12 31 29 28 27 15 14 15 17 15 14 14 15 15 15 18 16 15 15 15 14 14 14 14 14 16 16 18 24 15 15 18 18 18 18 18 18 18 18 28 28 28 28 28 28 -9999 22 20 20 20 20 20 20 20 20 20 20 20 20 20 20 20 20 20 20 20 20 20 20
-9999 -9999 -9999 -9999 -9999 -9999 -9999 -9999 -9999 -9999 -9999 -9999 -9999 -9999 -9999 -9999 -9999 -9999 -9999 -9999 17 16 16 17 15 14 20 21 14 14 14 16 13 14 15 15 12 12 18 15 14 15 15 14 14 14 14 15 15 18 18 14 15 15 18 18 18 18 18 18 18 18 18 28 28 28 28 22 22 22 22 20 20 20 20 20 20 20 20 20 20 20 20 20 20 20 20 20 20 20 20 20
-9999 -9999 -9999 -9999 -9999 -9999 -9999 -9999 -9999 -9999 -9999 -9999 -9999 -9999 -9999 -9999 -9999 -9999 -9999 -9999 -9999 17 14 17 14 15 12 16 15 14 15 16 15 13 14 14 12 12 15 15 13 12 14 14 15 17 19 17 18 20 19 16 17 17 16 18 18 18 18 18 18 18 18 20 20 20 -9999 22 22 22 22 20 20 20 20 20 20 20 20 20 20 20 20 20 20 20 20 20 20 20 20 20
-9999 -9999 -9999 -9999 -9999 -9999 -9999 -9999 -9999 -9999 -9999 -9999 -9999 -9999 -9999 -9999 -9999 -9999 -9999 -9999 -9999 13 15 15 14 14 14 17 17 15 15 16 16 15 14 19 15 13 16 14 15 12 18 19 17 16 16 16 18 17 16 19 22 19 18 15 18 18 18 18 18 18 18 20 20 20 22 22 22 22 20 20 20 20 20 20 20 20 20 20 20 20 20 20 20 20 20 20 20 20 20 20
-9999 -9999 -9999 -9999 -9999 -9999 -9999 -9999 -9999 -9999 -9999 -9999 -9999 -9999 -9999 -9999 -9999 -9999 -9999 -9999 -9999 14 13 14 13 13 14 14 17 19 18 16 12 20 19 14 15 15 14 14 15 17 19 15 13 14 16 17 16 16 19 17 20 17 18 16 15 18 18 20 20 20 20 20 20 -9999 22 22 22 20 20 20 20 20 20 20 20 20 20 20 20 20 20 20 20 20 20 20 20 20 20 20
-9999 -9999 -9999 -9999 -9999 -9999 -9999 -9999 -9999 -9999 -9999 -9999 -9999 -9999 -9999 -9999 -9999 -9999 -9999 -9999 -9999 -9999 13 14 13 14 16 16 13 15 16 14 16 16 16 12 14 15 14 16 17 16 13 14 14 14 16 16 17 19 19 17 17 16 14 13 13 20 20 20 20 20 20 20 20 -9999 22 22 22 20 20 20 20 20 20 20 20 20 20 20 20 20 20 20 20 20 20 20 20 20 20 20
-9999 -9999 -9999 -9999 -9999 -9999 -9999 -9999 -9999 -9999 -9999 -9999 -9999 -9999 -9999 -9999 -9999 -9999 -9999 -9999 -9999 -9999 12 14 13 13 11 11 14 16 16 17 16 14 12 15 14 14 14 13 17 11 14 15 14 14 15 17 19 17 17 17 15 15 17 13 12 13 20 20 20 20 20 20 20 22 22 22 22 20 20 20 22 22 22 20 20 20 20 20 20 20 20 20 20 20 20 20 20 20 20 20
-9999 -9999 -9999 -9999 -9999 -9999 -9999 -9999 -9999 -9999 -9999 -9999 -9999 -9999 -9999 -9999 -9999 -9999 -9999 -9999 -9999 -9999 13 14 11 14 14 15 15 14 15 17 13 14 15 15 10 14 14 11 13 14 14 14 13 17 17 17 17 17 16 15 15 12 16 14 11 10 13 20 20 20 20 20 20 22 22 22 22 20 20 22 22 22 22 22 20 20 20 20 20 20 20 20 20 20 20 20 20 20 20 20
-9999 -9999 -9999 -9999 -9999 -9999 -9999 -9999 -9999 -9999 -9999 -9999 -9999 -9999 -9999 -9999 -9999 -9999 -9999 -9999 -9999 -9999 -9999 12 12 12 13 14 14 12 15 13 13 10 15 15 14 12 15 14 13 14 21 18 20 18 16 16 16 15 16 16 16 16 13 14 7 8 16 20 20 20 20 20 -9999 22 22 22 22 22 22 22 22 22 22 22 20 20 20 20 20 20 20 20 20 20 20 20 20 20 20 20
-9999 -9999 -9999 -9999 -9999 -9999 -9999 -9999 -9999 -9999 -9999 -9999 -9999 -9999 -9999 -9999 -9999 -9999 -9999 -9999 -9999 -9999 12 12 11 13 13 14 14 13 12 15 13 13 15 15 10 12 17 14 19 20 14 20 18 17 12 12 11 9 8 10 13 13 15 10 7 8 20 20 20 20 21 20 -9999 19 19 19 22 19 19 19 22 22 22 22 20 20 20 20 20 20 20 20 20 20 20 20 20 20 20 20
-9999 -9999 -9999 -9999 -9999 -9999 -9999 -9999 -9999 -9999 -9999 -9999 -9999 -9999 -9999 -9999 -9999 -9999 -9999 -9999 -9999 12 12 12 12 13 15 15 12 13 13 13 13 12 15 15 12 15 16 16 14 14 23 20 16 7 8 7 13 10 11 10 10 10 9 7 7 8 20 20 20 20 21 21 21 19 19 19 19 19 19 19 22 22 22 22 20 20 20 20 20 20 20 20 20 20 20 20 20 20 20 20
-9999 -9999 -9999 -9999 -9999 -9999 -9999 -9999 -9999 -9999 -9999 -9999 -9999 -9999 -9999 -9999 -9999 -9999 -9999 -9999 -9999 11 11 13 13 25 19 21 21 20 12 13 13 13 15 15 13 15 15 15 16 23 21 20 7 8 7 7 10 13 11 10 8 9 7 7 11 16 20 20 20 21 21 21 21 -9999 19 19 19 19 19 19 22 22 22 22 20 20 20 20 20 20 20 20 20 20 20 20 20 20 20 20
-9999 -9999 -9999 -9999 -9999 -9999 -9999 -9999 -9999 -9999 -9999 -9999 -9999 -9999 -9999 -9999 -9999 -9999 -9999 -9999 13 11 12 32 26 20 26 31 24 20 25 15 12 14 14 14 16 15 14 14 13 16 16 7 11 8 8 10 10 9 9 8 8 7 9 9 17 20 20 20 20 21 21 21 -9999 19 -9999 -9999 19 19 19 19 22 22 22 22 22 20 20 20 20 20 20 20 20 20 20 20 20 20 20 20
-9999 -9999 -9999 -9999 -9999 -9999 -9999 -9999 -9999 -9999 -9999 -9999 -9999 -9999 -9999 -9999 -9999 -9999 -9999 -9999 15 22 32 32 20 15 23 22 25 20 18 24 24 14 15 17 14 15 16 14 14 11 11 8 9 10 11 11 8 8 8 8 7 7 9 9 13 20 20 20 20 21 21 21 19 19 19 19 -9999 19 19 19 22 22 22 22 22 22 22 20 20 20 20 20 20 20 20 20 20 20 20 20
-9999 -9999 -9999 -9999 -9999 -9999 -9999 -9999 -9999 -9999 -9999 -9999 -9999 -9999 -9999 -9999 -9999 -9999 -9999 -9999 22 23 27 24 17 12 12 13 14 19 25 19 21 22 13 18 15 13 15 15 13 11 11 13 13 11 10 12 10 7 7 7 7 6 7 14 20 20 20 20 20 21 21 21 19 19 19 19 19 19 -9999 19 22 22 22 22 22 22 22 22 20 20 20 20 20 20 20 20 20 20 20 20
-9999 -9999 -9999 -9999 -9999 -9999 -9999 -9999 -9999 -9999 -9999 -9999 -9999 -9999 -9999 -9999 -9999 -9999 -9999 -9999 22 27 27 23 9 6 17 14 20 26 26 24 20 21 18 20 17 16 14 14 15 13 11 13 14 13 10 13 10 7 7 10 6 10 14 12 20 20 20 20 20 20 21 21 21 19 19 19 19 19 19 -9999 22 22 22 22 22 22 22 22 22 20 20 20 20 20 20 20 20 20 20 20
