04_184A014/kuusi.asc
ncols 186
nrows 177
xllcorner 610464
yllcorner 6870672
cellsize 16
nodata_value -9999
[rows 82 to 122 of 177, columns 92 to 183 of 186]
15 15 11 11 11 11 11 25 25 25 25 25 0 -9999 -9999 -9999 -9999 -9999 -9999 -9999 -9999 -9999 -9999 -9999 -9999 -9999 -9999 -9999 -9999 -9999 -9999 -9999 -9999 -9999 -9999 -9999 178 151 -9999 -9999 -9999 -9999 195 195 195 195 195 -9999 -9999 -9999 -9999 -9999 -9999 -9999 -9999 -9999 -9999 -9999 -9999 -9999 -9999 -9999 -9999 -9999 -9999 -9999 -9999 -9999 -9999 -9999 6 4 4 4 4 4 -9999 -9999 -9999 -9999 -9999 -9999 -9999 -9999 -9999 -9999 -9999 -9999 -9999 -9999 -9999 -9999
11 11 11 11 11 11 11 11 25 25 25 25 0 -9999 -9999 -9999 -9999 -9999 -9999 -9999 -9999 -9999 -9999 -9999 -9999 -9999 -9999 -9999 -9999 -9999 -9999 -9999 -9999 -9999 -9999 -9999 -9999 -9999 -9999 -9999 -9999 -9999 -9999 195 195 195 195 195 -9999 -9999 -9999 -9999 -9999 195 195 195 195 195 195 195 -9999 -9999 -9999 -9999 -9999 -9999 -9999 -9999 -9999 -9999 26 4 4 4 4 4 4 -9999 -9999 -9999 -9999 -9999 -9999 -9999 -9999 -9999 -9999 -9999 -9999 -9999 -9999 -9999
11 11 11 11 11 11 11 11 25 25 25 25 0 0 -9999 -9999 -9999 -9999 -9999 -9999 -9999 -9999 -9999 -9999 -9999 -9999 -9999 -9999 -9999 -9999 -9999 -9999 -9999 -9999 -9999 -9999 -9999 -9999 -9999 -9999 -9999 -9999 -9999 -9999 195 195 195 195 195 -9999 195 -9999 -9999 -9999 -9999 -9999 195 195 195 195 195 195 -9999 -9999 -9999 -9999 -9999 0 26 26 26 26 2 2 4 4 4 -9999 -9999 -9999 -9999 -9999 -9999 -9999 -9999 -9999 -9999 -9999 -9999 -9999 -9999 -9999
11 11 11 11 11 11 11 11 25 15 25 25 0 0 -9999 -9999 -9999 -9999 -9999 -9999 -9999 -9999 -9999 -9999 -9999 -9999 -9999 -9999 -9999 -9999 -9999 -9999 -9999 -9999 -9999 -9999 -9999 -9999 -9999 -9999 -9999 -9999 -9999 -9999 -9999 195 195 195 195 195 195 49 49 49 49 49 49 195 195 195 195 195 8 0 0 0 0 26 26 26 2 2 2 2 2 2 4 -9999 -9999 -9999 -9999 -9999 -9999 -9999 -9999 -9999 -9999 -9999 -9999 -9999 -9999 -9999
11 11 11 11 11 11 11 11 15 15 25 25 25 0 0 -9999 -9999 -9999 -9999 -9999 -9999 -9999 -9999 -9999 -9999 -9999 -9999 -9999 -9999 -9999 -9999 -9999 -9999 -9999 -9999 -9999 -9999 -9999 -9999 -9999 -9999 -9999 -9999 -9999 -9999 195 195 195 195 195 195 49 49 49 49 49 49 49 195 195 195 195 195 195 26 26 26 2 2 2 2 2 2 2 2 2 2 2 -9999 -9999 -9999 -9999 -9999 -9999 -9999 -9999 -9999 -9999 -9999 -9999 -9999 -9999
11 11 11 11 11 11 11 11 15 15 15 15 15 15 0 -9999 -9999 -9999 -9999 -9999 -9999 -9999 -9999 -9999 -9999 -9999 -9999 -9999 -9999 -9999 -9999 -9999 -9999 -9999 -9999 -9999 -9999 -9999 -9999 -9999 -9999 -9999 -9999 -9999 -9999 195 195 195 195 195 195 49 49 49 49 49 49 49 49 49 195 195 195 195 195 195 195 2 2 2 2 2 2 2 2 2 2 2 -9999 -9999 -9999 -9999 -9999 -9999 -9999 -9999 -9999 -9999 -9999 -9999 -9999 -9999
11 11 11 11 11 11 11 11 11 15 15 15 15 15 15 0 -9999 -9999 -9999 -9999 -9999 -9999 -9999 -9999 -9999 -9999 -9999 -9999 -9999 -9999 -9999 -9999 -9999 -9999 -9999 -9999 -9999 -9999 -9999 -9999 -9999 -9999 -9999 -9999 -9999 -9999 195 195 195 195 16 16 16 49 49 49 49 49 49 49 49 195 195 195 195 195 195 195 195 2 2 2 2 2 2 2 2 2 -9999 -9999 -9999 -9999 -9999 -9999 -9999 -9999 -9999 -9999 -9999 -9999 -9999 -9999
11 11 11 11 11 11 11 11 11 15 15 15 15 15 15 15 0 -9999 -9999 -9999 -9999 -9999 -9999 -9999 -9999 -9999 -9999 -9999 -9999 -9999 -9999 -9999 -9999 -9999 -9999 -9999 -9999 -9999 -9999 -9999 -9999 -9999 -9999 -9999 -9999 -9999 -9999 -9999 -9999 16 16 16 16 16 49 49 49 49 49 49 49 49 195 195 195 195 195 195 195 195 57 57 2 2 2 2 2 2 -9999 -9999 -9999 -9999 -9999 -9999 -9999 -9999 -9999 -9999 -9999 -9999 -9999 -9999
11 11 11 11 11 11 11 11 11 15 15 15 15 15 15 15 15 -9999 -9999 -9999 -9999 -9999 -9999 -9999 -9999 -9999 -9999 -9999 -9999 -9999 -9999 -9999 -9999 -9999 -9999 -9999 -9999 -9999 -9999 -9999 -9999 -9999 -9999 -9999 -9999 -9999 -9999 -9999 -9999 -9999 -9999 -9999 16 16 16 16 49 16 16 49 49 49 49 195 195 195 195 195 195 195 195 57 57 57 2 2 2 -9999 -9999 -9999 -9999 -9999 -9999 -9999 -9999 -9999 -9999 -9999 -9999 -9999 -9999 -9999
11 11 11 11 11 11 11 11 11 9 9 15 15 15 15 15 15 0 -9999 -9999 -9999 -9999 -9999 -9999 -9999 -9999 -9999 -9999 -9999 -9999 -9999 -9999 -9999 -9999 -9999 -9999 -9999 -9999 -9999 -9999 -9999 -9999 -9999 -9999 -9999 -9999 -9999 -9999 -9999 -9999 -9999 -9999 -9999 -9999 16 16 16 16 16 16 16 49 49 195 195 195 195 195 195 195 195 57 57 57 57 2 -9999 -9999 -9999 -9999 -9999 -9999 -9999 -9999 -9999 -9999 -9999 -9999 -9999 -9999 -9999 -9999
11 11 11 11 11 11 11 11 11 9 9 9 9 15 15 15 15 0 -9999 -9999 -9999 -9999 -9999 -9999 -9999 -9999 -9999 -9999 -9999 -9999 -9999 -9999 -9999 -9999 -9999 -9999 -9999 -9999 -9999 -9999 -9999 -9999 -9999 -9999 -9999 -9999 -9999 -9999 -9999 -9999 -9999 -9999 -9999 -9999 -9999 -9999 -9999 16 16 16 16 16 16 16 195 195 195 195 195 195 57 57 57 57 57 -9999 -9999 -9999 -9999 -9999 -9999 -9999 -9999 -9999 -9999 -9999 -9999 -9999 -9999 -9999 -9999 -9999
11 11 11 11 11 -9999 11 11 9 9 9 9 9 9 9 15 15 15 0 -9999 -9999 -9999 -9999 -9999 -9999 -9999 -9999 -9999 -9999 -9999 -9999 -9999 -9999 -9999 -9999 -9999 -9999 -9999 -9999 -9999 -9999 -9999 -9999 -9999 -9999 -9999 -9999 -9999 -9999 -9999 -9999 -9999 -9999 -9999 -9999 -9999 -9999 -9999 -9999 16 16 16 16 16 195 195 195 195 195 195 57 57 57 57 -9999 -9999 -9999 -9999 -9999 -9999 -9999 -9999 -9999 -9999 -9999 -9999 -9999 -9999 -9999 -9999 -9999 -9999
11 11 11 11 94 94 94 11 9 9 9 9 9 9 9 15 15 15 -9999 0 -9999 -9999 -9999 -9999 -9999 -9999 -9999 -9999 -9999 -9999 -9999 -9999 -9999 -9999 -9999 -9999 -9999 -9999 -9999 -9999 -9999 -9999 -9999 -9999 -9999 -9999 -9999 -9999 -9999 -9999 -9999 -9999 -9999 -9999 -9999 -9999 -9999 -9999 -9999 -9999 -9999 -9999 16 16 16 16 -9999 57 57 57 57 57 57 57 -9999 -9999 -9999 -9999 -9999 -9999 -9999 -9999 -9999 -9999 -9999 -9999 -9999 -9999 -9999 -9999 -9999 -9999
11 94 94 94 94 94 94 94 9 9 9 9 9 9 9 15 15 93 93 93 -9999 -9999 -9999 -9999 -9999 -9999 -9999 -9999 -9999 -9999 -9999 -9999 -9999 -9999 -9999 -9999 -9999 -9999 -9999 -9999 -9999 -9999 -9999 -9999 -9999 -9999 -9999 -9999 -9999 -9999 -9999 -9999 -9999 -9999 -9999 -9999 -9999 -9999 -9999 -9999 -9999 -9999 16 16 16 16 45 37 57 57 57 57 57 57 57 -9999 -9999 -9999 -9999 -9999 -9999 -9999 -9999 -9999 -9999 -9999 -9999 -9999 -9999 -9999 -9999 -9999
94 94 94 94 94 94 94 94 94 9 94 9 9 9 15 15 93 93 93 -9999 97 142 -9999 -9999 -9999 -9999 -9999 -9999 -9999 -9999 -9999 -9999 -9999 -9999 -9999 -9999 -9999 -9999 -9999 -9999 -9999 -9999 -9999 -9999 -9999 -9999 -9999 -9999 -9999 -9999 -9999 -9999 -9999 -9999 -9999 -9999 -9999 -9999 -9999 -9999 -9999 -9999 16 16 4 7 10 10 21 21 57 57 57 57 57 -9999 -9999 -9999 -9999 -9999 -9999 -9999 -9999 -9999 -9999 -9999 -9999 -9999 -9999 -9999 -9999 -9999
94 94 94 94 94 94 94 94 94 94 94 94 94 94 94 15 93 93 10 -9999 -9999 10 -9999 -9999 -9999 -9999 -9999 -9999 -9999 -9999 -9999 -9999 -9999 -9999 -9999 -9999 -9999 -9999 -9999 -9999 -9999 -9999 -9999 -9999 -9999 -9999 -9999 -9999 -9999 -9999 -9999 -9999 -9999 -9999 -9999 -9999 -9999 -9999 -9999 -9999 -9999 -9999 -9999 6 2 1 8 7 18 25 17 5 17 3 21 21 -9999 -9999 -9999 -9999 -9999 -9999 -9999 -9999 -9999 -9999 -9999 -9999 -9999 -9999 -9999 -9999
94 94 94 94 94 94 94 94 94 94 94 94 94 94 94 94 93 93 93 3 -9999 10 -9999 -9999 -9999 -9999 -9999 -9999 -9999 -9999 -9999 -9999 -9999 -9999 -9999 -9999 -9999 -9999 -9999 -9999 -9999 -9999 -9999 -9999 -9999 -9999 -9999 -9999 -9999 -9999 -9999 -9999 -9999 -9999 -9999 -9999 -9999 -9999 -9999 -9999 -9999 -9999 3 7 1 5 1 5 4 3 20 4 8 11 4 4 -9999 -9999 -9999 -9999 -9999 -9999 -9999 -9999 -9999 -9999 -9999 -9999 -9999 -9999 -9999 -9999
94 94 94 94 94 94 94 94 94 94 94 94 94 94 94 94 93 93 93 93 -9999 10 -9999 -9999 -9999 -9999 -9999 -9999 -9999 -9999 -9999 -9999 -9999 -9999 -9999 -9999 -9999 -9999 -9999 -9999 -9999 -9999 -9999 -9999 -9999 -9999 -9999 -9999 -9999 -9999 -9999 -9999 -9999 -9999 -9999 -9999 -9999 -9999 -9999 -9999 -9999 -9999 -9999 3 2 1 5 7 20 19 6 2 9 11 9 2 -9999 -9999 -9999 -9999 -9999 -9999 -9999 -9999 -9999 -9999 -9999 -9999 -9999 -9999 -9999 -9999
16 94 94 94 94 94 94 94 94 94 94 94 94 94 94 94 94 94 93 93 93 -9999 10 10 -9999 -9999 -9999 -9999 -9999 -9999 -9999 -9999 -9999 -9999 -9999 -9999 -9999 -9999 -9999 -9999 -9999 -9999 -9999 -9999 -9999 -9999 2 0 0 -9999 -9999 -9999 -9999 -9999 -9999 -9999 -9999 -9999 -9999 -9999 -9999 -9999 -9999 1 1 0 18 8 23 21 12 12 17 3 20 14 16 -9999 -9999 -9999 -9999 -9999 -9999 -9999 -9999 -9999 -9999 -9999 -9999 -9999 -9999 -9999
16 16 94 94 94 94 94 94 94 94 94 94 94 94 94 94 94 94 93 93 93 93 -9999 -9999 10 10 -9999 -9999 -9999 -9999 -9999 -9999 -9999 -9999 -9999 -9999 -9999 -9999 -9999 -9999 -9999 -9999 -9999 -9999 -9999 -9999 -9999 -9999 -9999 -9999 -9999 -9999 -9999 -9999 -9999 -9999 -9999 -9999 -9999 -9999 -9999 -9999 -9999 14 17 15 13 16 14 18 14 16 8 3 9 4 17 -9999 -9999 -9999 -9999 -9999 -9999 -9999 -9999 -9999 -9999 -9999 -9999 -9999 -9999 -9999
16 16 16 16 94 94 94 94 94 94 94 94 94 94 94 94 94 94 93 93 93 93 93 93 -9999 10 -9999 -9999 -9999 -9999 -9999 -9999 -9999 -9999 -9999 -9999 -9999 -9999 -9999 -9999 -9999 -9999 -9999 -9999 -9999 -9999 -9999 -9999 -9999 -9999 -9999 -9999 -9999 -9999 -9999 -9999 -9999 -9999 -9999 -9999 -9999 -9999 -9999 24 18 13 17 16 1 6 7 10 11 18 4 9 11 -9999 -9999 -9999 -9999 -9999 -9999 -9999 -9999 -9999 -9999 -9999 -9999 -9999 -9999 -9999
16 16 16 16 16 94 94 94 94 94 94 94 94 94 94 94 94 94 93 93 93 93 93 93 93 38 10 -9999 -9999 -9999 -9999 -9999 -9999 -9999 -9999 -9999 -9999 -9999 -9999 -9999 -9999 -9999 -9999 -9999 -9999 -9999 -9999 -9999 -9999 -9999 -9999 -9999 -9999 -9999 -9999 -9999 -9999 -9999 -9999 -9999 -9999 -9999 -9999 18 0 18 8 8 14 1 10 3 7 3 1 2 3 -9999 -9999 -9999 -9999 -9999 -9999 -9999 -9999 -9999 -9999 -9999 -9999 -9999 -9999 -9999
16 16 16 16 16 16 16 16 16 16 94 94 94 94 94 94 94 94 93 93 93 93 93 93 93 38 -9999 10 10 -9999 -9999 -9999 -9999 -9999 -9999 -9999 -9999 -9999 -9999 -9999 -9999 -9999 -9999 -9999 -9999 -9999 -9999 -9999 -9999 -9999 -9999 -9999 -9999 -9999 -9999 -9999 0 0 3 5 -9999 -9999 4 13 11 14 19 10 13 13 14 3 7 8 7 8 3 -9999 -9999 -9999 -9999 -9999 -9999 -9999 -9999 -9999 -9999 -9999 -9999 -9999 -9999 -9999
16 16 16 16 16 16 16 16 16 16 16 94 94 94 94 94 94 93 93 93 93 93 93 93 93 38 38 -9999 10 -9999 -9999 -9999 -9999 -9999 -9999 -9999 -9999 -9999 -9999 -9999 -9999 -9999 -9999 -9999 -9999 -9999 -9999 -9999 -9999 -9999 -9999 -9999 -9999 -9999 -9999 -9999 0 4 0 3 6 6 14 17 18 1 3 1 11 12 12 12 6 8 8 7 7 1 -9999 -9999 -9999 -9999 -9999 -9999 -9999 -9999 -9999 -9999 -9999 -9999 -9999 -9999
16 16 16 16 16 16 16 16 16 16 16 16 94 94 94 94 94 93 93 93 93 93 93 93 93 38 38 11 10 10 -9999 -9999 -9999 -9999 -9999 -9999 -9999 -9999 -9999 -9999 -9999 -9999 -9999 -9999 -9999 -9999 -9999 -9999 -9999 -9999 -9999 -9999 -9999 -9999 -9999 -9999 -9999 10 12 10 8 2 0 9 9 14 4 13 11 13 12 12 1 8 12 7 7 8 -9999 -9999 -9999 -9999 -9999 -9999 -9999 -9999 -9999 -9999 -9999 -9999 -9999 -9999
16 16 16 16 16 16 16 16 16 16 16 16 16 94 94 94 94 94 94 94 94 94 94 38 38 38 11 11 -9999 10 10 -9999 -9999 -9999 -9999 -9999 -9999 -9999 -9999 -9999 -9999 -9999 -9999 -9999 -9999 -9999 -9999 -9999 -9999 -9999 -9999 -9999 -9999 -9999 -9999 -9999 -9999 -9999 -9999 3 14 2 3 12 13 15 11 14 11 14 14 1 1 6 10 9 7 7 -9999 -9999 -9999 -9999 -9999 -9999 -9999 -9999 -9999 -9999 -9999 -9999 -9999 -9999
16 16 16 16 16 16 16 16 16 16 16 16 16 16 16 16 16 94 94 94 94 94 94 38 38 38 11 11 11 10 10 10 10 10 10 4 -9999 -9999 -9999 -9999 -9999 -9999 -9999 -9999 -9999 -9999 -9999 -9999 -9999 -9999 -9999 -9999 -9999 -9999 -9999 -9999 -9999 -9999 -9999 -9999 0 0 14 0 0 0 0 13 10 4 10 13 11 7 1 0 1 1 0 -9999 -9999 -9999 -9999 -9999 -9999 -9999 -9999 -9999 -9999 -9999 -9999 -9999
16 16 16 16 16 16 16 16 16 16 16 16 16 16 16 16 16 16 16 16 16 38 38 11 11 11 11 11 11 -9999 10 10 10 11 0 4 13 0 -9999 -9999 -9999 -9999 -9999 -9999 -9999 -9999 -9999 -9999 -9999 -9999 -9999 -9999 -9999 -9999 -9999 -9999 -9999 -9999 -9999 -9999 -9999 0 15 11 0 0 0 12 10 6 1 8 8 0 1 0 7 26 10 -9999 -9999 -9999 -9999 -9999 -9999 -9999 -9999 -9999 -9999 -9999 -9999 -9999
16 16 16 16 16 16 16 16 16 16 16 16 16 16 16 16 16 16 16 16 16 38 11 11 11 11 11 11 11 -9999 10 10 10 32 48 42 14 3 6 -9999 -9999 -9999 -9999 -9999 -9999 -9999 -9999 -9999 -9999 -9999 -9999 -9999 -9999 -9999 -9999 -9999 -9999 -9999 -9999 -9999 -9999 0 3 12 0 10 10 11 3 11 7 1 1 7 18 6 6 10 10 -9999 -9999 -9999 -9999 -9999 -9999 -9999 -9999 -9999 -9999 -9999 -9999 -9999
16 16 16 16 16 16 16 16 16 16 16 16 16 16 16 16 16 16 16 16 16 11 11 11 11 11 11 11 11 -9999 10 10 10 47 37 43 49 32 1 1 1 1 -9999 -9999 -9999 -9999 -9999 -9999 -9999 -9999 -9999 -9999 -9999 -9999 -9999 -9999 -9999 -9999 -9999 -9999 -9999 0 2 0 0 0 0 13 10 10 2 1 1 7 17 10 21 21 21 -9999 21 -9999 -9999 -9999 -9999 -9999 -9999 -9999 -9999 -9999 -9999 -9999
16 16 16 16 138 138 138 16 138 16 16 16 16 16 16 16 16 16 16 16 11 11 11 11 11 11 11 11 11 10 10 10 10 23 2 33 12 1 1 1 1 1 1 -9999 -9999 -9999 -9999 -9999 -9999 -9999 -9999 -9999 -9999 -9999 -9999 -9999 -9999 -9999 -9999 -9999 -9999 0 0 9 19 12 11 17 9 6 1 1 7 52 0 34 21 21 21 21 -9999 -9999 -9999 -9999 -9999 -9999 -9999 -9999 -9999 -9999 -9999 -9999
16 16 16 138 138 138 138 138 138 16 16 16 16 16 16 16 16 16 16 16 11 11 16 11 11 11 11 11 11 -9999 10 10 38 31 2 14 18 1 1 1 1 1 1 1 1 -9999 -9999 -9999 -9999 -9999 -9999 -9999 -9999 -9999 -9999 -9999 -9999 -9999 -9999 -9999 0 3 20 10 6 1 1 6 9 1 1 1 1 17 5 23 21 21 21 21 -9999 -9999 -9999 -9999 -9999 -9999 -9999 -9999 -9999 -9999 -9999 -9999
16 138 138 138 138 138 138 138 138 138 -9999 -9999 16 16 16 16 16 16 16 16 16 16 16 16 16 16 11 11 11 -9999 -9999 48 25 42 12 1 1 1 1 1 1 1 1 1 27 27 27 -9999 -9999 -9999 -9999 -9999 0 -9999 -9999 -9999 -9999 -9999 -9999 0 1 4 19 0 0 7 8 9 7 1 7 6 1 12 34 21 21 21 21 21 21 -9999 -9999 -9999 -9999 -9999 -9999 -9999 -9999 -9999 -9999 -9999
138 138 138 138 138 138 138 257 257 257 257 257 257 16 16 16 16 16 16 16 16 16 16 16 16 16 16 16 11 -9999 11 48 45 7 1 1 1 1 1 1 1 1 1 1 27 27 27 27 -9999 -9999 -9999 -9999 0 0 -9999 -9999 -9999 0 12 16 35 19 3 10 32 18 15 17 7 1 13 12 11 40 46 11 21 21 21 21 21 21 21 -9999 -9999 -9999 -9999 -9999 -9999 -9999 -9999 -9999
138 138 138 138 138 82 138 257 257 257 257 257 257 16 16 257 257 16 16 16 16 16 16 16 16 16 16 16 16 -9999 1 1 1 1 1 1 1 1 1 1 1 1 1 27 27 27 27 27 27 27 0 -9999 -9999 0 -9999 -9999 0 1 0 16 17 20 12 11 14 16 17 15 17 6 33 55 1 36 36 13 18 21 21 21 21 21 21 21 21 21 21 21 -9999 -9999 -9999 -9999
138 138 138 138 138 82 138 257 257 257 257 257 257 16 257 257 257 160 160 160 16 16 16 16 16 160 160 160 160 -9999 1 1 1 1 1 1 1 1 1 1 1 1 1 27 27 27 27 27 27 27 27 27 -9999 0 0 0 2 18 11 17 13 12 14 11 12 6 13 14 15 16 32 50 23 41 3 2 10 21 21 21 21 21 21 21 21 21 21 -9999 -9999 -9999 -9999 -9999
16 138 138 82 82 82 82 257 257 257 9 257 257 257 257 257 257 160 160 160 16 16 16 16 160 160 160 160 160 1 1 1 1 1 1 1 1 1 1 1 1 1 1 27 27 27 27 27 27 27 27 27 -9999 8 4 3 12 12 2 11 17 10 0 1 14 13 12 9 17 16 61 45 8 21 21 21 21 21 21 21 21 21 21 21 21 182 156 -9999 -9999 -9999 -9999 -9999
16 138 82 82 82 82 82 257 257 63 77 257 257 257 257 257 257 257 160 160 16 160 13 8 160 160 160 160 -9999 280 1 1 1 1 1 1 1 1 1 1 1 1 27 27 27 27 27 27 27 27 27 27 -9999 -9999 -9999 7 13 16 11 14 14 14 12 34 2 20 12 14 16 58 48 2 21 21 21 21 21 21 21 21 21 21 21 21 29 3 10 -9999 -9999 -9999 -9999 -9999
82 82 82 82 82 82 82 82 17 31 35 28 31 44 257 257 257 257 257 257 160 160 32 225 160 160 -9999 280 280 280 280 280 1 1 1 1 1 1 1 1 1 27 27 27 27 27 27 27 27 27 27 27 -9999 -9999 -9999 5 1 7 12 23 11 13 59 13 1 13 13 13 14 37 54 49 -9999 -9999 21 21 21 21 21 21 21 21 4 21 21 1 2 0 -9999 -9999 -9999 -9999
82 82 82 82 82 82 82 82 146 146 146 23 146 146 257 257 257 257 257 257 160 160 160 160 160 -9999 280 280 280 280 280 280 280 1 1 1 1 1 1 1 1 27 27 27 27 27 27 27 27 27 27 27 -9999 -9999 -9999 -9999 4 3 0 0 6 2 -9999 -9999 -9999 -9999 -9999 -9999 -9999 -9999 -9999 -9999 -9999 -9999 -9999 21 21 21 21 -9999 21 1 0 21 21 21 13 12 0 -9999 14 14
82 82 82 82 82 82 82 146 146 146 146 109 146 146 257 257 257 257 257 257 257 160 160 160 160 280 280 280 280 280 280 280 280 280 280 280 280 280 280 201 201 27 27 27 27 27 27 27 27 27 27 -9999 -9999 -9999 -9999 -9999 -9999 -9999 3 3 13 -9999 -9999 -9999 -9999 -9999 -9999 -9999 -9999 -9999 -9999 -9999 -9999 -9999 -9999 21 21 21 -9999 -9999 -9999 -9999 -9999 -9999 0 21 0 0 0 0 9 0
