04_184A014/kuusi.asc
ncols 186
nrows 177
xllcorner 610464
yllcorner 6870672
cellsize 16
nodata_value -9999
[rows 82 to 122 of 177, columns 0 to 91 of 186]
-9999 -9999 -9999 -9999 -9999 -9999 -9999 -9999 -9999 -9999 -9999 -9999 -9999 -9999 -9999 -9999 -9999 -9999 -9999 -9999 -9999 -9999 -9999 -9999 -9999 -9999 -9999 -9999 -9999 -9999 18 0 0 0 0 0 0 0 0 9 0 11 11 11 13 -9999 26 0 94 94 94 94 94 94 94 94 94 11 11 11 11 11 11 11 11 11 11 11 11 11 11 11 11 11 11 11 11 11 11 11 11 11 11 11 11 11 11 11 11 11 11 11
-9999 -9999 -9999 -9999 -9999 -9999 -9999 -9999 -9999 -9999 -9999 -9999 -9999 -9999 -9999 -9999 -9999 -9999 -9999 -9999 -9999 -9999 -9999 -9999 -9999 -9999 -9999 -9999 -9999 17 17 13 0 0 0 0 0 0 0 0 8 12 14 11 10 34 34 34 94 94 94 94 94 94 94 94 94 94 94 11 11 11 11 11 11 11 11 11 11 11 11 11 11 11 11 11 11 11 11 11 11 11 11 11 11 11 11 11 11 11 11 11
-9999 -9999 -9999 -9999 -9999 -9999 -9999 -9999 -9999 -9999 -9999 -9999 -9999 -9999 -9999 -9999 -9999 -9999 -9999 -9999 -9999 -9999 -9999 -9999 -9999 -9999 -9999 32 27 15 14 11 0 0 0 0 0 0 0 0 0 12 13 13 34 34 34 6 6 6 94 94 94 94 94 94 94 94 94 11 11 11 11 11 11 11 11 11 11 11 11 11 11 11 11 11 11 11 11 11 11 11 11 11 11 11 11 11 11 11 11 11
-9999 -9999 -9999 -9999 -9999 -9999 -9999 -9999 -9999 -9999 -9999 -9999 -9999 -9999 -9999 -9999 -9999 -9999 -9999 -9999 -9999 -9999 -9999 -9999 -9999 -9999 58 68 45 17 12 0 0 0 0 0 0 0 0 0 0 12 13 13 34 34 34 6 6 6 6 94 94 94 6 6 6 6 6 94 11 11 11 11 11 11 11 11 11 11 11 11 11 11 11 11 11 11 11 11 11 11 11 11 11 11 11 11 11 11 11 11
-9999 -9999 -9999 -9999 -9999 -9999 -9999 -9999 -9999 -9999 -9999 -9999 -9999 -9999 -9999 -9999 -9999 -9999 -9999 -9999 -9999 -9999 -9999 -9999 -9999 64 58 66 45 13 0 0 0 0 0 0 0 0 0 0 0 10 16 20 34 34 34 6 6 6 6 94 94 6 6 6 6 6 6 6 94 11 2 11 11 11 11 11 11 11 11 11 11 11 11 11 11 11 11 11 11 11 11 11 11 11 11 11 11 11 11 11
-9999 -9999 -9999 -9999 -9999 -9999 -9999 -9999 -9999 -9999 -9999 -9999 -9999 -9999 -9999 -9999 -9999 -9999 -9999 -9999 -9999 -9999 18 60 44 63 62 66 33 0 0 0 0 0 0 0 0 4 0 0 0 15 16 23 34 34 34 6 6 6 6 6 6 6 6 6 6 6 6 179 179 -9999 -9999 2 2 11 11 11 11 11 11 11 11 11 11 11 11 11 11 11 11 11 11 11 11 11 11 11 11 11 11 11
-9999 -9999 -9999 -9999 -9999 -9999 -9999 -9999 -9999 -9999 -9999 -9999 -9999 -9999 -9999 -9999 -9999 -9999 -9999 -9999 -9999 -9999 29 22 41 50 49 35 25 0 0 0 0 0 0 0 0 0 0 0 0 15 17 29 34 34 34 6 6 6 6 6 6 6 6 6 6 6 6 179 179 179 -9999 2 2 2 11 11 11 11 11 11 11 11 11 11 11 11 11 11 11 11 11 11 11 11 11 11 11 11 11 11
-9999 -9999 -9999 -9999 -9999 -9999 -9999 -9999 -9999 -9999 -9999 -9999 -9999 -9999 -9999 -9999 -9999 -9999 -9999 -9999 -9999 -9999 40 31 41 48 46 30 0 14 11 0 0 0 0 0 0 0 0 0 0 11 15 25 34 34 34 6 6 6 6 6 6 6 6 6 6 6 179 179 179 179 179 179 -9999 2 2 2 11 11 11 11 11 11 11 11 11 11 11 11 11 11 11 11 11 11 11 11 11 11 11 11
-9999 -9999 -9999 -9999 -9999 -9999 -9999 -9999 -9999 -9999 -9999 -9999 -9999 -9999 -9999 -9999 -9999 -9999 -9999 -9999 -9999 62 35 44 44 44 26 0 0 27 0 0 0 0 0 0 0 0 0 0 0 0 0 -9999 34 34 34 34 89 89 89 89 89 6 6 6 6 6 179 179 179 179 179 179 179 -9999 2 2 2 11 11 11 11 11 11 11 11 11 11 11 11 11 11 11 11 11 11 11 11 11 11 11
-9999 -9999 -9999 -9999 -9999 -9999 -9999 -9999 -9999 -9999 -9999 -9999 -9999 -9999 -9999 -9999 -9999 -9999 -9999 -9999 -9999 45 38 43 30 28 14 15 14 14 0 0 12 0 0 0 9 0 0 0 0 0 0 3 34 34 34 34 89 89 89 89 89 89 89 6 6 6 179 179 179 179 179 179 179 179 -9999 2 2 2 11 11 11 11 11 11 11 11 11 11 11 11 11 11 11 11 11 11 11 11 11 11
-9999 -9999 -9999 -9999 -9999 -9999 -9999 -9999 -9999 -9999 -9999 -9999 -9999 -9999 -9999 -9999 -9999 -9999 -9999 -9999 -9999 1 3 15 0 3 13 0 14 10 0 0 0 0 0 0 0 0 0 0 0 0 0 0 0 34 0 34 34 53 53 89 89 89 89 89 89 89 89 179 179 179 179 179 179 179 179 -9999 2 2 2 2 2 11 11 11 11 11 11 11 11 11 11 11 11 11 11 11 11 11 11 11
-9999 -9999 -9999 -9999 -9999 -9999 -9999 -9999 -9999 -9999 -9999 -9999 -9999 -9999 -9999 -9999 -9999 -9999 -9999 -9999 -9999 22 0 0 0 0 15 15 0 0 0 14 12 14 12 0 0 0 0 0 0 19 0 0 0 0 0 1 5 2 3 2 15 53 89 89 89 89 89 179 179 179 179 179 179 179 179 179 -9999 2 2 2 2 2 11 11 11 11 11 11 11 11 11 11 11 11 11 11 11 11 11 11
-9999 -9999 -9999 -9999 -9999 -9999 -9999 -9999 -9999 -9999 -9999 -9999 -9999 -9999 -9999 -9999 -9999 -9999 -9999 -9999 -9999 42 26 0 0 14 15 0 0 0 16 16 0 0 0 0 0 0 0 22 0 0 0 0 0 0 10 9 0 4 4 5 11 38 33 89 89 89 89 179 179 179 179 179 179 179 179 179 179 -9999 2 2 2 2 2 11 11 11 11 11 11 11 11 11 11 11 11 11 11 11 11 11
-9999 -9999 -9999 -9999 -9999 -9999 -9999 -9999 -9999 -9999 -9999 -9999 -9999 -9999 -9999 -9999 -9999 -9999 -9999 -9999 -9999 40 18 13 13 0 0 6 5 0 0 0 0 19 3 0 0 0 0 0 0 0 0 0 0 0 5 11 0 9 11 18 18 45 52 53 55 179 179 179 179 179 179 179 179 179 179 179 179 179 -9999 2 2 2 2 2 11 11 11 11 11 11 11 11 11 11 11 11 11 11 11 11
-9999 -9999 -9999 -9999 -9999 -9999 -9999 -9999 -9999 -9999 -9999 -9999 -9999 -9999 -9999 -9999 -9999 -9999 -9999 -9999 -9999 18 0 5 14 0 0 22 5 0 0 14 0 19 19 0 0 0 0 4 0 0 0 0 0 0 0 10 13 10 19 29 28 25 25 58 66 179 179 179 179 179 179 179 179 179 179 179 179 179 -9999 2 2 2 2 2 16 11 11 11 11 11 11 11 11 11 11 11 11 16 16 94
-9999 -9999 -9999 -9999 -9999 -9999 -9999 -9999 -9999 -9999 -9999 -9999 -9999 -9999 -9999 -9999 -9999 -9999 -9999 -9999 -9999 18 0 15 0 14 5 6 9 0 0 0 3 3 0 0 0 0 0 4 9 4 0 4 0 22 0 0 22 11 4 27 23 21 23 54 59 179 179 179 179 179 179 179 179 179 179 179 179 179 179 2 2 2 2 16 16 11 11 11 11 11 11 11 11 11 16 16 16 16 16 94
-9999 -9999 -9999 -9999 -9999 -9999 -9999 -9999 -9999 -9999 -9999 -9999 -9999 -9999 -9999 -9999 -9999 -9999 -9999 -9999 -9999 0 15 13 0 0 15 5 6 0 13 13 0 0 0 14 0 0 0 0 13 0 0 0 4 16 0 0 0 6 0 12 28 22 21 19 58 60 179 179 179 179 179 179 179 179 179 179 179 179 179 2 2 2 16 16 16 16 16 16 11 11 11 16 16 16 16 16 16 16 16 94
-9999 -9999 -9999 -9999 -9999 -9999 -9999 -9999 -9999 -9999 -9999 -9999 -9999 -9999 -9999 -9999 -9999 -9999 -9999 -9999 -9999 0 16 14 0 16 15 6 0 5 14 0 0 5 9 12 1 0 0 0 9 0 0 0 0 0 5 0 0 0 11 0 10 26 23 23 25 60 179 179 179 179 179 179 179 179 179 179 179 179 179 -9999 2 16 16 16 16 16 16 16 16 16 16 16 16 16 16 16 16 16 16 94
-9999 -9999 -9999 -9999 -9999 -9999 -9999 -9999 -9999 -9999 -9999 -9999 -9999 -9999 -9999 -9999 -9999 -9999 -9999 -9999 -9999 0 16 0 5 6 11 11 0 11 10 3 10 20 31 13 12 0 0 0 0 0 5 5 0 5 0 0 0 0 6 9 0 15 25 24 20 25 64 179 179 179 179 179 179 179 179 179 179 179 179 -9999 16 16 16 16 16 16 16 16 16 16 16 16 16 16 16 16 16 16 16 16
-9999 -9999 -9999 -9999 -9999 -9999 -9999 -9999 -9999 -9999 -9999 -9999 -9999 -9999 -9999 -9999 -9999 -9999 -9999 -9999 16 18 0 0 0 18 13 14 19 30 24 27 24 21 13 12 16 0 6 6 0 0 5 5 0 0 0 0 0 0 1 5 4 4 9 23 21 53 58 59 179 179 179 179 179 179 179 179 179 179 179 -9999 16 16 16 16 16 16 16 16 16 16 16 16 16 16 16 16 16 16 16 16
-9999 -9999 -9999 -9999 -9999 -9999 -9999 -9999 -9999 -9999 -9999 -9999 -9999 -9999 -9999 -9999 -9999 -9999 -9999 -9999 18 18 6 0 11 8 16 9 25 24 68 58 14 12 11 11 0 6 10 6 0 0 0 0 0 0 9 9 0 1 0 0 5 0 9 23 25 55 57 57 61 179 179 179 179 179 179 179 179 179 -9999 83 83 16 16 16 16 16 16 16 16 16 16 16 16 16 16 16 16 16 16 16
-9999 -9999 -9999 -9999 -9999 -9999 -9999 -9999 -9999 -9999 -9999 -9999 -9999 -9999 -9999 -9999 -9999 -9999 -9999 -9999 -9999 16 0 26 46 89 71 77 67 55 31 29 17 8 0 6 6 0 6 0 0 0 0 0 0 0 0 0 10 0 0 1 4 10 4 10 18 53 51 59 60 60 179 179 179 179 179 179 179 -9999 83 83 16 16 16 16 16 16 16 16 16 16 16 16 16 16 16 16 16 16 16 16
-9999 -9999 -9999 -9999 -9999 -9999 -9999 -9999 -9999 -9999 -9999 -9999 -9999 -9999 -9999 -9999 -9999 -9999 -9999 -9999 15 0 4 32 42 8 11 59 59 30 26 27 20 17 10 11 6 0 0 6 1 0 0 0 0 0 0 0 9 11 11 15 12 9 4 4 10 10 53 64 59 52 179 179 179 179 179 179 -9999 83 83 16 16 16 16 16 16 16 16 16 16 16 16 16 16 16 16 16 16 16 16 16
-9999 -9999 -9999 -9999 -9999 -9999 -9999 -9999 -9999 -9999 -9999 -9999 -9999 -9999 -9999 -9999 -9999 -9999 -9999 -9999 14 0 0 0 4 4 60 55 19 19 30 20 8 10 10 11 6 5 0 0 0 0 0 0 0 0 0 0 0 11 11 18 12 18 5 1 5 16 26 61 63 44 27 179 179 179 179 83 83 83 83 83 16 16 16 16 16 16 16 16 16 16 16 16 16 16 16 16 16 16 16 16
-9999 -9999 -9999 -9999 -9999 -9999 -9999 -9999 -9999 -9999 -9999 -9999 -9999 -9999 -9999 -9999 -9999 -9999 -9999 -9999 -9999 14 3 0 4 0 4 4 9 4 18 19 20 23 12 10 17 6 10 6 0 0 10 0 11 11 11 10 11 13 14 12 4 4 4 0 0 9 21 61 57 62 27 27 27 27 -9999 83 83 83 83 83 16 16 16 16 16 16 16 16 16 16 16 16 16 16 16 16 16 16 16 16
-9999 -9999 -9999 -9999 -9999 -9999 -9999 -9999 -9999 -9999 -9999 -9999 -9999 -9999 -9999 -9999 -9999 -9999 -9999 -9999 -9999 6 9 9 4 4 4 0 0 11 11 11 21 23 18 1 17 8 8 22 12 11 13 13 12 12 13 12 13 12 14 14 0 0 0 0 0 0 27 27 27 27 27 27 27 27 83 83 83 83 83 16 16 16 16 16 16 16 16 16 16 16 16 16 16 16 16 16 16 16 16 16
-9999 -9999 -9999 -9999 -9999 -9999 -9999 -9999 -9999 -9999 -9999 -9999 -9999 -9999 -9999 -9999 -9999 -9999 -9999 -9999 -9999 9 17 10 21 18 4 4 0 0 1 8 12 18 17 4 10 10 30 24 19 13 16 19 22 24 14 13 14 13 12 14 0 0 0 0 3 27 27 27 27 27 27 27 27 -9999 83 83 83 83 16 16 16 16 16 16 16 16 16 16 16 16 16 16 16 16 16 16 16 16 16 16
-9999 -9999 -9999 -9999 -9999 -9999 -9999 -9999 -9999 -9999 -9999 -9999 -9999 -9999 -9999 -9999 -9999 -9999 -9999 -9999 -9999 -9999 21 4 18 19 30 30 18 22 8 22 6 14 6 5 4 10 20 29 12 16 23 29 29 25 16 18 22 14 14 17 4 0 20 22 22 27 27 27 27 27 27 27 27 -9999 83 83 83 83 16 16 16 16 16 16 16 16 16 16 16 16 16 16 16 16 16 16 16 16 16 16
-9999 -9999 -9999 -9999 -9999 -9999 -9999 -9999 -9999 -9999 -9999 -9999 -9999 -9999 -9999 -9999 -9999 -9999 -9999 -9999 -9999 -9999 19 19 18 18 14 15 4 5 6 16 4 0 4 9 4 10 20 31 25 28 26 33 32 32 12 17 16 4 4 5 0 3 32 22 32 35 27 27 27 27 27 27 27 83 83 83 83 16 16 83 83 83 83 83 16 16 16 16 16 16 16 16 16 16 16 16 16 16 16 16
-9999 -9999 -9999 -9999 -9999 -9999 -9999 -9999 -9999 -9999 -9999 -9999 -9999 -9999 -9999 -9999 -9999 -9999 -9999 -9999 -9999 -9999 19 20 19 4 9 9 0 0 0 15 1 0 4 5 5 10 19 27 31 31 18 25 22 22 4 3 3 3 0 14 3 3 32 22 35 25 18 27 27 27 27 27 27 83 83 83 83 16 83 83 83 83 83 83 83 16 16 16 16 16 16 16 16 16 16 16 16 16 16 16
-9999 -9999 -9999 -9999 -9999 -9999 -9999 -9999 -9999 -9999 -9999 -9999 -9999 -9999 -9999 -9999 -9999 -9999 -9999 -9999 -9999 -9999 -9999 17 9 3 0 0 0 3 0 7 6 4 4 0 9 18 20 52 62 31 25 15 0 0 0 0 0 3 19 21 34 33 24 32 35 38 0 27 27 27 27 27 -9999 83 83 83 83 83 83 83 83 83 83 83 83 16 16 16 16 16 16 16 16 16 16 16 16 16 16 16
-9999 -9999 -9999 -9999 -9999 -9999 -9999 -9999 -9999 -9999 -9999 -9999 -9999 -9999 -9999 -9999 -9999 -9999 -9999 -9999 -9999 -9999 8 9 9 8 4 0 0 4 9 9 10 9 5 0 5 18 19 55 57 57 30 0 0 0 28 28 35 42 35 36 23 24 32 29 31 36 9 9 9 149 149 27 -9999 83 83 83 83 83 18 83 83 83 83 83 83 16 16 16 16 16 16 16 16 16 16 16 16 16 16 16
-9999 -9999 -9999 -9999 -9999 -9999 -9999 -9999 -9999 -9999 -9999 -9999 -9999 -9999 -9999 -9999 -9999 -9999 -9999 -9999 -9999 3 4 12 19 29 49 51 20 9 10 17 10 9 0 0 4 9 5 22 30 18 5 99 1 29 36 35 30 36 37 24 23 33 20 34 32 37 9 9 9 149 149 149 149 18 18 18 83 83 18 83 83 83 83 83 83 16 16 16 16 16 16 16 16 16 16 16 16 16 16 16
-9999 -9999 -9999 -9999 -9999 -9999 -9999 -9999 -9999 -9999 -9999 -9999 -9999 -9999 -9999 -9999 -9999 -9999 -9999 -9999 -9999 10 10 18 20 67 14 40 63 65 16 18 10 6 0 0 0 0 0 0 4 57 53 0 32 42 33 35 35 23 36 36 35 21 33 34 31 35 9 9 149 149 149 149 149 -9999 18 18 18 18 18 83 83 83 83 83 83 16 16 16 16 16 16 16 16 16 16 16 16 16 16 16
-9999 -9999 -9999 -9999 -9999 -9999 -9999 -9999 -9999 -9999 -9999 -9999 -9999 -9999 -9999 -9999 -9999 -9999 -9999 -9999 53 18 26 40 16 15 107 9 13 58 20 11 18 22 11 10 0 14 18 18 17 15 43 34 62 37 38 37 37 43 43 36 36 34 21 22 31 9 9 9 149 149 149 149 -9999 143 -9999 -9999 18 18 18 83 83 83 83 83 83 83 16 16 16 16 16 16 16 16 16 16 16 16 16 16
-9999 -9999 -9999 -9999 -9999 -9999 -9999 -9999 -9999 -9999 -9999 -9999 -9999 -9999 -9999 -9999 -9999 -9999 -9999 -9999 50 19 6 61 14 29 42 0 53 57 15 11 10 9 19 16 0 3 22 25 25 38 30 37 38 38 37 57 37 36 38 35 34 32 23 32 5 9 9 149 149 149 149 149 149 143 143 143 -9999 18 18 83 83 83 83 83 83 83 83 83 16 16 16 16 16 16 16 16 16 16 16 16
-9999 -9999 -9999 -9999 -9999 -9999 -9999 -9999 -9999 -9999 -9999 -9999 -9999 -9999 -9999 -9999 -9999 -9999 -9999 -9999 13 11 14 22 2 45 30 6 9 6 39 16 69 46 7 56 16 15 23 28 31 28 28 26 35 36 36 22 36 31 30 30 32 21 26 25 9 9 9 149 149 149 149 149 149 143 143 143 143 143 -9999 18 83 83 83 83 83 83 83 83 83 16 16 16 16 16 16 16 16 16 16 16
-9999 -9999 -9999 -9999 -9999 -9999 -9999 -9999 -9999 -9999 -9999 -9999 -9999 -9999 -9999 -9999 -9999 -9999 -9999 -9999 51 12 10 121 2 3 14 9 4 12 27 2 40 47 16 61 6 32 21 16 24 28 29 37 25 24 37 22 35 33 30 27 21 26 24 0 9 9 9 149 9 149 149 149 149 149 143 143 143 143 143 -9999 83 83 83 83 83 83 83 83 83 83 16 16 16 16 16 16 16 16 16 16
-9999 -9999 -9999 -9999 -9999 -9999 -9999 -9999 -9999 -9999 -9999 -9999 -9999 -9999 -9999 -9999 -9999 -9999 -9999 10 20 31 36 22 11 -9999 0 32 41 2 0 1 5 71 16 8 9 21 19 18 23 3 36 37 26 36 36 35 21 35 34 23 36 0 26 0 9 9 9 9 149 149 149 149 149 149 143 143 143 143 143 143 143 -9999 83 83 83 83 83 83 83 83 61 61 61 16 16 61 61 61 61 16
-9999 -9999 -9999 -9999 -9999 -9999 -9999 -9999 -9999 -9999 -9999 -9999 -9999 -9999 -9999 -9999 -9999 -9999 -9999 10 20 13 9 28 12 -9999 -9999 60 84 14 45 42 53 11 49 11 14 26 25 23 0 16 3 26 34 24 30 30 24 31 34 24 0 25 7 9 9 9 9 26 73 149 149 149 149 149 149 143 143 143 143 143 143 143 -9999 -9999 83 83 83 83 83 61 61 61 61 61 -9999 61 61 61 61 82
-9999 -9999 -9999 -9999 -9999 -9999 -9999 -9999 -9999 -9999 -9999 -9999 -9999 -9999 -9999 -9999 -9999 -9999 1 10 15 6 8 53 8 1 10 35 51 71 12 52 48 16 3 11 12 19 34 68 6 0 0 3 21 24 23 23 22 25 24 0 1 9 9 9 9 9 9 26 73 149 149 149 149 149 149 149 149 143 143 143 143 143 143 143 -9999 83 83 83 319 61 61 61 61 61 61 61 61 61 61 82
