04_184A014/kuusi.asc
ncols 186
nrows 177
xllcorner 610464
yllcorner 6870672
cellsize 16
nodata_value -9999
[rows 123 to 163 of 177, columns 0 to 91 of 186]
-9999 -9999 -9999 -9999 -9999 -9999 -9999 -9999 -9999 -9999 -9999 -9999 -9999 -9999 -9999 -9999 -9999 -9999 10 10 52 4 14 32 9 -9999 9 51 42 16 61 54 63 59 51 57 12 1 39 16 4 8 0 5 0 0 33 23 35 24 0 -9999 9 9 9 9 9 9 9 9 26 73 149 149 149 149 149 149 149 143 21 21 143 143 143 143 143 143 -9999 319 319 319 319 319 61 61 61 61 61 61 61 82
-9999 -9999 -9999 -9999 -9999 -9999 -9999 -9999 -9999 -9999 -9999 -9999 -9999 -9999 -9999 -9999 -9999 20 20 10 8 61 71 58 1 -9999 13 10 14 71 67 57 64 60 64 65 58 59 14 14 65 59 4 9 0 19 0 26 26 11 11 11 11 9 9 9 9 9 9 9 9 26 26 73 149 149 149 149 149 21 21 21 143 143 143 143 143 143 143 -9999 319 319 319 319 319 319 319 319 319 319 319 82
-9999 -9999 -9999 -9999 -9999 -9999 -9999 -9999 -9999 -9999 -9999 -9999 -9999 -9999 -9999 -9999 10 18 19 19 19 9 1 78 9 -9999 8 18 15 64 61 73 68 64 57 34 35 74 67 65 67 59 0 4 5 17 0 16 11 11 11 11 11 11 9 9 9 9 9 9 9 9 26 26 73 73 73 73 73 21 21 21 143 143 143 143 143 143 143 143 143 -9999 319 319 319 319 319 319 319 319 319 319
-9999 -9999 -9999 -9999 -9999 -9999 -9999 -9999 -9999 -9999 -9999 -9999 -9999 -9999 -9999 8 9 10 11 49 53 18 10 8 5 -9999 9 20 26 61 58 9 40 33 2 2 2 8 0 0 0 0 0 0 0 23 56 56 11 11 11 11 11 11 11 9 9 9 9 9 9 9 9 26 26 26 73 26 26 21 21 21 21 21 21 143 143 143 143 143 143 143 -9999 -9999 319 319 319 319 -9999 319 319 319
-9999 -9999 -9999 -9999 -9999 -9999 -9999 -9999 -9999 -9999 -9999 -9999 -9999 -9999 0 0 8 9 10 20 66 31 20 20 19 -9999 7 58 41 35 9 8 9 9 11 11 20 3 0 0 5 0 0 0 56 56 56 56 11 11 11 11 11 11 11 11 9 9 9 9 9 9 9 26 26 26 26 26 26 21 21 21 21 21 21 143 143 143 143 143 143 143 143 143 -9999 319 319 319 -9999 -9999 319 -9999
-9999 -9999 -9999 -9999 -9999 -9999 -9999 -9999 -9999 -9999 -9999 -9999 -9999 -9999 0 0 0 4 10 29 30 27 28 29 13 29 17 3 2 10 10 9 9 27 41 21 22 19 0 0 11 2 56 56 56 56 56 56 11 11 11 11 11 11 11 11 11 11 9 9 9 9 9 26 26 26 26 26 21 21 21 21 21 21 29 29 143 143 143 143 143 143 143 143 143 143 -9999 319 -9999 -9999 -9999 -9999
-9999 -9999 -9999 -9999 -9999 -9999 -9999 -9999 -9999 -9999 -9999 -9999 -9999 4 0 4 10 11 18 24 25 34 25 4 11 11 24 0 0 19 9 8 38 36 36 23 22 22 0 0 4 56 56 56 56 56 56 56 56 56 56 11 11 11 11 11 11 11 11 9 9 9 9 26 26 26 26 26 21 21 21 21 29 29 29 29 143 143 143 143 143 143 143 143 143 143 143 -9999 -9999 -9999 -9999 -9999
-9999 -9999 -9999 -9999 -9999 -9999 -9999 -9999 -9999 -9999 -9999 -9999 3 9 5 18 29 30 29 25 21 32 18 0 26 -9999 6 7 0 18 36 23 36 37 24 33 35 23 0 0 4 56 56 56 56 56 56 56 56 56 56 56 56 11 11 11 11 11 11 11 11 9 9 26 26 26 26 21 21 21 21 21 29 29 29 29 143 143 143 143 143 22 22 22 22 143 143 143 -9999 -9999 -9999 -9999
-9999 -9999 -9999 -9999 -9999 -9999 -9999 -9999 -9999 -9999 -9999 0 10 18 18 11 18 18 29 29 61 28 19 29 -9999 0 0 12 5 0 8 37 22 23 23 23 38 18 11 21 56 56 56 56 56 56 56 56 56 56 56 56 56 56 11 11 11 11 11 11 11 11 11 26 26 26 21 21 21 21 21 21 29 29 29 22 22 22 22 22 22 22 22 22 22 143 21 21 21 -9999 -9999 -9999
-9999 -9999 -9999 -9999 -9999 -9999 -9999 -9999 -9999 -9999 0 0 9 10 22 18 18 19 30 65 20 18 15 -9999 0 2 14 15 12 26 10 0 0 0 0 3 3 12 18 64 56 56 56 56 56 56 56 56 56 56 56 56 56 56 56 11 11 11 11 11 11 11 11 11 26 26 21 21 21 21 21 21 29 29 22 22 22 22 22 22 22 22 22 21 21 21 21 21 21 -9999 -9999 -9999
-9999 -9999 -9999 -9999 -9999 -9999 -9999 -9999 -9999 0 0 0 0 10 30 29 21 18 10 21 18 22 2 -9999 30 24 22 1 0 0 0 0 19 31 0 0 9 5 18 26 56 56 56 56 56 56 56 56 56 56 56 56 56 56 56 56 56 56 56 56 11 11 11 11 26 26 21 21 21 21 21 21 29 29 22 22 22 22 22 22 22 22 22 21 21 21 21 21 21 -9999 -9999 -9999
-9999 -9999 -9999 -9999 -9999 -9999 -9999 -9999 4 0 0 0 0 9 19 20 19 19 10 10 60 2 55 0 12 11 27 12 13 12 14 25 20 25 18 0 4 0 16 17 56 56 56 56 56 56 56 56 56 56 56 56 56 56 56 56 56 56 56 56 56 56 11 11 26 26 21 21 21 21 21 21 29 29 29 29 22 22 22 22 22 22 22 21 21 21 21 21 21 21 -9999 -9999
-9999 -9999 -9999 -9999 -9999 -9999 -9999 -9999 11 0 20 0 0 4 10 19 29 19 19 18 18 14 4 0 0 55 66 22 23 67 30 30 26 25 21 15 14 20 64 94 46 56 65 56 56 56 56 56 56 56 56 56 56 56 56 56 56 56 56 56 56 56 56 26 26 26 26 26 21 21 21 21 196 196 196 196 22 22 22 22 22 22 21 21 21 21 21 21 21 21 -9999 -9999
-9999 -9999 -9999 -9999 -9999 -9999 -9999 67 12 6 0 0 0 0 10 19 29 20 29 66 19 16 23 10 15 8 43 10 9 9 9 11 11 16 26 29 17 16 59 17 9 59 50 50 52 56 56 56 56 56 56 56 56 56 56 56 56 56 56 56 56 56 56 44 44 44 26 26 21 21 21 21 70 65 49 22 22 22 22 22 22 22 21 21 21 21 21 21 21 -9999 -9999 -9999
-9999 -9999 -9999 -9999 -9999 -9999 88 6 55 12 11 0 0 1 9 10 30 30 64 72 18 5 35 10 24 100 14 14 45 0 0 5 0 4 10 16 4 37 0 2 6 62 25 26 23 50 68 56 56 56 56 56 56 56 56 56 56 56 56 56 56 56 56 44 44 44 44 21 21 21 21 21 58 47 44 22 22 22 22 22 22 22 21 21 21 21 21 21 21 -9999 -9999 -9999
-9999 -9999 -9999 -9999 -9999 73 7 86 82 55 58 54 20 19 29 30 30 26 33 57 56 18 16 10 23 4 1 45 44 51 4 5 4 0 4 4 0 0 4 3 3 65 43 59 65 32 20 19 52 51 56 56 56 56 56 56 56 56 56 56 56 56 56 56 44 44 44 21 21 21 21 21 21 56 22 22 22 22 22 22 21 21 21 21 21 21 21 135 272 -9999 -9999 -9999
-9999 -9999 -9999 -9999 -9999 70 80 79 69 18 63 66 63 65 61 56 54 32 26 24 50 13 23 15 1 9 15 4 11 0 4 0 0 0 0 0 9 0 23 31 29 66 5 57 28 72 4 18 50 64 69 63 56 56 56 56 56 56 56 56 56 56 56 56 44 44 44 44 21 21 21 21 21 22 22 22 22 22 22 22 21 21 21 21 21 21 21 152 239 -9999 -9999 -9999
-9999 -9999 -9999 -9999 -9999 38 61 64 60 65 76 72 17 68 55 18 49 61 29 60 29 13 26 -9999 19 29 27 14 0 0 0 17 21 28 21 10 24 4 14 24 29 68 10 11 10 4 5 18 67 59 57 55 32 24 56 56 56 56 56 56 56 56 56 56 56 44 44 44 44 44 21 21 21 22 22 22 22 22 22 22 21 21 21 21 21 21 132 129 184 -9999 -9999 -9999
-9999 -9999 -9999 -9999 32 38 7 45 14 62 89 75 12 63 20 11 44 43 12 10 17 18 18 -9999 14 34 34 0 5 0 0 28 28 21 8 0 0 4 0 12 22 20 4 0 4 4 11 18 18 33 26 19 58 22 21 19 17 56 56 56 56 56 56 56 56 56 44 44 44 44 44 44 21 22 22 22 22 22 22 21 21 21 21 21 21 21 21 71 -9999 -9999 -9999 -9999
-9999 -9999 -9999 -9999 7 6 18 11 9 5 10 10 5 50 46 18 9 9 10 9 10 23 0 65 -9999 -9999 1 23 16 9 16 0 0 0 0 1 0 0 0 10 12 18 17 25 12 5 9 10 10 17 24 25 24 16 30 63 52 65 54 56 56 56 56 56 56 56 56 44 44 44 44 44 44 44 44 22 22 22 21 21 21 21 21 21 21 21 21 -9999 -9999 -9999 -9999 -9999
-9999 -9999 -9999 41 38 54 49 11 4 4 11 12 20 44 52 18 10 5 5 9 9 24 9 79 43 4 62 21 -9999 -9999 -9999 10 0 0 0 0 10 22 0 0 0 13 20 57 18 18 10 4 4 10 10 18 18 10 10 21 21 26 17 16 5 56 56 56 56 56 56 44 44 44 44 44 44 44 21 21 21 21 21 21 21 21 21 21 21 21 21 21 -9999 -9999 -9999 -9999
-9999 -9999 -9999 59 57 24 52 51 15 16 61 63 48 51 61 52 10 9 5 9 10 62 23 16 10 10 10 11 13 0 16 26 -9999 23 9 0 0 0 0 15 0 0 25 20 21 22 32 61 22 29 29 58 67 47 53 51 68 23 17 4 0 0 56 56 56 56 44 44 44 44 44 44 21 21 21 21 21 21 21 21 21 21 21 21 21 21 21 -9999 -9999 -9999 -9999 -9999
-9999 -9999 16 16 16 16 56 69 33 31 62 58 61 66 55 66 18 21 20 21 17 58 59 50 49 76 51 22 12 10 11 11 10 6 -9999 0 16 0 0 18 0 0 14 16 20 20 31 25 29 57 53 68 68 66 63 32 26 30 4 0 8 41 36 56 56 44 44 44 44 44 44 21 21 21 21 21 21 21 21 21 21 21 21 21 21 21 21 -9999 -9999 -9999 -9999 -9999
-9999 -9999 16 16 16 16 16 16 16 16 16 16 16 16 16 16 57 64 57 53 22 56 57 67 61 20 13 0 0 0 8 12 10 7 5 -9999 21 13 58 77 14 18 55 60 58 19 8 4 4 17 69 102 60 61 23 15 12 8 0 3 26 32 20 30 44 44 44 44 44 44 21 21 21 21 21 21 80 21 21 21 21 21 21 21 21 21 21 -9999 -9999 -9999 -9999 -9999
-9999 -9999 16 16 16 16 16 16 16 16 16 16 16 16 16 30 30 30 30 30 -9999 25 52 57 54 20 12 13 15 0 10 17 16 5 1 10 23 14 67 131 35 26 54 67 4 0 50 0 0 3 8 11 18 9 4 4 4 0 27 27 18 30 18 22 27 22 44 44 44 21 21 21 21 21 21 21 78 160 21 21 21 21 21 21 21 21 -9999 -9999 -9999 -9999 -9999 -9999
-9999 16 16 16 16 16 16 16 16 16 16 16 16 16 30 30 30 30 30 30 16 16 16 16 16 16 16 16 -9999 -9999 -9999 64 67 22 0 11 -9999 12 99 20 21 25 28 0 0 0 3 20 23 32 33 16 16 14 17 12 13 19 29 21 19 38 32 21 20 30 -9999 21 21 21 21 21 21 80 111 100 101 303 305 21 21 21 21 21 21 -9999 -9999 -9999 -9999 -9999 -9999 -9999
-9999 16 16 16 16 16 16 16 16 16 16 16 16 30 30 30 30 30 30 30 16 16 16 16 16 16 56 56 56 56 56 56 56 56 56 56 -9999 -9999 17 10 10 21 20 13 0 0 0 0 1 0 0 0 0 0 0 20 33 32 31 20 33 39 39 33 31 21 24 16 21 21 21 73 119 127 112 111 103 188 268 302 21 21 21 -9999 -9999 -9999 -9999 -9999 -9999 -9999 -9999 -9999
-9999 16 16 16 16 16 16 16 16 16 16 16 16 30 30 30 30 30 30 30 30 56 56 56 56 56 56 56 56 56 56 56 56 56 56 56 -9999 90 90 90 90 90 90 90 90 90 25 0 0 0 0 0 0 0 0 1 18 20 21 22 21 32 33 33 33 29 22 22 36 21 21 47 140 122 60 62 63 121 132 185 21 21 -9999 -9999 -9999 -9999 -9999 -9999 -9999 -9999 -9999 -9999
-9999 16 16 16 16 16 16 16 16 16 16 16 16 16 30 30 30 30 30 30 56 56 56 56 56 56 56 56 56 56 56 56 56 56 56 56 90 90 90 90 90 90 90 90 90 90 20 20 20 20 -9999 6 7 8 16 1 0 1 20 24 20 31 32 34 34 20 20 33 23 27 0 4 65 74 55 53 52 -9999 149 153 -9999 -9999 -9999 -9999 -9999 -9999 -9999 -9999 -9999 -9999 -9999 -9999
16 16 16 16 16 16 16 16 16 16 16 16 16 30 30 30 30 30 30 30 56 56 56 56 56 56 56 56 56 56 56 56 56 56 56 -9999 90 90 90 90 90 90 90 90 90 90 20 20 20 38 38 38 38 38 38 38 38 0 0 18 20 19 20 34 23 22 34 34 23 23 11 0 10 19 50 50 50 50 50 50 -9999 -9999 -9999 -9999 -9999 -9999 -9999 -9999 -9999 -9999 -9999 -9999
-9999 16 16 16 16 16 16 16 16 16 16 16 30 30 30 30 30 30 30 30 30 19 56 56 56 56 56 56 56 56 56 56 56 56 56 -9999 90 90 90 90 90 90 90 90 20 20 20 20 38 38 38 38 38 38 38 38 38 38 0 0 21 21 33 34 30 35 30 29 37 37 26 35 -9999 0 50 50 50 50 50 50 -9999 -9999 -9999 -9999 -9999 -9999 -9999 -9999 -9999 -9999 -9999 -9999
-9999 16 16 39 39 39 39 39 39 39 39 39 39 39 39 39 30 30 19 19 19 19 56 56 56 56 56 56 56 56 56 56 56 56 56 -9999 90 90 90 90 90 90 90 90 90 20 20 20 38 38 38 38 38 38 38 38 38 38 38 11 5 30 25 32 34 29 34 34 34 37 30 33 1 1 1 50 50 50 50 -9999 -9999 -9999 -9999 -9999 -9999 -9999 -9999 -9999 -9999 -9999 -9999 -9999
-9999 39 39 39 39 39 39 39 39 39 39 39 39 39 39 39 19 19 19 19 19 19 56 56 56 56 56 56 56 56 56 56 56 56 56 -9999 90 90 90 90 90 90 90 90 90 20 20 20 25 25 25 25 38 38 38 38 38 38 38 38 21 0 20 21 22 20 32 33 35 28 1 1 1 1 1 50 50 50 50 -9999 -9999 -9999 -9999 -9999 -9999 -9999 -9999 -9999 -9999 -9999 -9999 -9999
-9999 -9999 39 39 39 39 39 39 39 39 39 39 39 39 39 39 19 19 19 19 19 19 56 56 56 56 56 56 56 56 56 56 56 56 56 -9999 90 90 90 90 90 90 90 90 90 25 25 25 25 25 25 25 25 38 38 38 38 38 38 38 38 38 14 24 22 21 33 28 22 1 1 1 1 1 1 1 1 50 50 -9999 -9999 -9999 -9999 -9999 -9999 -9999 -9999 -9999 -9999 -9999 -9999 -9999
-9999 -9999 -9999 39 39 39 39 39 39 39 39 39 39 39 39 39 19 19 19 19 19 19 56 56 56 56 56 56 56 56 56 56 56 56 57 -9999 90 90 90 90 90 90 90 90 90 25 25 25 25 25 25 25 25 38 38 38 38 38 38 38 38 38 32 9 11 26 24 20 1 1 1 1 1 1 1 1 1 50 -9999 -9999 -9999 -9999 -9999 -9999 -9999 -9999 -9999 -9999 -9999 -9999 -9999 -9999
-9999 -9999 -9999 -9999 -9999 39 39 39 39 39 39 39 39 39 39 39 19 19 19 19 19 19 19 56 56 56 127 127 127 127 127 127 57 57 57 -9999 90 90 90 90 90 90 90 90 25 25 25 25 25 25 25 25 25 38 38 32 32 32 32 32 32 32 32 32 30 30 21 1 1 1 1 1 1 1 1 1 1 1 1 1 -9999 -9999 -9999 -9999 -9999 -9999 -9999 -9999 -9999 -9999 -9999 -9999
-9999 -9999 -9999 -9999 -9999 -9999 39 39 39 39 39 39 -9999 39 314 314 314 314 314 19 19 19 19 19 56 56 127 127 127 127 127 127 57 57 57 4 11 40 90 90 90 94 31 90 25 25 25 25 25 25 25 25 25 38 32 32 32 32 32 32 32 32 32 32 32 32 1 1 1 1 1 1 1 1 1 1 1 1 1 -9999 -9999 -9999 -9999 -9999 -9999 -9999 -9999 -9999 -9999 -9999 -9999 -9999
-9999 -9999 -9999 -9999 -9999 -9999 -9999 -9999 -9999 -9999 -9999 -9999 -9999 -9999 -9999 -9999 314 314 314 19 19 19 19 19 127 127 127 127 127 127 127 127 57 57 -9999 5 16 33 94 94 94 94 94 31 25 25 25 25 25 25 31 25 25 38 32 32 32 32 32 32 32 32 32 32 32 111 1 1 1 1 1 1 1 1 1 1 1 1 110 -9999 -9999 -9999 -9999 -9999 -9999 -9999 -9999 -9999 -9999 -9999 -9999 -9999
-9999 -9999 -9999 -9999 -9999 -9999 -9999 -9999 -9999 -9999 -9999 -9999 -9999 -9999 -9999 -9999 -9999 -9999 314 19 19 19 19 127 127 127 127 127 127 127 127 57 57 57 -9999 7 0 23 94 94 94 94 94 31 31 31 25 25 25 25 25 25 25 38 32 32 32 32 32 32 32 32 111 111 111 111 139 1 1 1 1 1 1 1 1 1 1 110 -9999 -9999 -9999 -9999 -9999 -9999 -9999 -9999 -9999 -9999 -9999 -9999 -9999 -9999
-9999 -9999 -9999 -9999 -9999 -9999 -9999 -9999 -9999 -9999 -9999 -9999 -9999 -9999 -9999 -9999 -9999 -9999 314 19 19 19 127 127 127 127 127 127 127 127 127 57 57 57 -9999 1 15 26 17 94 94 94 94 31 31 31 25 25 31 25 25 25 67 67 38 32 32 32 32 111 111 111 111 111 111 158 139 139 1 1 1 1 1 1 1 1 110 110 -9999 -9999 -9999 -9999 -9999 -9999 -9999 -9999 -9999 -9999 -9999 -9999 -9999 -9999
-9999 -9999 -9999 -9999 -9999 -9999 -9999 -9999 -9999 -9999 -9999 -9999 -9999 -9999 -9999 -9999 -9999 -9999 27 27 27 27 127 127 127 127 127 127 127 127 127 57 57 57 57 54 5 10 94 94 94 94 94 31 31 31 31 31 31 25 67 67 67 67 67 67 67 32 111 111 111 111 111 2 48 139 139 139 139 139 1 1 1 1 1 1 110 110 -9999 -9999 -9999 -9999 -9999 -9999 -9999 -9999 -9999 -9999 -9999 -9999 -9999 -9999
