04_184A014/manty.asc
ncols 186
nrows 177
xllcorner 610464
yllcorner 6870672
cellsize 16
nodata_value -9999
[rows 117 to 155 of 177, columns 0 to 88 of 186]
-9999 -9999 -9999 -9999 -9999 -9999 -9999 -9999 -9999 -9999 -9999 -9999 -9999 -9999 -9999 -9999 -9999 -9999 -9999 -9999 49 106 272 244 169 77 128 84 59 48 56 127 119 92 61 67 37 21 16 18 18 19 5 8 6 20 20 6 7 6 6 6 7 7 17 7 33 128 128 11 11 11 11 11 11 90 32 101 -9999 156 156 93 93 93 93 93 93 93 93 93 133 133 133 133 133 133 133 133 133
-9999 -9999 -9999 -9999 -9999 -9999 -9999 -9999 -9999 -9999 -9999 -9999 -9999 -9999 -9999 -9999 -9999 -9999 -9999 -9999 98 84 151 112 107 10 11 77 84 63 125 175 76 90 58 52 57 16 15 14 23 20 19 19 19 21 20 26 20 7 7 7 7 5 6 39 128 128 128 11 11 11 11 11 11 0 0 31 47 101 -9999 156 93 93 93 93 93 93 93 93 93 133 133 133 133 133 133 133 133
-9999 -9999 -9999 -9999 -9999 -9999 -9999 -9999 -9999 -9999 -9999 -9999 -9999 -9999 -9999 -9999 -9999 -9999 -9999 -9999 84 149 154 57 16 45 159 103 117 109 106 169 110 101 108 36 73 43 38 13 25 26 20 19 18 18 19 18 19 7 7 5 5 18 42 47 128 128 128 11 128 11 11 11 11 11 0 0 65 15 177 -9999 93 93 93 93 93 93 93 93 93 93 133 133 133 133 133 133 133
-9999 -9999 -9999 -9999 -9999 -9999 -9999 -9999 -9999 -9999 -9999 -9999 -9999 -9999 -9999 -9999 -9999 -9999 -9999 56 49 25 210 76 51 -9999 180 150 170 131 125 104 222 207 192 111 129 114 57 64 32 12 10 18 18 19 19 19 19 7 7 17 6 41 19 114 128 128 128 128 11 11 11 11 11 11 0 0 65 1 73 109 88 -9999 93 93 93 93 93 93 93 93 133 133 133 133 133 133 133
-9999 -9999 -9999 -9999 -9999 -9999 -9999 -9999 -9999 -9999 -9999 -9999 -9999 -9999 -9999 -9999 -9999 -9999 -9999 55 58 259 252 170 40 -9999 -9999 176 12 227 115 101 127 177 144 160 279 223 239 167 76 69 12 24 20 17 5 5 17 6 6 14 20 38 77 128 128 128 128 97 10 11 11 11 11 11 11 11 0 0 -9999 -9999 82 98 -9999 -9999 93 93 93 93 93 142 142 142 142 142 -9999 142 142
-9999 -9999 -9999 -9999 -9999 -9999 -9999 -9999 -9999 -9999 -9999 -9999 -9999 -9999 -9999 -9999 -9999 -9999 52 65 115 286 206 136 155 35 57 107 169 195 218 132 87 99 232 154 141 203 179 195 289 80 67 46 40 5 6 16 17 18 37 33 76 128 128 128 128 128 128 97 97 11 11 11 11 11 11 11 11 120 120 120 117 72 68 30 -9999 93 93 93 48 142 142 142 142 142 142 142 142
-9999 -9999 -9999 -9999 -9999 -9999 -9999 -9999 -9999 -9999 -9999 -9999 -9999 -9999 -9999 -9999 -9999 -9999 56 72 84 192 210 174 132 -9999 125 93 169 174 91 85 84 78 107 89 141 165 192 149 152 148 78 50 80 50 23 20 6 37 43 -9999 128 128 128 128 128 128 128 128 97 97 11 11 11 11 11 11 120 120 120 120 120 110 63 67 50 82 -9999 180 90 10 10 23 142 142 142 142 142
-9999 -9999 -9999 -9999 -9999 -9999 -9999 -9999 -9999 -9999 -9999 -9999 -9999 -9999 -9999 -9999 -9999 58 57 73 62 94 63 79 126 -9999 73 155 192 79 54 76 67 78 79 60 63 78 106 84 67 98 72 93 73 40 43 25 24 7 7 7 7 128 128 128 128 128 128 128 128 97 97 97 11 11 11 11 120 120 120 120 120 55 46 0 0 42 72 -9999 69 93 21 111 61 0 0 6 -9999
-9999 -9999 -9999 -9999 -9999 -9999 -9999 -9999 -9999 -9999 -9999 -9999 -9999 -9999 -9999 -9999 55 36 55 56 47 77 96 59 86 -9999 104 239 195 94 54 75 61 68 141 63 69 25 61 79 80 81 116 70 90 51 21 16 11 7 7 7 7 7 128 128 128 128 128 128 128 128 97 97 97 10 97 97 120 120 120 120 120 120 120 120 -9999 2 0 56 94 -9999 195 164 50 103 56 49 5
-9999 -9999 -9999 -9999 -9999 -9999 -9999 -9999 -9999 -9999 -9999 -9999 -9999 -9999 -9999 55 55 61 62 58 58 68 76 77 74 -9999 103 158 78 61 74 114 107 64 80 76 76 40 75 96 95 97 98 67 71 36 11 11 11 7 7 7 7 7 7 128 128 128 128 128 128 128 128 97 97 97 97 97 120 120 120 120 120 120 120 120 0 2 11 0 49 39 -9999 -9999 157 80 57 72 -9999
-9999 -9999 -9999 -9999 -9999 -9999 -9999 -9999 -9999 -9999 -9999 -9999 -9999 -9999 60 58 54 61 71 56 45 49 54 59 61 -9999 119 70 78 63 37 38 29 29 18 11 13 26 53 90 109 96 90 113 11 11 11 11 11 7 7 7 7 7 7 7 128 128 128 128 128 128 128 97 97 97 97 97 120 120 120 120 120 120 120 120 -9999 0 0 1 2 0 59 66 -9999 62 58 23 -9999
-9999 -9999 -9999 -9999 -9999 -9999 -9999 -9999 -9999 -9999 -9999 -9999 -9999 -9999 75 60 60 52 73 60 48 92 47 47 68 28 54 87 95 27 23 18 16 4 6 17 17 16 64 74 79 94 11 11 11 11 11 11 11 11 11 7 7 7 7 7 7 7 128 128 128 128 128 97 97 97 97 120 120 120 120 120 120 120 83 83 83 64 2 0 1 0 2 2 0 15 -9999 18 -9999
-9999 -9999 -9999 -9999 -9999 -9999 -9999 -9999 -9999 -9999 -9999 -9999 -9999 69 88 62 72 72 62 46 47 40 46 73 30 51 32 73 50 12 16 16 6 6 19 18 36 22 42 72 83 11 11 11 11 11 11 11 11 11 11 11 11 7 7 7 7 7 7 128 128 128 128 97 97 97 120 120 120 120 120 120 83 83 83 83 83 50 0 63 0 0 -9999 0 0 64 62 -9999 -9999
-9999 -9999 -9999 -9999 -9999 -9999 -9999 -9999 -9999 -9999 -9999 -9999 66 76 66 62 60 61 61 47 100 90 64 80 21 -9999 66 72 70 23 4 4 6 8 19 21 22 17 55 79 84 11 11 11 11 11 11 11 11 11 11 11 11 11 7 7 7 7 7 7 7 128 128 97 97 97 120 120 120 120 120 120 83 83 83 83 83 -9999 88 71 1 131 131 131 131 63 71 46 -9999
-9999 -9999 -9999 -9999 -9999 -9999 -9999 -9999 -9999 -9999 -9999 84 74 60 58 68 57 54 47 48 30 72 55 17 -9999 106 96 48 92 89 21 19 19 19 19 19 20 24 21 55 11 11 11 11 11 11 11 11 11 11 11 11 11 11 11 11 7 7 7 7 7 7 7 97 97 120 120 120 120 120 120 120 83 83 83 83 83 131 131 131 131 131 131 131 131 47 119 119 119
-9999 -9999 -9999 -9999 -9999 -9999 -9999 -9999 -9999 -9999 60 74 63 51 57 56 57 61 60 46 54 50 25 -9999 51 103 132 92 94 47 58 52 49 41 30 22 21 66 46 41 11 11 11 11 11 11 11 11 11 11 11 11 11 11 11 11 11 11 11 11 7 7 7 7 97 120 120 120 120 120 120 120 83 83 83 83 131 131 131 131 131 131 131 131 131 119 119 119 119
-9999 -9999 -9999 -9999 -9999 -9999 -9999 -9999 -9999 51 51 60 74 72 40 71 51 67 73 78 58 82 77 -9999 99 186 36 94 85 98 94 124 98 36 85 78 37 60 92 119 11 11 11 11 11 11 11 11 11 11 11 11 11 11 11 11 11 11 11 11 11 11 7 7 97 120 120 120 120 120 120 120 83 83 83 83 83 131 131 131 131 131 131 131 119 119 119 119 119
-9999 -9999 -9999 -9999 -9999 -9999 -9999 -9999 70 51 43 51 59 72 57 77 78 67 72 73 109 60 37 96 107 205 22 94 105 96 106 120 109 91 46 54 72 94 105 118 11 11 11 11 11 11 11 11 11 11 11 11 11 11 11 11 11 11 11 11 11 11 11 7 97 120 120 120 120 120 120 120 83 83 83 83 83 131 131 131 131 131 131 131 119 119 119 119 119
-9999 -9999 -9999 -9999 -9999 -9999 -9999 -9999 56 67 40 57 58 74 73 57 60 55 56 79 61 60 82 99 80 56 42 123 111 46 48 48 48 48 109 132 130 109 145 139 208 59 87 11 11 11 11 11 11 11 11 11 11 11 11 11 11 11 11 11 11 11 11 97 97 97 120 120 120 120 120 120 35 75 66 -9999 131 131 131 131 131 131 131 119 119 119 119 119 119
-9999 -9999 -9999 -9999 -9999 -9999 -9999 240 79 83 66 58 58 77 72 56 60 60 60 45 64 51 47 20 52 250 160 71 82 76 78 64 64 61 57 92 129 274 247 199 247 73 89 98 94 11 11 11 11 11 11 11 11 11 11 11 11 11 11 11 11 11 11 11 30 30 97 120 120 120 120 120 62 39 45 131 131 131 131 131 131 131 131 119 119 119 119 119 119
-9999 -9999 -9999 -9999 -9999 -9999 65 181 62 80 55 71 74 65 72 73 61 61 45 34 54 91 21 36 53 75 126 155 100 77 84 80 81 73 79 66 73 192 151 210 269 259 84 121 124 88 45 11 11 11 11 11 11 11 11 11 11 11 11 11 11 11 11 11 30 30 120 120 120 120 120 120 54 76 78 131 131 131 131 131 131 131 131 119 119 119 119 119 119
-9999 -9999 -9999 -9999 -9999 206 184 179 237 66 56 61 56 55 71 70 60 46 39 74 95 66 19 36 45 68 137 129 107 48 76 72 60 93 73 73 83 88 71 225 229 188 147 145 143 39 60 53 39 40 11 11 11 11 11 11 11 11 11 11 11 11 11 11 11 30 120 120 120 120 120 120 120 63 131 131 131 131 131 131 131 131 131 119 119 119 119 102 14
-9999 -9999 -9999 -9999 -9999 199 243 245 234 214 211 244 87 55 74 57 40 38 70 72 39 94 31 34 88 72 86 63 102 52 74 83 80 87 75 75 48 90 55 56 71 186 185 148 159 196 69 79 86 44 58 30 11 11 11 11 11 11 11 11 11 11 11 11 11 11 30 120 120 120 120 120 120 131 131 131 131 131 131 131 131 119 119 119 119 119 119 120 37
-9999 -9999 -9999 -9999 -9999 254 251 244 243 177 179 240 241 229 76 97 87 65 75 64 47 93 83 -9999 66 80 68 65 80 69 93 56 88 44 42 42 82 78 138 45 47 35 228 220 205 179 67 79 45 64 73 75 39 48 11 11 11 11 11 11 11 11 11 11 11 11 30 30 120 120 120 120 120 131 131 131 131 131 131 131 131 119 119 119 119 119 64 66 77
-9999 -9999 -9999 -9999 179 242 273 102 203 196 178 187 220 266 87 144 92 83 125 134 82 56 119 -9999 8 25 43 71 57 65 90 37 92 66 62 80 78 74 106 129 101 67 71 93 80 70 86 79 57 40 62 48 40 96 90 91 105 11 11 11 11 11 11 11 11 11 11 30 30 30 120 120 120 131 131 131 131 131 131 131 131 119 119 119 119 119 119 162 -9999
-9999 -9999 -9999 -9999 246 290 85 146 116 108 98 98 226 73 90 116 98 98 98 97 97 46 74 31 -9999 -9999 13 53 69 85 81 75 81 79 77 62 84 85 72 84 130 88 53 47 61 67 75 87 71 63 45 45 59 103 66 56 40 41 42 11 11 11 11 11 11 11 11 30 30 30 30 30 30 30 30 131 131 131 131 131 119 119 119 119 119 119 119 -9999 -9999
-9999 -9999 -9999 193 250 256 88 109 81 90 132 126 91 93 86 83 95 81 90 94 98 70 102 87 89 107 200 51 -9999 -9999 -9999 45 77 86 78 71 51 39 84 102 93 143 107 91 54 63 92 85 85 86 90 101 80 96 98 86 93 73 76 76 56 11 11 11 11 11 11 30 30 30 30 30 30 30 30 30 119 119 119 119 119 119 119 119 119 119 119 119 -9999
-9999 -9999 -9999 211 257 69 91 85 83 82 40 55 100 87 56 67 96 96 91 97 95 41 103 105 128 107 106 109 64 82 101 42 -9999 47 59 59 81 75 91 68 95 97 111 106 97 102 39 54 54 73 70 50 45 88 65 62 35 104 77 94 80 72 11 11 11 11 11 30 30 30 30 30 30 30 119 119 119 119 119 119 119 119 119 119 119 119 119 -9999 -9999
-9999 -9999 115 115 115 115 79 57 39 38 41 63 70 56 49 259 85 94 92 91 81 80 90 76 92 77 84 124 82 105 135 109 105 102 -9999 97 44 82 80 122 95 125 85 103 89 90 39 45 61 56 62 56 58 57 40 38 111 48 69 79 25 2 4 11 11 11 11 30 30 30 30 30 119 119 119 119 119 119 119 119 119 119 119 119 119 119 119 -9999 -9999
-9999 -9999 115 115 115 115 115 115 115 115 115 115 115 115 115 115 57 57 73 75 113 84 96 78 108 95 116 63 78 85 105 131 134 36 11 -9999 54 96 57 34 141 117 71 50 60 58 84 72 60 59 64 56 76 108 123 114 48 76 51 20 4 7 5 4 30 30 30 30 30 30 30 119 119 119 119 119 80 119 119 119 119 119 119 119 119 119 119 -9999 -9999
-9999 -9999 115 115 115 115 115 115 115 115 115 115 115 115 115 86 86 86 86 86 -9999 82 59 73 76 95 82 17 35 85 118 66 137 92 80 63 21 92 35 27 161 116 62 45 87 88 45 78 79 80 241 267 67 72 59 59 72 51 14 4 22 7 32 16 6 11 30 30 30 30 30 119 119 119 119 119 96 84 119 119 119 119 119 119 119 119 -9999 -9999 -9999
-9999 115 115 115 115 115 115 115 115 115 115 115 115 115 86 86 86 86 86 86 144 144 144 144 144 144 144 144 -9999 -9999 -9999 56 87 111 101 55 -9999 98 133 174 141 19 24 81 52 79 48 45 10 4 5 40 44 59 48 63 70 23 4 22 23 6 6 15 15 4 -9999 119 119 119 119 119 119 127 97 83 100 31 32 119 119 119 119 119 119 -9999 -9999 -9999 -9999
-9999 115 115 115 115 115 115 115 115 115 115 115 115 86 86 86 86 86 86 86 144 144 144 144 144 144 144 144 56 56 56 56 56 56 56 56 -9999 -9999 204 65 65 2 61 66 61 74 76 71 42 38 40 43 69 71 69 10 5 19 18 16 6 6 6 17 16 15 17 12 119 119 119 96 100 67 98 98 81 33 1 31 119 119 119 -9999 -9999 -9999 -9999 -9999 -9999
-9999 115 115 115 115 115 115 115 115 115 115 115 115 86 86 86 86 86 86 86 144 144 144 144 144 144 144 56 56 56 56 56 56 56 56 56 -9999 37 37 37 37 37 37 37 37 37 10 74 64 53 61 65 32 30 26 28 4 5 16 16 5 7 7 7 18 4 17 18 4 119 119 96 99 101 104 89 88 101 97 81 119 119 -9999 -9999 -9999 -9999 -9999 -9999 -9999
-9999 115 115 115 115 115 115 115 115 115 115 115 115 115 86 86 86 86 86 86 56 56 56 56 56 56 56 56 56 56 56 56 56 56 56 56 37 37 37 37 37 37 37 37 37 37 128 128 128 128 -9999 28 13 13 35 74 74 51 38 16 16 7 7 7 18 18 17 7 5 5 35 84 79 113 107 84 66 -9999 58 56 -9999 -9999 -9999 -9999 -9999 -9999 -9999 -9999 -9999
115 115 115 115 115 115 115 115 115 115 115 115 115 86 86 86 86 86 86 86 56 56 56 56 56 56 56 56 56 56 56 56 56 56 56 -9999 37 37 37 37 37 37 37 37 37 37 128 128 128 46 46 46 46 46 46 46 46 56 77 37 5 17 17 7 17 18 7 7 5 4 11 57 85 98 20 20 20 20 20 20 -9999 -9999 -9999 -9999 -9999 -9999 -9999 -9999 -9999
-9999 115 115 115 115 115 115 115 115 115 115 115 86 86 86 86 86 86 86 86 86 6 56 56 56 56 56 56 56 56 56 56 56 56 56 -9999 37 37 37 37 37 37 37 37 128 128 128 128 46 46 46 46 46 46 46 46 46 46 81 72 43 17 7 7 5 7 5 5 6 6 4 7 26 58 20 20 20 20 20 20 -9999 -9999 -9999 -9999 -9999 -9999 -9999 -9999 -9999
-9999 115 115 2 2 2 2 2 2 2 2 2 86 86 86 86 86 86 6 6 6 6 56 56 56 56 56 56 56 56 56 56 56 56 56 -9999 37 37 37 37 37 37 37 37 37 128 128 128 46 46 46 46 46 46 46 46 46 46 46 50 64 5 6 7 7 5 7 5 6 6 7 7 5 5 20 20 20 20 20 -9999 -9999 -9999 -9999 -9999 -9999 -9999 -9999 -9999 -9999
-9999 2 2 2 2 2 2 2 2 2 2 2 2 2 2 2 6 6 6 6 6 6 56 56 56 56 56 56 56 56 56 56 56 56 56 -9999 37 37 37 37 37 37 37 37 37 128 128 128 128 46 46 46 46 46 46 46 46 46 46 46 31 72 42 5 5 17 7 7 7 5 7 5 1 1 20 20 20 20 20 -9999 -9999 -9999 -9999 -9999 -9999 -9999 -9999 -9999 -9999
