04_184A014/manty.asc
ncols 186
nrows 177
xllcorner 610464
yllcorner 6870672
cellsize 16
nodata_value -9999
[rows 78 to 116 of 177, columns 0 to 88 of 186]
-9999 -9999 -9999 -9999 -9999 -9999 -9999 -9999 -9999 -9999 -9999 -9999 -9999 -9999 -9999 -9999 -9999 -9999 -9999 -9999 -9999 -9999 -9999 -9999 -9999 -9999 -9999 -9999 -9999 -9999 -9999 36 35 44 31 69 79 101 129 129 97 38 38 107 107 107 107 107 107 107 107 107 107 107 117 117 117 117 117 117 117 117 117 117 117 117 117 117 117 117 117 117 117 117 117 117 117 117 117 117 117 117 117 117 117 117 117 64 64
-9999 -9999 -9999 -9999 -9999 -9999 -9999 -9999 -9999 -9999 -9999 -9999 -9999 -9999 -9999 -9999 -9999 -9999 -9999 -9999 -9999 -9999 -9999 -9999 -9999 -9999 -9999 -9999 -9999 -9999 26 43 20 65 87 74 94 103 67 131 93 46 99 34 107 107 107 107 107 107 107 107 107 107 117 117 117 117 117 117 117 117 117 117 117 117 117 117 117 117 117 117 117 117 117 117 117 117 117 117 117 117 117 117 117 117 117 117 117
-9999 -9999 -9999 -9999 -9999 -9999 -9999 -9999 -9999 -9999 -9999 -9999 -9999 -9999 -9999 -9999 -9999 -9999 -9999 -9999 -9999 -9999 -9999 -9999 -9999 -9999 -9999 -9999 -9999 -9999 24 28 29 77 82 73 102 92 130 121 45 71 126 39 107 107 107 107 107 107 107 -9999 107 107 117 117 117 117 117 117 117 117 117 117 117 117 117 117 117 117 117 117 117 117 117 117 117 117 117 117 117 117 117 117 117 117 117 117 117
-9999 -9999 -9999 -9999 -9999 -9999 -9999 -9999 -9999 -9999 -9999 -9999 -9999 -9999 -9999 -9999 -9999 -9999 -9999 -9999 -9999 -9999 -9999 -9999 -9999 -9999 -9999 -9999 -9999 -9999 25 21 37 73 82 85 73 95 94 65 90 86 104 49 41 107 107 107 107 107 107 52 107 52 52 52 52 52 117 117 117 117 117 117 117 117 117 117 117 117 117 117 117 117 117 117 117 117 117 117 117 117 117 117 117 117 117 117 117
-9999 -9999 -9999 -9999 -9999 -9999 -9999 -9999 -9999 -9999 -9999 -9999 -9999 -9999 -9999 -9999 -9999 -9999 -9999 -9999 -9999 -9999 -9999 -9999 -9999 -9999 -9999 -9999 -9999 -9999 31 34 55 75 77 76 83 85 97 84 81 102 127 105 120 107 107 107 107 107 52 52 52 52 52 52 52 52 52 117 117 117 117 117 117 117 117 117 117 117 117 117 117 117 117 117 117 117 117 117 117 117 117 117 117 117 117 117 117
-9999 -9999 -9999 -9999 -9999 -9999 -9999 -9999 -9999 -9999 -9999 -9999 -9999 -9999 -9999 -9999 -9999 -9999 -9999 -9999 -9999 -9999 -9999 -9999 -9999 -9999 -9999 -9999 -9999 31 25 43 61 62 62 76 78 87 94 92 105 135 130 124 90 116 107 107 107 52 52 52 52 52 52 52 52 52 52 52 117 117 117 117 117 117 117 117 117 117 117 117 117 117 117 117 117 117 117 117 117 117 117 117 117 117 117 117 117
-9999 -9999 -9999 -9999 -9999 -9999 -9999 -9999 -9999 -9999 -9999 -9999 -9999 -9999 -9999 -9999 -9999 -9999 -9999 -9999 -9999 -9999 -9999 -9999 -9999 -9999 -9999 22 21 41 52 55 74 75 62 75 67 81 93 96 90 129 128 95 116 116 116 116 13 52 52 52 52 52 52 52 52 52 52 52 52 52 117 117 117 117 117 117 117 117 117 117 117 117 117 117 117 117 117 117 117 117 117 117 117 117 117 117 117
-9999 -9999 -9999 -9999 -9999 -9999 -9999 -9999 -9999 -9999 -9999 -9999 -9999 -9999 -9999 -9999 -9999 -9999 -9999 -9999 -9999 -9999 -9999 -9999 -9999 -9999 19 13 25 44 54 77 87 88 81 77 70 65 78 91 96 92 127 95 116 116 116 116 12 52 52 52 52 52 52 16 5 0 52 52 52 52 117 117 117 117 117 117 117 117 117 117 117 117 117 117 117 117 117 117 117 117 117 117 117 117 117 117 117
-9999 -9999 -9999 -9999 -9999 -9999 -9999 -9999 -9999 -9999 -9999 -9999 -9999 -9999 -9999 -9999 -9999 -9999 -9999 -9999 -9999 -9999 -9999 -9999 -9999 8 8 8 25 41 51 75 87 86 85 66 70 69 84 89 93 102 102 120 116 116 116 116 6 0 52 52 52 52 16 0 0 2 52 52 52 52 29 117 117 117 117 117 117 117 117 117 117 117 117 117 117 117 117 117 117 117 117 117 117 117 117 117 117
-9999 -9999 -9999 -9999 -9999 -9999 -9999 -9999 -9999 -9999 -9999 -9999 -9999 -9999 -9999 -9999 -9999 -9999 -9999 -9999 -9999 -9999 95 30 37 8 9 8 28 43 59 55 83 73 67 63 69 65 75 91 93 88 114 131 116 116 116 116 5 0 0 0 0 0 0 0 0 0 6 73 73 -9999 -9999 2 0 117 117 117 117 117 117 117 117 117 117 117 117 117 117 117 117 117 117 117 117 117 117 117 117
-9999 -9999 -9999 -9999 -9999 -9999 -9999 -9999 -9999 -9999 -9999 -9999 -9999 -9999 -9999 -9999 -9999 -9999 -9999 -9999 -9999 -9999 37 40 46 42 34 21 32 74 75 63 70 73 70 69 82 84 89 92 94 89 61 94 116 116 116 116 8 14 0 0 0 0 0 0 0 0 0 73 73 73 -9999 88 24 15 117 117 117 117 117 117 117 117 117 117 117 117 117 117 117 117 117 117 117 117 117 117 117
-9999 -9999 -9999 -9999 -9999 -9999 -9999 -9999 -9999 -9999 -9999 -9999 -9999 -9999 -9999 -9999 -9999 -9999 -9999 -9999 -9999 -9999 20 28 46 44 20 23 45 66 67 68 67 68 71 83 84 85 91 93 100 96 62 46 116 116 116 116 116 16 44 1 0 0 0 0 0 0 73 73 73 73 73 73 -9999 21 23 16 117 117 117 117 117 117 117 117 117 117 117 117 117 117 117 117 117 117 117 117 117
-9999 -9999 -9999 -9999 -9999 -9999 -9999 -9999 -9999 -9999 -9999 -9999 -9999 -9999 -9999 -9999 -9999 -9999 -9999 -9999 -9999 9 21 43 43 45 32 44 60 46 69 76 68 64 59 83 84 87 96 98 100 96 96 -9999 116 116 116 116 48 48 48 48 48 0 7 1 1 1 73 73 73 73 73 73 73 -9999 96 16 5 117 117 117 117 117 117 117 117 117 117 117 117 117 117 117 117 117 117 117 117
-9999 -9999 -9999 -9999 -9999 -9999 -9999 -9999 -9999 -9999 -9999 -9999 -9999 -9999 -9999 -9999 -9999 -9999 -9999 -9999 -9999 25 35 21 22 24 36 42 67 67 74 74 69 63 69 80 50 89 92 93 92 92 95 75 116 116 151 151 151 151 48 48 48 48 48 45 23 44 73 73 73 73 73 73 73 73 -9999 53 13 0 117 117 117 117 117 117 117 117 117 117 117 117 117 117 117 117 117 117 117
-9999 -9999 -9999 -9999 -9999 -9999 -9999 -9999 -9999 -9999 -9999 -9999 -9999 -9999 -9999 -9999 -9999 -9999 -9999 -9999 -9999 52 38 41 45 36 37 75 69 51 78 75 69 68 68 75 83 86 92 84 79 79 96 95 92 116 151 151 151 151 151 151 151 48 48 48 48 48 48 73 73 73 73 73 73 73 73 -9999 0 0 0 0 0 117 117 117 117 117 117 117 117 117 117 117 117 117 117 117 117
-9999 -9999 -9999 -9999 -9999 -9999 -9999 -9999 -9999 -9999 -9999 -9999 -9999 -9999 -9999 -9999 -9999 -9999 -9999 -9999 -9999 33 44 59 59 60 67 67 73 70 73 69 68 53 47 69 71 72 77 83 60 90 85 90 93 80 151 151 151 151 151 151 151 151 151 48 48 48 48 73 73 73 73 73 73 73 73 73 -9999 19 0 0 0 0 117 117 117 117 117 117 117 117 117 117 117 117 117 117 117
-9999 -9999 -9999 -9999 -9999 -9999 -9999 -9999 -9999 -9999 -9999 -9999 -9999 -9999 -9999 -9999 -9999 -9999 -9999 -9999 -9999 15 24 45 75 66 67 75 74 68 64 68 49 36 37 75 75 72 81 73 85 79 84 86 90 77 43 151 151 151 151 151 151 151 151 151 151 151 48 73 73 73 73 73 73 73 73 73 73 -9999 0 0 8 1 6 117 117 117 117 117 117 117 117 117 117 117 117 117 117
-9999 -9999 -9999 -9999 -9999 -9999 -9999 -9999 -9999 -9999 -9999 -9999 -9999 -9999 -9999 -9999 -9999 -9999 -9999 -9999 -9999 15 27 53 64 81 73 51 52 68 75 74 53 30 25 56 85 82 75 82 85 85 83 82 87 87 46 151 151 151 151 151 151 151 151 151 151 73 73 73 73 73 73 73 73 73 73 73 73 73 -9999 0 8 6 6 155 117 117 117 117 117 117 117 117 117 117 117 117 117
-9999 -9999 -9999 -9999 -9999 -9999 -9999 -9999 -9999 -9999 -9999 -9999 -9999 -9999 -9999 -9999 -9999 -9999 -9999 -9999 -9999 30 68 68 67 85 87 40 51 73 72 69 34 30 30 55 73 81 75 66 85 85 84 81 84 74 77 39 151 151 151 151 151 151 151 151 151 73 73 73 73 73 73 73 73 73 73 73 73 73 -9999 0 0 32 133 133 133 117 117 117 117 117 117 117 117 117 117 117 117
-9999 -9999 -9999 -9999 -9999 -9999 -9999 -9999 -9999 -9999 -9999 -9999 -9999 -9999 -9999 -9999 -9999 -9999 -9999 -9999 -9999 28 69 67 76 69 69 63 40 71 70 76 35 34 46 76 74 70 83 65 41 65 81 65 81 87 72 55 39 151 151 151 151 151 151 151 151 73 73 73 73 73 73 73 73 73 73 73 73 73 73 5 29 133 133 133 133 117 117 117 117 117 117 117 117 117 133 133 133
-9999 -9999 -9999 -9999 -9999 -9999 -9999 -9999 -9999 -9999 -9999 -9999 -9999 -9999 -9999 -9999 -9999 -9999 -9999 -9999 -9999 55 67 53 75 76 69 64 50 71 68 44 43 43 72 67 83 88 77 83 27 67 77 77 66 87 84 62 56 151 151 151 151 151 151 151 151 151 73 73 73 73 73 73 73 73 73 73 73 73 73 6 71 133 133 133 133 133 133 133 117 117 117 133 133 133 133 133 133
-9999 -9999 -9999 -9999 -9999 -9999 -9999 -9999 -9999 -9999 -9999 -9999 -9999 -9999 -9999 -9999 -9999 -9999 -9999 -9999 -9999 52 68 68 77 69 70 64 70 60 68 51 59 72 66 46 73 82 89 85 43 67 80 81 82 83 71 73 64 64 151 151 151 151 151 151 151 151 73 73 73 73 73 73 73 73 73 73 73 73 73 -9999 133 133 133 133 133 133 133 133 133 133 133 133 133 133 133 133 133
-9999 -9999 -9999 -9999 -9999 -9999 -9999 -9999 -9999 -9999 -9999 -9999 -9999 -9999 -9999 -9999 -9999 -9999 -9999 -9999 -9999 73 68 74 66 63 41 38 71 40 35 55 57 49 25 108 57 64 89 86 83 75 68 68 84 70 81 76 80 52 61 151 151 151 151 151 151 151 151 73 73 73 73 73 73 73 73 73 73 73 73 -9999 133 133 133 133 133 133 133 133 133 133 133 133 133 133 133 133 133
-9999 -9999 -9999 -9999 -9999 -9999 -9999 -9999 -9999 -9999 -9999 -9999 -9999 -9999 -9999 -9999 -9999 -9999 -9999 -9999 38 66 73 70 59 105 140 140 98 16 28 36 39 104 111 107 50 66 61 68 88 87 70 71 91 90 83 91 84 64 75 68 151 151 151 151 151 151 151 151 73 73 73 73 73 73 73 73 73 73 73 -9999 133 133 133 133 133 133 133 133 133 133 133 133 133 133 133 133 133
-9999 -9999 -9999 -9999 -9999 -9999 -9999 -9999 -9999 -9999 -9999 -9999 -9999 -9999 -9999 -9999 -9999 -9999 -9999 -9999 58 66 63 75 92 125 108 151 118 47 47 38 102 119 106 57 67 62 32 61 81 81 76 91 93 98 77 77 85 92 77 71 151 151 151 151 151 151 151 151 151 73 73 73 73 73 73 73 73 73 -9999 93 93 133 133 133 133 133 133 133 133 133 133 133 133 133 133 133 133
-9999 -9999 -9999 -9999 -9999 -9999 -9999 -9999 -9999 -9999 -9999 -9999 -9999 -9999 -9999 -9999 -9999 -9999 -9999 -9999 -9999 67 87 103 159 107 149 177 38 106 81 49 46 48 62 54 62 73 53 72 81 81 81 86 99 98 89 89 82 97 85 76 65 151 151 151 151 151 151 151 151 151 73 73 73 73 73 73 73 -9999 93 93 133 133 133 133 133 133 133 133 133 133 133 133 133 133 133 133 133
-9999 -9999 -9999 -9999 -9999 -9999 -9999 -9999 -9999 -9999 -9999 -9999 -9999 -9999 -9999 -9999 -9999 -9999 -9999 -9999 68 81 64 20 199 270 237 217 41 49 81 88 67 62 39 39 62 80 72 62 70 78 81 85 87 91 90 88 103 94 82 116 51 75 151 151 151 151 151 151 151 151 73 73 73 73 73 73 -9999 93 93 133 133 133 133 133 133 133 133 133 133 133 133 133 133 133 133 133 133
-9999 -9999 -9999 -9999 -9999 -9999 -9999 -9999 -9999 -9999 -9999 -9999 -9999 -9999 -9999 -9999 -9999 -9999 -9999 -9999 67 81 81 87 74 73 95 82 56 56 48 94 51 39 42 30 55 57 72 79 82 78 77 83 85 88 89 96 97 129 125 67 50 58 151 151 151 151 151 151 151 151 151 73 73 73 73 93 93 93 93 93 133 133 133 133 133 133 133 133 133 133 133 133 133 133 133 133 133
-9999 -9999 -9999 -9999 -9999 -9999 -9999 -9999 -9999 -9999 -9999 -9999 -9999 -9999 -9999 -9999 -9999 -9999 -9999 -9999 -9999 68 64 84 64 71 51 82 73 63 61 101 67 34 17 39 49 55 40 63 83 65 80 86 93 104 118 108 112 136 131 93 77 71 72 151 151 151 151 151 151 151 151 88 88 88 -9999 93 93 93 93 93 133 133 133 133 133 133 133 133 133 133 133 133 133 133 133 133 133
-9999 -9999 -9999 -9999 -9999 -9999 -9999 -9999 -9999 -9999 -9999 -9999 -9999 -9999 -9999 -9999 -9999 -9999 -9999 -9999 -9999 47 66 66 62 66 63 88 89 43 41 30 105 78 57 77 63 51 64 43 108 60 129 129 102 92 94 94 105 93 60 83 108 85 80 73 151 151 151 151 151 151 151 88 88 88 93 93 93 93 93 133 133 133 133 133 133 133 133 133 133 133 133 133 133 133 133 133 133
-9999 -9999 -9999 -9999 -9999 -9999 -9999 -9999 -9999 -9999 -9999 -9999 -9999 -9999 -9999 -9999 -9999 -9999 -9999 -9999 -9999 70 50 36 25 48 62 65 89 77 76 63 44 100 97 64 55 55 37 46 68 118 128 99 46 48 92 80 92 93 87 63 92 66 59 47 26 151 151 88 88 88 88 88 88 -9999 93 93 93 93 133 133 133 133 133 133 133 133 133 133 133 133 133 133 133 133 133 133 133
-9999 -9999 -9999 -9999 -9999 -9999 -9999 -9999 -9999 -9999 -9999 -9999 -9999 -9999 -9999 -9999 -9999 -9999 -9999 -9999 -9999 -9999 25 63 36 55 60 61 36 42 55 40 61 100 103 53 63 73 56 60 62 61 45 47 47 47 60 79 91 101 81 65 78 39 13 17 18 88 88 88 88 88 88 88 88 -9999 93 93 93 93 133 133 133 133 133 133 133 133 133 133 133 133 133 133 133 133 133 133 133
-9999 -9999 -9999 -9999 -9999 -9999 -9999 -9999 -9999 -9999 -9999 -9999 -9999 -9999 -9999 -9999 -9999 -9999 -9999 -9999 -9999 -9999 46 57 48 49 12 11 66 68 66 66 82 71 52 66 53 65 56 40 53 26 47 39 37 45 49 62 81 82 72 84 63 19 18 18 21 21 88 88 88 88 88 88 88 93 93 93 93 133 133 93 93 93 93 93 133 133 133 133 133 133 133 133 133 133 133 133 133
-9999 -9999 -9999 -9999 -9999 -9999 -9999 -9999 -9999 -9999 -9999 -9999 -9999 -9999 -9999 -9999 -9999 -9999 -9999 -9999 -9999 -9999 49 57 37 66 65 66 74 60 73 67 55 59 71 72 39 62 55 25 41 48 54 47 46 56 73 78 77 74 74 49 24 11 10 18 21 20 7 88 88 88 88 88 88 93 93 93 93 133 93 93 93 93 93 93 93 133 133 133 133 133 133 133 133 133 133 133 133
-9999 -9999 -9999 -9999 -9999 -9999 -9999 -9999 -9999 -9999 -9999 -9999 -9999 -9999 -9999 -9999 -9999 -9999 -9999 -9999 -9999 -9999 -9999 50 56 42 59 60 64 43 72 45 44 32 72 75 63 49 58 40 29 37 111 102 106 86 50 50 48 27 25 23 20 19 9 4 8 8 44 128 128 88 88 88 -9999 93 93 93 93 93 93 93 93 93 93 93 93 133 133 133 133 133 133 133 133 133 133 133 133
-9999 -9999 -9999 -9999 -9999 -9999 -9999 -9999 -9999 -9999 -9999 -9999 -9999 -9999 -9999 -9999 -9999 -9999 -9999 -9999 -9999 -9999 55 56 44 55 62 66 64 63 57 66 57 57 73 75 39 47 77 39 64 92 37 95 79 41 5 5 6 7 6 19 18 17 4 5 7 8 128 128 128 11 11 88 -9999 93 93 93 93 93 156 93 93 93 93 93 93 133 133 133 133 133 133 133 133 133 133 133 133
-9999 -9999 -9999 -9999 -9999 -9999 -9999 -9999 -9999 -9999 -9999 -9999 -9999 -9999 -9999 -9999 -9999 -9999 -9999 -9999 -9999 42 41 45 48 41 44 46 40 57 58 51 58 56 72 74 52 73 66 75 48 55 219 45 133 11 6 7 4 19 19 18 18 19 18 7 7 8 128 128 128 11 11 11 11 156 156 156 93 93 156 93 93 93 93 93 93 133 133 133 133 133 133 133 133 133 133 133 133
-9999 -9999 -9999 -9999 -9999 -9999 -9999 -9999 -9999 -9999 -9999 -9999 -9999 -9999 -9999 -9999 -9999 -9999 -9999 -9999 -9999 20 20 49 55 84 64 145 33 81 28 50 58 55 74 72 65 70 69 71 69 82 104 145 12 12 7 8 19 19 20 19 7 17 7 7 6 19 128 128 11 11 11 11 11 -9999 156 156 156 156 156 93 93 93 93 93 93 133 133 133 133 133 133 133 133 133 133 133 133
-9999 -9999 -9999 -9999 -9999 -9999 -9999 -9999 -9999 -9999 -9999 -9999 -9999 -9999 -9999 -9999 -9999 -9999 -9999 -9999 34 23 21 207 217 149 57 205 131 34 77 39 46 29 32 35 75 50 32 31 33 24 23 11 13 8 8 19 19 7 7 6 6 7 17 17 10 128 128 128 11 11 11 11 -9999 63 -9999 -9999 156 156 156 93 93 93 93 93 93 93 133 133 133 133 133 133 133 133 133 133 133
