04_184A014/manty.asc
ncols 186
nrows 177
xllcorner 610464
yllcorner 6870672
cellsize 16
nodata_value -9999
[rows 78 to 116 of 177, columns 89 to 177 of 186]
64 64 64 38 38 38 74 74 74 39 39 11 39 39 39 39 -9999 -9999 -9999 -9999 -9999 -9999 -9999 -9999 -9999 -9999 -9999 -9999 -9999 -9999 -9999 -9999 -9999 -9999 -9999 -9999 -9999 -9999 -9999 -9999 -9999 -9999 -9999 -9999 -9999 -9999 -9999 -9999 -9999 -9999 -9999 -9999 -9999 -9999 -9999 -9999 -9999 -9999 -9999 -9999 -9999 -9999 -9999 -9999 -9999 -9999 -9999 -9999 -9999 -9999 -9999 -9999 -9999 2 2 2 2 -9999 -9999 -9999 -9999 -9999 -9999 -9999 -9999 -9999 -9999 -9999 -9999
117 64 64 38 38 74 74 74 74 39 39 39 39 39 39 -9999 -9999 -9999 -9999 -9999 -9999 -9999 -9999 -9999 -9999 -9999 -9999 -9999 -9999 -9999 -9999 -9999 -9999 -9999 -9999 -9999 -9999 -9999 -9999 -9999 -9999 -9999 -9999 -9999 -9999 -9999 -9999 -9999 -9999 -9999 -9999 -9999 -9999 -9999 -9999 -9999 -9999 -9999 -9999 -9999 -9999 -9999 -9999 -9999 -9999 -9999 -9999 -9999 -9999 -9999 -9999 -9999 -9999 2 2 2 1 -9999 -9999 -9999 -9999 -9999 -9999 -9999 -9999 -9999 -9999 -9999 -9999
117 117 64 74 74 74 74 74 74 74 74 39 39 39 39 -9999 -9999 -9999 -9999 -9999 -9999 -9999 -9999 -9999 -9999 -9999 -9999 -9999 -9999 -9999 -9999 -9999 -9999 -9999 -9999 -9999 -9999 -9999 -9999 -9999 -9999 -9999 -9999 -9999 -9999 -9999 14 14 14 -9999 -9999 -9999 -9999 -9999 -9999 -9999 -9999 -9999 -9999 -9999 -9999 -9999 -9999 -9999 -9999 -9999 -9999 -9999 -9999 -9999 -9999 -9999 2 2 1 1 1 1 -9999 -9999 -9999 -9999 -9999 -9999 -9999 -9999 -9999 -9999 -9999
117 117 117 74 74 117 117 117 117 74 74 39 39 39 39 -9999 -9999 -9999 -9999 -9999 -9999 -9999 -9999 -9999 -9999 -9999 -9999 -9999 -9999 -9999 -9999 -9999 -9999 -9999 -9999 -9999 -9999 -9999 -9999 86 95 -9999 -9999 -9999 -9999 -9999 14 14 14 -9999 -9999 -9999 -9999 -9999 -9999 -9999 -9999 -9999 -9999 -9999 -9999 -9999 -9999 -9999 -9999 -9999 -9999 -9999 -9999 -9999 -9999 -9999 -9999 1 1 1 1 1 1 -9999 -9999 -9999 -9999 -9999 -9999 -9999 -9999 -9999 -9999
117 117 117 74 74 117 117 117 117 117 39 39 39 39 39 0 -9999 -9999 -9999 -9999 -9999 -9999 -9999 -9999 -9999 -9999 -9999 -9999 -9999 -9999 -9999 -9999 -9999 -9999 -9999 -9999 -9999 -9999 -9999 68 210 -9999 -9999 -9999 -9999 14 14 14 14 14 -9999 -9999 -9999 -9999 -9999 -9999 -9999 -9999 -9999 -9999 -9999 -9999 -9999 -9999 -9999 -9999 -9999 -9999 -9999 -9999 -9999 -9999 -9999 1 1 1 1 1 1 -9999 -9999 -9999 -9999 -9999 -9999 -9999 -9999 -9999 -9999
117 117 117 117 117 117 117 117 117 117 117 39 39 39 39 0 -9999 -9999 -9999 -9999 -9999 -9999 -9999 -9999 -9999 -9999 -9999 -9999 -9999 -9999 -9999 -9999 -9999 -9999 -9999 -9999 -9999 -9999 -9999 -9999 -9999 -9999 -9999 -9999 -9999 -9999 14 14 14 14 14 -9999 -9999 -9999 -9999 -9999 14 14 14 14 14 14 14 -9999 -9999 -9999 -9999 -9999 -9999 -9999 -9999 -9999 -9999 1 1 1 1 1 1 1 -9999 -9999 -9999 -9999 -9999 -9999 -9999 -9999 -9999
117 117 117 117 117 117 117 117 117 117 117 39 39 39 39 0 0 -9999 -9999 -9999 -9999 -9999 -9999 -9999 -9999 -9999 -9999 -9999 -9999 -9999 -9999 -9999 -9999 -9999 -9999 -9999 -9999 -9999 -9999 -9999 -9999 -9999 -9999 -9999 -9999 -9999 -9999 14 14 14 14 14 -9999 14 -9999 -9999 -9999 -9999 -9999 14 14 14 14 14 14 -9999 -9999 -9999 -9999 -9999 10 38 38 38 38 1 1 1 1 1 -9999 -9999 -9999 -9999 -9999 -9999 -9999 -9999 -9999
117 117 117 117 117 117 117 117 117 117 117 124 124 124 39 0 0 -9999 -9999 -9999 -9999 -9999 -9999 -9999 -9999 -9999 -9999 -9999 -9999 -9999 -9999 -9999 -9999 -9999 -9999 -9999 -9999 -9999 -9999 -9999 -9999 -9999 -9999 -9999 -9999 -9999 -9999 -9999 14 14 14 14 14 14 11 11 11 11 11 11 14 14 14 14 14 226 25 26 25 58 38 38 38 38 38 106 55 24 1 1 -9999 -9999 -9999 -9999 -9999 -9999 -9999 -9999 -9999
117 117 117 117 117 117 117 117 117 117 117 124 124 124 124 39 0 0 -9999 -9999 -9999 -9999 -9999 -9999 -9999 -9999 -9999 -9999 -9999 -9999 -9999 -9999 -9999 -9999 -9999 -9999 -9999 -9999 -9999 -9999 -9999 -9999 -9999 -9999 -9999 -9999 -9999 -9999 14 14 14 14 14 14 11 11 11 11 11 11 11 14 14 14 14 14 14 38 38 38 38 38 38 38 107 66 67 37 35 40 1 -9999 -9999 -9999 -9999 -9999 -9999 -9999 -9999
117 117 117 117 117 117 117 117 117 117 117 124 124 124 124 124 124 0 -9999 -9999 -9999 -9999 -9999 -9999 -9999 -9999 -9999 -9999 -9999 -9999 -9999 -9999 -9999 -9999 -9999 -9999 -9999 -9999 -9999 -9999 -9999 -9999 -9999 -9999 -9999 -9999 -9999 -9999 14 14 14 14 14 14 11 11 11 11 11 11 11 11 11 14 14 14 14 14 14 14 14 14 14 127 116 3 7 37 19 31 64 -9999 -9999 -9999 -9999 -9999 -9999 -9999 -9999
117 117 117 117 117 117 117 117 117 117 117 117 124 124 124 124 124 124 0 -9999 -9999 -9999 -9999 -9999 -9999 -9999 -9999 -9999 -9999 -9999 -9999 -9999 -9999 -9999 -9999 -9999 -9999 -9999 -9999 -9999 -9999 -9999 -9999 -9999 -9999 -9999 -9999 -9999 -9999 14 14 9 9 9 9 9 11 11 11 11 11 11 11 11 14 14 14 14 14 14 14 14 14 14 -9999 -9999 2 0 1 1 37 -9999 -9999 -9999 -9999 -9999 -9999 -9999 -9999
117 117 117 117 117 117 117 117 117 117 117 117 124 124 124 124 124 124 124 0 -9999 -9999 -9999 -9999 -9999 -9999 -9999 -9999 -9999 -9999 -9999 -9999 -9999 -9999 -9999 -9999 -9999 -9999 -9999 -9999 -9999 -9999 -9999 -9999 -9999 -9999 -9999 -9999 -9999 -9999 -9999 -9999 9 9 9 9 9 11 11 11 11 11 11 11 11 14 14 14 14 14 14 14 14 14 21 21 21 21 1 1 1 -9999 -9999 -9999 -9999 -9999 -9999 -9999 -9999
117 117 117 117 117 117 117 117 117 117 117 117 124 124 124 124 124 124 124 124 -9999 -9999 -9999 -9999 -9999 -9999 -9999 -9999 -9999 -9999 -9999 -9999 -9999 -9999 -9999 -9999 -9999 -9999 -9999 -9999 -9999 -9999 -9999 -9999 -9999 -9999 -9999 -9999 -9999 -9999 -9999 -9999 -9999 -9999 -9999 9 9 9 9 11 9 9 11 11 11 11 14 14 14 14 14 14 14 14 21 21 21 21 21 0 -9999 -9999 -9999 -9999 -9999 -9999 -9999 -9999 -9999
117 117 117 117 117 117 117 117 117 117 117 117 144 124 124 124 124 124 124 124 0 -9999 -9999 -9999 -9999 -9999 -9999 -9999 -9999 -9999 -9999 -9999 -9999 -9999 -9999 -9999 -9999 -9999 -9999 -9999 -9999 -9999 -9999 -9999 -9999 -9999 -9999 -9999 -9999 -9999 -9999 -9999 -9999 -9999 -9999 -9999 -9999 9 9 9 9 9 9 9 11 11 9 9 14 14 14 14 14 14 21 21 21 21 21 -9999 -9999 -9999 -9999 -9999 -9999 -9999 -9999 -9999 -9999
117 117 117 117 117 117 117 117 117 117 117 117 144 124 124 124 124 124 124 124 0 -9999 -9999 -9999 -9999 -9999 -9999 -9999 -9999 -9999 -9999 -9999 -9999 -9999 -9999 -9999 -9999 -9999 -9999 -9999 -9999 -9999 -9999 -9999 -9999 -9999 -9999 -9999 -9999 -9999 -9999 -9999 -9999 -9999 -9999 -9999 -9999 -9999 -9999 -9999 9 9 9 9 9 9 9 9 14 14 14 14 14 14 21 21 21 21 -9999 -9999 -9999 -9999 -9999 -9999 -9999 -9999 -9999 -9999 -9999
117 117 117 117 117 117 117 117 -9999 117 117 144 144 144 144 124 124 124 124 124 124 0 -9999 -9999 -9999 -9999 -9999 -9999 -9999 -9999 -9999 -9999 -9999 -9999 -9999 -9999 -9999 -9999 -9999 -9999 -9999 -9999 -9999 -9999 -9999 -9999 -9999 -9999 -9999 -9999 -9999 -9999 -9999 -9999 -9999 -9999 -9999 -9999 -9999 -9999 -9999 -9999 9 9 9 9 9 9 14 14 14 14 14 14 21 21 21 -9999 -9999 -9999 -9999 -9999 -9999 -9999 -9999 -9999 -9999 -9999 -9999
117 117 117 117 117 117 117 151 151 151 117 144 144 144 144 144 144 124 124 124 124 -9999 0 -9999 -9999 -9999 -9999 -9999 -9999 -9999 -9999 -9999 -9999 -9999 -9999 -9999 -9999 -9999 -9999 -9999 -9999 -9999 -9999 -9999 -9999 -9999 -9999 -9999 -9999 -9999 -9999 -9999 -9999 -9999 -9999 -9999 -9999 -9999 -9999 -9999 -9999 -9999 -9999 -9999 -9999 9 9 9 9 -9999 21 21 21 21 21 21 21 -9999 -9999 -9999 -9999 -9999 -9999 -9999 -9999 -9999 -9999 -9999 -9999
117 117 117 117 151 151 151 151 151 151 151 144 144 144 144 144 144 124 124 124 124 14 14 -9999 -9999 -9999 -9999 -9999 -9999 -9999 -9999 -9999 -9999 -9999 -9999 -9999 -9999 -9999 -9999 -9999 -9999 -9999 -9999 -9999 -9999 -9999 -9999 -9999 -9999 -9999 -9999 -9999 -9999 -9999 -9999 -9999 -9999 -9999 -9999 -9999 -9999 -9999 -9999 -9999 -9999 9 9 9 9 20 21 21 21 21 21 21 21 21 -9999 -9999 -9999 -9999 -9999 -9999 -9999 -9999 -9999 -9999 -9999
133 133 133 151 151 151 151 151 151 151 151 151 144 151 144 144 124 124 124 124 124 14 -9999 93 117 -9999 -9999 -9999 -9999 -9999 -9999 -9999 -9999 -9999 -9999 -9999 -9999 -9999 -9999 -9999 -9999 -9999 -9999 -9999 -9999 -9999 -9999 -9999 -9999 -9999 -9999 -9999 -9999 -9999 -9999 -9999 -9999 -9999 -9999 -9999 -9999 -9999 -9999 -9999 -9999 9 9 24 47 96 81 60 43 21 21 21 21 21 -9999 -9999 -9999 -9999 -9999 -9999 -9999 -9999 -9999 -9999 -9999
133 133 133 151 151 151 151 151 151 151 151 151 151 151 151 151 151 124 124 124 14 127 -9999 -9999 84 -9999 -9999 -9999 -9999 -9999 -9999 -9999 -9999 -9999 -9999 -9999 -9999 -9999 -9999 -9999 -9999 -9999 -9999 -9999 -9999 -9999 -9999 -9999 -9999 -9999 -9999 -9999 -9999 -9999 -9999 -9999 -9999 -9999 -9999 -9999 -9999 -9999 -9999 -9999 -9999 -9999 44 47 45 71 105 59 16 -9999 -9999 -9999 -9999 -9999 2 -9999 -9999 -9999 -9999 -9999 -9999 -9999 -9999 -9999 -9999
133 133 133 151 151 151 151 151 151 151 151 151 151 151 151 151 151 151 151 14 14 14 132 -9999 84 -9999 -9999 -9999 -9999 -9999 -9999 -9999 -9999 -9999 -9999 -9999 -9999 -9999 -9999 -9999 -9999 -9999 -9999 -9999 -9999 -9999 -9999 -9999 -9999 -9999 -9999 -9999 -9999 -9999 -9999 -9999 -9999 -9999 -9999 -9999 -9999 -9999 -9999 -9999 -9999 14 41 40 69 31 69 115 118 118 118 118 118 118 118 -9999 -9999 -9999 -9999 -9999 -9999 -9999 -9999 -9999 -9999
133 133 133 151 151 151 151 151 151 151 151 151 151 151 151 151 151 151 151 14 14 14 14 -9999 84 -9999 -9999 -9999 -9999 -9999 -9999 -9999 -9999 -9999 -9999 -9999 -9999 -9999 -9999 -9999 -9999 -9999 -9999 -9999 -9999 -9999 -9999 -9999 -9999 -9999 -9999 -9999 -9999 -9999 -9999 -9999 -9999 -9999 -9999 -9999 -9999 -9999 -9999 -9999 -9999 -9999 28 45 47 37 36 118 118 118 118 118 118 118 118 -9999 -9999 -9999 -9999 -9999 -9999 -9999 -9999 -9999 -9999
133 133 133 133 133 133 151 151 151 151 151 151 151 151 151 151 151 151 151 151 151 14 14 14 -9999 84 84 -9999 -9999 -9999 -9999 -9999 -9999 -9999 -9999 -9999 -9999 -9999 -9999 -9999 -9999 -9999 -9999 -9999 -9999 -9999 -9999 -9999 -9999 70 32 17 -9999 -9999 -9999 -9999 -9999 -9999 -9999 -9999 -9999 -9999 -9999 -9999 -9999 -9999 -9999 -9999 -9999 86 118 118 118 118 118 118 118 118 118 118 -9999 -9999 -9999 -9999 -9999 -9999 -9999 -9999 -9999
133 133 133 133 133 133 133 151 151 151 151 151 151 151 151 151 151 151 151 151 151 14 14 14 14 -9999 -9999 84 84 -9999 -9999 -9999 -9999 -9999 -9999 -9999 -9999 -9999 -9999 -9999 -9999 -9999 -9999 -9999 -9999 -9999 -9999 -9999 -9999 -9999 -9999 -9999 -9999 -9999 -9999 -9999 -9999 -9999 -9999 -9999 -9999 -9999 -9999 -9999 -9999 -9999 157 157 157 118 118 118 118 118 118 118 118 118 118 118 -9999 -9999 -9999 -9999 -9999 -9999 -9999 -9999 -9999
133 133 133 133 133 133 133 133 133 151 151 151 151 151 151 151 151 151 151 151 151 14 14 14 14 14 14 -9999 84 -9999 -9999 -9999 -9999 -9999 -9999 -9999 -9999 -9999 -9999 -9999 -9999 -9999 -9999 -9999 -9999 -9999 -9999 -9999 -9999 -9999 -9999 -9999 -9999 -9999 -9999 -9999 -9999 -9999 -9999 -9999 -9999 -9999 -9999 -9999 -9999 -9999 157 157 118 118 118 118 118 118 118 118 118 118 118 118 -9999 -9999 -9999 -9999 -9999 -9999 -9999 -9999 -9999
133 133 133 133 133 133 133 133 133 133 133 133 133 151 151 151 151 151 151 151 151 14 14 14 14 14 14 14 62 84 -9999 -9999 -9999 -9999 -9999 -9999 -9999 -9999 -9999 -9999 -9999 -9999 -9999 -9999 -9999 -9999 -9999 -9999 -9999 -9999 -9999 -9999 -9999 -9999 -9999 -9999 -9999 -9999 -9999 -9999 -9999 -9999 -9999 -9999 -9999 -9999 118 118 118 118 118 118 118 118 118 118 118 118 118 118 -9999 -9999 -9999 -9999 -9999 -9999 -9999 -9999 -9999
133 133 133 133 133 133 133 133 133 133 133 133 133 133 151 151 151 151 151 151 151 14 14 14 14 14 14 14 62 -9999 84 84 -9999 -9999 -9999 -9999 -9999 -9999 -9999 -9999 -9999 -9999 -9999 -9999 -9999 -9999 -9999 -9999 -9999 -9999 -9999 -9999 -9999 -9999 -9999 -9999 -9999 -9999 -9999 157 157 157 157 -9999 -9999 157 118 118 118 118 118 118 118 118 118 118 118 118 118 118 -9999 -9999 -9999 -9999 -9999 -9999 -9999 -9999 -9999
133 133 133 133 133 133 133 133 133 133 133 133 133 133 133 151 151 151 151 151 14 14 14 14 14 14 14 14 62 62 -9999 84 -9999 -9999 -9999 -9999 -9999 -9999 -9999 -9999 -9999 -9999 -9999 -9999 -9999 -9999 -9999 -9999 -9999 -9999 -9999 -9999 -9999 -9999 -9999 -9999 -9999 -9999 -9999 157 157 157 157 157 157 118 118 118 118 118 118 118 118 118 118 118 118 118 118 118 118 -9999 -9999 -9999 -9999 -9999 -9999 -9999 -9999
133 133 133 133 133 133 133 133 133 133 133 133 133 133 133 133 151 151 151 151 14 14 14 14 14 14 14 14 62 62 112 84 84 -9999 -9999 -9999 -9999 -9999 -9999 -9999 -9999 -9999 -9999 -9999 -9999 -9999 -9999 -9999 -9999 -9999 -9999 -9999 -9999 -9999 -9999 -9999 -9999 -9999 -9999 -9999 157 157 157 157 157 118 118 118 118 118 118 118 118 118 118 118 118 118 118 118 118 -9999 -9999 -9999 -9999 -9999 -9999 -9999 -9999
133 133 133 133 133 133 133 133 133 133 133 133 133 133 133 133 133 133 133 133 151 151 151 151 151 62 62 62 62 112 112 -9999 84 84 -9999 -9999 -9999 -9999 -9999 -9999 -9999 -9999 -9999 -9999 -9999 -9999 -9999 -9999 -9999 -9999 -9999 -9999 -9999 -9999 -9999 -9999 -9999 -9999 -9999 -9999 -9999 -9999 157 157 157 118 118 118 118 118 118 118 118 118 118 118 118 118 118 118 118 -9999 -9999 -9999 -9999 -9999 -9999 -9999 -9999
133 133 133 133 133 133 133 133 133 133 133 133 133 133 133 133 133 133 133 133 133 133 133 151 62 62 62 62 62 112 112 112 84 84 84 84 84 84 143 -9999 -9999 -9999 -9999 -9999 -9999 -9999 -9999 -9999 -9999 -9999 -9999 -9999 -9999 -9999 -9999 -9999 -9999 -9999 -9999 -9999 -9999 -9999 -9999 157 157 6 6 6 6 6 118 118 118 118 118 118 118 118 118 118 118 118 -9999 -9999 -9999 -9999 -9999 -9999 -9999
133 133 133 133 133 133 133 133 133 133 133 133 133 133 133 133 133 133 133 133 133 133 133 133 133 62 112 112 112 112 112 112 -9999 84 84 84 143 143 143 143 143 -9999 -9999 -9999 -9999 -9999 -9999 -9999 -9999 -9999 -9999 -9999 -9999 -9999 -9999 -9999 -9999 -9999 -9999 -9999 -9999 -9999 -9999 -9999 76 76 6 6 6 6 118 118 118 118 118 118 118 118 118 118 118 172 -9999 -9999 -9999 -9999 -9999 -9999 -9999
133 133 133 133 133 133 133 133 133 133 133 133 133 133 133 133 133 133 133 133 133 133 133 133 133 112 112 112 112 112 112 112 -9999 84 84 84 143 143 143 143 143 143 143 -9999 -9999 -9999 -9999 -9999 -9999 -9999 -9999 -9999 -9999 -9999 -9999 -9999 -9999 -9999 -9999 -9999 -9999 -9999 -9999 -9999 76 76 6 6 6 6 118 118 118 118 118 118 118 118 118 118 172 172 -9999 -9999 -9999 -9999 -9999 -9999 -9999
133 133 133 133 133 133 133 133 133 133 133 133 133 133 133 133 133 133 133 133 133 133 133 133 112 112 112 112 112 112 112 112 -9999 84 84 84 143 143 143 143 143 143 143 0 0 -9999 -9999 -9999 -9999 -9999 -9999 -9999 -9999 -9999 -9999 -9999 -9999 -9999 -9999 -9999 -9999 -9999 -9999 -9999 76 76 6 6 6 6 118 118 118 118 118 118 118 118 118 118 172 172 -9999 172 -9999 -9999 -9999 -9999 -9999
133 133 133 133 133 133 133 133 82 133 133 133 133 133 133 133 133 133 133 133 133 133 133 112 112 112 112 112 112 112 112 112 84 84 84 84 143 143 143 143 143 143 0 0 0 0 -9999 -9999 -9999 -9999 -9999 -9999 -9999 -9999 -9999 -9999 -9999 -9999 -9999 -9999 -9999 -9999 -9999 -9999 76 76 6 118 118 118 118 118 118 118 118 118 118 118 118 118 43 43 43 -9999 -9999 -9999 -9999 -9999 -9999
133 133 133 133 133 133 133 82 82 82 133 133 133 133 133 133 133 133 133 133 133 133 133 112 112 133 112 112 112 112 112 112 -9999 84 84 143 143 143 143 143 143 0 0 0 0 0 0 0 -9999 -9999 -9999 -9999 -9999 -9999 -9999 -9999 -9999 -9999 -9999 -9999 -9999 -9999 -9999 157 157 157 157 157 157 118 118 118 118 118 118 118 118 118 118 118 43 43 43 -9999 -9999 -9999 -9999 -9999 -9999
133 133 133 133 133 133 82 82 82 82 82 82 133 80 157 133 133 133 133 133 133 133 133 133 133 133 133 133 133 112 112 112 -9999 143 143 143 143 143 143 143 0 0 0 0 0 0 0 113 113 113 -9999 -9999 -9999 -9999 -9999 0 -9999 -9999 -9999 -9999 -9999 -9999 157 157 157 157 157 157 157 157 157 118 118 118 118 118 118 118 118 22 43 43 43 43 -9999 -9999 -9999 -9999 -9999
133 133 133 133 82 82 82 82 82 82 82 82 133 142 171 133 133 133 133 133 133 133 133 133 133 133 133 133 133 133 133 112 -9999 143 143 143 143 143 143 0 0 0 0 0 0 0 0 113 113 113 113 -9999 -9999 -9999 -9999 0 0 -9999 -9999 -9999 157 157 157 157 157 157 157 157 157 157 157 118 118 118 118 118 118 118 118 22 22 43 43 43 43 43 -9999 -9999 -9999
133 133 133 133 82 82 82 18 18 18 82 82 82 157 228 133 133 133 133 133 133 133 133 133 133 133 133 133 133 133 133 133 -9999 143 143 143 143 143 0 0 0 0 0 0 0 0 113 113 113 113 113 113 113 0 -9999 -9999 0 -9999 -9999 157 157 157 157 157 157 157 157 157 157 157 157 118 118 118 118 118 118 118 22 22 22 43 43 43 43 43 43 43 43
