04_184A014/muulp.asc
ncols 186
nrows 177
xllcorner 610464
yllcorner 6870672
cellsize 16
nodata_value -9999
[rows 123 to 163 of 177, columns 0 to 92 of 186]
-9999 -9999 -9999 -9999 -9999 -9999 -9999 -9999 -9999 -9999 -9999 -9999 -9999 -9999 -9999 -9999 -9999 -9999 0 0 3 3 0 0 2 -9999 3 0 0 0 3 3 0 0 0 0 2 2 1 3 2 3 0 0 0 0 12 12 32 13 0 -9999 0 2 0 0 0 0 0 57 57 123 123 30 30 30 30 30 25 25 7 7 25 25 25 25 25 25 -9999 13 9 0 37 39 13 13 13 13 13 13 13 19 19
-9999 -9999 -9999 -9999 -9999 -9999 -9999 -9999 -9999 -9999 -9999 -9999 -9999 -9999 -9999 -9999 -9999 2 2 0 0 3 0 0 1 -9999 7 3 0 0 0 0 0 0 0 0 0 0 0 0 0 0 0 6 3 0 0 14 14 14 14 14 14 0 0 0 0 0 0 57 57 57 57 123 123 123 30 123 123 7 7 7 25 25 25 25 25 25 25 -9999 16 25 22 20 9 0 0 36 -9999 19 19 19 19
-9999 -9999 -9999 -9999 -9999 -9999 -9999 -9999 -9999 -9999 -9999 -9999 -9999 -9999 -9999 -9999 0 2 2 2 2 0 0 0 0 -9999 2 0 0 3 0 11 0 0 0 0 0 0 0 0 0 0 0 0 0 0 0 8 14 14 14 14 14 14 0 2 0 0 0 0 0 57 57 57 123 123 123 123 123 7 7 7 25 25 25 25 25 25 25 25 25 -9999 17 12 3 0 0 0 0 33 19 19 19
-9999 -9999 -9999 -9999 -9999 -9999 -9999 -9999 -9999 -9999 -9999 -9999 -9999 -9999 -9999 0 0 0 0 2 2 2 0 0 0 -9999 2 0 1 0 0 0 8 0 2 2 0 0 0 0 0 0 0 0 0 0 43 43 14 14 14 14 14 14 14 0 2 0 0 0 0 3 57 57 57 57 123 57 7 7 7 7 7 7 7 25 25 25 25 25 25 25 -9999 -9999 0 2 1 0 -9999 33 0 19 19
-9999 -9999 -9999 -9999 -9999 -9999 -9999 -9999 -9999 -9999 -9999 -9999 -9999 -9999 0 0 0 0 0 2 2 2 2 2 2 -9999 1 0 0 0 0 0 0 0 7 8 12 7 0 0 0 0 0 0 43 43 43 43 14 14 14 14 14 14 14 14 0 0 0 0 0 0 57 57 57 57 57 57 7 7 7 7 7 7 7 25 25 25 25 25 25 25 25 25 -9999 3 14 3 -9999 -9999 6 -9999 19
-9999 -9999 -9999 -9999 -9999 -9999 -9999 -9999 -9999 -9999 -9999 -9999 -9999 -9999 0 0 0 0 0 2 2 0 2 3 2 0 0 0 0 0 2 2 2 13 12 12 13 11 0 0 0 0 43 43 43 43 43 43 14 14 14 14 14 14 14 14 14 14 0 0 0 0 0 57 57 57 57 7 7 7 7 7 7 7 40 40 25 25 25 25 25 25 25 25 25 25 -9999 19 -9999 -9999 -9999 -9999 19
-9999 -9999 -9999 -9999 -9999 -9999 -9999 -9999 -9999 -9999 -9999 -9999 -9999 0 0 0 0 0 2 2 2 2 2 0 0 0 0 0 0 31 2 2 6 13 12 13 13 13 0 0 0 43 43 43 43 43 43 43 43 43 43 14 14 14 14 14 14 14 14 0 0 0 57 57 57 57 7 7 7 7 7 7 40 40 40 40 25 25 25 25 25 25 25 25 25 25 25 -9999 -9999 -9999 -9999 -9999 -9999
-9999 -9999 -9999 -9999 -9999 -9999 -9999 -9999 -9999 -9999 -9999 -9999 0 0 0 2 2 2 2 2 3 0 2 0 0 -9999 2 2 0 8 36 2 13 13 13 13 13 14 0 0 0 43 43 43 43 43 43 43 43 43 43 43 43 14 14 14 14 14 14 14 14 0 57 57 57 57 7 7 7 7 7 7 40 40 40 40 25 25 25 25 25 25 25 25 25 25 25 25 -9999 -9999 -9999 -9999 -9999
-9999 -9999 -9999 -9999 -9999 -9999 -9999 -9999 -9999 -9999 -9999 0 0 2 2 0 2 2 2 3 2 2 3 0 -9999 0 0 2 0 0 22 13 13 13 13 14 14 9 0 3 43 43 43 43 43 43 43 43 43 43 43 43 43 43 14 14 14 14 14 14 14 14 14 57 57 7 7 7 7 7 7 7 40 40 40 40 40 25 25 25 25 8 8 8 25 25 25 25 25 -9999 -9999 -9999 -9999
-9999 -9999 -9999 -9999 -9999 -9999 -9999 -9999 -9999 -9999 0 0 0 0 0 2 2 2 2 2 3 2 2 -9999 3 0 3 3 4 4 0 0 0 0 0 7 7 0 3 0 43 43 43 43 43 43 43 43 43 43 43 43 43 43 43 14 14 14 14 14 14 14 14 14 57 7 7 7 7 7 7 7 40 40 40 40 8 8 8 8 8 8 8 8 8 8 8 8 8 -9999 -9999 -9999 -9999
-9999 -9999 -9999 -9999 -9999 -9999 -9999 -9999 -9999 0 0 0 0 0 2 2 0 2 0 0 2 5 0 -9999 3 25 0 3 3 3 0 0 2 3 0 0 0 4 0 3 43 43 43 43 43 43 43 43 43 43 43 43 43 43 43 43 43 43 43 43 14 14 14 14 57 7 7 7 7 7 7 7 40 40 40 40 40 8 8 8 8 8 8 8 8 8 8 8 8 -9999 -9999 -9999 -9999
-9999 -9999 -9999 -9999 -9999 -9999 -9999 -9999 0 0 0 0 0 0 2 2 2 2 0 0 5 2 0 1 0 1 0 4 4 3 3 3 0 2 3 0 5 4 4 4 43 43 43 43 43 43 43 43 43 43 43 43 43 43 43 43 43 43 43 43 43 43 14 14 57 7 7 7 7 7 7 7 40 40 40 40 40 8 8 8 8 8 8 8 8 8 8 8 8 8 -9999 -9999 -9999
-9999 -9999 -9999 -9999 -9999 -9999 -9999 -9999 0 0 0 0 0 0 0 2 2 2 2 2 2 1 0 0 0 3 2 0 3 2 3 2 2 2 3 3 3 0 6 6 5 0 0 43 43 43 43 43 43 43 43 43 43 43 43 43 43 43 43 43 43 43 43 57 57 57 7 7 7 7 7 7 10 10 10 10 8 8 8 8 8 8 8 8 8 8 8 8 8 8 -9999 -9999 -9999
-9999 -9999 -9999 -9999 -9999 -9999 -9999 0 0 0 0 0 0 0 0 2 2 2 2 2 2 0 0 0 0 0 4 0 0 0 0 2 2 0 0 2 3 2 1 0 0 0 0 0 0 43 43 43 43 43 43 43 43 43 43 43 43 43 43 43 43 43 43 65 65 65 57 7 7 7 7 7 0 0 12 8 8 8 8 8 8 8 8 8 8 8 8 8 8 -9999 -9999 -9999 -9999
-9999 -9999 -9999 -9999 -9999 -9999 0 5 0 0 0 0 0 0 0 0 2 2 3 2 3 0 0 0 0 2 0 0 0 0 0 4 0 0 0 2 0 1 2 2 0 1 3 3 3 0 2 43 43 43 43 43 43 43 43 43 43 43 43 43 43 43 43 65 65 65 7 7 7 7 7 7 2 0 0 8 8 8 8 8 8 8 8 8 8 8 8 8 8 -9999 -9999 -9999 -9999
-9999 -9999 -9999 -9999 -9999 0 5 5 0 2 2 2 2 2 2 2 2 2 2 0 0 2 0 0 0 0 0 0 3 5 0 4 0 0 0 0 0 0 0 0 0 0 2 4 7 2 2 2 2 2 43 43 43 43 43 43 43 43 43 43 43 43 43 43 65 65 7 7 7 7 7 7 7 2 8 8 8 8 8 8 8 8 8 8 8 8 8 8 32 -9999 -9999 -9999 -9999
-9999 -9999 -9999 -9999 -9999 0 0 0 0 0 1 0 0 0 0 2 2 2 0 0 2 2 0 0 0 0 0 0 0 0 0 3 0 0 0 0 0 0 2 2 2 0 0 0 0 1 0 2 0 0 0 2 43 43 43 43 43 43 43 43 43 43 43 43 65 65 65 7 7 7 7 7 7 8 8 8 8 8 8 8 8 8 8 8 8 8 8 7 28 -9999 -9999 -9999 -9999
-9999 -9999 -9999 -9999 -9999 1 0 0 0 0 0 0 1 0 0 2 0 0 2 0 2 2 2 -9999 0 0 0 0 0 0 3 2 3 3 3 3 3 4 4 2 3 2 1 1 3 1 0 2 2 0 0 0 2 2 43 43 43 43 43 43 43 43 43 43 43 65 65 65 7 7 7 7 7 8 8 8 8 8 8 8 8 8 8 8 8 8 1 1 1 -9999 -9999 -9999 -9999
-9999 -9999 -9999 -9999 1 1 0 0 0 0 0 0 0 0 0 0 0 0 0 0 2 3 3 -9999 4 63 0 0 3 3 3 2 2 5 6 4 4 4 5 4 5 3 0 0 0 0 0 2 2 2 2 2 0 0 0 0 4 43 43 43 43 43 43 43 43 43 65 65 65 65 7 7 7 8 8 8 8 8 8 8 8 8 8 8 8 8 8 6 -9999 -9999 -9999 -9999 -9999
-9999 -9999 -9999 -9999 1 1 2 0 0 0 0 0 0 0 0 2 0 0 0 0 0 2 0 0 -9999 -9999 5 0 0 3 4 0 0 0 0 0 3 4 5 5 3 2 3 2 2 0 0 0 0 2 2 2 2 0 0 0 2 0 3 43 43 43 43 43 43 43 43 65 65 65 65 65 65 65 65 8 8 8 8 8 8 8 8 8 8 8 8 -9999 -9999 -9999 -9999 -9999 -9999
-9999 -9999 -9999 0 0 0 0 0 0 0 0 0 0 0 0 2 0 0 0 0 0 0 3 3 0 0 48 0 -9999 -9999 -9999 0 0 0 0 0 3 4 4 6 4 3 0 0 2 2 0 0 0 0 0 0 2 0 0 0 0 0 0 0 0 43 43 43 43 43 43 65 65 65 65 65 65 65 65 65 8 8 8 8 8 8 8 8 8 8 8 8 -9999 -9999 -9999 -9999 -9999
-9999 -9999 -9999 1 1 0 0 0 0 0 0 0 0 0 2 2 0 0 0 0 0 0 0 4 4 4 4 2 2 3 5 4 -9999 3 0 0 0 0 3 4 5 3 3 0 0 0 2 2 0 2 2 0 2 0 2 2 2 0 0 0 0 0 43 43 43 43 65 65 65 65 65 65 65 65 8 8 8 8 8 8 8 8 8 8 8 8 8 -9999 -9999 -9999 -9999 -9999 -9999
-9999 -9999 14 14 14 14 0 0 2 2 2 0 0 0 0 0 2 0 0 0 0 0 0 11 0 0 0 0 4 5 4 2 2 3 -9999 0 0 0 0 4 5 0 4 4 0 0 2 2 2 2 0 0 0 0 0 2 0 2 0 0 0 32 38 43 43 65 65 65 65 65 65 65 8 8 8 8 8 8 8 8 8 8 8 8 8 8 8 -9999 -9999 -9999 -9999 -9999 -9999
-9999 -9999 14 14 14 14 14 14 14 14 14 14 14 14 14 14 2 0 0 0 0 0 0 0 0 0 3 3 4 6 6 4 3 2 0 -9999 0 2 3 3 3 0 3 0 3 3 0 0 0 2 0 0 0 0 0 0 2 0 0 7 12 11 11 32 65 65 65 65 65 65 65 8 8 8 8 8 0 8 8 8 8 8 8 8 8 8 8 -9999 -9999 -9999 -9999 -9999 -9999
-9999 -9999 14 14 14 14 14 14 14 14 14 14 14 14 14 14 13 13 13 13 3 3 0 0 0 0 3 0 3 6 4 3 3 4 0 0 0 2 2 0 4 0 0 3 0 0 4 0 0 0 0 0 2 0 0 0 0 0 35 30 10 10 10 12 14 12 65 65 65 65 65 8 8 8 8 8 0 0 8 8 8 8 8 8 8 8 -9999 -9999 -9999 -9999 -9999 -9999 -9999
-9999 14 14 14 14 14 14 14 14 14 14 14 14 14 14 14 13 13 13 13 0 3 3 0 0 0 3 -9999 -9999 -9999 -9999 0 0 5 0 3 -9999 2 3 5 0 0 0 0 0 0 7 11 13 36 15 8 7 0 0 0 0 13 34 12 11 11 11 12 12 32 -9999 8 8 8 8 8 8 3 3 0 0 1 2 8 8 8 8 8 8 -9999 -9999 -9999 -9999 -9999 -9999 -9999 -9999
-9999 14 14 14 14 14 14 14 14 14 14 14 14 14 13 13 13 13 13 13 3 4 4 3 0 0 24 24 24 24 24 24 24 24 24 24 -9999 -9999 0 0 0 2 3 0 0 0 0 0 0 0 0 0 0 0 0 12 15 12 12 12 11 11 11 12 11 13 16 9 8 8 8 4 0 0 3 3 0 7 0 1 8 8 8 -9999 -9999 -9999 -9999 -9999 -9999 -9999 -9999 -9999 -9999
-9999 14 14 14 14 14 14 14 14 14 14 14 14 14 14 13 13 13 13 13 13 13 24 24 24 24 24 24 24 24 24 24 24 24 24 24 -9999 17 17 17 17 17 17 17 17 17 0 0 0 0 0 0 0 0 0 0 4 11 11 12 12 11 11 11 11 31 12 12 34 8 8 0 0 0 3 4 4 0 7 7 8 8 -9999 -9999 -9999 -9999 -9999 -9999 -9999 -9999 -9999 -9999 -9999
-9999 14 14 14 14 14 14 14 14 14 14 14 14 14 14 14 13 13 13 13 13 13 24 24 24 24 24 24 24 24 24 24 24 24 24 24 17 17 17 17 17 17 17 17 17 17 18 18 18 18 -9999 0 0 0 0 0 0 0 5 12 11 10 11 11 12 11 11 11 6 11 0 0 0 3 3 0 0 -9999 3 2 -9999 -9999 -9999 -9999 -9999 -9999 -9999 -9999 -9999 -9999 -9999 -9999 -9999
14 14 14 14 14 14 14 14 14 14 14 14 14 14 14 14 13 13 13 13 13 1 24 24 24 24 24 24 24 24 24 24 24 24 24 -9999 17 17 17 17 17 17 17 17 17 17 18 18 18 88 88 88 88 88 88 88 88 0 0 4 11 10 10 12 12 12 11 11 6 6 8 0 0 0 103 103 103 103 103 103 -9999 -9999 -9999 -9999 -9999 -9999 -9999 -9999 -9999 -9999 -9999 -9999 -9999
-9999 14 14 14 14 14 14 14 14 14 14 14 14 14 13 13 13 1 1 1 1 1 1 24 24 24 24 24 24 24 24 24 24 24 24 -9999 17 17 17 17 17 17 17 17 18 18 18 18 88 88 88 88 88 88 88 88 88 88 0 0 5 11 11 11 30 12 34 35 6 6 13 12 -9999 0 103 103 103 103 103 103 -9999 -9999 -9999 -9999 -9999 -9999 -9999 -9999 -9999 -9999 -9999 -9999 -9999
-9999 14 14 2 2 2 2 2 2 2 2 2 2 2 2 2 1 1 1 1 1 1 1 24 24 24 24 24 24 24 24 24 24 24 24 -9999 17 17 17 17 17 17 17 17 17 18 18 18 88 88 88 88 88 88 88 88 88 88 88 0 0 13 13 11 11 31 11 13 13 6 6 10 8 8 103 103 103 103 103 -9999 -9999 -9999 -9999 -9999 -9999 -9999 -9999 -9999 -9999 -9999 -9999 -9999 -9999
-9999 2 2 2 2 2 2 2 2 2 2 2 2 2 2 2 1 1 1 1 1 1 1 24 24 24 24 24 24 24 24 24 24 24 24 -9999 17 17 17 17 17 17 17 17 17 18 18 18 55 88 88 88 88 88 88 88 88 88 88 88 0 0 5 10 11 11 10 11 11 30 8 8 8 8 103 103 103 103 103 -9999 -9999 -9999 -9999 -9999 -9999 -9999 -9999 -9999 -9999 -9999 -9999 -9999 -9999
-9999 -9999 2 2 2 2 2 2 2 2 2 2 2 2 2 2 1 1 1 1 1 1 1 24 24 24 24 24 24 24 24 24 24 24 24 -9999 17 17 17 17 17 17 17 17 17 55 55 55 55 55 55 88 88 88 88 88 88 88 88 88 88 88 4 12 11 11 11 30 12 8 8 8 8 8 8 103 103 103 103 -9999 -9999 -9999 -9999 -9999 -9999 -9999 -9999 -9999 -9999 -9999 -9999 -9999 -9999
-9999 -9999 -9999 2 2 2 2 2 2 2 2 2 2 2 2 2 1 1 1 1 1 1 1 1 24 18 18 18 18 18 18 18 24 24 2 -9999 17 17 17 17 17 17 17 17 17 17 55 55 55 55 55 55 88 88 88 88 88 88 88 88 88 88 11 24 31 14 14 12 8 8 8 8 8 8 8 8 103 103 -9999 -9999 -9999 -9999 -9999 -9999 -9999 -9999 -9999 -9999 -9999 -9999 -9999 -9999 -9999
-9999 -9999 -9999 -9999 -9999 2 2 2 2 2 2 2 2 2 2 2 1 1 1 1 1 1 1 1 1 18 18 18 18 18 18 18 2 2 2 -9999 17 17 17 17 17 17 17 17 17 17 55 55 55 55 55 55 88 88 88 88 88 88 88 88 88 88 11 11 0 7 13 8 8 8 8 8 8 8 8 8 8 8 8 16 -9999 -9999 -9999 -9999 -9999 -9999 -9999 -9999 -9999 -9999 -9999 -9999 -9999
-9999 -9999 -9999 -9999 -9999 -9999 2 2 2 2 2 2 -9999 2 2 2 1 1 1 1 1 1 1 1 1 18 18 18 18 18 18 18 2 2 2 0 0 2 17 17 17 38 17 17 17 55 55 55 55 55 55 88 88 88 88 11 11 11 11 11 11 11 11 11 11 11 8 8 8 8 8 8 8 8 8 8 8 8 16 -9999 -9999 -9999 -9999 -9999 -9999 -9999 -9999 -9999 -9999 -9999 -9999 -9999 -9999
-9999 -9999 -9999 -9999 -9999 -9999 -9999 -9999 -9999 -9999 -9999 -9999 -9999 -9999 -9999 -9999 16 16 1 1 1 1 1 1 1 18 18 18 18 18 18 18 2 2 -9999 0 2 6 38 38 38 38 38 17 55 55 55 55 55 55 17 55 88 88 88 11 11 11 11 11 11 11 11 11 11 27 136 8 8 8 8 8 8 8 8 8 8 16 16 -9999 -9999 -9999 -9999 -9999 -9999 -9999 -9999 -9999 -9999 -9999 -9999 -9999 -9999
-9999 -9999 -9999 -9999 -9999 -9999 -9999 -9999 -9999 -9999 -9999 -9999 -9999 -9999 -9999 -9999 -9999 -9999 1 1 1 1 1 1 1 18 18 18 18 18 18 2 2 2 -9999 0 0 25 38 38 38 38 38 17 17 17 55 55 55 55 55 55 88 88 88 11 11 11 11 11 11 11 27 27 27 27 11 11 8 8 8 8 8 8 8 8 16 16 -9999 -9999 -9999 -9999 -9999 -9999 -9999 -9999 -9999 -9999 -9999 -9999 -9999 -9999 -9999
-9999 -9999 -9999 -9999 -9999 -9999 -9999 -9999 -9999 -9999 -9999 -9999 -9999 -9999 -9999 -9999 -9999 -9999 1 1 1 1 1 1 18 18 18 18 18 18 18 2 2 2 -9999 0 0 32 0 38 38 38 38 17 17 17 55 55 17 55 55 55 88 88 88 88 11 11 11 27 27 27 27 27 27 136 11 11 11 11 8 8 8 8 8 16 16 16 -9999 -9999 -9999 -9999 -9999 -9999 -9999 -9999 -9999 -9999 -9999 -9999 -9999 -9999 -9999
-9999 -9999 -9999 -9999 -9999 -9999 -9999 -9999 -9999 -9999 -9999 -9999 -9999 -9999 -9999 -9999 -9999 -9999 1 1 1 1 1 18 18 18 18 18 18 18 18 2 2 2 2 11 0 0 38 38 38 38 38 17 17 17 17 17 17 55 55 55 55 88 88 88 88 11 27 27 27 27 27 136 136 11 11 11 11 11 11 16 16 16 16 16 16 16 -9999 -9999 -9999 -9999 -9999 -9999 -9999 -9999 -9999 -9999 -9999 -9999 -9999 -9999 -9999
