04_184A014/muulp.asc
ncols 186
nrows 177
xllcorner 610464
yllcorner 6870672
cellsize 16
nodata_value -9999
[rows 82 to 122 of 177, columns 0 to 92 of 186]
-9999 -9999 -9999 -9999 -9999 -9999 -9999 -9999 -9999 -9999 -9999 -9999 -9999 -9999 -9999 -9999 -9999 -9999 -9999 -9999 -9999 -9999 -9999 -9999 -9999 -9999 -9999 -9999 -9999 -9999 8 0 0 0 0 0 0 0 3 5 5 5 3 3 4 11 11 11 107 107 107 107 107 107 107 107 107 16 16 16 16 16 16 16 16 16 16 16 16 16 16 16 16 16 16 16 16 16 16 16 16 16 16 16 16 16 16 16 16 16 16 16 20
-9999 -9999 -9999 -9999 -9999 -9999 -9999 -9999 -9999 -9999 -9999 -9999 -9999 -9999 -9999 -9999 -9999 -9999 -9999 -9999 -9999 -9999 -9999 -9999 -9999 -9999 -9999 -9999 -9999 7 7 0 0 0 0 0 0 0 0 4 6 4 3 3 3 35 35 35 107 107 107 107 107 107 107 107 107 107 107 16 16 16 16 16 16 16 16 16 16 16 16 16 16 16 16 16 16 16 16 16 16 16 16 16 16 16 16 16 16 16 16 16 16
-9999 -9999 -9999 -9999 -9999 -9999 -9999 -9999 -9999 -9999 -9999 -9999 -9999 -9999 -9999 -9999 -9999 -9999 -9999 -9999 -9999 -9999 -9999 -9999 -9999 -9999 -9999 2 2 0 0 0 0 0 0 0 0 0 0 0 3 4 3 3 35 35 35 4 4 4 107 107 107 107 107 107 107 107 107 16 16 16 16 16 16 16 16 16 16 16 16 16 16 16 16 16 16 16 16 16 16 16 16 16 16 16 16 16 16 16 16 16 16
-9999 -9999 -9999 -9999 -9999 -9999 -9999 -9999 -9999 -9999 -9999 -9999 -9999 -9999 -9999 -9999 -9999 -9999 -9999 -9999 -9999 -9999 -9999 -9999 -9999 -9999 6 11 8 0 0 0 0 0 0 0 0 0 0 0 3 3 3 3 35 35 35 4 4 4 4 107 107 107 4 4 4 4 4 107 16 16 16 16 16 16 16 16 16 16 16 16 16 16 16 16 16 16 16 16 16 16 16 16 16 16 16 16 16 16 16 16 16
-9999 -9999 -9999 -9999 -9999 -9999 -9999 -9999 -9999 -9999 -9999 -9999 -9999 -9999 -9999 -9999 -9999 -9999 -9999 -9999 -9999 -9999 -9999 -9999 -9999 24 6 11 8 0 0 0 0 0 0 0 0 0 3 0 0 3 3 0 35 35 35 4 4 4 4 107 107 4 4 4 4 4 4 4 107 16 1 16 16 16 16 16 16 16 16 16 16 16 16 16 16 16 16 16 16 16 16 16 16 16 16 16 16 16 16 16 16
-9999 -9999 -9999 -9999 -9999 -9999 -9999 -9999 -9999 -9999 -9999 -9999 -9999 -9999 -9999 -9999 -9999 -9999 -9999 -9999 -9999 -9999 0 6 3 24 10 11 8 0 0 0 0 0 0 0 0 0 3 3 0 3 3 0 35 35 35 4 4 4 4 4 4 4 4 4 4 4 4 4 49 -9999 -9999 1 1 16 16 16 16 16 16 16 16 16 16 16 16 16 16 16 16 16 16 16 16 16 16 16 16 16 16 16 16
-9999 -9999 -9999 -9999 -9999 -9999 -9999 -9999 -9999 -9999 -9999 -9999 -9999 -9999 -9999 -9999 -9999 -9999 -9999 -9999 -9999 -9999 0 0 3 3 0 7 0 0 0 0 0 0 0 0 0 0 3 0 0 3 0 2 35 35 35 4 4 4 4 4 4 4 4 4 4 4 4 4 49 49 -9999 1 1 1 16 16 16 16 16 16 16 16 16 16 16 16 16 16 16 16 16 16 16 16 16 16 16 16 16 16 16
-9999 -9999 -9999 -9999 -9999 -9999 -9999 -9999 -9999 -9999 -9999 -9999 -9999 -9999 -9999 -9999 -9999 -9999 -9999 -9999 -9999 -9999 22 3 3 3 2 7 0 0 0 0 0 0 0 0 0 0 3 0 3 4 0 2 35 35 35 4 4 4 4 4 4 4 4 4 4 4 4 4 49 49 49 49 -9999 1 1 1 16 16 16 16 16 16 16 16 16 16 16 16 16 16 16 16 16 16 16 16 16 16 16 16 16
-9999 -9999 -9999 -9999 -9999 -9999 -9999 -9999 -9999 -9999 -9999 -9999 -9999 -9999 -9999 -9999 -9999 -9999 -9999 -9999 -9999 11 3 3 3 2 0 0 0 0 0 0 0 0 0 0 0 0 3 3 3 3 3 -9999 35 35 35 35 4 4 4 4 4 4 4 4 4 4 4 49 49 49 49 49 49 -9999 1 1 1 16 16 16 16 16 16 16 16 16 16 16 16 16 16 16 16 16 16 16 16 16 16 16 16
-9999 -9999 -9999 -9999 -9999 -9999 -9999 -9999 -9999 -9999 -9999 -9999 -9999 -9999 -9999 -9999 -9999 -9999 -9999 -9999 -9999 8 0 2 3 2 0 0 0 0 0 0 0 0 0 0 0 3 0 0 0 0 0 0 35 35 35 35 35 93 93 93 4 4 4 4 4 4 4 49 49 49 49 49 49 49 -9999 1 1 1 16 16 16 16 16 16 16 16 16 16 16 16 16 16 16 16 16 16 16 16 16 16 16
-9999 -9999 -9999 -9999 -9999 -9999 -9999 -9999 -9999 -9999 -9999 -9999 -9999 -9999 -9999 -9999 -9999 -9999 -9999 -9999 -9999 6 7 0 0 7 0 0 0 0 0 0 0 0 0 0 0 0 0 0 0 0 0 0 0 35 0 35 35 0 0 93 93 4 93 4 4 4 4 4 49 49 49 49 49 49 49 -9999 1 1 1 1 1 16 16 16 16 16 16 16 16 16 16 16 16 16 16 16 16 16 16 16 16
-9999 -9999 -9999 -9999 -9999 -9999 -9999 -9999 -9999 -9999 -9999 -9999 -9999 -9999 -9999 -9999 -9999 -9999 -9999 -9999 -9999 0 0 0 0 0 0 0 0 0 0 0 0 0 0 0 0 0 0 0 0 0 0 0 0 0 0 0 0 0 0 0 0 0 93 93 93 93 93 49 49 49 49 49 49 49 49 49 -9999 1 1 1 1 1 16 16 16 16 16 16 16 16 16 16 16 16 16 16 16 16 16 16 16
-9999 -9999 -9999 -9999 -9999 -9999 -9999 -9999 -9999 -9999 -9999 -9999 -9999 -9999 -9999 -9999 -9999 -9999 -9999 -9999 -9999 8 7 0 0 0 0 0 0 0 0 0 0 0 0 0 0 0 0 0 0 0 0 0 0 0 0 0 0 0 0 0 0 0 0 93 93 93 93 49 49 49 49 49 49 49 49 49 49 -9999 1 1 1 1 1 16 16 16 16 16 16 16 16 16 16 16 16 16 16 16 16 16 16
-9999 -9999 -9999 -9999 -9999 -9999 -9999 -9999 -9999 -9999 -9999 -9999 -9999 -9999 -9999 -9999 -9999 -9999 -9999 -9999 -9999 8 7 0 0 0 0 0 0 0 0 0 0 8 7 0 0 0 0 0 0 0 0 0 3 3 3 0 0 0 0 2 2 0 0 0 11 49 49 49 49 49 49 49 49 49 49 49 49 49 -9999 1 1 1 1 1 16 16 16 16 16 16 16 16 16 16 16 16 16 16 16 16 30
-9999 -9999 -9999 -9999 -9999 -9999 -9999 -9999 -9999 -9999 -9999 -9999 -9999 -9999 -9999 -9999 -9999 -9999 -9999 -9999 -9999 8 0 0 0 0 0 0 0 0 0 0 0 8 8 0 0 0 0 0 0 0 0 0 0 3 3 3 0 0 2 2 2 2 0 0 0 49 49 49 49 49 49 49 49 49 49 49 49 49 -9999 1 1 1 1 1 23 16 16 16 16 16 16 16 16 16 16 16 16 23 23 30 30
-9999 -9999 -9999 -9999 -9999 -9999 -9999 -9999 -9999 -9999 -9999 -9999 -9999 -9999 -9999 -9999 -9999 -9999 -9999 -9999 -9999 7 0 0 0 0 0 0 0 0 0 0 7 8 0 0 0 0 0 0 0 0 0 0 0 3 3 0 0 0 0 2 0 0 0 0 0 49 49 49 49 49 49 49 49 49 49 49 49 49 49 1 1 1 1 23 23 16 16 16 16 16 16 16 16 16 23 23 23 23 23 30 30
-9999 -9999 -9999 -9999 -9999 -9999 -9999 -9999 -9999 -9999 -9999 -9999 -9999 -9999 -9999 -9999 -9999 -9999 -9999 -9999 -9999 0 0 0 0 0 0 0 0 0 0 0 0 0 0 0 0 3 0 3 0 0 0 0 0 0 3 0 0 0 0 2 2 0 0 0 0 0 49 49 49 49 49 49 49 49 49 49 49 49 49 1 1 1 23 23 23 23 23 23 16 16 16 23 23 23 23 23 23 23 23 30 30
-9999 -9999 -9999 -9999 -9999 -9999 -9999 -9999 -9999 -9999 -9999 -9999 -9999 -9999 -9999 -9999 -9999 -9999 -9999 -9999 -9999 0 0 0 0 0 0 0 0 0 0 0 0 0 0 2 3 3 0 0 3 0 0 0 0 0 3 3 3 3 3 0 0 2 0 0 0 0 49 49 49 49 49 49 49 49 49 49 49 49 49 -9999 1 23 23 23 23 23 23 23 23 23 23 23 23 23 23 23 23 23 23 30 30
-9999 -9999 -9999 -9999 -9999 -9999 -9999 -9999 -9999 -9999 -9999 -9999 -9999 -9999 -9999 -9999 -9999 -9999 -9999 -9999 -9999 0 0 0 0 0 0 0 0 0 0 3 0 3 2 3 4 3 0 0 0 0 3 3 0 3 3 4 4 3 3 0 0 0 2 0 0 0 0 49 49 49 49 49 49 49 49 49 49 49 49 -9999 23 23 23 23 23 23 23 23 23 23 23 23 23 23 23 23 23 23 23 23 23
-9999 -9999 -9999 -9999 -9999 -9999 -9999 -9999 -9999 -9999 -9999 -9999 -9999 -9999 -9999 -9999 -9999 -9999 -9999 -9999 0 0 0 0 0 3 3 3 2 2 2 5 3 2 3 4 4 3 3 3 3 3 3 3 0 3 3 4 3 3 0 0 0 0 0 0 0 0 0 0 49 49 49 49 49 49 49 49 49 49 49 -9999 23 23 23 23 23 23 23 23 23 23 23 23 23 23 23 23 23 23 23 23 23
-9999 -9999 -9999 -9999 -9999 -9999 -9999 -9999 -9999 -9999 -9999 -9999 -9999 -9999 -9999 -9999 -9999 -9999 -9999 -9999 0 0 0 3 0 4 4 0 0 0 2 3 3 3 3 4 4 3 0 3 3 3 3 3 0 3 1 1 3 3 0 0 0 0 0 2 0 0 0 0 0 49 49 49 49 49 49 49 49 49 -9999 64 64 23 23 23 23 23 23 23 23 23 23 23 23 23 23 23 23 23 23 23 23
-9999 -9999 -9999 -9999 -9999 -9999 -9999 -9999 -9999 -9999 -9999 -9999 -9999 -9999 -9999 -9999 -9999 -9999 -9999 -9999 -9999 0 0 3 0 5 13 2 0 0 2 3 3 5 3 3 3 3 0 0 3 3 4 3 3 4 4 4 5 3 0 0 0 0 0 0 2 0 0 0 0 0 49 49 49 49 49 49 49 -9999 64 64 23 23 23 23 23 23 23 23 23 23 23 23 23 23 23 23 23 23 23 23 23
-9999 -9999 -9999 -9999 -9999 -9999 -9999 -9999 -9999 -9999 -9999 -9999 -9999 -9999 -9999 -9999 -9999 -9999 -9999 -9999 0 0 0 2 1 12 12 0 2 3 0 2 6 3 0 3 3 3 0 3 3 4 4 3 3 4 4 5 5 4 3 1 2 0 0 0 0 0 0 0 0 0 49 49 49 49 49 49 -9999 64 64 23 23 23 23 23 23 23 23 23 23 23 23 23 23 23 23 23 23 23 23 23 23
-9999 -9999 -9999 -9999 -9999 -9999 -9999 -9999 -9999 -9999 -9999 -9999 -9999 -9999 -9999 -9999 -9999 -9999 -9999 -9999 0 0 0 0 0 0 3 3 2 2 3 2 2 0 0 0 4 4 0 3 3 4 4 4 4 5 5 4 5 4 3 5 2 2 0 0 0 0 0 0 0 0 51 49 49 49 49 64 64 64 64 64 23 23 23 23 23 23 23 23 23 23 23 23 23 23 23 23 23 23 23 23 23
-9999 -9999 -9999 -9999 -9999 -9999 -9999 -9999 -9999 -9999 -9999 -9999 -9999 -9999 -9999 -9999 -9999 -9999 -9999 -9999 -9999 0 0 0 0 0 0 0 0 0 2 3 6 3 0 0 4 4 3 3 4 4 5 4 4 5 5 5 5 4 3 3 0 0 0 0 0 0 0 0 0 0 51 51 51 51 -9999 64 64 64 64 64 23 23 23 23 23 23 23 23 23 23 23 23 23 23 23 23 23 23 23 23 23
-9999 -9999 -9999 -9999 -9999 -9999 -9999 -9999 -9999 -9999 -9999 -9999 -9999 -9999 -9999 -9999 -9999 -9999 -9999 -9999 -9999 0 0 0 0 0 0 0 0 0 0 0 5 3 2 0 3 2 2 3 4 3 4 4 3 3 4 3 4 3 0 0 0 0 0 0 0 0 51 51 51 51 51 51 51 51 64 64 64 64 64 23 23 23 23 23 23 23 23 23 23 23 23 23 23 23 23 23 23 23 23 23 23
-9999 -9999 -9999 -9999 -9999 -9999 -9999 -9999 -9999 -9999 -9999 -9999 -9999 -9999 -9999 -9999 -9999 -9999 -9999 -9999 -9999 0 2 0 0 2 0 0 0 0 0 2 2 0 4 0 0 0 3 3 5 3 3 3 2 2 3 3 3 3 0 0 0 0 0 0 6 51 51 51 51 51 51 51 51 -9999 64 64 64 64 23 23 23 23 23 23 23 23 23 23 23 23 23 23 23 23 23 23 23 23 23 23 23
-9999 -9999 -9999 -9999 -9999 -9999 -9999 -9999 -9999 -9999 -9999 -9999 -9999 -9999 -9999 -9999 -9999 -9999 -9999 -9999 -9999 -9999 0 0 2 3 3 3 2 0 2 3 0 2 2 0 0 0 3 3 2 0 2 2 2 2 0 0 3 3 0 2 0 0 12 14 13 51 51 51 51 51 51 51 51 -9999 64 64 64 64 23 23 23 23 23 23 23 23 23 23 23 23 23 23 23 23 23 23 23 23 23 23 23
-9999 -9999 -9999 -9999 -9999 -9999 -9999 -9999 -9999 -9999 -9999 -9999 -9999 -9999 -9999 -9999 -9999 -9999 -9999 -9999 -9999 -9999 2 2 2 2 0 0 0 0 0 0 0 0 0 0 0 0 2 2 2 0 2 2 2 0 2 0 0 0 0 0 0 7 13 14 13 13 51 51 51 51 51 51 51 64 64 64 64 23 23 64 64 64 64 64 23 23 23 23 23 23 23 23 23 23 23 23 23 23 23 23 23
-9999 -9999 -9999 -9999 -9999 -9999 -9999 -9999 -9999 -9999 -9999 -9999 -9999 -9999 -9999 -9999 -9999 -9999 -9999 -9999 -9999 -9999 2 3 2 0 0 0 0 0 0 0 0 0 0 0 0 0 2 0 2 2 2 2 2 2 0 0 0 0 0 0 7 7 12 14 13 13 24 51 51 51 51 51 51 64 64 64 64 23 64 64 64 64 64 64 64 23 23 23 23 23 23 23 23 23 23 23 23 23 23 23 23
-9999 -9999 -9999 -9999 -9999 -9999 -9999 -9999 -9999 -9999 -9999 -9999 -9999 -9999 -9999 -9999 -9999 -9999 -9999 -9999 -9999 -9999 -9999 2 0 2 0 0 0 2 0 0 0 2 0 0 0 2 2 2 2 2 0 3 2 0 0 0 0 7 12 13 14 14 14 33 11 12 0 51 51 51 51 51 -9999 64 64 64 64 64 64 64 64 64 64 64 64 23 23 23 23 23 23 23 23 23 23 23 23 23 23 23 23
-9999 -9999 -9999 -9999 -9999 -9999 -9999 -9999 -9999 -9999 -9999 -9999 -9999 -9999 -9999 -9999 -9999 -9999 -9999 -9999 -9999 -9999 0 0 0 2 0 0 0 0 0 0 0 0 0 0 0 2 2 2 0 0 2 0 0 0 12 13 13 12 13 13 14 14 38 31 6 11 0 0 3 30 30 51 -9999 64 64 64 64 64 36 64 64 64 64 64 64 23 23 23 23 23 23 23 23 23 23 23 23 23 23 23 23
-9999 -9999 -9999 -9999 -9999 -9999 -9999 -9999 -9999 -9999 -9999 -9999 -9999 -9999 -9999 -9999 -9999 -9999 -9999 -9999 -9999 2 3 2 2 2 3 3 2 0 0 2 0 0 0 0 0 0 0 0 2 2 1 2 0 2 13 11 32 13 13 13 13 12 11 11 6 12 0 0 0 30 30 30 30 36 36 36 64 64 36 64 64 64 64 64 64 23 23 23 23 23 23 23 23 23 23 23 23 23 23 23 23
-9999 -9999 -9999 -9999 -9999 -9999 -9999 -9999 -9999 -9999 -9999 -9999 -9999 -9999 -9999 -9999 -9999 -9999 -9999 -9999 -9999 3 3 2 2 2 0 0 2 4 0 2 0 0 0 0 0 0 0 0 0 3 0 0 2 0 6 11 12 14 14 13 12 11 11 11 32 15 0 0 30 30 30 30 30 -9999 36 36 36 36 36 64 64 64 64 64 64 23 23 23 23 23 23 23 23 23 23 23 23 23 23 23 23
-9999 -9999 -9999 -9999 -9999 -9999 -9999 -9999 -9999 -9999 -9999 -9999 -9999 -9999 -9999 -9999 -9999 -9999 -9999 -9999 2 0 0 1 0 0 2 1 1 2 3 3 3 0 0 0 0 0 7 7 7 8 13 0 0 12 13 13 13 13 12 13 13 12 11 11 36 0 0 0 30 30 30 30 -9999 25 -9999 -9999 36 36 36 64 64 64 64 64 64 64 23 23 23 23 23 23 23 23 23 23 23 23 23 23 23
-9999 -9999 -9999 -9999 -9999 -9999 -9999 -9999 -9999 -9999 -9999 -9999 -9999 -9999 -9999 -9999 -9999 -9999 -9999 -9999 3 3 1 0 0 0 0 0 2 2 0 1 1 0 3 0 0 7 14 14 15 14 35 12 14 13 13 14 13 13 6 13 11 11 12 14 0 4 3 30 30 30 30 30 25 25 25 25 -9999 36 36 64 64 64 64 64 64 64 64 64 23 23 23 23 23 23 23 23 23 23 23 23 23
-9999 -9999 -9999 -9999 -9999 -9999 -9999 -9999 -9999 -9999 -9999 -9999 -9999 -9999 -9999 -9999 -9999 -9999 -9999 -9999 3 2 0 1 0 0 0 0 4 0 27 0 2 1 0 2 0 4 12 14 15 14 14 14 14 13 13 13 13 6 6 6 10 10 12 12 0 0 3 30 30 30 30 30 25 25 25 25 25 25 -9999 36 64 64 64 64 64 64 64 64 64 23 23 23 23 23 23 23 23 23 23 23 23
-9999 -9999 -9999 -9999 -9999 -9999 -9999 -9999 -9999 -9999 -9999 -9999 -9999 -9999 -9999 -9999 -9999 -9999 -9999 -9999 3 3 2 5 4 0 0 1 2 1 15 3 2 1 2 2 4 0 7 8 13 15 15 15 15 14 13 13 12 11 6 29 10 13 13 0 0 0 0 30 0 30 30 30 30 25 25 25 25 25 25 -9999 64 64 64 64 64 64 64 64 64 64 23 23 23 23 23 23 23 23 23 23 23
-9999 -9999 -9999 -9999 -9999 -9999 -9999 -9999 -9999 -9999 -9999 -9999 -9999 -9999 -9999 -9999 -9999 -9999 -9999 0 2 2 1 0 0 -9999 20 21 27 3 2 1 2 0 1 1 1 2 3 0 0 6 36 16 15 14 13 12 12 11 11 11 32 0 0 4 3 0 57 57 123 30 30 30 30 25 25 25 25 25 25 25 25 -9999 64 64 64 64 64 64 64 13 13 13 13 23 23 13 13 13 13 23 19
-9999 -9999 -9999 -9999 -9999 -9999 -9999 -9999 -9999 -9999 -9999 -9999 -9999 -9999 -9999 -9999 -9999 -9999 -9999 0 2 1 1 0 0 -9999 -9999 45 33 1 1 1 0 2 0 2 1 0 1 1 0 0 7 15 13 12 32 30 12 29 32 13 0 0 2 14 12 0 57 57 123 123 30 30 30 30 25 25 25 25 25 25 25 25 -9999 -9999 64 64 64 64 13 13 13 13 13 13 -9999 13 13 13 13 19 19
-9999 -9999 -9999 -9999 -9999 -9999 -9999 -9999 -9999 -9999 -9999 -9999 -9999 -9999 -9999 -9999 -9999 -9999 0 0 0 1 0 0 2 28 7 24 0 0 1 0 0 0 0 2 2 0 0 0 1 0 0 6 5 12 12 11 12 13 13 0 0 2 3 1 10 0 57 57 123 123 30 30 30 30 25 25 25 25 25 25 25 25 25 25 -9999 64 64 64 0 13 13 13 13 13 13 13 13 13 13 19 19
