04_184A014/ppa.asc
ncols 186
nrows 177
xllcorner 610464
yllcorner 6870672
cellsize 16
nodata_value -9999
[rows 120 to 159 of 177, columns 0 to 91 of 186]
-9999 -9999 -9999 -9999 -9999 -9999 -9999 -9999 -9999 -9999 -9999 -9999 -9999 -9999 -9999 -9999 -9999 -9999 -9999 15 17 17 25 21 10 -9999 18 23 24 22 22 21 23 24 26 23 21 20 18 14 13 13 24 18 18 15 14 14 14 10 10 13 18 13 14 15 20 20 25 25 20 21 21 21 21 19 19 19 19 19 19 19 19 -9999 22 22 22 22 22 22 22 18 20 20 20 20 20 20 20 20 20 20
-9999 -9999 -9999 -9999 -9999 -9999 -9999 -9999 -9999 -9999 -9999 -9999 -9999 -9999 -9999 -9999 -9999 -9999 -9999 15 18 25 25 27 9 -9999 -9999 29 28 20 21 22 23 24 24 25 23 22 22 22 16 15 13 20 17 14 17 16 13 16 18 17 11 16 16 20 20 20 25 25 20 20 21 21 21 21 19 19 19 19 19 19 19 19 -9999 -9999 22 22 22 22 25 18 18 18 18 18 -9999 18 18 18 18 13
-9999 -9999 -9999 -9999 -9999 -9999 -9999 -9999 -9999 -9999 -9999 -9999 -9999 -9999 -9999 -9999 -9999 -9999 11 17 22 26 27 25 22 16 14 26 25 28 26 23 23 24 25 23 24 25 24 26 25 16 16 17 12 10 12 13 13 14 20 15 17 20 20 20 20 20 25 25 25 20 21 21 21 21 19 19 19 19 19 19 19 19 19 19 -9999 22 25 25 25 25 25 25 25 18 18 18 18 18 18 13
-9999 -9999 -9999 -9999 -9999 -9999 -9999 -9999 -9999 -9999 -9999 -9999 -9999 -9999 -9999 -9999 -9999 -9999 15 17 24 24 28 26 22 -9999 19 23 27 26 22 24 19 21 21 20 23 24 29 26 29 24 16 15 18 13 17 14 18 20 14 -9999 20 20 20 20 20 20 20 25 25 25 20 21 21 21 21 21 19 19 21 21 19 19 19 19 19 19 -9999 25 25 25 25 25 25 25 25 25 25 18 18 13
-9999 -9999 -9999 -9999 -9999 -9999 -9999 -9999 -9999 -9999 -9999 -9999 -9999 -9999 -9999 -9999 -9999 18 18 17 16 22 20 21 19 -9999 17 25 26 19 19 24 18 20 19 19 19 19 19 18 18 21 16 19 16 14 11 20 20 7 7 7 20 20 20 20 20 20 20 25 25 25 25 25 20 20 21 20 20 21 21 21 19 19 19 19 19 19 19 -9999 25 25 25 25 25 25 25 25 25 25 25 13
-9999 -9999 -9999 -9999 -9999 -9999 -9999 -9999 -9999 -9999 -9999 -9999 -9999 -9999 -9999 -9999 15 17 18 18 17 18 20 19 18 -9999 19 26 26 22 21 25 19 18 23 19 18 16 17 20 20 21 20 16 16 14 11 15 7 7 7 7 20 20 20 20 20 20 20 20 20 25 25 25 25 20 25 25 25 21 21 21 19 19 19 19 19 19 19 19 19 -9999 25 25 25 25 25 25 25 25 25 25
-9999 -9999 -9999 -9999 -9999 -9999 -9999 -9999 -9999 -9999 -9999 -9999 -9999 -9999 -9999 14 15 16 16 22 22 21 18 17 15 -9999 22 27 19 19 21 21 23 18 15 13 14 10 14 18 17 17 18 14 14 14 15 15 7 7 7 7 7 7 20 20 20 20 20 20 20 20 25 25 25 25 25 25 25 21 21 21 21 21 21 19 19 19 19 19 19 19 -9999 -9999 25 25 25 25 -9999 25 25 25
-9999 -9999 -9999 -9999 -9999 -9999 -9999 -9999 -9999 -9999 -9999 -9999 -9999 -9999 13 12 14 16 17 18 24 20 18 18 17 -9999 20 19 18 19 10 10 8 9 10 10 15 14 13 16 19 17 16 18 15 15 15 15 7 7 7 7 7 7 7 20 20 20 20 20 20 20 25 25 25 25 25 25 25 21 21 21 21 21 21 19 19 19 19 19 19 19 19 19 -9999 25 25 25 -9999 -9999 25 -9999
-9999 -9999 -9999 -9999 -9999 -9999 -9999 -9999 -9999 -9999 -9999 -9999 -9999 -9999 14 13 13 15 17 20 20 21 20 20 17 14 15 15 15 9 11 8 8 14 12 16 17 17 15 14 20 18 15 15 15 15 15 15 7 7 7 7 7 7 7 7 20 20 20 20 20 20 20 25 25 25 25 25 21 21 21 21 21 21 18 18 19 19 19 19 19 19 19 19 19 19 -9999 25 -9999 -9999 -9999 -9999
-9999 -9999 -9999 -9999 -9999 -9999 -9999 -9999 -9999 -9999 -9999 -9999 -9999 16 15 15 17 17 18 18 19 21 19 16 16 15 15 14 13 21 8 8 10 12 14 17 17 19 12 14 19 15 15 15 15 15 15 15 15 15 15 7 7 7 7 7 7 7 20 20 20 20 25 25 25 25 25 25 21 21 21 21 18 18 18 18 19 19 19 19 19 19 19 19 19 19 19 -9999 -9999 -9999 -9999 -9999
-9999 -9999 -9999 -9999 -9999 -9999 -9999 -9999 -9999 -9999 -9999 -9999 15 16 16 18 20 20 19 19 20 20 18 15 16 -9999 16 16 13 16 20 7 12 11 17 17 15 17 13 14 19 15 15 15 15 15 15 15 15 15 15 15 15 7 7 7 7 7 7 20 20 20 25 25 25 25 25 21 21 21 21 21 18 18 18 18 19 19 19 19 19 19 19 19 19 19 19 19 -9999 -9999 -9999 -9999
-9999 -9999 -9999 -9999 -9999 -9999 -9999 -9999 -9999 -9999 -9999 14 17 17 17 17 17 18 20 20 23 19 18 16 -9999 17 16 17 16 15 16 15 17 18 18 18 16 14 13 18 15 15 15 15 15 15 15 15 15 15 15 15 15 15 7 7 7 7 7 7 20 20 25 25 25 25 21 21 21 21 21 21 18 18 18 18 18 19 19 19 19 20 20 20 19 19 19 19 19 -9999 -9999 -9999
-9999 -9999 -9999 -9999 -9999 -9999 -9999 -9999 -9999 -9999 13 14 16 16 17 18 18 19 20 24 18 19 15 -9999 15 17 21 18 17 16 16 14 14 13 11 14 14 15 18 22 15 15 15 15 15 15 15 15 15 15 15 15 15 15 15 7 7 7 7 7 7 7 25 25 25 25 21 21 21 21 21 21 18 18 18 18 20 20 20 20 20 20 20 20 20 21 21 21 21 -9999 -9999 -9999
-9999 -9999 -9999 -9999 -9999 -9999 -9999 -9999 -9999 11 11 13 14 17 19 23 18 20 17 19 17 20 11 -9999 22 26 16 17 15 20 20 19 19 18 15 17 14 14 23 25 15 15 15 15 15 15 15 15 15 15 15 15 15 15 15 15 15 15 15 15 7 7 7 25 25 25 21 21 21 21 21 0 18 18 18 18 18 20 20 20 20 20 20 20 21 21 21 21 21 -9999 -9999 -9999
-9999 -9999 -9999 -9999 -9999 -9999 -9999 -9999 14 11 10 11 13 17 18 20 21 20 17 17 26 13 13 14 19 24 15 18 20 21 23 25 24 20 18 15 14 18 23 26 15 15 15 15 15 15 15 15 15 15 15 15 15 15 15 15 15 15 15 15 15 15 7 25 25 25 21 21 21 21 0 0 18 18 18 18 18 20 20 20 20 20 20 20 21 21 21 21 21 21 -9999 -9999
-9999 -9999 -9999 -9999 -9999 -9999 -9999 -9999 17 13 13 12 12 16 17 18 20 18 18 21 17 18 14 17 15 23 24 22 20 24 20 20 19 19 20 21 21 21 23 23 23 24 23 15 15 15 15 15 15 15 15 15 15 15 15 15 15 15 15 15 15 15 25 25 25 25 25 25 21 21 21 0 0 0 0 26 20 20 20 20 20 20 20 21 21 21 21 21 21 21 -9999 -9999
-9999 -9999 -9999 -9999 -9999 -9999 -9999 26 21 17 13 12 12 14 17 18 20 19 20 24 19 12 16 14 14 30 25 17 18 17 17 17 17 18 20 21 21 25 25 20 24 24 23 23 23 15 15 15 15 15 15 15 15 15 15 15 15 15 15 15 15 15 15 25 25 25 25 25 21 21 21 0 0 0 0 0 20 20 20 20 20 20 20 21 21 21 21 21 21 -9999 -9999 -9999
-9999 -9999 -9999 -9999 -9999 -9999 20 23 26 20 17 13 14 13 17 17 20 20 24 25 18 16 16 15 14 21 20 24 19 14 16 16 16 16 18 18 17 25 26 28 26 25 22 25 24 23 24 15 15 15 15 15 15 15 15 15 15 15 15 15 15 15 15 17 17 17 17 21 21 21 21 0 0 0 0 0 20 20 20 20 20 20 20 21 21 21 21 21 21 -9999 -9999 -9999
-9999 -9999 -9999 -9999 -9999 24 23 27 27 24 23 24 18 18 23 23 20 19 21 24 24 18 14 16 14 16 21 21 19 17 17 17 18 16 16 16 16 15 16 27 26 23 22 24 23 21 19 18 22 22 15 15 15 15 15 15 15 15 15 15 15 15 15 15 17 17 17 21 21 21 21 0 0 0 0 0 20 20 20 20 20 20 20 21 21 21 0 0 0 -9999 -9999 -9999
-9999 -9999 -9999 -9999 -9999 27 25 26 25 23 24 26 23 22 26 23 22 21 21 22 21 18 15 15 13 17 21 17 21 14 17 16 16 16 15 15 16 17 19 21 23 23 21 20 24 27 16 21 24 23 23 23 15 15 15 15 15 15 15 15 15 15 15 15 17 17 17 17 21 21 21 21 0 0 0 20 20 20 20 20 20 21 21 21 21 0 0 0 0 -9999 -9999 -9999
-9999 -9999 -9999 -9999 -9999 27 28 26 26 23 23 27 22 25 25 24 24 26 23 26 20 18 18 -9999 15 14 15 15 16 15 16 17 20 16 18 17 19 16 18 18 20 25 25 25 26 26 16 20 24 24 24 24 21 18 15 15 15 15 15 15 15 15 15 15 15 17 17 17 17 17 21 21 21 20 20 20 20 20 20 20 20 21 21 21 21 0 0 0 0 -9999 -9999 -9999
-9999 -9999 -9999 -9999 25 27 26 27 24 27 26 26 24 27 24 24 25 25 23 22 21 18 18 -9999 9 15 15 15 13 15 19 20 20 18 17 16 16 14 17 20 19 18 17 15 16 16 19 20 18 21 20 19 23 22 22 23 22 15 15 15 15 15 15 15 15 15 17 17 17 17 17 17 21 17 17 17 20 20 20 20 20 21 21 21 21 0 0 0 -9999 -9999 -9999 -9999
-9999 -9999 -9999 -9999 25 26 22 24 24 25 24 24 25 25 25 23 21 21 21 20 21 18 18 17 -9999 -9999 6 18 20 22 17 15 15 16 16 15 15 15 16 18 20 19 18 19 18 16 17 19 17 18 18 19 21 22 22 25 22 22 22 15 15 15 15 15 15 15 15 17 17 17 17 17 17 17 17 17 20 20 20 20 21 21 21 21 21 21 21 -9999 -9999 -9999 -9999 -9999
-9999 -9999 -9999 25 26 27 25 25 18 19 22 23 24 25 25 21 20 19 20 20 21 21 20 22 19 18 31 18 -9999 -9999 -9999 15 17 17 16 15 16 16 15 18 18 22 21 23 18 18 20 18 18 19 20 22 21 20 21 24 22 22 19 19 17 15 15 15 15 15 15 17 17 17 17 17 17 17 17 17 21 21 21 21 21 21 21 21 21 21 21 21 -9999 -9999 -9999 -9999
-9999 -9999 -9999 24 25 21 25 25 21 21 24 24 27 25 23 25 21 20 20 20 20 24 24 23 20 21 20 19 17 15 16 16 -9999 17 20 12 14 16 17 18 18 21 25 25 25 23 21 26 19 23 23 23 24 24 24 24 25 22 19 20 16 14 15 15 15 15 17 17 17 17 17 17 17 17 21 21 21 21 21 21 21 21 21 21 21 21 21 -9999 -9999 -9999 -9999 -9999
-9999 -9999 21 21 21 21 26 23 21 21 23 23 25 25 23 26 22 22 21 21 20 26 25 22 25 23 23 22 19 19 20 19 19 15 -9999 21 13 14 16 18 18 20 21 23 23 22 21 19 20 23 22 25 23 25 24 21 21 20 16 15 12 21 21 15 15 17 17 17 17 17 17 17 21 21 21 21 21 21 21 21 21 21 21 21 21 21 21 -9999 -9999 -9999 -9999 -9999
-9999 -9999 21 21 21 21 21 21 21 21 21 21 21 21 21 21 23 25 24 24 25 27 27 24 26 21 18 15 16 16 19 20 20 16 7 -9999 19 18 23 24 21 20 23 22 23 18 17 16 17 19 22 24 23 26 22 25 17 16 13 13 14 9 12 20 17 17 17 17 17 17 17 21 21 21 21 0 0 0 21 21 21 21 21 21 21 21 21 -9999 -9999 -9999 -9999 -9999
-9999 -9999 21 21 21 21 21 21 21 21 21 21 21 21 21 21 19 19 19 19 -9999 22 23 24 24 21 17 15 14 16 19 18 22 15 15 17 14 18 21 25 20 20 19 24 15 15 20 15 15 16 31 32 18 17 17 17 16 13 23 19 11 9 14 16 15 17 17 17 17 17 17 21 0 0 0 0 0 0 0 0 21 21 21 21 21 21 -9999 -9999 -9999 -9999 -9999 -9999
-9999 21 21 21 21 21 21 21 21 21 21 21 21 21 21 21 19 19 19 19 23 23 23 23 23 23 23 23 -9999 -9999 -9999 25 23 19 16 16 -9999 18 29 26 23 14 15 14 13 19 19 20 18 24 17 16 19 17 13 14 16 18 21 15 14 11 12 15 15 20 -9999 21 21 21 21 0 0 0 0 0 0 0 0 0 0 21 21 21 21 -9999 -9999 -9999 -9999 -9999 -9999 -9999
-9999 21 21 21 21 21 21 21 21 21 21 21 21 21 19 19 19 19 19 19 23 23 23 23 23 23 23 23 19 19 19 19 19 19 19 19 -9999 -9999 25 18 16 16 19 14 14 16 18 15 8 7 7 8 13 14 18 17 17 14 13 15 12 11 12 13 13 15 19 16 21 21 0 0 0 0 0 0 0 0 0 0 0 21 21 -9999 -9999 -9999 -9999 -9999 -9999 -9999 -9999 -9999
-9999 21 21 21 21 21 21 21 21 21 21 21 21 21 21 19 19 19 19 19 23 23 23 23 23 23 23 19 19 19 19 19 19 19 19 19 -9999 20 20 20 20 20 20 20 20 20 13 14 9 8 15 17 12 12 6 5 5 9 12 15 12 10 10 10 13 19 13 13 19 21 0 0 0 0 0 0 0 0 0 0 0 21 -9999 -9999 -9999 -9999 -9999 -9999 -9999 -9999 -9999 -9999
-9999 21 21 21 21 21 21 21 21 21 21 21 21 21 21 21 19 19 19 19 19 19 19 19 19 19 19 19 19 19 19 19 19 19 19 19 20 20 20 20 20 20 20 20 20 21 21 21 21 21 -9999 8 4 3 10 14 14 9 11 13 12 9 10 10 13 13 13 10 9 12 0 0 0 0 0 0 0 0 0 0 -9999 -9999 -9999 -9999 -9999 -9999 -9999 -9999 -9999 -9999 -9999 -9999
21 21 21 21 21 21 21 21 21 21 21 21 21 21 21 21 19 19 19 19 19 9 19 19 19 19 19 19 19 19 19 19 19 19 19 -9999 20 20 20 20 20 20 20 21 21 21 21 21 21 21 21 21 21 21 21 21 21 11 15 10 9 12 12 10 13 13 10 10 9 10 10 0 0 0 0 0 0 0 0 0 -9999 -9999 -9999 -9999 -9999 -9999 -9999 -9999 -9999 -9999 -9999 -9999
-9999 21 21 21 21 21 21 21 21 21 21 21 21 21 19 19 19 9 9 9 9 9 9 19 19 19 19 19 19 19 19 19 19 19 19 -9999 20 20 20 20 20 20 20 21 21 21 21 21 21 21 21 21 21 21 21 21 21 21 19 15 14 13 10 10 16 11 17 17 9 10 13 11 0 0 0 21 21 21 21 21 -9999 -9999 -9999 -9999 -9999 -9999 -9999 -9999 -9999 -9999 -9999 -9999
-9999 21 21 21 21 21 21 21 21 21 21 21 21 10 10 10 9 9 9 9 9 9 9 19 19 19 19 19 19 19 19 19 19 19 19 -9999 20 20 20 20 20 20 20 21 21 21 21 21 21 21 21 21 21 21 21 21 21 21 21 15 17 16 11 10 10 16 10 12 12 10 8 9 4 4 4 21 21 21 21 -9999 -9999 -9999 -9999 -9999 -9999 -9999 -9999 -9999 -9999 -9999 -9999 -9999
-9999 21 21 21 10 10 10 10 10 10 10 10 10 10 10 10 9 9 9 9 9 9 9 19 19 19 19 19 19 19 19 19 19 19 19 -9999 20 20 20 20 20 20 20 20 21 21 21 21 21 21 12 12 21 21 21 21 21 21 21 21 13 15 15 9 9 12 9 10 10 16 4 4 4 4 4 21 21 21 21 -9999 -9999 -9999 -9999 -9999 -9999 -9999 -9999 -9999 -9999 -9999 -9999 -9999
-9999 -9999 10 10 10 10 10 10 10 10 10 10 10 10 10 9 9 9 9 9 9 9 9 19 19 19 19 19 19 19 19 19 19 19 19 -9999 20 20 20 20 20 20 20 20 21 21 21 21 21 12 12 12 12 21 21 21 21 21 21 21 21 21 16 12 13 13 10 16 13 4 4 4 4 4 4 4 4 21 21 -9999 -9999 -9999 -9999 -9999 -9999 -9999 -9999 -9999 -9999 -9999 -9999 -9999
-9999 -9999 -9999 10 10 10 10 10 10 10 10 10 10 10 10 9 9 9 9 9 9 9 9 9 19 17 17 17 17 17 17 17 19 19 12 -9999 20 20 20 20 20 20 20 20 20 12 12 12 12 12 12 12 12 21 21 21 21 21 21 21 21 21 11 17 20 18 14 13 4 4 4 4 4 4 4 4 4 21 -9999 -9999 -9999 -9999 -9999 -9999 -9999 -9999 -9999 -9999 -9999 -9999 -9999 -9999
-9999 -9999 -9999 -9999 -9999 10 10 10 10 10 10 10 10 10 10 9 9 9 9 9 9 9 9 9 9 17 17 17 17 17 17 17 12 12 12 12 12 12 20 20 20 10 10 20 12 12 12 12 12 12 12 12 12 21 21 11 11 11 11 11 11 11 11 11 18 16 18 4 4 4 4 4 4 4 4 4 4 4 4 4 -9999 -9999 -9999 -9999 -9999 -9999 -9999 -9999 -9999 -9999 -9999 -9999
-9999 -9999 -9999 -9999 -9999 -9999 10 10 10 10 10 10 -9999 10 34 34 34 34 34 9 9 9 9 9 9 17 17 17 17 17 17 17 12 12 12 12 12 12 12 20 20 10 10 10 12 12 12 12 12 12 12 12 12 21 11 11 11 11 11 11 11 11 11 11 11 11 4 4 4 4 4 4 4 4 4 4 4 4 4 -9999 -9999 -9999 -9999 -9999 -9999 -9999 -9999 -9999 -9999 -9999 -9999 -9999
