04_184A014/slope.asc
ncols 186
nrows 177
xllcorner 610464
yllcorner 6870672
cellsize 16
nodata_value -9999
[rows 120 to 149 of 177, columns 67 to 133 of 186]
2.065038 1.757726 0.6570532 0.09794706 0.6806316 1.331443 2.066042 2.045649 1.834735 0.8708299 0.08163294 0.09085916 0.4361622 0.8245741 0.965215 0.668443 0.3005117 0.1828596 0.1791622 0.3532642 0.4224012 0.4370578 0.6134337 0.7216712 0.5888185 0.5449789 0.3779183 0.4976092 2.075754 4.928194 7.42733 7.877002 6.517321 3.884488 0.3340512 2.821507 3.480399 2.93505 2.894421 3.217254 3.39117 3.307688 3.050197 3.083063 3.561631 4.534609 4.204568 3.66683 2.804401 1.311409 1.333102 1.688945 2.603707 2.574834 2.304821 2.074524 1.666063 0.9379024 1.379565 1.381829 1.118799 0.9147803 0.702922 1.069297 0.8271422 0.4354816 0.165389
1.490142 1.408445 1.201785 1.711545 2.209512 2.793607 2.936325 2.586496 2.50982 1.810574 1.156904 0.8708279 1.914715 2.826119 3.211174 3.052674 2.738428 3.53633 4.422842 3.996886 2.687539 1.391759 0.5731956 0.3128714 0.2754207 0.4849603 0.3112513 0.2585756 1.066385 2.207142 3.084158 4.641764 5.926625 6.318176 4.443861 2.344106 3.257062 2.268652 1.843218 3.144038 3.866725 3.983193 4.023345 4.272299 4.415651 4.582634 3.828058 3.73073 4.228773 3.031231 2.088257 1.856908 2.634618 3.55417 1.625136 1.474738 1.830584 2.015811 2.640179 2.745044 2.673533 2.066513 1.783519 2.097435 2.223731 1.54632 0.6454856
1.271096 1.647551 1.836765 1.980676 1.4892 2.336201 2.632006 3.217849 2.939704 1.692737 1.57348 1.545893 2.902825 2.974325 2.977571 4.362635 6.472832 7.852779 7.06571 5.606007 4.273534 3.51186 1.917941 0.3123462 0.1189751 0.2966541 0.2705329 0.1288247 0.8014759 1.610297 1.403463 1.926683 2.944372 4.852889 4.745582 4.138591 3.568733 1.508506 0.4958144 1.455648 2.41675 2.493476 2.089848 2.448753 2.698948 2.930751 2.233638 2.121543 3.432238 3.560078 1.287596 1.257974 3.062617 2.965014 1.38096 1.854562 2.458262 2.769429 2.42278 2.328611 2.994597 3.025746 2.284059 1.850473 2.259216 2.571746 1.65368
3.162134 1.829595 0.4729456 0.1684233 0.2716448 2.265985 1.736255 2.811714 2.751993 0.6508031 0.7320259 2.41302 3.92966 4.579722 4.922089 6.30483 8.214565 7.290416 5.498543 4.974988 3.320535 3.342022 3.066138 0.7704265 0.1542335 0.1181673 0.2713251 0.3041557 0.4976768 1.013184 1.34222 1.098706 2.291575 3.4384 2.201867 3.029669 2.95773 1.929344 1.816724 1.047628 1.608405 2.184678 0.7392962 0.9329438 1.01421 1.71178 2.156502 1.831985 0.7656475 2.278954 2.20206 1.339772 1.837895 2.007293 1.775378 1.87857 2.105264 2.029203 1.591176 1.463042 1.41302 2.008648 1.930788 0.6961836 0.7990028 1.991104 1.642526
2.445363 1.985402 0.3730815 0.1944552 0.4162246 1.347242 2.337286 3.327672 2.015586 0.09425845 2.001348 4.047072 5.514632 6.552876 5.668948 4.43105 3.031804 1.023703 2.882186 4.505287 3.895452 3.91312 3.474138 2.155105 1.627474 0.6341179 0.191029 0.2811786 0.2787248 0.2326757 0.7181466 1.593652 2.021286 2.204967 2.167212 2.166104 1.408413 2.448249 3.625449 2.270959 1.553784 2.178744 1.306861 0.7064272 0.8027592 0.8279594 1.219496 1.724712 1.6129 1.360778 1.480179 3.184089 4.293807 4.134415 3.023289 2.179608 1.712851 1.360322 1.469312 1.775127 1.476003 1.822818 2.553885 1.642734 0.937074 1.862052 1.343516
2.729587 1.594895 0.3375392 0.8977024 0.9144555 0.4597736 1.284673 0.5763093 1.188238 1.832506 3.220629 5.9902 7.279791 5.051766 1.478737 1.169379 3.061595 3.708279 2.109251 1.53643 3.609335 5.184321 4.632476 4.986843 5.185635 3.840063 1.590835 0.2523984 0.1061661 0.3990884 1.92845 2.723619 1.704773 0.1462264 1.224435 1.013885 1.035747 3.348888 4.138979 0.6918496 2.095469 2.148537 0.9782557 0.613737 0.9795939 1.23952 1.529417 1.271714 0.6807109 0.8118933 2.231627 3.932879 5.102326 5.381561 3.741944 2.021967 1.832101 2.05039 2.357087 1.972064 1.249543 1.209668 2.079445 2.177069 1.636201 1.64663 1.078718
1.507265 0.9252268 0.3684981 1.084112 0.4886971 1.383467 0.6856182 0.8543893 1.484131 1.611195 2.809737 6.966798 5.96493 1.615635 2.479859 1.177791 0.998031 0.7337697 0.9086729 1.487667 1.025351 -9999 3.982013 4.368194 4.989723 5.657248 4.409936 1.972034 0.4438457 0.718906 2.787366 2.722144 1.526234 1.526685 0.2579786 0.1937085 0.8983563 2.836828 4.377974 2.852272 1.385151 1.379207 1.961963 2.271827 2.394029 2.604698 2.970767 3.103152 2.708085 2.003998 2.954419 4.143919 3.727141 5.297532 4.108822 1.449452 1.613101 2.270559 2.527048 1.956456 1.499439 1.486371 1.841523 1.906853 1.56119 1.657477 1.493082
0.7110624 0.6846542 0.5378721 1.051548 1.158893 0.9973646 0.2831333 0.894656 1.376578 0.8404898 2.460707 6.312497 5.431142 3.070415 1.20955 2.266235 3.279927 3.138374 1.889857 1.245031 1.467931 -9999 -9999 0.3832346 -9999 2.610953 3.3363 3.49254 1.642824 1.017003 2.843452 2.273468 1.018805 1.595693 0.4873532 0.161477 0.6463113 1.790277 2.76116 2.123262 1.534454 2.690864 4.218616 5.982828 6.503478 5.438193 4.015674 2.826089 2.186612 1.26291 2.516112 3.403299 0.6405008 4.862127 4.222668 1.62945 0.96163 0.9020691 0.7393044 1.770759 2.657256 1.892419 1.48271 1.195641 0.81533 1.420259 1.899931
0.2656205 0.2454311 0.1803532 0.3176952 0.4924501 0.2850896 0.1140766 0.262033 1.00377 1.706925 3.166651 4.398085 3.066738 2.55518 2.210083 1.680861 0.5955542 2.20002 3.467762 1.257108 0.8268765 -9999 -9999 -9999 -9999 2.402445 0.9095517 2.741409 2.882546 1.702804 1.751489 1.799896 1.742632 1.121017 0.4010567 0.09237177 0.7199557 2.19242 3.425902 3.740872 3.470049 3.709639 5.195699 6.147628 5.361641 4.125763 2.233763 1.870323 1.680818 0.2010879 2.257404 2.687095 0.5385216 3.958603 3.462455 2.059973 1.258046 0.1243705 0.893797 0.9741759 2.39219 2.583735 1.815486 1.082943 0.4091872 0.4495026 1.290563
0.1446205 0.02436713 0.0803378 0.07695118 0.1241074 0.1649054 0.1198046 0.2237719 0.4340187 1.844273 3.662159 3.891453 1.616028 0.636888 2.491711 4.157568 4.325886 3.102615 3.552783 1.617301 0.9291939 -9999 -9999 -9999 -9999 -9999 0.1804582 1.085224 1.937393 1.614994 0.849463 0.1164315 0.616816 0.6560308 0.3818702 0.1129732 1.070861 3.200989 4.494816 4.385483 3.87594 3.647073 3.926981 2.419197 -9999 -9999 -9999 2.216396 1.077755 1.430137 2.653952 1.972032 0.8043181 2.790165 2.663117 2.661788 2.229756 0.9742128 0.6970719 1.044989 1.444958 2.192286 2.073548 1.281322 0.511655 0.3257291 0.6466964
0.1184815 0.08960804 0.1179275 0.08137298 0.173684 0.3566813 0.3255294 0.3686508 1.021766 1.761184 2.700598 3.895397 3.177909 3.756876 3.725506 3.58518 4.141281 5.23892 5.004521 3.090994 2.285987 -9999 -9999 -9999 -9999 -9999 0.7469394 1.11587 0.6461866 0.2746941 0.3969778 0.4767103 0.1389942 0.0537535 0.1361818 0.3604775 1.344519 3.630786 4.392561 3.693315 3.131158 1.819949 1.140542 -9999 -9999 -9999 -9999 -9999 -9999 -9999 -9999 -9999 1.570715 1.082602 1.677762 2.821761 2.679322 1.611359 0.9444535 0.709505 0.7342124 1.539065 2.185319 1.620176 0.7071804 0.1295666 0.8480092
0.09683809 0.06571845 0.1103978 0.06624539 0.2430129 0.5292401 0.4660022 1.406502 3.802104 4.946234 3.708742 0.6001818 3.10743 4.046891 3.204057 2.864144 3.035432 3.387805 3.117121 2.739201 2.479171 1.944019 -9999 -9999 -9999 -9999 -9999 0.7228135 0.4566807 0.4515116 0.516798 0.4765757 0.1298883 1.073445 1.489061 1.144027 1.18361 2.91114 4.189791 4.675686 4.398719 1.806159 1.87013 -9999 -9999 -9999 -9999 -9999 -9999 -9999 -9999 -9999 -9999 0.872479 1.343451 3.291351 3.090515 1.991643 1.55028 0.5574352 0.7417647 1.596001 2.459913 2.27907 1.619375 1.162255 2.269107
0.04785698 0.04232698 0.07950784 0.2372756 1.04175 1.268881 0.9911336 2.529671 5.621716 5.655842 5.261017 4.267146 2.633493 1.246168 0.5290969 1.286773 1.395311 0.9023704 0.3419993 0.5904173 0.8042135 0.5818377 -9999 -9999 -9999 -9999 -9999 -9999 0.967161 0.315026 0.2142673 0.4421747 1.488204 3.014081 2.910514 2.356175 1.506595 1.460212 2.305238 4.317302 5.45696 3.417542 1.482437 -9999 -9999 -9999 -9999 -9999 -9999 -9999 -9999 -9999 -9999 4.384116 4.872889 5.753782 5.038487 3.383211 2.578438 1.449925 1.560656 2.026549 3.013843 3.393575 2.9816 2.301203 2.861969
0.05150149 0.113008 0.06580624 0.5913883 2.515663 2.550644 2.130518 2.447723 4.84341 3.507957 1.39676 2.916223 4.329612 3.971186 2.232399 0.883225 0.24352 0.2227218 0.1148515 0.06626864 0.08866634 0.05465415 -9999 -9999 -9999 -9999 -9999 -9999 1.543893 1.049866 2.399302 3.719254 3.88918 2.964728 1.342964 1.569855 0.8656292 0.5300139 0.8688864 2.632389 4.597428 4.141666 2.133032 -9999 -9999 -9999 -9999 -9999 -9999 -9999 -9999 -9999 -9999 -9999 -9999 4.029646 4.969458 4.200067 3.135974 1.579785 1.732347 2.103015 3.014993 3.654519 3.415804 1.812866 1.187644
0.1271826 0.1422186 0.161119 0.6204293 3.049632 1.80259 2.242938 2.623846 2.556978 2.791126 3.886819 2.918636 1.655484 2.348347 2.350432 2.273432 1.505323 0.5135 0.109524 0.08252463 0.09539226 0.5397982 1.145607 -9999 -9999 -9999 -9999 -9999 1.115249 1.33791 3.590769 4.41099 3.810406 1.933244 1.309687 1.010035 1.475594 0.7924734 0.6512852 1.725178 2.791769 2.874786 2.122748 -9999 -9999 -9999 -9999 -9999 -9999 -9999 -9999 -9999 -9999 -9999 -9999 -9999 2.779308 3.731964 3.1228 1.983854 2.162699 3.002301 3.612845 4.185275 4.252975 2.489006 0.2678189
0.5245056 0.42881 0.2761766 0.2672041 2.464611 3.458781 1.989495 1.533701 1.934255 2.036059 2.520881 3.654946 3.838473 1.798725 1.125037 3.002556 3.235912 1.617659 0.3799478 0.1438837 0.4347656 1.228038 1.357908 -9999 -9999 -9999 -9999 -9999 -9999 -9999 -9999 -9999 -9999 -9999 1.385336 1.367895 1.405523 1.621066 2.193476 3.65753 3.486393 1.732033 -9999 -9999 -9999 -9999 -9999 -9999 -9999 -9999 -9999 -9999 -9999 -9999 -9999 -9999 -9999 -9999 -9999 -9999 -9999 -9999 -9999 4.74921 5.304877 4.137805 -9999
0.2408898 0.2736832 0.2745045 0.06926003 0.7336535 2.256491 3.298537 3.7651 3.789237 2.846841 1.50292 0.7826959 1.175592 2.818289 2.67183 2.189092 3.394934 2.141748 0.5619062 0.3958968 0.3925358 1.049974 -9999 -9999 -9999 -9999 -9999 -9999 -9999 -9999 -9999 -9999 -9999 -9999 -9999 -9999 -9999 0.4497272 2.805217 -9999 -9999 -9999 -9999 -9999 -9999 -9999 -9999 -9999 -9999 -9999 -9999 -9999 -9999 -9999 -9999 -9999 -9999 -9999 -9999 -9999 -9999 -9999 -9999 -9999 -9999 -9999 -9999
0.3115929 0.3681249 0.1559266 0.2394791 0.4744603 0.298207 0.3434254 0.6414372 1.645823 1.88507 1.649572 1.557936 1.440189 2.98138 1.43762 3.503564 3.622394 1.097813 2.047309 2.870985 1.912711 0.109478 -9999 -9999 -9999 -9999 -9999 -9999 -9999 -9999 -9999 -9999 -9999 -9999 -9999 -9999 -9999 -9999 -9999 -9999 -9999 -9999 -9999 -9999 -9999 -9999 -9999 -9999 -9999 -9999 -9999 -9999 -9999 -9999 -9999 -9999 -9999 -9999 -9999 -9999 -9999 -9999 -9999 -9999 -9999 -9999 -9999
0.09324899 0.08688524 0.01356379 0.3517461 0.3083474 0.1318581 0.1559316 0.6990654 2.038573 1.424512 0.991043 1.021334 1.589869 3.647608 4.566497 4.221294 2.375704 1.149385 3.355453 2.934301 3.481377 2.078699 -9999 -9999 -9999 -9999 -9999 -9999 -9999 -9999 -9999 -9999 -9999 -9999 -9999 -9999 -9999 -9999 -9999 -9999 -9999 -9999 -9999 -9999 -9999 -9999 -9999 -9999 -9999 -9999 -9999 -9999 -9999 -9999 -9999 -9999 -9999 -9999 -9999 -9999 -9999 -9999 -9999 -9999 -9999 -9999 -9999
0.04734749 0.1290399 0.07277907 0.25953 0.4189761 0.2133829 0.2312538 0.5962058 1.281295 1.939703 2.560698 2.431624 1.918175 1.847525 1.805062 1.073251 0.2040782 1.961226 3.401663 0.6959493 2.514765 2.443571 -9999 -9999 -9999 -9999 -9999 -9999 -9999 -9999 -9999 -9999 -9999 -9999 -9999 -9999 -9999 -9999 -9999 -9999 -9999 -9999 -9999 -9999 -9999 -9999 -9999 -9999 -9999 -9999 -9999 -9999 -9999 -9999 -9999 -9999 -9999 -9999 -9999 -9999 -9999 -9999 -9999 -9999 -9999 -9999 -9999
0.07150778 0.08771924 0.2114504 0.2154685 0.3771875 0.7588724 0.7474076 0.4937399 0.3140046 0.1027709 0.2344863 0.346075 0.3192603 0.1728678 0.09322713 0.03597791 1.228812 1.723456 1.775486 2.525352 1.746736 1.355677 -9999 -9999 -9999 -9999 -9999 -9999 -9999 -9999 -9999 -9999 -9999 -9999 -9999 -9999 -9999 -9999 -9999 -9999 -9999 -9999 -9999 -9999 -9999 -9999 -9999 -9999 -9999 -9999 -9999 -9999 -9999 -9999 -9999 -9999 -9999 -9999 -9999 -9999 -9999 -9999 -9999 -9999 -9999 -9999 -9999
0.5840772 0.2602078 0.328016 0.4079069 0.550119 1.098441 0.7639004 0.4842122 0.08958513 0.1383514 0.04508859 0.05795669 0.08354141 0.1057515 0.06449847 0.04626849 1.340326 1.384693 1.750667 2.764329 3.287529 -9999 -9999 -9999 -9999 -9999 -9999 -9999 -9999 -9999 -9999 -9999 -9999 -9999 -9999 -9999 -9999 -9999 -9999 -9999 -9999 -9999 -9999 -9999 -9999 -9999 -9999 -9999 -9999 -9999 -9999 -9999 -9999 -9999 -9999 -9999 -9999 -9999 -9999 -9999 -9999 -9999 -9999 -9999 -9999 -9999 -9999
2.129536 0.914551 0.4018611 0.3264979 0.3787867 0.9290365 0.1844998 0.4487256 0.0504287 0.2252873 0.2952964 0.1655683 0.01291466 0.03116409 0.05692532 0.06794953 0.720103 1.346347 1.41792 1.111631 -9999 -9999 -9999 -9999 -9999 -9999 -9999 -9999 -9999 -9999 -9999 -9999 -9999 -9999 -9999 -9999 -9999 -9999 -9999 -9999 -9999 -9999 -9999 -9999 -9999 -9999 -9999 -9999 -9999 -9999 -9999 -9999 -9999 -9999 -9999 -9999 -9999 -9999 -9999 -9999 -9999 -9999 -9999 -9999 -9999 -9999 -9999
1.615465 1.009537 0.4899911 0.6750539 0.702707 0.3503232 0.3027181 0.2324754 0.09408417 0.2005953 0.15768 0.2703907 0.07928777 0.0484821 0.02484738 0.06040384 0.05997349 0.02361335 0.0147915 0.1049749 0.116109 -9999 -9999 -9999 -9999 -9999 -9999 -9999 -9999 -9999 -9999 -9999 -9999 -9999 -9999 -9999 -9999 -9999 -9999 -9999 -9999 -9999 -9999 -9999 -9999 -9999 -9999 -9999 -9999 -9999 -9999 -9999 -9999 -9999 -9999 -9999 -9999 -9999 -9999 -9999 -9999 -9999 -9999 -9999 -9999 -9999 -9999
1.394586 0.5348337 0.3669832 0.4978167 0.380978 0.3431031 0.07943391 0.06374039 0.1098154 0.2694816 0.2292795 0.2031258 0.06143529 0.05367504 0.03564991 0.03732115 0.02426285 0.06972271 0.06551474 0.08524667 -9999 -9999 -9999 -9999 -9999 -9999 -9999 -9999 -9999 -9999 -9999 -9999 -9999 -9999 -9999 -9999 -9999 -9999 -9999 -9999 -9999 -9999 -9999 -9999 -9999 -9999 -9999 -9999 -9999 -9999 -9999 -9999 -9999 -9999 -9999 -9999 -9999 -9999 -9999 -9999 -9999 -9999 -9999 -9999 -9999 -9999 -9999
0.1578574 0.4423206 0.8350652 0.4498206 0.2054576 0.232682 0.1021419 0.1199735 0.1897132 0.08627108 0.07820418 0.1443574 0.1322356 0.05816283 0.05706389 0.04739773 0.04082733 0.03221598 0.03357726 0.01213932 -9999 -9999 -9999 -9999 -9999 -9999 -9999 -9999 -9999 -9999 -9999 -9999 -9999 -9999 -9999 -9999 -9999 -9999 -9999 -9999 -9999 -9999 -9999 -9999 -9999 -9999 -9999 -9999 -9999 -9999 -9999 -9999 -9999 -9999 -9999 -9999 -9999 -9999 -9999 -9999 -9999 -9999 -9999 -9999 -9999 -9999 -9999
0.1323771 0.6379249 0.3470542 0.5208567 0.3192472 0.0611384 0.1275191 0.2749612 0.2543908 0.2504584 0.3788335 0.3770014 0.3477076 0.277312 0.1326492 0.04828528 0.05404421 0.07517844 0.03410448 0.1312539 -9999 -9999 -9999 -9999 -9999 -9999 -9999 -9999 -9999 -9999 -9999 -9999 -9999 -9999 -9999 -9999 -9999 -9999 -9999 -9999 -9999 -9999 -9999 -9999 -9999 -9999 -9999 -9999 -9999 -9999 -9999 -9999 -9999 -9999 -9999 -9999 -9999 -9999 -9999 -9999 -9999 -9999 -9999 -9999 -9999 -9999 -9999
0.1200279 0.5355197 0.6964998 0.6613566 0.1451205 0.1413745 0.136122 0.1150278 0.1756472 0.4800712 0.8756533 0.8451986 0.4671739 0.2886302 0.2422248 0.1664896 0.1566137 0.1733639 0.05763727 -9999 -9999 -9999 -9999 -9999 -9999 -9999 -9999 -9999 -9999 -9999 -9999 -9999 -9999 -9999 -9999 -9999 -9999 -9999 -9999 -9999 -9999 -9999 -9999 -9999 -9999 -9999 -9999 -9999 -9999 -9999 -9999 -9999 -9999 -9999 -9999 -9999 -9999 -9999 -9999 -9999 -9999 -9999 -9999 -9999 -9999 -9999 -9999
0.2316676 0.5377625 0.4237028 0.2665083 0.1113745 0.06267085 0.09806953 0.1101936 0.09887233 0.8029024 0.9565435 1.047411 1.255586 0.7012376 0.3455794 0.1662892 0.09122037 0.1822302 -9999 -9999 -9999 -9999 -9999 -9999 -9999 -9999 -9999 -9999 -9999 -9999 -9999 -9999 -9999 -9999 -9999 -9999 -9999 -9999 -9999 -9999 -9999 -9999 -9999 -9999 -9999 -9999 -9999 -9999 -9999 -9999 -9999 -9999 -9999 -9999 -9999 -9999 -9999 -9999 -9999 -9999 -9999 -9999 -9999 -9999 -9999 -9999 -9999
0.5023107 0.6365438 0.4075568 0.4823059 0.05291623 0.07978833 0.1384683 0.09743845 0.05355604 0.5947754 1.50354 1.176441 1.84999 1.465125 0.4350377 0.0705214 -9999 -9999 -9999 -9999 -9999 -9999 -9999 -9999 -9999 -9999 -9999 -9999 -9999 -9999 -9999 -9999 -9999 -9999 -9999 -9999 -9999 -9999 -9999 -9999 -9999 -9999 -9999 -9999 -9999 -9999 -9999 -9999 -9999 -9999 -9999 -9999 -9999 -9999 -9999 -9999 -9999 -9999 -9999 -9999 -9999 -9999 -9999 -9999 -9999 -9999 -9999
