04_184A014/slope.asc
ncols 186
nrows 177
xllcorner 610464
yllcorner 6870672
cellsize 16
nodata_value -9999
[rows 90 to 119 of 177, columns 67 to 133 of 186]
1.660413 2.642962 2.994824 1.761441 1.074393 0.5293773 0.1241752 0.0400208 0.06910114 0.1045371 0.05017492 0.08609873 0.1512232 0.1582769 0.08991417 0.1088258 0.1386392 0.1143481 0.1255115 0.08877085 0.03871709 0.07952813 0.0677676 0.06568835 0.1869432 0.2414384 0.1465482 0.07927833 0.055018 0.03665973 0.06319247 0.1812775 0.2171149 0.09436127 0.1069543 0.1265391 0.1905552 0.2020943 0.2269375 0.6366717 0.4653397 0.433684 0.1466976 0.01150796 0 0 0 0 0 0 0 0 0 0 0 0 0 0.00178951 0.00178951 0 0 0 0 0.00178951 0.00178951 0 0
1.357548 1.77188 3.644031 4.248394 3.568893 2.255577 0.7383896 0.1193801 0.07829614 0.1163291 0.3185098 1.016629 1.783692 1.854074 1.267573 0.5473243 0.1480806 0.02400206 0.1053711 0.1474608 0.03491277 0.08108561 0.1328861 0.1410014 0.1756403 0.1802801 0.09537577 0.1062125 0.08973912 0.05470504 0.05569922 0.09412935 0.1776915 0.1309565 0.1108314 0.1260837 0.1312407 0.01767762 0.2662905 0.3543263 0.4202853 0.5782489 0.2701324 0.01285921 0.000545753 0 0 0 0 0 0 0 0 0 0 0 0 0.00178951 0.00178951 0 0 0 0 0.00178951 0.00178951 0 0
0.9410623 0.7007322 1.396096 2.709808 3.786196 3.844128 2.424604 0.8542837 0.1977009 0.09144774 0.7339914 1.715271 2.11288 1.983103 1.860279 0.699769 0.2669173 0.08244053 0.1038764 0.1582823 0.0936149 0.04977937 0.05844862 0.06092576 0.110473 0.1400711 0.09285321 0.0873749 0.1274154 0.274525 0.4899528 0.5391201 0.3958188 0.1856569 0.08040441 0.1134467 0.119101 0.1561866 0.2980015 0.3212357 0.4124476 0.6960319 0.4892736 0.06862894 0.004004113 0.0001497199 0 0 0 0 0 0 0 0 0 0 0 0.00178951 0.00178951 0 0 0 0 0.00178951 0.00178951 0 0
0.4408488 0.4990257 1.273032 1.299509 1.20451 2.579519 3.332485 2.264538 1.08404 0.3253478 0.7101028 1.811427 1.853023 1.683775 2.126194 0.6245422 0.1964657 0.1631197 0.1350833 0.0754566 0.02338213 0.05845362 0.1000759 0.1057202 0.1234849 0.05702134 0.1024717 0.2094658 0.6641209 2.091143 3.442894 3.374588 2.014642 0.5635864 0.135588 0.09259402 0.02380834 0.07324807 0.1844635 0.2167116 0.2830121 0.626611 0.7139974 0.2633356 0.01672387 0.004860957 0 0 0 0 0 0 0 0 0 0 0 0.00178951 0.00178951 0 0 0 0 0.00178951 0.00178951 0 0
0.07614711 0.1064207 0.4020184 1.503257 2.267309 1.860247 1.555277 2.080623 2.42417 1.672948 0.347036 1.090436 1.918788 2.065502 1.371012 0.1130791 0.23179 0.3285278 0.2028069 0.1566384 0.1437647 0.07190748 0.1059794 0.02580244 0.2701125 0.5607835 0.7571633 1.014024 1.995078 4.461038 5.062624 5.049992 4.192357 1.955317 0.724705 0.2344223 0.02547092 0.05505624 0.07003976 0.1456663 0.1956189 0.3999498 0.8124694 0.5869629 0.1397409 0.04520379 0.01241226 0 0 0 0 0 0 0 0 0 0 0.00178951 0.00178951 0 0 0 0 0.00178951 0.00178951 0 0
3.78353 3.075954 2.072904 2.110406 1.90504 2.394835 2.092393 0.7541109 0.9794148 1.948722 1.355888 0.5389644 0.1408491 0.5018265 0.2687508 0.2040822 0.2804663 0.4649294 0.3194408 0.07298882 0.1606008 0.188419 0.05504727 0.8063842 2.187273 3.452574 4.172812 4.715677 5.342028 5.976308 4.288674 4.747927 5.775954 4.221093 1.843438 0.5201342 0.2568314 0.1291451 0.0365718 0.0985794 0.1313144 0.1592732 0.6096145 0.7647162 1.062282 0.9769968 0.4931752 0.08989463 0 0 0 0 0 0 0 0 0 0.00178951 0.00178951 0 0 0 0 0.00178951 0.00178951 0 0
4.914935 5.365244 4.226772 3.869223 3.07871 1.08873 1.256804 1.779957 1.496703 0.7302713 1.015046 1.311701 1.099461 0.5243557 0.1753471 0.1477259 0.2542057 0.3413695 0.2887345 0.1574794 0.2353486 0.09405218 0.3325516 1.886599 4.284106 5.972654 7.735472 9.642602 10.45739 9.082955 6.568627 5.97981 6.789026 6.201963 3.127402 1.259345 0.8998815 0.5150367 0.1785917 0.09724385 0.08452608 0.1260306 0.273307 0.5777643 1.201613 1.454819 1.216213 0.3574964 0.007032004 0 0 0 0 0 0 0 0 0.00178951 0.00178951 0 0 0 0 0.00178951 0.00178951 0 0
3.671944 4.853111 5.954898 5.817561 3.713962 1.232607 0.1820595 0.3305398 0.9034156 1.019642 0.5195988 0.5267107 1.106267 0.5113196 0.1869723 0.07123397 0.1892431 0.2754866 0.1801695 0.1555077 0.2191094 0.1006341 0.4615587 2.68154 5.451009 5.910431 6.731456 8.487781 9.114152 8.867313 7.472832 6.112736 6.824141 7.222861 3.895568 3.028924 2.822513 1.84494 0.7173798 0.1394876 0.102758 0.1574961 0.1920557 0.403054 0.5317363 0.8021907 1.229755 0.4661839 0.009944756 0 0 0 0 0 0 0 0 0.00178951 0.00178951 0 0 0 0 0.00178951 0.00178951 0 0
4.224888 3.772096 6.987085 7.811977 4.655717 1.338276 0.1304933 0.2182699 0.1918302 0.555923 1.104333 1.114218 0.9685086 0.3861548 0.1125475 0.1546606 0.1653859 0.1000581 0.1083646 0.1551111 0.1560315 0.06437009 0.3789554 2.791958 5.688222 5.944448 5.273141 4.559968 3.108909 1.752097 3.726297 4.799174 5.497764 5.888789 3.419818 2.530739 2.711445 2.790003 1.841534 0.9448916 0.6716188 0.5450122 0.5045702 0.1799278 0.4890661 0.8716786 0.9386772 0.3695692 0.01785943 2.414836e-5 0 0 0 0 0 0 0 0.00178951 0.00178951 0 0 0 0 0.00178951 0.00178951 0 0
4.497597 2.76249 6.713023 9.149382 6.253219 1.704693 0.2150997 0.2675482 0.1311859 0.07967886 0.3715061 0.5627026 0.4145114 0.1937284 0.06948631 0.1296963 0.1919375 0.1085851 0.1033124 0.21094 0.1634232 0.05766992 0.2166697 2.056274 4.901306 7.221247 8.874821 9.908895 11.31245 11.59755 10.22591 7.762627 4.886111 2.850377 2.37589 2.18781 2.261994 3.353919 4.009122 3.758845 3.032721 2.314588 1.917404 1.348745 0.6375031 0.4130718 0.6047738 0.5631322 0.2768193 0.06410275 0.01102784 0.0001931869 0 0 0 0 0 0.00178951 0.00178951 0 0 0 0 0.001735728 0.001792843 7.727477e-5 0
3.71043 1.719422 5.991391 9.443763 7.369916 2.343644 0.2250654 0.1222798 0.1145484 0.128031 0.1826322 0.1008823 0.02498099 0.1443782 0.1494099 0.127785 0.2206131 0.1744251 0.06551912 0.1490493 0.2310849 0.1365549 0.08770735 0.8107753 2.455183 4.796129 7.180911 8.713094 9.770347 9.983667 8.651574 6.115144 3.400533 1.001568 1.021268 2.590381 3.031277 3.490719 4.316008 4.84575 4.783989 3.711 2.955965 2.596582 1.17182 0.32498 0.293149 0.5408738 0.5787115 0.4340571 0.2633228 0.08334122 0.0004636486 0 0 0 0 0.00178951 0.00178951 0 0 0 0 0.001626503 0.001792843 0.0001727916 0
2.891673 1.274848 6.373252 9.160666 7.072648 2.666589 0.3228774 0.164745 0.1470649 0.107183 0.1348668 0.1225737 0.09072072 0.07558944 0.1668723 0.1983995 0.2140947 0.1273163 0.07174864 0.01670354 0.1381909 0.1146055 0.04776214 0.1077211 0.2386945 0.7480859 1.769648 2.47309 2.758861 3.281767 4.098602 4.59682 4.415556 3.300566 1.763499 0.1258605 1.102034 1.31604 1.601657 2.349757 3.628444 3.677194 3.361847 3.274555 1.725108 0.5385182 0.2689686 0.4287674 0.5076268 0.4618272 0.4825152 0.2865791 0.04927932 0 0 0 0 0.001775902 0.001789718 1.931869e-5 0 0 0 0.001570944 0.00178951 0.0002185661 0
3.933346 5.872491 7.901587 8.716595 6.053786 2.216434 0.3228617 0.1103165 0.0785919 0.1062844 0.1130379 0.06925286 0.1175056 0.1602655 0.1651524 0.1403509 0.117872 0.2226329 0.2188155 0.1186239 0.09616914 0.1105149 0.07090725 0.07364096 0.1318468 0.136975 0.1812289 0.1423348 0.1038256 0.1054683 0.6755561 1.840304 3.39345 4.356533 4.181773 3.14782 1.935545 1.124838 0.7912578 0.4451105 1.195619 2.463402 3.804134 3.261941 2.125973 2.121308 2.483051 2.367905 1.589794 0.5494999 0.4594194 0.5256244 0.2355499 0.03355509 0.002105738 0 0.00103355 0.006793845 0.007188611 0.004491637 0 0 0 0.001570944 0.00178951 0.0002185661 0
7.663342 8.748003 8.142165 7.597778 4.294865 1.131641 0.1179049 0.1570962 0.1375255 0.1356193 0.1747086 0.1283668 0.0796 0.07921307 0.1016441 0.1491453 0.1316911 0.05752765 0.1095643 0.1184915 0.0134412 0.1197429 0.1662496 0.1503728 0.1574819 0.0820456 0.05747261 0.05349241 0.1096323 0.1606145 0.1418699 0.3863274 1.216107 2.671895 3.908731 4.425289 3.976712 3.067012 2.706964 2.794285 2.340571 1.859788 3.556656 2.616933 1.627108 2.854977 3.566713 3.210813 2.494733 0.9018988 0.4459003 0.6543219 0.5706586 0.2067183 0.03602905 0.005220877 0.001787632 0.01868996 0.01689108 0.01683318 0 0 0 0.001570944 0.00178951 0.0002185661 0
7.320275 7.000398 6.191875 4.713727 1.761802 0.2770287 0.07259937 0.1139727 0.1280209 0.1667258 0.1573974 0.09989297 0.1268438 0.1397735 0.1096318 0.08554413 0.1142004 0.1035875 0.1077387 0.09418684 0.0996419 0.1123031 0.1696968 0.155754 0.03233862 0.1006282 0.1436522 0.1435741 0.1431298 0.1546071 0.03169503 0.09493337 0.1531057 0.7661697 1.732226 2.843191 3.581599 3.867581 4.228333 4.660111 4.355328 2.698011 2.126396 1.951315 1.541539 2.336608 1.353745 3.055795 2.252896 1.399466 0.9479955 0.6550228 0.7954783 0.5682464 0.2001334 0.03534011 0.001519222 0.02199706 0.007233999 0.01996365 0 0 0 0.001570944 0.00178951 0.0002185661 0
4.033942 3.447625 2.573256 1.478166 0.4779434 0.2404373 0.1291166 0.05460605 0.04848791 0.1384724 0.2002548 0.1684679 0.1287411 0.1368558 0.1252047 0.1177499 0.1036482 0.0819888 0.1156069 0.1851704 0.1511932 0.03778273 0.06158485 0.05368838 0.1008127 0.03099277 0.06376424 0.06280706 0.06878737 0.0908028 0.11072 0.03097769 0.1200357 0.1194459 0.2727414 0.765471 1.692403 2.555678 2.738171 2.519727 3.066668 3.308537 1.737777 0.5743419 1.826475 1.081801 1.574825 3.156193 1.177325 0.883103 1.104031 0.6100521 0.720548 0.8613557 0.6768139 0.3187292 0.03312672 0.0133427 0.01703821 0.01163571 0 0 0 0.001570944 0.00178951 0.0002185661 0
1.950636 1.193838 0.5254593 0.3606553 0.1674994 0.1015223 0.1634854 0.2109724 0.2408083 0.2307799 0.2066455 0.1195235 0.1202591 0.1633465 0.1369209 0.07799644 0.1273933 0.1734022 0.1365206 0.05690362 0.1308084 0.1689234 0.1093135 0.03395949 0.0763852 0.1676107 0.1888085 0.159458 0.1530206 0.07431058 0.09000023 0.03075792 0.140242 0.04514379 0.05312714 0.1115081 0.2510183 0.5517759 0.7474812 0.9002162 1.230001 2.268261 2.847615 2.546372 1.581172 0.3935614 2.071434 2.658423 1.010258 0.7577953 0.8048003 0.326779 0.3799965 0.6491157 0.8988432 0.8004915 0.2981097 0.09149124 0.04919997 0.0284641 0.009147401 0 0 0.001570944 0.00178951 0.0002185661 0
0.9845497 0.3606203 0.2030828 0.1007994 0.2146103 0.308693 0.2716284 0.1372131 0.03918975 0.1116407 0.1436537 0.1307077 0.1506001 0.134635 0.1520943 0.1366322 0.06024831 0.09235188 0.1287947 0.1282364 0.0828101 0.1456792 0.2353031 0.253454 0.2047431 0.1255916 0.01934358 0.1037896 0.1855444 0.07369725 0.185314 0.1584179 0.2374603 0.1627575 0.08025523 0.1425659 0.1523641 0.06808049 0.2815776 0.612619 0.7019001 1.037686 1.944259 3.089414 3.649319 2.446672 1.355846 2.755004 1.525893 0.6568766 0.5200357 0.1731653 0.09566112 0.2413756 0.5260526 0.7353005 0.6713745 0.6627142 0.6342933 0.5362414 0.3375207 0.1226816 0.01058181 0.001570944 0.00178951 0.0002185661 0
0.4730106 0.2289196 0.313245 0.3019727 0.2139416 0.05916669 0.08252019 0.1625455 0.1413886 0.1014679 0.08552276 0.1135458 0.1437967 0.122165 0.1181047 0.1351278 0.1151275 0.09982485 0.08443668 0.06981896 0.1967626 0.2744529 0.2405693 0.129002 0.07879677 0.05642712 0.05929996 0.07227042 0.1254717 0.1726865 0.1986954 0.09271492 0.1756264 0.1844374 0.06150905 0.08244712 0.1270016 0.07620141 0.03634639 0.1792158 0.3111712 0.3822239 0.5382739 1.067002 2.280437 3.346902 3.009918 2.789483 1.660888 0.3239047 0.09085375 0.06420717 0.06206971 0.2226809 0.4103101 0.3253555 0.4660192 0.609735 0.7345023 0.7904682 0.7302389 0.5421582 0.2514915 0.05334563 0.01167611 0.0001822522 0
0.4564835 0.2383338 0.1515315 0.09821286 0.06748782 0.08882051 0.03350895 0.1756877 0.1984786 0.1074041 0.08317313 0.1490582 0.2208101 0.1780762 0.1173419 0.1074909 0.09151346 0.1373571 0.155827 0.05786459 0.07402072 0.1523968 0.2239167 0.1931651 0.09111493 0.0417891 0.1257854 0.1945887 0.2108908 0.1469412 0.04036805 0.06510635 0.231695 0.2448389 0.08605064 0.06240308 0.1218633 0.04483495 0.07339408 0.06639332 0.07752026 0.1126958 0.105519 0.2468732 0.5844335 1.426061 2.068194 1.755568 0.7439572 0.1124611 0.1319448 0.09308925 0.03275559 0.2403773 0.3258042 0.2162335 0.2066327 0.2174306 0.2296818 0.3588549 0.5155706 0.7180387 0.6485633 0.3220205 0.1134089 0.02327173 0.001304012
0.4405343 0.2502916 0.2024931 0.1695851 0.0917074 0.01412578 0.02004915 0.11501 0.1813506 0.1696648 0.1689825 0.169967 0.1699554 0.1280758 0.2184545 0.2667073 0.1683298 0.08271879 0.1146962 0.05139117 0.08166882 0.1872121 0.1358948 0.1019739 0.1755684 0.247587 0.2405696 0.1642599 0.1339762 0.1204438 0.1145076 0.1398305 0.1841432 0.1502228 0.1497723 0.1616486 0.2168602 0.1611121 0.1233549 0.0650811 0.07035239 0.1752113 0.1805805 0.09576187 0.05120513 0.05810761 0.04763583 0.0243597 0.04684639 0.08387119 0.08101967 0.09904325 0.07562394 0.1736373 0.2126341 0.1639176 0.1767991 0.2146959 0.1905329 0.27264 0.3081554 0.4785429 0.6972234 0.6900191 0.7019699 0.5953727 0.3157164
0.5198407 0.2026912 0.2667828 0.2152648 0.07958707 0.0706864 0.1565884 0.225 0.1852659 0.1557722 0.07172853 0.2146997 0.3364984 0.2650522 0.1328776 0.1377497 0.1895808 0.1996327 0.139409 0.08674993 0.1720454 0.2467085 0.2990129 0.3188407 0.2163026 0.1358572 0.07891257 0.09840754 0.07210219 0.1390713 0.2066398 0.1707974 0.1070281 0.1804792 0.2263875 0.1634171 0.1566963 0.1736569 0.1929208 0.1418606 0.0865272 0.07824484 0.1756247 0.2432689 0.2068256 0.1562706 0.1127755 0.08844262 0.0684813 0.05205034 0.07235546 0.1303069 0.07636878 0.1237636 0.1249613 0.07746956 0.01442254 0.1972888 0.1983993 0.2409413 0.2257617 0.2606892 0.4224164 0.5668321 1.535017 2.682279 2.798938
0.8539636 0.7205439 1.802868 2.249665 1.534896 0.3919061 0.1022624 0.06526532 0.163827 0.2390953 0.2165528 0.189631 0.170872 0.2046735 0.1668893 0.1809687 0.2197456 0.2581234 0.2003758 0.2177727 0.3101516 0.4296992 0.4137281 0.270519 0.1116176 0.04464664 0.03856456 0.2447791 0.8630456 1.730778 2.157281 1.755749 0.8289837 0.1948804 0.03406689 0.09585097 0.03614914 0.09921489 0.1658795 0.1764677 0.1712743 0.08653331 0.01928966 0.09532733 0.1223361 0.1300746 0.09742284 0.06394678 0.02856958 0.0242715 0.1008782 0.1075299 0.07441604 0.1270412 0.1574185 0.08801418 0.1132399 0.2080024 0.05721839 0.1046627 0.1219159 0.161859 0.2116555 0.2368012 1.98339 2.554825 3.199724
1.515451 1.07687 2.269814 2.119523 2.653778 1.134846 0.3043479 0.1190016 0.1708949 0.2083615 0.1274823 0.0427505 0.04931916 0.1210051 0.1293042 0.1318375 0.1927899 0.3264889 0.4022846 0.3923568 0.3025129 0.2022137 0.1387889 0.07880925 0.1339902 0.04572185 0.19897 0.9359337 2.740751 4.612669 5.391175 5.322617 4.079693 2.581986 1.316881 0.4973305 0.092095 0.08174378 0.04373892 0.05604861 0.1388633 0.1623845 0.1066881 0.09308355 0.06507591 0.06023863 0.09002084 0.07921137 0.0571106 0.06254483 0.0596661 0.08511306 0.07992736 0.1281049 0.2073422 0.1756815 0.189128 0.05875359 0.1221396 0.1176386 0.1268669 0.2195267 0.1854216 0.3092269 2.012976 2.300687 1.366525
2.440017 1.061415 1.714373 0.9042203 2.339552 1.071244 0.8352665 1.069991 0.6225709 0.1517047 0.145473 0.1228277 0.07116596 0.07425214 0.01778608 0.1771172 0.2895309 0.3685468 0.3123907 0.1839271 0.1453716 0.1472459 0.0545471 0.1211958 0.1913706 0.1895687 0.462034 1.728672 4.189503 5.378532 5.283323 6.50869 6.988412 6.485559 4.886829 3.071665 2.037209 1.099969 0.2636403 0.09463792 0.03610791 0.09673432 0.1684911 0.1890938 0.1464617 0.1035575 0.1201257 0.1141394 0.0982888 0.05928696 0.02886481 0.06853102 0.05620343 0.07596258 0.1981646 0.2221107 0.1143725 0.07517058 0.07373858 0.1361236 0.2564624 0.2155579 0.02796404 0.1870749 1.1703 2.016755 2.381775
1.816803 0.9850366 0.4160402 1.092873 1.908744 0.2322268 2.851238 3.811842 3.358894 0.7979965 0.0495215 0.095105 0.134972 0.2178253 0.3332309 0.3395044 0.1920803 0.1439656 0.2410087 0.2240736 0.1321915 0.1711906 0.3044152 0.3581857 0.3575664 0.185134 0.7983508 2.679532 5.311816 5.351601 2.897899 3.354303 4.80632 6.076859 5.854587 4.352322 4.068958 3.316931 1.526393 0.4730909 0.08759894 0.08251791 0.06022449 0.09638851 0.1255919 0.133764 0.145236 0.1099619 0.05538211 0.0408604 0.0369699 0.0594933 0.06730306 0.07256935 0.0561328 0.07955483 0.1270867 0.1288749 0.1264465 0.1806201 0.183802 0.03723282 0.03975599 0.1119497 0.3964303 0.7199993 0.8023685
1.464723 0.2376726 0.3568814 1.297254 1.401997 0.4368495 3.20968 0.5623571 3.35927 1.249498 0.2776877 0.2536534 0.2977851 0.349745 0.2341204 0.03816408 0.1279607 0.1793127 0.1812488 0.2745687 0.3769785 0.3566583 0.2130077 0.0716216 0.3028268 0.0482428 0.9732642 3.247503 5.914403 5.043562 1.920626 1.418676 1.809317 3.756118 4.743963 2.71729 2.432326 3.204011 2.401299 1.436865 0.5858021 0.2407193 0.1026034 0.164954 0.1705111 0.1281252 0.09130172 0.1216055 0.1372759 0.1522121 0.1477214 0.1114474 0.04673548 0.06576806 0.2306487 0.273932 0.251101 0.2599545 0.2347827 0.1573108 0.03480629 0.05414645 0.03427238 0.0361227 0.08203651 0.1374169 0.113624
1.199116 1.041689 0.726015 1.218092 1.222399 0.1855109 2.235741 3.493578 2.706854 0.7054888 0.4091774 0.393441 0.768753 1.217592 1.119148 0.5401693 0.1841064 0.3010648 0.3707608 0.3029883 0.2311098 0.2221883 0.1845773 0.1429914 0.2738971 0.05149535 0.800121 3.238969 6.644019 5.796917 2.674119 2.710425 2.470031 3.634461 5.069511 3.918513 2.552649 2.235368 2.370056 2.218776 1.225666 0.5898974 0.3543583 0.1753277 0.1314619 0.07949546 0.1168782 0.3040249 0.9936121 1.751803 2.236596 2.264154 1.702247 0.8634655 0.4488772 0.2467322 0.2292847 0.2194965 0.06518763 0.08074203 0.0867232 0.08951727 0.1238624 0.103919 0.05889471 0.06976548 0.05394756
1.314568 0.2225102 0.7699263 0.738947 0.6115657 0.6523453 0.3923056 0.3111132 0.3682974 0.1832561 0.0655356 0.2083214 0.7141504 0.5077038 0.8152029 0.6394524 0.2447998 0.172431 0.1227592 0.1049505 0.1750703 0.2082302 0.2021684 0.169629 0.2701538 0.3547004 0.3472249 2.120917 6.518826 7.795359 3.921046 1.955261 2.437693 2.930222 4.347213 5.031324 4.098676 3.227296 2.980006 2.808304 1.860087 0.96319 0.567508 0.631963 0.8735058 1.539027 2.343435 2.78206 3.272397 3.993611 4.650426 4.764581 4.363493 3.454155 2.366841 1.197572 0.4554402 0.2914873 0.4691244 0.5021563 0.4984214 0.5964673 0.6388041 0.5073028 0.1170026 0.04143685 0.07878896
2.484107 1.137894 0.3922788 0.567933 0.3497678 0.3754944 0.7386503 1.13803 0.8806192 0.1183818 0.2080003 0.2284727 0.6361786 1.054902 1.03563 0.4545875 0.07586431 0.1192821 0.1298296 0.0669121 0.1262086 0.0485058 0.1812141 0.4403075 0.6448875 0.6222141 0.3520608 0.8784419 4.459091 8.042348 7.783576 4.588778 2.304248 1.544375 2.380718 4.038311 4.259345 3.760238 3.500021 3.197 2.528723 1.861425 1.369221 1.531855 2.244549 3.761808 4.733403 4.606544 3.39419 2.684884 2.201678 2.164588 2.821512 3.266165 3.424204 2.497991 1.479191 0.7995495 0.7017658 0.662415 0.6935042 0.8830428 0.9330198 1.039856 0.4546061 0.1248123 0.06026175
