04_184A014/slope.asc
ncols 186
nrows 177
xllcorner 610464
yllcorner 6870672
cellsize 16
nodata_value -9999
[rows 120 to 149 of 177, columns 0 to 66 of 186]
-9999 -9999 -9999 -9999 -9999 -9999 -9999 -9999 -9999 -9999 -9999 -9999 -9999 -9999 -9999 -9999 -9999 -9999 -9999 0.06349503 0.004474478 0.3184252 0.8180663 1.393904 1.4816 2.144383 2.577992 0.7742667 1.001353 0.4940066 1.744605 3.950072 4.525611 2.666306 2.388109 4.949973 9.353277 7.159953 2.31487 1.005587 0.2687718 0.06003531 0.0226378 0.04581171 0.107114 0.1691128 0.1846357 0.1573121 0.1128377 0.1944269 0.2584746 0.05579243 0.2360512 0.3388022 0.548574 0.9179015 0.8112108 0.39611 0.4282504 1.905463 3.417623 3.026518 2.495131 1.834908 1.493729 1.459711 1.463761
-9999 -9999 -9999 -9999 -9999 -9999 -9999 -9999 -9999 -9999 -9999 -9999 -9999 -9999 -9999 -9999 -9999 -9999 -9999 0.0703475 0.534253 1.253787 1.270421 0.7454917 1.122041 2.194281 2.889151 1.320543 0.4870031 1.094002 0.9341061 3.526065 5.447201 5.336652 5.284107 4.179147 5.837223 6.582196 4.840326 3.459061 1.481534 0.1231285 0.06437688 0.05879429 0.09484522 0.1020159 0.08267064 0.0874758 0.150429 0.1500437 0.0637258 0.1156036 0.1909813 0.08079283 0.5747586 0.655117 1.070894 1.081789 0.3829634 1.827695 3.928033 3.027076 2.086082 0.9795805 0.2364148 2.297892 2.135188
-9999 -9999 -9999 -9999 -9999 -9999 -9999 -9999 -9999 -9999 -9999 -9999 -9999 -9999 -9999 -9999 -9999 -9999 0.1007034 0.6423047 1.842208 2.33757 2.039138 1.218975 0.7258277 1.090612 2.919415 3.363201 2.538127 1.18969 1.462715 3.314537 5.777077 6.804442 6.510843 4.226389 1.51208 4.347305 4.474234 4.421332 3.238804 1.201951 0.3391023 0.02872561 0.05317042 0.08116181 0.07401805 0.04425292 0.02976429 0.1479866 0.1520632 0.07385391 0.117518 0.1780441 0.408235 0.6387917 0.4216014 0.5350996 0.6998819 0.8363827 2.975338 3.916651 3.534421 2.699576 2.455805 2.479046 1.301692
-9999 -9999 -9999 -9999 -9999 -9999 -9999 -9999 -9999 -9999 -9999 -9999 -9999 -9999 -9999 -9999 -9999 -9999 0.118816 0.7526838 1.531635 1.137436 0.7451115 0.4773862 0.3552951 0.2440849 1.193675 2.05952 2.720586 2.239652 2.777781 2.427653 2.424008 2.303959 3.355059 5.019125 3.933677 2.793787 2.922842 3.070601 2.833838 1.941495 0.9179858 0.143668 0.1002583 0.08199627 0.05568726 0.06588846 0.05914592 0.07890552 0.1652873 0.3880171 0.5300047 0.4080682 0.1827708 0.2451706 0.6899161 0.7124953 0.3497193 0.0756211 0.8045893 1.569857 1.668835 1.43826 0.4894783 1.136055 3.080273
-9999 -9999 -9999 -9999 -9999 -9999 -9999 -9999 -9999 -9999 -9999 -9999 -9999 -9999 -9999 -9999 -9999 0.1047547 0.08291658 0.4917803 1.431379 2.051051 1.739519 0.8725074 0.4624076 0.2933327 0.4493403 0.4167917 1.738777 2.426808 3.009947 1.785347 1.919825 0.5531407 1.201496 3.079439 4.86546 5.047931 3.889184 2.667883 1.81972 1.73517 1.045912 0.4256759 0.397467 0.2462043 0.0339159 0.04846206 0.1221595 0.197222 0.2693861 0.2993402 0.230874 0.138861 0.08965118 0.09484249 0.107237 0.06633578 0.04660141 0.1432633 0.05173003 0.4225486 0.7474114 1.205354 1.030419 2.057604 1.259357
-9999 -9999 -9999 -9999 -9999 -9999 -9999 -9999 -9999 -9999 -9999 -9999 -9999 -9999 -9999 -9999 0.05854759 0.04918956 0.05724845 0.05446555 0.1003545 0.3159974 0.8338118 1.380405 1.105654 0.8787022 0.9395196 0.3997962 0.8679451 1.921951 1.83923 1.600114 2.669616 2.109132 1.86811 1.166876 1.611724 2.264328 2.353547 1.764177 1.134345 1.106605 0.9377152 1.005679 1.191774 1.087217 0.615069 0.3686188 0.2714658 0.2783352 0.2346185 0.116975 0.05000168 0.08431424 0.1026163 0.07326606 0.08866066 0.1159417 0.0830889 0.07983619 0.1412426 0.3006323 0.3701981 0.7764019 1.682575 3.02119 2.955534
-9999 -9999 -9999 -9999 -9999 -9999 -9999 -9999 -9999 -9999 -9999 -9999 -9999 -9999 -9999 0.09156119 0.09666358 0.06015971 0.06739567 0.1041128 0.1147581 0.08199722 0.1946111 0.7447792 0.829192 0.5550829 1.187912 1.232401 1.52078 1.378752 0.5371935 0.3194763 1.642894 2.034707 1.583215 1.038969 0.8370205 0.6490673 0.5245114 0.463688 0.3597634 0.4416341 0.7123036 0.5646887 0.4821028 0.9025595 0.8263801 0.5529321 0.2747502 0.1449974 0.1227182 0.1289097 0.03962886 0.01554151 0.061049 0.09962908 0.09631163 0.0995184 0.1356848 0.1544171 0.105891 0.2091712 0.3673614 0.354531 0.1882922 1.450991 1.787985
-9999 -9999 -9999 -9999 -9999 -9999 -9999 -9999 -9999 -9999 -9999 -9999 -9999 -9999 0.08839042 0.08750027 0.1129242 0.1008112 0.1021812 0.1059564 0.1053313 0.07885493 0.06869587 0.03638066 0.1074004 0.1971858 1.376188 1.375394 1.058251 1.226677 0.6642429 0.4855283 0.2164928 0.02963533 0.1748654 0.3830874 0.404452 0.2251001 0.02450555 0.05567465 0.1619295 0.1235293 0.2512232 0.1965874 0.08503474 0.3204288 0.6799253 0.5674114 0.2391465 0.2031538 0.1713681 0.1661409 0.03597584 0.02783101 0.03554462 0.02256187 0.04446718 0.06589521 0.09320236 0.1708295 0.148919 0.1948651 1.233125 1.913321 2.070889 0.7698026 0.4388644
-9999 -9999 -9999 -9999 -9999 -9999 -9999 -9999 -9999 -9999 -9999 -9999 -9999 -9999 0.08387105 0.06930327 0.07032 0.07215669 0.09312691 0.07238414 0.06731428 0.06605937 0.06929081 0.08697096 0.1657242 0.09676705 0.893469 1.799387 1.659889 1.234752 0.5774884 0.3038071 0.1384414 0.2381469 0.2165276 0.1564143 0.1380178 0.1674051 0.1650423 0.1074642 0.08920941 0.781544 1.756429 2.534759 2.811117 2.760291 2.636063 2.399564 2.318604 2.153441 1.393146 0.5438122 0.1263384 0.08273028 0.01220239 0.04396857 0.02438224 0.0282662 0.04424148 0.1167396 0.09447503 0.2915854 2.329257 3.125272 3.108704 2.522777 0.4129561
-9999 -9999 -9999 -9999 -9999 -9999 -9999 -9999 -9999 -9999 -9999 -9999 -9999 0.04740012 0.08849061 0.06788433 0.06542741 0.05835171 0.05559786 0.04238962 0.06586783 0.09356076 0.06390685 0.02903547 0.1127152 0.05855667 0.1839763 0.566143 0.6037717 0.5944942 0.2914113 0.1958125 0.2413182 0.1651856 0.07655974 0.05680179 0.09887879 0.1233976 0.1068142 0.0701737 0.2039831 1.613288 2.645478 3.915553 5.692839 6.752861 6.793288 6.321505 5.88051 5.201755 4.157591 2.275639 0.8173422 0.1799203 0.06553486 0.05263237 0.009667855 0.05684159 0.1026544 0.02262862 0.07400335 0.3013146 2.704386 2.736681 2.262261 2.997325 0.5868133
-9999 -9999 -9999 -9999 -9999 -9999 -9999 -9999 -9999 -9999 -9999 -9999 0.03287442 0.05657885 0.1076923 0.1113018 0.09205975 0.06533602 0.05098201 0.05060283 0.03532023 0.03649918 0.03137446 0.06143211 0.08882944 0.168951 0.1437544 0.1285974 0.1805731 0.2288377 0.1051785 0.1237297 0.1560687 0.1028559 0.06718585 0.06021322 0.05682882 0.06173532 0.0947286 0.1181991 0.2161238 1.677868 2.617131 3.587411 5.356618 6.753405 9.28679 12.12379 12.33803 10.07176 7.698354 4.824899 2.162529 0.65523 0.1401028 0.05120309 0.05975777 0.08846334 0.02489216 0.08256748 0.04609871 0.2265411 2.126075 2.709212 2.665548 2.220954 0.3342225
-9999 -9999 -9999 -9999 -9999 -9999 -9999 -9999 -9999 -9999 -9999 0.1719816 0.1237113 0.0444076 0.09293395 0.04021299 0.009291293 0.03328001 0.08458687 0.08582938 0.1259047 0.1342428 0.09088477 0.1001524 0.1018266 0.04234843 0.09905487 0.1601926 0.1477064 0.1821178 0.1050494 0.1105325 0.09009603 0.1005118 0.08760542 0.09973636 0.08704224 0.02179208 0.1314956 0.175972 0.1638194 0.8472219 2.630643 5.253724 5.607978 3.086016 5.018137 8.347861 10.14017 10.83164 9.117126 6.422351 4.386775 3.026109 1.602974 0.5144442 0.1134451 0.1025062 0.1126746 0.07675532 0.03418471 0.1106278 1.069794 1.615453 1.362741 1.060035 0.1946979
-9999 -9999 -9999 -9999 -9999 -9999 -9999 -9999 -9999 -9999 0.1004032 0.09985264 0.08225776 0.1184332 0.1366362 0.1200788 0.1212192 0.1033729 0.03311174 0.05589593 0.02577983 0.1478416 0.5826218 1.171621 1.612954 1.329138 0.5127347 0.05275273 0.1723492 0.1766707 0.1049584 0.08415613 0.06264777 0.1090571 0.1509478 0.1296833 0.0714975 0.1402499 0.1968212 0.1744262 0.1276705 0.1857738 1.536731 4.680629 6.34861 6.670087 8.841854 9.012191 2.898724 7.38274 7.941577 7.171039 7.877332 7.805812 6.76577 4.29772 1.686421 0.3526147 0.0997266 0.09386677 0.07194983 0.02261531 0.3097822 0.803708 1.01693 0.6710911 0.1391824
-9999 -9999 -9999 -9999 -9999 -9999 -9999 -9999 -9999 0.06269452 0.07041279 0.08140337 0.03536428 0.04457223 0.09075038 0.0590843 0.04156366 0.05503296 0.0984643 0.3863548 1.436259 2.272235 2.192169 1.911488 1.746211 1.781667 1.20214 0.1487434 0.07693649 0.1369825 0.1580685 0.1439344 0.09745847 0.07511783 0.1710415 0.2791771 0.229134 0.1861509 0.1494818 0.08209422 0.09310646 0.1219916 0.6783364 2.652938 4.187501 5.272576 8.105839 11.20579 9.662602 6.473166 2.690419 5.460467 7.713594 7.966511 7.897117 7.204113 4.813969 2.190224 0.5643534 0.075518 0.03450457 0.06814743 0.08535688 0.0923875 0.1100694 0.09336389 0.1060656
-9999 -9999 -9999 -9999 -9999 -9999 -9999 -9999 0.0883234 0.03856146 0.02339349 0.04560064 0.06012432 0.05221283 0.06487996 0.07236775 0.05582172 0.04244744 0.04271809 0.5170672 1.723196 1.234857 0.7781881 0.1790666 0.9320337 1.724905 1.067293 0.2743041 0.104609 0.1217903 0.1247466 0.1152589 0.1027532 0.068532 0.1120218 0.1452845 0.1683942 0.4139403 0.9881922 1.204575 0.7940768 0.09788549 0.2608666 1.114468 1.882901 2.570466 3.984994 6.040802 6.42648 5.857121 4.181678 2.371359 1.334966 3.340012 4.176217 5.444617 5.704 4.431328 2.486547 1.050411 0.3392464 0.05524273 0.05957232 0.1634716 0.2065465 0.1793362 0.1149788
-9999 -9999 -9999 -9999 -9999 -9999 -9999 -9999 0.1633677 0.02371662 0.02416781 0.01188105 0.02387347 0.04697188 0.01010319 0.04928455 0.03204256 0.04313968 0.06857534 0.3962855 1.654773 2.154626 1.85683 1.162811 1.080558 1.06465 0.4175285 0.2644518 0.1002179 0.05038896 0.06903682 0.08404052 0.06184829 0.06125424 0.06213682 0.05663025 0.3631954 2.094758 3.582345 3.412574 2.512752 0.7468045 0.1467736 0.6284316 1.077761 1.684848 2.99784 3.908026 4.179194 4.55052 5.404925 5.648085 4.999637 4.51772 3.208929 2.682516 3.472653 4.437038 4.213732 2.906469 1.698531 0.6980842 0.08571057 0.07728331 0.03763874 0.1429517 0.3318761
-9999 -9999 -9999 -9999 -9999 -9999 -9999 1.164787 0.6671453 0.06810004 0.02155164 0.02903342 0.05681 0.01391142 0.03288256 0.05651009 0.04178068 0.03385171 0.04012273 0.04324887 0.4963845 0.9740565 1.157447 0.9916788 0.2744031 1.96866 3.196671 2.880214 1.612211 0.3322844 0.05687736 0.05662379 0.0222402 0.01392656 0.04433447 0.05800234 0.5296537 2.677223 2.355504 1.432828 2.701572 1.748458 0.429584 0.2538325 0.4706534 1.075084 2.502645 3.921731 4.806965 5.180398 5.950896 6.443753 6.30124 5.001765 4.022034 3.053309 1.212716 2.009849 3.502392 3.094259 2.680968 2.03712 0.981259 0.1876127 0.172005 0.2348002 0.3148161
-9999 -9999 -9999 -9999 -9999 -9999 0.9995432 1.576698 1.314193 0.2532224 0.04296457 0.03797553 0.01987445 0.02236141 0.03666135 0.05235645 0.0494765 0.04849597 0.06141563 0.01590787 0.05786017 0.06598356 0.2694312 0.6097082 1.32551 2.133519 1.807185 2.863935 3.230071 1.520238 0.2121438 0.08160169 0.04349407 0.05175506 0.07551225 0.05127414 0.381587 2.458183 3.290373 3.010435 1.918773 1.32865 0.7397346 0.9234985 0.7688316 0.1645889 0.5753792 1.028426 1.383303 2.288607 4.032665 5.064931 5.152049 4.543587 3.926489 2.99584 2.160652 1.26321 1.838258 1.875374 2.634279 2.713698 2.172673 1.037587 0.3328353 0.2314703 0.0530444
-9999 -9999 -9999 -9999 -9999 1.043592 0.605728 1.329573 1.150193 0.4487728 0.3322603 0.09134083 0.01384783 0.03253353 0.1538335 0.2436389 0.2510585 0.2337034 0.240572 0.1839799 0.09278722 0.1636333 0.1190381 0.188775 1.028707 2.741897 3.49387 2.686444 2.443793 1.609558 0.397434 0.1053105 0.05212784 0.1089782 0.03674762 0.07269889 0.08098338 0.9389995 1.534444 1.822842 1.675407 0.5621263 1.899441 3.296191 3.235131 2.036571 0.3867528 0.08637988 0.05001078 0.1729818 0.5626621 1.162369 2.209179 2.960924 2.850447 2.604131 2.858432 2.143948 0.4693558 1.781684 3.18359 3.50504 3.37819 2.34044 0.9759047 0.2951431 0.07938641
-9999 -9999 -9999 -9999 -9999 1.178895 0.9863743 0.9978721 0.3523014 1.033491 1.351155 1.053758 0.8040146 0.6356414 0.404107 0.1318587 0.06341515 0.05491713 0.08698183 0.1691468 0.1877952 0.2651884 0.1622883 0.1470733 0.2167064 0.9129568 2.011907 2.705341 2.258996 1.124205 0.2014359 0.4755628 0.661536 0.3837628 0.04554853 0.08559803 0.02530007 0.2043221 0.2655921 0.3025077 0.2201034 1.466778 2.692858 1.313878 2.035557 2.411441 0.6900662 0.1136165 0.08665469 0.06548464 0.06890891 0.06103304 0.1850342 0.4275263 0.7447833 1.429877 2.30012 2.32711 2.237746 1.873971 1.542962 2.779405 3.252017 3.028425 1.84335 1.011533 0.1489993
-9999 -9999 -9999 -9999 -9999 0.825758 0.7005531 0.522736 0.5031265 0.7589731 0.8422049 0.7750509 0.5250554 0.7449005 0.7484313 0.2153134 0.1709154 0.1776293 0.1644989 0.1061359 0.07178988 0.1935599 0.1716452 0.3299836 0.2073066 0.06893953 0.08447704 0.06671734 0.01062994 0.08749303 0.2058313 0.6494458 0.5475338 0.6346617 0.1889334 0.06736677 0.01407889 0.09618189 0.04955022 0.1178284 0.2412532 1.533797 2.668327 3.314303 3.465069 2.243744 0.5854821 0.09912341 0.09646607 0.1162316 0.09795985 0.04661874 0.07841105 0.06160514 0.05928686 0.09612888 0.5432559 1.682992 3.041325 3.91358 2.627092 2.348879 1.824184 1.899345 1.854902 1.588464 0.6132299
-9999 -9999 -9999 -9999 0.5158683 0.2954328 0.4519078 0.6690038 1.15031 1.383 1.304738 0.6353828 0.3202416 0.7421716 0.8826296 0.09826308 0.12174 0.1037033 0.08096805 0.04262374 0.05220431 0.06917807 0.4054758 0.6127475 0.9199767 1.067565 0.7225472 0.3027712 0.0775171 0.01691793 0.2331413 0.505758 0.5061211 0.5622441 0.2143991 0.08004262 0.0397561 0.05077786 0.09695326 0.06865773 0.1831911 0.8517742 1.682237 1.942059 1.426161 0.6264446 0.1158448 0.06048391 0.04896004 0.1014667 0.1481631 0.08425653 0.09660295 0.1104504 0.06965914 0.1441984 0.1466174 0.5320083 1.506837 3.079401 3.405197 3.237679 2.448713 1.379842 1.091857 1.501873 1.225401
-9999 -9999 -9999 -9999 1.692403 1.195652 0.5035111 0.3178793 0.632692 1.012974 0.959498 0.7350682 0.7025604 0.7907787 0.8424714 0.03687456 0.08384309 0.1521295 0.252753 0.2660146 0.1393819 0.02354752 0.3574444 0.6385738 0.4361574 0.3103824 0.680653 0.4829088 0.1273911 0.1176028 0.06291487 0.3328056 0.3970552 0.2257057 0.1658666 0.06878409 0.02846095 0.002647194 0.09221753 0.0669171 0.07274725 0.06764005 0.05089749 0.09100664 0.1258753 0.09685613 0.04135308 0.03021904 0.07762913 0.1062673 0.1751348 0.1558783 0.1314689 0.1426943 0.1626511 0.2156314 0.1310492 0.05542824 0.08817198 0.7824888 1.425153 1.552732 1.134486 0.9093288 1.535503 2.793047 2.900932
-9999 -9999 -9999 2.321187 1.320418 2.015743 0.8235041 0.243173 0.05513433 0.07453334 0.1349139 0.6222162 1.134492 0.9865134 0.4968239 0.1071267 0.04359922 0.08494956 0.06794985 0.2007703 0.154539 0.02118165 0.2095364 0.6364363 1.022182 0.9602618 0.7180839 0.2990116 0.1045286 0.1223331 0.2309955 0.149224 0.07087603 0.1011935 0.2440778 0.1513965 0.1028873 0.04316799 0.06971274 0.1120731 0.04671935 0.1373045 0.1087884 0.07145319 0.04767816 0.02364971 0.05895551 0.03975011 0.05408292 0.06075645 0.1197399 0.1581007 0.1787534 0.1529732 0.1543847 0.1590023 0.09390248 0.1486378 0.08073363 0.01091833 0.1632287 0.1958004 0.1519067 1.911537 1.803436 1.168607 1.562317
-9999 -9999 -9999 2.185344 1.96128 2.333911 0.8787514 0.2135799 0.0636778 0.0734878 0.1012824 0.1224255 0.2234306 0.2726098 0.111866 0.1981942 0.1139126 0.1318266 0.2618946 0.2529336 0.1563814 0.1160472 0.1747446 0.2898507 0.474514 0.5192347 0.4265026 0.3211311 0.308292 0.3607195 0.2509354 0.1701829 0.09098042 0.1264348 0.2041607 0.03109623 0.09982578 0.1239514 0.0860339 0.1277067 0.01785312 0.197102 0.1230983 0.03501294 0.04738759 0.03023765 0.04234978 0.06980531 0.07593779 0.03495207 0.05474639 0.02121088 0.09299114 0.1051789 0.03185278 0.1087143 0.03311153 0.1820489 0.145715 0.1034298 0.159159 0.1426078 0.2360261 1.921863 2.219473 2.766018 2.422085
-9999 -9999 0.7936406 1.688081 2.029314 1.359769 0.427328 0.14179 0.09992354 0.1640092 0.1346469 0.08302814 0.04216912 0.08653469 0.229681 0.2708098 0.156711 0.1302633 0.06007719 0.05956131 0.0570912 0.07976446 0.09727836 0.1325742 0.2352186 0.2894117 0.2761478 0.2736765 0.2633346 0.1731699 0.05788475 0.173705 0.06138635 0.1485765 0.06240188 0.2151791 0.133448 0.05991244 0.01927709 0.077172 0.1127272 0.2030981 0.1314766 0.07103782 0.075946 0.03183701 0.01958348 0.0375698 0.054274 0.119965 0.3430998 0.3446939 0.1529926 0.1408002 0.02282513 0.1343622 0.02380104 0.1030527 0.1250653 0.1663459 0.268987 0.217254 0.1663976 1.049888 1.41414 1.606915 0.7467831
-9999 -9999 0.178916 0.1438299 0.01578679 0.1293934 0.1629161 0.1175706 0.03302943 0.08048659 0.09286682 0.06883782 0.08952197 0.101416 0.2320795 0.3640051 0.2751129 0.2306603 0.1724072 0.1778374 0.1717459 0.180287 0.1548588 0.08137409 0.07788361 0.1465578 0.1804599 0.2169194 0.198203 0.103543 0.140069 0.1062523 0.02470415 0.1840277 0.1682509 0.09072211 0.1387365 0.2049419 0.3222277 0.6419043 0.7521013 0.4501715 0.2123213 0.1690046 0.1834935 0.2048436 0.1467174 0.07392852 0.02800624 0.2195443 0.4241864 0.3219472 0.3783501 0.1714644 0.1978991 0.07681351 0.05196916 0.009446843 0.1331579 0.2864261 0.2418693 0.1139287 0.105143 0.3633744 0.5371606 0.531458 0.1135941
-9999 -9999 0.07494951 0.1100483 0.1833775 0.2423213 0.2347262 0.1917108 0.1550716 0.133541 0.1259188 0.09730509 0.01343006 0.1368557 0.435794 0.4806126 0.4112122 0.5017296 0.2222354 0.127168 0.1448662 0.1225681 0.09182129 0.09108031 0.1385652 0.1977024 0.192222 0.103628 0.0336183 0.1320922 0.1754444 0.09899854 0.07596863 0.145195 0.08250111 0.2283679 0.150958 0.1790719 0.3137214 0.767271 0.5701873 0.5739545 0.1117082 0.1586306 0.1065218 0.01704488 0.2391703 0.2020404 0.1629523 0.2992103 0.509837 0.4738042 0.4527409 0.1537954 0.1684357 0.1444999 0.05852047 0.1688148 0.2464959 0.2032025 0.1114732 0.1448455 0.2116046 0.2236949 0.1843188 0.07401527 0.05371642
-9999 0.2347641 0.1766487 0.1112571 0.04685076 0.09826262 0.1329955 0.05394175 0.0930473 0.07128306 0.05803103 0.1119496 0.1551032 0.1973055 0.4811922 0.6631996 0.5002101 0.3089081 0.227347 0.2110039 0.2151111 0.2327136 0.1769819 0.1080218 0.08367706 0.07843465 0.0900936 0.07802047 0.04188813 0.1361792 0.1331141 0.09135295 0.1424031 0.07172284 0.1184734 0.1788601 0.5600652 0.6835731 0.5056328 0.4458939 0.5775017 0.6289983 0.0872496 0.1662726 0.2321858 0.3142401 0.3922005 0.3105102 0.2974 0.3982321 0.5508236 0.5634758 0.4395849 0.2597958 0.2730011 0.2901904 0.204158 0.3030089 0.1603965 0.03846105 0.09353194 0.1612782 0.1308723 0.1365503 0.2064813 0.2116721 0.1402867
-9999 0.05797582 0.06670319 0.007119813 0.1185356 0.1471879 0.2187598 0.1461821 0.1548444 0.06899982 0.1521483 0.2516358 0.191579 0.1801722 0.2496421 0.09375122 0.1828402 0.03797283 0.1760811 0.2308538 0.3272245 0.2870879 0.1115728 0.09456378 0.2006673 0.1957976 0.06801859 0.02793255 0.07124022 0.2133775 0.1633903 0.1140872 0.08964032 0.03819272 0.05488727 0.3076288 1.403571 1.677757 1.370348 0.523978 0.4368794 0.1781666 0.1710124 0.1223846 0.07090011 0.08658106 0.2300639 0.2344049 0.127832 0.2093841 0.2908792 0.2682231 0.2653296 0.279312 0.3471236 0.3599265 0.3371304 0.2393602 0.08425922 0.1165632 0.1446732 0.1176363 0.08194719 0.08988357 0.09220675 0.1347681 0.1984988
