04_184A014/slope.asc
ncols 186
nrows 177
xllcorner 610464
yllcorner 6870672
cellsize 16
nodata_value -9999
[rows 60 to 89 of 177, columns 0 to 66 of 186]
-9999 -9999 -9999 -9999 -9999 -9999 -9999 -9999 -9999 -9999 -9999 -9999 -9999 -9999 -9999 -9999 -9999 -9999 -9999 -9999 -9999 -9999 -9999 -9999 -9999 -9999 -9999 -9999 -9999 -9999 -9999 -9999 -9999 -9999 -9999 -9999 -9999 -9999 -9999 0.3792076 0.5627553 0.5980533 0.4579411 0.2931426 0.3077287 0.8361463 1.260933 1.006024 1.345207 2.09382 2.206795 3.761249 4.062358 0.844563 2.291133 2.798066 2.251252 1.714576 1.145888 0.6708744 0.6625893 0.5704425 0.3240031 0.1667324 0.21175 0.1815341 0.1835576
-9999 -9999 -9999 -9999 -9999 -9999 -9999 -9999 -9999 -9999 -9999 -9999 -9999 -9999 -9999 -9999 -9999 -9999 -9999 -9999 -9999 -9999 -9999 -9999 -9999 -9999 -9999 -9999 -9999 -9999 -9999 -9999 -9999 -9999 -9999 -9999 -9999 -9999 -9999 0.1351194 0.02161475 0.09082062 0.1906875 0.2060326 0.1826712 0.1608292 0.2075981 0.8831161 1.636871 2.35711 2.984936 3.152241 1.683233 0.8613938 1.643111 1.558636 1.616421 2.016921 1.675674 1.831583 1.450542 0.8977532 0.4876155 0.1729895 0.171741 0.1548614 0.1627663
-9999 -9999 -9999 -9999 -9999 -9999 -9999 -9999 -9999 -9999 -9999 -9999 -9999 -9999 -9999 -9999 -9999 -9999 -9999 -9999 -9999 -9999 -9999 -9999 -9999 -9999 -9999 -9999 -9999 -9999 -9999 -9999 -9999 -9999 -9999 -9999 -9999 -9999 0.2398665 0.2445916 0.2297681 0.2320469 0.1882673 0.1276419 0.05163738 0.04848791 0.1767023 0.3773661 0.8017892 1.474498 1.499062 1.165848 0.503424 0.8954029 1.779219 1.81985 1.237312 0.8781852 1.533506 2.045082 1.992113 1.537766 1.250676 0.5881554 0.1422516 0.121978 0.16024
-9999 -9999 -9999 -9999 -9999 -9999 -9999 -9999 -9999 -9999 -9999 -9999 -9999 -9999 -9999 -9999 -9999 -9999 -9999 -9999 -9999 -9999 -9999 -9999 -9999 -9999 -9999 -9999 -9999 -9999 -9999 -9999 -9999 -9999 -9999 -9999 -9999 -9999 0.4004946 1.572191 3.085435 3.558264 2.569172 1.062208 0.3408827 0.1855225 0.2849918 0.2096963 0.3040047 0.4380719 0.7433248 0.7081491 0.4251154 0.5362806 1.157446 1.735358 1.749093 1.09319 0.8653873 0.2007388 1.217666 1.349248 1.565881 1.00174 0.2268346 0.170625 0.2076792
-9999 -9999 -9999 -9999 -9999 -9999 -9999 -9999 -9999 -9999 -9999 -9999 -9999 -9999 -9999 -9999 -9999 -9999 -9999 -9999 -9999 -9999 -9999 -9999 -9999 -9999 -9999 -9999 -9999 -9999 -9999 -9999 -9999 -9999 -9999 -9999 -9999 -9999 2.710307 5.676656 7.56469 7.594045 6.432254 3.434902 1.102007 0.4630206 0.1744753 0.1683905 0.3946652 0.248315 0.09264734 0.108486 0.1019106 0.08205063 0.348123 0.4694935 0.663344 1.004987 1.141905 0.9698824 1.184706 1.114802 1.40223 0.8504597 0.4862402 0.5000152 0.6541287
-9999 -9999 -9999 -9999 -9999 -9999 -9999 -9999 -9999 -9999 -9999 -9999 -9999 -9999 -9999 -9999 -9999 -9999 -9999 -9999 -9999 -9999 -9999 -9999 -9999 -9999 -9999 -9999 -9999 -9999 -9999 -9999 -9999 -9999 -9999 -9999 -9999 -9999 2.738388 4.257116 3.071796 1.349868 4.549288 3.492885 3.336114 3.657322 3.390808 2.244673 0.8313995 0.2916705 0.2660387 0.2938782 0.2571439 0.3043924 0.1128335 0.2160483 0.4503075 0.855978 0.978418 1.046701 1.335464 1.215948 0.9275688 0.6241997 2.789795 5.629003 7.87668
-9999 -9999 -9999 -9999 -9999 -9999 -9999 -9999 -9999 -9999 -9999 -9999 -9999 -9999 -9999 -9999 -9999 -9999 -9999 -9999 -9999 -9999 -9999 -9999 -9999 -9999 -9999 -9999 -9999 -9999 -9999 -9999 -9999 -9999 -9999 -9999 -9999 -9999 2.302418 5.570746 7.436051 7.066331 3.59484 1.649557 4.509152 5.48842 5.349627 4.586281 1.653637 0.3811712 0.2244635 0.1811865 0.2171221 0.3930423 0.1100825 0.1549003 0.3101199 0.3464887 0.7894097 1.100854 0.7844817 0.5175856 0.3391051 1.24479 3.636049 7.243823 8.993164
-9999 -9999 -9999 -9999 -9999 -9999 -9999 -9999 -9999 -9999 -9999 -9999 -9999 -9999 -9999 -9999 -9999 -9999 -9999 -9999 -9999 -9999 -9999 -9999 -9999 -9999 -9999 -9999 -9999 -9999 -9999 -9999 -9999 -9999 -9999 -9999 -9999 -9999 0.7789428 1.236139 2.636222 2.718107 4.250711 4.134763 1.951639 0.2484708 2.644749 4.426428 1.984106 0.8113359 0.4685487 0.958629 1.005973 0.604035 0.1085853 0.1120871 0.3127295 0.2437916 0.549064 0.4629051 0.3248434 0.3212213 0.2877197 1.272548 4.009121 7.863358 7.593693
-9999 -9999 -9999 -9999 -9999 -9999 -9999 -9999 -9999 -9999 -9999 -9999 -9999 -9999 -9999 -9999 -9999 -9999 -9999 -9999 -9999 -9999 -9999 -9999 -9999 -9999 -9999 -9999 -9999 -9999 -9999 -9999 -9999 -9999 -9999 -9999 -9999 -9999 1.366158 0.7828086 0.04599009 3.456677 5.749982 1.740547 3.085594 3.495628 4.520939 3.263155 1.372013 1.140265 0.5195752 0.5294347 0.8600035 0.6552105 0.2542454 0.1168087 0.4114389 0.5153002 0.3730877 0.1240062 0.2043227 0.3176382 0.2285064 0.4742509 2.136885 5.726095 8.956935
-9999 -9999 -9999 -9999 -9999 -9999 -9999 -9999 -9999 -9999 -9999 -9999 -9999 -9999 -9999 -9999 -9999 -9999 -9999 -9999 -9999 -9999 -9999 -9999 -9999 -9999 -9999 -9999 -9999 -9999 -9999 -9999 -9999 -9999 -9999 -9999 -9999 -9999 1.274304 1.0771 0.3250463 2.734674 5.784921 6.532686 5.541866 4.213026 3.533697 2.313678 1.513906 1.006733 0.4909986 1.047176 0.7536183 0.3027909 0.4794801 0.2414903 0.1079417 0.1281421 0.1613712 0.1558598 0.1660198 0.1096126 0.04533371 0.0535787 0.1872651 0.6505781 1.15834
-9999 -9999 -9999 -9999 -9999 -9999 -9999 -9999 -9999 -9999 -9999 -9999 -9999 -9999 -9999 -9999 -9999 -9999 -9999 -9999 -9999 -9999 -9999 -9999 -9999 -9999 -9999 -9999 -9999 -9999 -9999 -9999 -9999 -9999 -9999 -9999 -9999 0.7804796 1.119035 1.071825 0.5608001 0.5582725 1.886189 2.772379 2.964449 2.584668 1.712423 0.8872961 0.6736522 0.5138319 0.2722658 0.1438896 0.3669673 0.1372003 0.5267033 0.2733146 0.08807813 0.1103864 0.1306372 0.0249703 0.08315194 0.1217012 0.142534 0.1384069 0.1472162 0.1938269 0.183133
-9999 -9999 -9999 -9999 -9999 -9999 -9999 -9999 -9999 -9999 -9999 -9999 -9999 -9999 -9999 -9999 -9999 -9999 -9999 -9999 -9999 -9999 -9999 -9999 -9999 -9999 -9999 -9999 -9999 -9999 -9999 -9999 -9999 -9999 -9999 -9999 0.4878091 0.7912727 1.045984 0.8472198 0.6056505 0.444595 0.2862725 0.1455644 0.1849903 0.310222 0.3037897 0.1987502 0.1085934 0.1814016 0.1839205 0.1192523 0.2676991 0.2446091 0.4101161 0.1618002 0.1170435 0.1767906 0.1286788 0.07574689 0.08829734 0.1311697 0.1631837 0.1416905 0.05064453 0.0267566 0.126025
-9999 -9999 -9999 -9999 -9999 -9999 -9999 -9999 -9999 -9999 -9999 -9999 -9999 -9999 -9999 -9999 -9999 -9999 -9999 -9999 -9999 -9999 -9999 -9999 -9999 -9999 -9999 -9999 -9999 -9999 -9999 -9999 -9999 -9999 0.2506021 0.3117944 0.489942 0.8475229 1.020932 0.6050935 0.4445299 0.3771807 0.3744209 0.4338827 0.4088315 0.2959019 0.2882557 0.296644 0.2940178 0.2352319 0.1208482 0.1367129 0.1299114 0.2122128 0.2543514 0.06934158 0.08445882 0.1627878 0.09274431 0.0881571 0.04128914 0.06835946 0.02141655 0.09100373 0.05654441 0.04871332 0.07351893
-9999 -9999 -9999 -9999 -9999 -9999 -9999 -9999 -9999 -9999 -9999 -9999 -9999 -9999 -9999 -9999 -9999 -9999 -9999 -9999 -9999 -9999 -9999 -9999 -9999 -9999 -9999 -9999 -9999 -9999 -9999 -9999 -9999 -9999 0.2572598 0.3888914 0.5830669 0.9123002 0.9338736 0.4590591 0.3505887 0.3396369 0.3663218 0.3497917 0.1993582 0.16625 0.2419344 0.3215713 0.3580507 0.3147365 0.121975 0.130774 0.2289485 0.253477 0.1441694 0.02624344 0.0778183 0.1025922 0.0830197 0.08204796 0.06131637 0.04655739 0.02823325 0.07491765 0.1483701 0.1824748 0.2454616
-9999 -9999 -9999 -9999 -9999 -9999 -9999 -9999 -9999 -9999 -9999 -9999 -9999 -9999 -9999 -9999 -9999 -9999 -9999 -9999 -9999 -9999 -9999 -9999 -9999 -9999 -9999 -9999 -9999 -9999 -9999 -9999 -9999 0.1747806 0.2804972 0.4427533 0.7064415 0.8943297 0.6760083 0.3428219 0.328369 0.2886859 0.1869238 0.1757968 0.1319145 0.2056534 0.209305 0.1648833 0.2832756 0.38464 0.2061065 0.08017465 0.1317986 0.1134722 0.04674246 0.02043921 0.09305675 0.06961864 0.01038879 0.05178064 0.01983352 0.08478391 0.1064473 0.1285832 0.1672446 0.1668609 0.09972515
-9999 -9999 -9999 -9999 -9999 -9999 -9999 -9999 -9999 -9999 -9999 -9999 -9999 -9999 -9999 -9999 -9999 -9999 -9999 -9999 -9999 -9999 -9999 -9999 -9999 -9999 -9999 -9999 -9999 -9999 -9999 -9999 0.05682857 0.1557478 0.2772144 0.4694756 0.8737212 0.8840663 0.4542382 0.2219642 0.2051101 0.1871789 0.2106664 0.2051247 0.06344887 0.08229523 0.1594518 0.1283436 0.2788033 0.422268 0.3058987 0.1567252 0.05236995 0.07687341 0.06482538 0.02307266 0.1032739 0.05121092 0.01800724 0.05060772 0.1352916 0.1819587 0.1352777 0.05618814 0.03075395 0.0615576 0.07180786
-9999 -9999 -9999 -9999 -9999 -9999 -9999 -9999 -9999 -9999 -9999 -9999 -9999 -9999 -9999 -9999 -9999 -9999 -9999 -9999 -9999 -9999 -9999 -9999 -9999 -9999 -9999 -9999 -9999 -9999 -9999 -9999 0.0953186 0.210146 0.3024745 0.5424854 0.9631855 0.7835779 0.3496596 0.2089927 0.1857784 0.1627386 0.2325681 0.2484882 0.1228788 0.08193719 0.1593547 0.1178942 0.1609353 0.350269 0.3601722 0.2455797 0.1176056 0.07483891 0.07396691 0.1059346 0.1234954 0.1352949 0.1445914 0.1723244 0.2214811 0.1470027 0.09101108 0.04266578 0.06260458 0.01147693 0.1010402
-9999 -9999 -9999 -9999 -9999 -9999 -9999 -9999 -9999 -9999 -9999 -9999 -9999 -9999 -9999 -9999 -9999 -9999 -9999 -9999 -9999 -9999 -9999 -9999 -9999 -9999 -9999 -9999 -9999 -9999 -9999 -9999 0.1052002 0.1828787 0.2228944 0.5512739 0.9636369 0.6774834 0.332172 0.2262599 0.1731624 0.1326577 0.185909 0.2609357 0.2309034 0.1198609 0.1304237 0.1398306 0.1489112 0.2818125 0.2784524 0.2043495 0.1293129 0.1421047 0.2143454 0.2997614 0.3456398 0.3272471 0.2758507 0.1549425 0.06144301 0.02269661 0.07307107 0.09215695 0.1193837 0.2415552 0.5831392
-9999 -9999 -9999 -9999 -9999 -9999 -9999 -9999 -9999 -9999 -9999 -9999 -9999 -9999 -9999 -9999 -9999 -9999 -9999 -9999 -9999 -9999 -9999 -9999 -9999 -9999 -9999 -9999 -9999 -9999 -9999 0.1665381 0.1886699 0.2244339 0.2367839 0.5505015 0.9495337 0.6469898 0.3122537 0.2374935 0.1863512 0.1748141 0.1547626 0.229861 0.3110628 0.1839889 0.09640989 0.1175286 0.1902243 0.3067284 0.2197802 0.09696905 0.1514056 0.2069428 0.2337516 0.200316 0.1800363 0.1219699 0.1337539 0.09410072 0.03662894 0.03011258 0.06635926 0.1035101 0.151156 0.2261453 0.5351964
-9999 -9999 -9999 -9999 -9999 -9999 -9999 -9999 -9999 -9999 -9999 -9999 -9999 -9999 -9999 -9999 -9999 -9999 -9999 -9999 -9999 -9999 -9999 -9999 -9999 -9999 -9999 -9999 -9999 -9999 0.1088299 0.08569363 0.1598576 0.2428918 0.3099376 0.526959 0.8460622 0.6331227 0.2956046 0.2679476 0.2425467 0.2049196 0.1906701 0.2896084 0.3884057 0.2339947 0.113323 0.1992873 0.2595994 0.2488914 0.1610938 0.05935404 0.03669027 0.02594398 0.08790676 0.09216016 0.149177 0.10561 0.07290244 0.09331004 0.110543 0.07298022 0.07562177 0.1128535 0.1579651 0.04806618 0.4243936
-9999 -9999 -9999 -9999 -9999 -9999 -9999 -9999 -9999 -9999 -9999 -9999 -9999 -9999 -9999 -9999 -9999 -9999 -9999 -9999 -9999 -9999 -9999 -9999 -9999 -9999 -9999 -9999 -9999 -9999 0.1595928 0.1135356 0.1481955 0.2307683 0.3302533 0.5030975 0.7192693 0.5662491 0.2804552 0.2231415 0.2317935 0.2185185 0.2260141 0.3167684 0.4260578 0.3399938 0.1863431 0.2907513 0.2722108 0.1607022 0.07878594 0.04005133 0.030762 0.002472538 0.05406186 0.1262985 0.07947235 0.02205718 0.03703475 0.03149425 0.08228425 0.08424456 0.0920149 0.07080363 0.01493851 0.09542336 0.09904114
-9999 -9999 -9999 -9999 -9999 -9999 -9999 -9999 -9999 -9999 -9999 -9999 -9999 -9999 -9999 -9999 -9999 -9999 -9999 -9999 -9999 -9999 -9999 -9999 -9999 -9999 -9999 -9999 -9999 -9999 0.1754812 0.1324588 0.1761118 0.2929015 0.3618645 0.4546485 0.6006038 0.4841711 0.3443021 0.272229 0.2283041 0.2104069 0.2065945 0.2747018 0.4104945 0.4267309 0.334371 0.3899697 0.2805084 0.08679588 0.09380473 0.2819397 0.4060696 0.3568443 0.220837 0.1397804 0.04899413 0.07381966 0.1121951 0.09931678 0.04524319 0.05579691 0.06660002 0.04582284 0.02351419 0.07495127 0.1364788
-9999 -9999 -9999 -9999 -9999 -9999 -9999 -9999 -9999 -9999 -9999 -9999 -9999 -9999 -9999 -9999 -9999 -9999 -9999 -9999 -9999 -9999 -9999 -9999 -9999 -9999 -9999 -9999 -9999 -9999 0.1104091 0.1515041 0.1966282 0.2748752 0.2927873 0.4170081 0.5922491 0.5044755 0.3571857 0.2722063 0.1831587 0.1601665 0.1741781 0.2334941 0.4077057 0.5598862 0.5051255 0.3142865 0.06557267 0.5851194 1.525034 2.492936 2.960042 2.669516 1.791169 0.8772487 0.3009994 0.08663978 0.03013675 0.04668088 0.1011458 0.05727579 0.0755606 0.1294722 0.1286148 0.08978366 0.03333471
-9999 -9999 -9999 -9999 -9999 -9999 -9999 -9999 -9999 -9999 -9999 -9999 -9999 -9999 -9999 -9999 -9999 -9999 -9999 -9999 -9999 -9999 -9999 -9999 -9999 -9999 -9999 -9999 -9999 0.1891311 0.2712538 0.3164891 0.3376389 0.3189459 0.2557053 0.3215562 0.4858387 0.5019538 0.402247 0.3260212 0.2720872 0.2389618 0.2211923 0.2325457 0.4646532 0.6896699 0.4087417 0.318718 1.370019 2.930423 4.46057 5.34297 5.600331 5.707981 5.34253 4.229112 2.632538 1.160517 0.319611 0.1269229 0.07700188 0.06997812 0.1135373 0.09943157 0.01487773 0.07655892 0.3214709
-9999 -9999 -9999 -9999 -9999 -9999 -9999 -9999 -9999 -9999 -9999 -9999 -9999 -9999 -9999 -9999 -9999 -9999 -9999 -9999 -9999 -9999 -9999 -9999 -9999 -9999 -9999 0.1938191 0.2306256 0.1509783 0.05006074 0.2004169 0.3124826 0.2761734 0.2141407 0.2716376 0.4144687 0.5649648 0.5552983 0.4459906 0.3896468 0.3476354 0.2836707 0.3054652 0.5635028 0.6662627 0.2288105 0.6579838 2.209494 3.9558 4.834899 5.356559 6.016648 7.343805 8.790771 9.63038 8.857954 6.193127 2.744932 0.7429683 0.2575732 0.07513183 0.122789 0.2122238 0.1069684 0.04455328 0.3870196
-9999 -9999 -9999 -9999 -9999 -9999 -9999 -9999 -9999 -9999 -9999 -9999 -9999 -9999 -9999 -9999 -9999 -9999 -9999 -9999 -9999 -9999 -9999 -9999 -9999 -9999 0.09620481 0.103414 0.06206151 0.05660874 0.172277 0.2302216 0.1961007 0.2195204 0.2529766 0.2963646 0.3552825 0.4681323 0.5142044 0.4212258 0.3877944 0.3661767 0.305767 0.4103116 0.5966917 0.5175293 0.2660607 0.5075404 2.566712 4.211995 4.013473 4.379816 4.73662 5.734534 7.264956 9.095685 10.88377 11.25656 7.880551 3.196139 1.456439 1.287854 0.8927233 0.1887375 0.1253137 0.1888723 0.428712
-9999 -9999 -9999 -9999 -9999 -9999 -9999 -9999 -9999 -9999 -9999 -9999 -9999 -9999 -9999 -9999 -9999 -9999 -9999 -9999 -9999 -9999 -9999 -9999 -9999 0.08779495 0.08888122 0.09178142 0.07432695 0.1024704 0.1880388 0.1842806 0.1475798 0.1577208 0.1439266 0.1604161 0.2299512 0.376904 0.4619974 0.4564697 0.4648408 0.4024287 0.3811641 0.5043529 0.537071 0.3342148 0.3248565 0.09550605 2.219764 4.612203 4.623104 4.501083 3.870803 2.222072 1.309049 1.349792 3.680492 8.13602 9.590195 6.212046 3.719455 3.450891 3.437573 2.505843 1.370919 0.5608265 0.08461708
-9999 -9999 -9999 -9999 -9999 -9999 -9999 -9999 -9999 -9999 -9999 -9999 -9999 -9999 -9999 -9999 -9999 -9999 -9999 -9999 -9999 -9999 1.681784 2.188326 0.5551462 0.1444847 0.1013223 0.09077392 0.0950456 0.1260298 0.1504499 0.122191 0.1294832 0.1984979 0.2420416 0.2520216 0.288754 0.3578506 0.4113391 0.4542781 0.5202054 0.4974035 0.518123 0.5926101 0.4238106 0.171147 0.3291966 0.2527779 1.664569 4.202871 4.450628 4.300953 5.404607 5.454105 4.820008 4.780706 4.512519 4.278334 5.99464 5.723964 4.169834 3.321724 3.50987 3.683978 3.145184 2.144251 0.8333899
-9999 -9999 -9999 -9999 -9999 -9999 -9999 -9999 -9999 -9999 -9999 -9999 -9999 -9999 -9999 -9999 -9999 -9999 -9999 -9999 -9999 -9999 2.599296 1.584139 0.4148948 0.07656012 0.0436141 0.06805852 0.1185057 0.1680622 0.1918546 0.1971027 0.2414386 0.283385 0.2729904 0.2640332 0.3245689 0.342708 0.2970078 0.3664018 0.4542863 0.5710139 0.677663 0.6142803 0.3461928 0.1856169 0.3065437 0.2797509 1.143683 3.20779 4.106719 4.360816 5.532812 6.488158 6.434022 6.695388 6.740226 5.321877 3.180226 2.817134 2.200788 1.551652 1.963903 2.833242 3.276165 3.175849 1.862473
-9999 -9999 -9999 -9999 -9999 -9999 -9999 -9999 -9999 -9999 -9999 -9999 -9999 -9999 -9999 -9999 -9999 -9999 -9999 -9999 -9999 -9999 0.08513262 0.16399 0.1382854 0.1183192 0.09829742 0.1017055 0.1408999 0.1951894 0.2239125 0.1948628 0.1494143 0.1266393 0.1533209 0.233239 0.3589156 0.3425454 0.2736947 0.3565106 0.4260282 0.5562018 0.7477738 0.6631949 0.3426854 0.09608708 0.1817731 0.1467427 0.571549 1.801029 3.160678 3.81821 4.463788 5.560964 6.090468 6.051258 5.808253 5.311149 3.589894 2.030178 1.275948 0.6809397 1.532517 2.008899 2.486903 3.132348 1.996396
