04_184A014/tilavuus.asc
ncols 186
nrows 177
xllcorner 610464
yllcorner 6870672
cellsize 16
nodata_value -9999
[rows 117 to 155 of 177, columns 0 to 86 of 186]
-9999 -9999 -9999 -9999 -9999 -9999 -9999 -9999 -9999 -9999 -9999 -9999 -9999 -9999 -9999 -9999 -9999 -9999 -9999 -9999 143 136 286 312 185 110 172 85 120 149 114 151 160 105 124 96 75 64 105 111 112 104 105 86 90 100 99 111 84 85 81 83 79 79 83 93 88 137 137 137 137 189 189 189 168 168 168 168 -9999 209 209 209 240 240 240 240 240 240 240 171 171 171 171 171 171 171 171
-9999 -9999 -9999 -9999 -9999 -9999 -9999 -9999 -9999 -9999 -9999 -9999 -9999 -9999 -9999 -9999 -9999 -9999 -9999 -9999 129 103 168 139 111 69 54 102 113 89 225 204 189 189 99 130 78 83 101 110 106 97 98 110 101 97 97 92 96 70 69 69 77 64 77 109 137 137 137 137 137 189 189 189 168 168 168 168 168 168 -9999 209 240 240 240 240 240 240 240 240 171 171 171 171 171 171 171
-9999 -9999 -9999 -9999 -9999 -9999 -9999 -9999 -9999 -9999 -9999 -9999 -9999 -9999 -9999 -9999 -9999 -9999 -9999 -9999 152 172 174 184 57 55 180 134 132 125 192 235 193 200 185 141 132 91 74 70 111 103 101 107 111 107 99 104 96 78 70 94 65 90 110 61 137 137 137 137 137 137 189 189 189 168 168 168 168 168 168 -9999 240 240 240 240 240 240 240 240 240 171 171 171 171 171 171
-9999 -9999 -9999 -9999 -9999 -9999 -9999 -9999 -9999 -9999 -9999 -9999 -9999 -9999 -9999 -9999 -9999 -9999 -9999 83 113 115 260 118 70 -9999 225 229 290 192 161 106 233 290 218 156 173 175 121 96 85 61 139 107 111 99 97 95 80 82 80 81 117 75 83 126 137 137 180 180 137 189 189 189 189 168 168 168 168 168 168 168 168 -9999 240 240 240 240 240 240 240 216 171 171 171 171 171
-9999 -9999 -9999 -9999 -9999 -9999 -9999 -9999 -9999 -9999 -9999 -9999 -9999 -9999 -9999 -9999 -9999 -9999 -9999 83 121 285 266 204 58 -9999 -9999 296 173 252 173 152 197 198 218 181 306 265 277 230 98 99 63 117 99 86 103 101 85 103 112 104 57 92 110 137 137 137 180 180 206 206 189 189 189 189 168 168 168 168 168 168 168 168 -9999 -9999 240 240 240 240 319 216 216 216 216 216 -9999
-9999 -9999 -9999 -9999 -9999 -9999 -9999 -9999 -9999 -9999 -9999 -9999 -9999 -9999 -9999 -9999 -9999 -9999 73 92 143 301 217 189 184 106 95 183 232 271 242 201 157 133 248 167 154 225 217 268 304 92 79 96 94 72 89 81 80 88 130 81 97 137 137 137 137 137 180 180 180 206 189 189 189 189 168 168 168 168 168 168 168 168 168 168 -9999 240 319 319 319 319 319 319 319 216 216
-9999 -9999 -9999 -9999 -9999 -9999 -9999 -9999 -9999 -9999 -9999 -9999 -9999 -9999 -9999 -9999 -9999 -9999 84 99 153 211 224 214 150 -9999 175 155 224 190 165 157 157 137 167 147 156 168 237 173 158 164 98 77 105 82 99 85 113 130 82 -9999 137 137 137 137 137 137 137 180 180 180 206 189 189 189 189 189 168 168 148 148 168 168 168 168 168 168 -9999 319 319 319 319 319 319 319 319
-9999 -9999 -9999 -9999 -9999 -9999 -9999 -9999 -9999 -9999 -9999 -9999 -9999 -9999 -9999 -9999 -9999 120 121 101 88 172 136 138 133 -9999 133 175 210 158 126 141 133 139 145 127 123 138 122 101 135 157 100 129 85 81 53 116 117 32 32 32 137 137 137 137 137 137 137 180 180 180 180 180 206 206 189 206 206 148 148 148 168 168 168 168 168 168 168 -9999 319 319 319 319 319 319 319
-9999 -9999 -9999 -9999 -9999 -9999 -9999 -9999 -9999 -9999 -9999 -9999 -9999 -9999 -9999 -9999 83 110 116 118 109 106 122 140 101 -9999 127 264 213 174 123 164 131 133 199 102 109 101 130 146 148 142 127 97 108 74 56 75 32 32 32 32 137 137 137 137 137 137 137 137 137 180 180 180 180 206 180 180 180 148 148 148 168 168 168 168 168 168 168 168 168 -9999 319 319 319 319 319
-9999 -9999 -9999 -9999 -9999 -9999 -9999 -9999 -9999 -9999 -9999 -9999 -9999 -9999 -9999 78 82 90 94 152 155 131 107 105 84 -9999 121 187 110 124 138 130 164 104 89 85 81 55 84 108 106 109 110 78 80 68 109 109 32 32 32 32 32 32 137 137 137 137 137 137 137 137 180 180 180 180 180 180 180 148 148 148 148 148 148 168 168 168 168 168 168 168 -9999 -9999 319 319 319
-9999 -9999 -9999 -9999 -9999 -9999 -9999 -9999 -9999 -9999 -9999 -9999 -9999 -9999 63 64 78 90 102 120 156 122 118 121 119 -9999 138 136 121 103 53 53 45 45 50 45 96 70 74 98 126 108 101 126 109 109 109 109 32 32 32 32 32 32 32 137 137 137 137 137 137 137 180 180 180 180 180 180 180 148 148 148 148 148 148 168 168 168 168 168 168 168 168 168 -9999 319 319
-9999 -9999 -9999 -9999 -9999 -9999 -9999 -9999 -9999 -9999 -9999 -9999 -9999 -9999 78 65 65 113 103 133 120 158 116 121 107 104 91 91 100 44 48 42 41 82 92 98 101 103 97 78 125 120 109 109 109 109 109 109 32 32 32 32 32 32 32 32 137 137 137 137 137 137 137 180 180 180 180 180 148 148 148 148 148 148 153 153 168 168 168 168 168 168 168 168 168 168 -9999
-9999 -9999 -9999 -9999 -9999 -9999 -9999 -9999 -9999 -9999 -9999 -9999 -9999 110 92 83 102 103 130 111 110 133 111 99 91 114 82 77 75 103 42 41 81 87 96 102 103 109 72 76 110 109 109 109 109 109 109 109 109 109 109 32 32 32 32 32 32 32 137 137 137 137 180 180 180 180 180 180 148 148 148 148 153 153 153 153 168 168 168 168 168 168 168 168 168 168 168
-9999 -9999 -9999 -9999 -9999 -9999 -9999 -9999 -9999 -9999 -9999 -9999 82 101 97 129 133 133 133 111 145 166 131 92 101 -9999 96 113 75 80 115 43 86 88 106 96 97 105 80 82 111 109 109 109 109 109 109 109 109 109 109 109 109 32 32 32 32 32 32 137 137 137 180 180 180 180 180 148 148 148 148 148 153 153 153 153 168 168 168 168 168 168 168 168 168 168 168
-9999 -9999 -9999 -9999 -9999 -9999 -9999 -9999 -9999 -9999 -9999 87 102 117 116 107 116 114 120 121 134 157 119 105 -9999 116 100 106 109 95 84 99 102 108 108 106 104 61 88 123 109 109 109 109 109 109 109 109 109 109 109 109 109 109 32 32 32 32 32 32 137 137 180 180 180 180 148 148 148 148 148 148 153 153 153 153 153 168 168 168 168 161 161 161 168 168 168
-9999 -9999 -9999 -9999 -9999 -9999 -9999 -9999 -9999 -9999 64 79 92 98 114 116 116 129 133 155 120 108 80 -9999 67 119 167 117 117 124 113 81 80 73 59 63 62 83 106 134 109 109 109 109 109 109 109 109 109 109 109 109 109 109 109 32 32 32 32 32 32 32 180 180 180 180 148 148 148 148 148 148 153 153 153 153 161 161 161 161 161 161 161 161 161 147 147
-9999 -9999 -9999 -9999 -9999 -9999 -9999 -9999 -9999 54 54 64 79 102 127 147 113 130 103 119 116 125 87 -9999 158 249 122 120 95 121 109 136 147 118 89 92 71 92 141 196 109 109 109 109 109 109 109 109 109 109 109 109 109 109 109 109 109 109 109 109 32 32 32 180 180 180 148 148 148 148 148 0 153 153 153 153 153 161 161 161 161 161 161 161 147 147 147
-9999 -9999 -9999 -9999 -9999 -9999 -9999 -9999 81 54 46 54 63 99 118 142 143 129 102 103 182 94 108 108 135 227 109 126 138 125 165 191 164 168 106 64 99 117 171 194 109 109 109 109 109 109 109 109 109 109 109 109 109 109 109 109 109 109 109 109 109 109 32 180 180 180 148 148 148 148 0 0 153 153 153 153 153 161 161 161 161 161 161 161 147 147 147
-9999 -9999 -9999 -9999 -9999 -9999 -9999 -9999 100 76 67 62 63 95 103 119 134 118 117 142 118 106 88 111 91 157 162 182 168 156 123 121 112 109 162 168 164 158 224 251 267 149 188 109 109 109 109 109 109 109 109 109 109 109 109 109 109 109 109 109 109 109 180 180 180 180 180 180 148 148 148 0 0 0 0 206 161 161 161 161 161 161 161 147 147 147 147
-9999 -9999 -9999 -9999 -9999 -9999 -9999 313 129 111 74 63 63 80 101 117 134 132 134 155 132 82 107 88 73 260 220 105 116 104 104 120 120 102 120 172 165 327 313 221 261 165 185 191 193 109 109 109 109 109 109 109 109 109 109 109 109 109 109 109 109 109 109 180 180 180 180 180 148 148 148 0 0 0 0 0 161 161 161 161 161 161 161 147 147 147 147
-9999 -9999 -9999 -9999 -9999 -9999 158 210 153 129 98 77 78 85 100 103 134 135 155 170 115 108 91 101 89 178 141 171 146 88 100 109 99 99 116 128 105 242 153 218 281 328 156 193 174 184 157 109 109 109 109 109 109 109 109 109 109 109 109 109 109 109 109 139 139 139 139 148 148 148 148 0 0 0 0 0 161 161 161 161 161 161 161 147 147 147 147
-9999 -9999 -9999 -9999 -9999 284 214 288 326 165 157 162 119 118 147 147 134 113 133 161 183 131 98 101 70 95 139 184 172 123 124 104 115 105 98 98 100 101 98 232 236 257 200 224 224 132 131 117 135 136 109 109 109 109 109 109 109 109 109 109 109 109 109 109 139 139 139 148 148 148 148 0 0 0 0 0 161 161 161 161 161 161 161 147 147 147 0
-9999 -9999 -9999 -9999 -9999 272 330 331 309 236 277 317 156 135 155 155 137 132 133 137 130 137 90 115 103 106 129 104 127 78 125 103 99 100 86 86 110 112 127 134 148 257 195 211 216 279 97 142 157 147 156 135 109 109 109 109 109 109 109 109 109 109 109 109 139 139 139 139 148 148 148 148 0 0 0 161 161 161 161 161 161 147 147 147 147 0 0
-9999 -9999 -9999 -9999 -9999 307 320 315 311 245 260 319 265 303 153 159 157 169 149 168 120 136 146 -9999 138 127 99 84 92 78 110 98 135 122 123 109 139 110 166 109 120 166 250 243 227 186 97 141 155 153 162 162 133 110 109 109 109 109 109 109 109 109 109 109 109 139 139 139 139 139 148 148 148 161 161 161 161 161 161 161 161 147 147 147 147 0 0
-9999 -9999 -9999 -9999 222 296 287 169 222 263 273 269 236 336 141 184 157 160 178 172 143 115 157 -9999 53 140 94 80 78 72 104 123 172 119 110 101 97 99 126 162 157 108 105 105 123 97 117 141 117 133 136 129 141 145 140 144 179 109 109 109 109 109 109 109 109 109 139 139 139 139 139 139 148 139 139 139 161 161 161 161 161 147 147 147 147 0 0
-9999 -9999 -9999 -9999 259 305 148 186 150 149 143 143 236 143 158 183 136 135 135 125 135 108 82 104 -9999 -9999 35 115 127 140 115 85 93 98 97 82 102 105 91 113 163 134 110 112 120 97 103 116 106 129 110 110 124 138 143 160 132 136 138 109 109 109 109 109 109 109 109 139 139 139 139 139 139 139 139 139 161 161 161 161 147 147 147 147 147 147 147
-9999 -9999 -9999 246 303 318 158 155 104 114 170 178 144 158 159 144 133 112 123 122 135 134 142 208 167 141 323 98 -9999 -9999 -9999 98 91 101 90 83 117 124 104 129 117 184 162 183 114 130 130 110 109 116 130 138 143 134 135 141 136 139 110 110 84 109 109 109 109 109 109 139 139 139 139 139 139 139 139 139 147 147 147 147 147 147 147 147 147 147 147
-9999 -9999 -9999 274 322 133 161 158 128 127 142 160 169 158 158 164 135 133 125 134 134 145 165 170 178 152 149 160 103 91 136 118 -9999 114 120 72 84 89 111 107 119 120 186 160 156 161 133 160 115 148 147 128 156 156 164 161 166 157 111 126 86 80 109 109 109 109 139 139 139 139 139 139 139 139 147 147 147 147 147 147 147 147 147 147 147 147 147
-9999 -9999 145 145 145 145 175 157 133 130 155 152 161 165 145 331 148 136 135 134 115 170 188 172 176 200 186 181 113 136 170 161 156 124 -9999 115 72 84 99 160 120 137 144 169 142 138 130 112 134 156 132 165 156 164 144 131 165 118 98 87 64 99 116 109 109 139 139 139 139 139 139 139 147 147 147 147 147 147 147 147 147 147 147 147 147 147 147
-9999 -9999 145 145 145 145 145 145 145 145 145 145 145 145 145 145 157 163 161 161 174 181 199 183 207 144 140 80 99 107 137 165 166 72 35 -9999 124 139 161 164 175 163 175 138 160 120 117 99 87 115 164 187 168 206 181 152 104 99 74 68 95 76 82 125 139 139 139 139 139 139 139 147 147 147 147 0 0 0 147 147 147 147 147 147 147 147 147
-9999 -9999 145 145 145 145 145 145 145 145 145 145 145 145 145 145 129 129 129 129 -9999 153 143 165 165 142 111 96 107 107 148 103 179 123 126 120 105 138 143 184 237 174 157 158 96 93 117 89 90 100 251 280 132 104 84 83 98 73 133 117 79 72 88 99 103 105 139 139 139 139 139 147 0 0 0 0 0 0 0 0 147 147 147 147 147 147 -9999
-9999 145 145 145 145 145 145 145 145 145 145 145 145 145 145 145 129 129 129 129 160 160 160 160 160 160 160 160 -9999 -9999 -9999 162 186 168 115 91 -9999 138 244 234 175 107 113 84 79 117 120 130 109 137 104 77 101 100 79 81 94 105 125 106 100 86 94 96 92 122 -9999 147 147 147 147 0 0 0 0 0 0 0 0 0 0 147 147 147 147 -9999 -9999
-9999 145 145 145 145 145 145 145 145 145 145 145 145 145 129 129 129 129 129 129 160 160 160 160 160 160 160 160 136 136 136 136 136 136 136 136 -9999 -9999 232 111 94 119 134 84 89 108 118 97 51 44 47 50 86 89 113 106 103 89 87 92 94 87 88 89 86 95 108 82 147 147 0 0 0 0 0 0 0 0 0 0 0 147 147 -9999 -9999 -9999 -9999
-9999 145 145 145 145 145 145 145 145 145 145 145 145 145 145 129 129 129 129 129 160 160 160 160 160 160 160 136 136 136 136 136 136 136 136 136 -9999 144 144 144 144 144 144 144 144 144 72 78 67 59 98 121 88 83 43 37 54 64 77 96 84 77 78 79 89 118 82 81 113 147 0 0 0 0 0 0 0 0 0 0 0 147 -9999 -9999 -9999 -9999 -9999
-9999 145 145 145 145 145 145 145 145 145 145 145 145 145 145 145 129 129 129 129 136 136 136 136 136 136 136 136 136 136 136 136 136 136 136 136 144 144 144 144 144 144 144 144 144 166 166 166 166 166 -9999 36 38 22 62 89 91 61 93 83 75 75 77 82 92 77 77 79 66 75 0 0 0 0 0 0 0 0 0 0 -9999 -9999 -9999 -9999 -9999 -9999 -9999
145 145 145 145 145 145 145 145 145 145 145 145 145 145 145 145 129 129 129 129 136 26 136 136 136 136 136 136 136 136 136 136 136 136 136 -9999 144 144 144 144 144 144 144 166 166 166 166 166 166 166 172 172 172 172 172 172 172 59 99 87 64 72 74 83 83 80 81 80 66 64 45 0 0 0 0 0 0 0 0 0 -9999 -9999 -9999 -9999 -9999 -9999 -9999
-9999 145 145 145 145 145 145 145 145 145 145 145 145 145 129 129 129 26 26 26 26 26 26 136 136 136 136 136 136 136 136 136 136 136 136 -9999 144 144 144 144 144 144 144 166 166 166 166 166 166 166 172 172 172 172 172 172 172 172 113 96 104 78 79 82 100 84 104 103 80 79 79 81 0 0 0 173 173 173 173 173 -9999 -9999 -9999 -9999 -9999 -9999 -9999
-9999 145 145 145 145 145 145 145 145 145 145 145 145 43 43 43 26 26 26 26 26 26 26 136 136 136 136 136 136 136 136 136 136 136 136 -9999 144 144 144 144 144 144 144 166 166 166 166 166 166 172 172 172 172 172 172 172 172 172 172 100 101 91 76 78 82 99 80 83 84 81 68 76 9 9 9 173 173 173 173 -9999 -9999 -9999 -9999 -9999 -9999 -9999 -9999
-9999 145 145 145 43 43 43 43 43 43 43 43 43 43 43 43 26 26 26 26 26 26 26 136 136 136 136 136 136 136 136 136 136 136 136 -9999 144 144 144 144 144 144 144 144 166 166 166 166 166 166 81 81 172 172 172 172 172 172 172 172 83 95 114 64 67 76 76 78 82 96 9 9 9 9 9 173 173 173 173 -9999 -9999 -9999 -9999 -9999 -9999 -9999 -9999
