04_184A014/tilavuus.asc
ncols 186
nrows 177
xllcorner 610464
yllcorner 6870672
cellsize 16
nodata_value -9999
[rows 78 to 116 of 177, columns 0 to 86 of 186]
-9999 -9999 -9999 -9999 -9999 -9999 -9999 -9999 -9999 -9999 -9999 -9999 -9999 -9999 -9999 -9999 -9999 -9999 -9999 -9999 -9999 -9999 -9999 -9999 -9999 -9999 -9999 -9999 -9999 -9999 -9999 73 73 79 65 101 135 155 163 174 165 116 115 118 118 118 118 118 118 118 118 118 118 118 145 145 145 145 145 145 145 145 145 145 145 145 145 145 145 145 145 145 145 145 145 145 145 145 145 145 145 145 145 145 145 145 145
-9999 -9999 -9999 -9999 -9999 -9999 -9999 -9999 -9999 -9999 -9999 -9999 -9999 -9999 -9999 -9999 -9999 -9999 -9999 -9999 -9999 -9999 -9999 -9999 -9999 -9999 -9999 -9999 -9999 -9999 111 100 68 95 91 86 124 136 116 167 166 111 166 121 118 118 118 118 118 118 118 118 118 118 145 145 145 145 145 145 145 145 145 145 145 145 145 145 145 145 145 145 145 145 145 145 145 145 145 145 145 145 145 145 145 145 145
-9999 -9999 -9999 -9999 -9999 -9999 -9999 -9999 -9999 -9999 -9999 -9999 -9999 -9999 -9999 -9999 -9999 -9999 -9999 -9999 -9999 -9999 -9999 -9999 -9999 -9999 -9999 -9999 -9999 -9999 108 69 58 81 86 83 130 113 166 159 123 101 172 101 118 118 118 118 118 118 118 -9999 118 118 145 145 145 145 145 145 145 145 145 145 145 145 145 145 145 145 145 145 145 145 145 145 145 145 145 145 145 145 145 145 145 145 145
-9999 -9999 -9999 -9999 -9999 -9999 -9999 -9999 -9999 -9999 -9999 -9999 -9999 -9999 -9999 -9999 -9999 -9999 -9999 -9999 -9999 -9999 -9999 -9999 -9999 -9999 -9999 -9999 -9999 -9999 98 60 60 77 86 89 105 116 119 82 111 119 128 82 121 118 118 118 118 118 118 261 118 261 145 145 145 145 145 145 145 145 145 145 145 145 145 145 145 145 145 145 145 145 145 145 145 145 145 145 145 145 145 145 145 145 145
-9999 -9999 -9999 -9999 -9999 -9999 -9999 -9999 -9999 -9999 -9999 -9999 -9999 -9999 -9999 -9999 -9999 -9999 -9999 -9999 -9999 -9999 -9999 -9999 -9999 -9999 -9999 -9999 -9999 -9999 65 57 58 79 81 80 93 101 122 115 104 134 158 127 146 118 118 118 118 118 261 261 261 261 261 261 261 145 145 145 145 145 145 145 145 145 145 145 145 145 145 145 145 145 145 145 145 145 145 145 145 145 145 145 145 145 145
-9999 -9999 -9999 -9999 -9999 -9999 -9999 -9999 -9999 -9999 -9999 -9999 -9999 -9999 -9999 -9999 -9999 -9999 -9999 -9999 -9999 -9999 -9999 -9999 -9999 -9999 -9999 -9999 -9999 63 57 60 65 65 66 79 83 98 113 111 135 175 163 155 109 185 118 118 118 261 261 261 261 261 261 261 261 261 261 145 145 145 145 145 145 145 145 145 145 145 145 145 145 145 145 145 145 145 145 145 145 145 145 145 145 145 145
-9999 -9999 -9999 -9999 -9999 -9999 -9999 -9999 -9999 -9999 -9999 -9999 -9999 -9999 -9999 -9999 -9999 -9999 -9999 -9999 -9999 -9999 -9999 -9999 -9999 -9999 -9999 66 57 59 72 70 77 79 65 79 94 108 106 109 107 162 161 125 185 185 185 185 10 261 261 261 261 261 261 261 261 261 261 145 145 145 145 145 145 145 145 145 145 145 145 145 145 145 145 145 145 145 145 145 145 145 145 145 145 145 145
-9999 -9999 -9999 -9999 -9999 -9999 -9999 -9999 -9999 -9999 -9999 -9999 -9999 -9999 -9999 -9999 -9999 -9999 -9999 -9999 -9999 -9999 -9999 -9999 -9999 -9999 99 122 92 66 71 80 92 93 85 81 102 105 92 106 121 114 160 124 185 185 185 185 10 261 261 261 261 261 261 10 10 10 261 261 145 145 145 145 145 145 145 145 145 145 145 145 145 145 145 145 145 145 145 145 145 145 145 145 145 145 145
-9999 -9999 -9999 -9999 -9999 -9999 -9999 -9999 -9999 -9999 -9999 -9999 -9999 -9999 -9999 -9999 -9999 -9999 -9999 -9999 -9999 -9999 -9999 -9999 -9999 122 99 113 93 59 54 78 91 99 90 96 84 84 104 105 113 130 137 178 185 185 185 185 10 10 261 261 261 261 10 10 10 10 261 261 261 145 4 145 145 145 145 145 145 145 145 145 145 145 145 145 145 145 145 145 145 145 145 145 145 145 145
-9999 -9999 -9999 -9999 -9999 -9999 -9999 -9999 -9999 -9999 -9999 -9999 -9999 -9999 -9999 -9999 -9999 -9999 -9999 -9999 -9999 -9999 125 166 96 122 108 114 82 46 60 58 87 86 101 94 83 91 96 111 113 147 148 191 185 185 185 185 10 10 10 10 10 10 10 10 10 10 10 300 300 -9999 -9999 4 4 145 145 145 145 145 145 145 145 145 145 145 145 145 145 145 145 145 145 145 145 145 145
-9999 -9999 -9999 -9999 -9999 -9999 -9999 -9999 -9999 -9999 -9999 -9999 -9999 -9999 -9999 -9999 -9999 -9999 -9999 -9999 -9999 -9999 74 68 101 110 93 77 63 78 79 92 95 84 85 83 97 97 110 112 114 147 100 173 185 185 185 185 10 10 10 10 10 10 10 10 10 10 10 300 300 300 -9999 4 4 4 145 145 145 145 145 145 145 145 145 145 145 145 145 145 145 145 145 145 145 145 145
-9999 -9999 -9999 -9999 -9999 -9999 -9999 -9999 -9999 -9999 -9999 -9999 -9999 -9999 -9999 -9999 -9999 -9999 -9999 -9999 -9999 -9999 96 72 101 110 81 72 47 91 84 96 97 96 85 98 97 99 111 113 119 126 99 110 185 185 185 185 185 10 10 10 10 10 10 10 10 10 300 300 300 300 300 300 -9999 4 4 4 145 145 145 145 145 145 145 145 145 145 145 145 145 145 145 145 145 145 145
-9999 -9999 -9999 -9999 -9999 -9999 -9999 -9999 -9999 -9999 -9999 -9999 -9999 -9999 -9999 -9999 -9999 -9999 -9999 -9999 -9999 111 69 102 102 103 65 46 61 86 80 91 94 97 96 98 98 104 116 118 119 122 113 -9999 185 185 185 185 231 231 231 231 231 10 10 10 10 10 300 300 300 300 300 300 300 -9999 4 4 4 145 145 145 145 145 145 145 145 145 145 145 145 145 145 145 145 145 145
-9999 -9999 -9999 -9999 -9999 -9999 -9999 -9999 -9999 -9999 -9999 -9999 -9999 -9999 -9999 -9999 -9999 -9999 -9999 -9999 -9999 93 82 78 64 63 54 62 93 92 86 87 86 94 101 95 108 109 107 107 106 112 112 100 185 185 185 185 231 231 231 231 231 231 231 10 10 10 300 300 300 300 300 300 300 300 -9999 4 4 4 145 145 145 145 145 145 145 145 145 145 145 145 145 145 145 145 145
-9999 -9999 -9999 -9999 -9999 -9999 -9999 -9999 -9999 -9999 -9999 -9999 -9999 -9999 -9999 -9999 -9999 -9999 -9999 -9999 -9999 66 69 62 47 52 53 79 96 104 92 87 91 92 96 88 97 103 106 99 92 92 108 113 113 185 151 185 185 151 151 231 231 231 231 231 231 231 231 231 300 300 300 300 300 300 300 -9999 4 4 4 4 4 145 145 145 145 145 145 145 145 145 145 145 145 145 145
-9999 -9999 -9999 -9999 -9999 -9999 -9999 -9999 -9999 -9999 -9999 -9999 -9999 -9999 -9999 -9999 -9999 -9999 -9999 -9999 -9999 61 46 59 60 61 95 94 86 82 85 96 86 74 85 91 83 88 92 98 94 122 100 105 113 90 151 151 151 151 151 151 151 151 231 231 231 231 231 231 300 300 300 300 300 300 300 300 -9999 4 4 4 4 4 145 145 145 145 145 145 145 145 145 145 145 145 145
-9999 -9999 -9999 -9999 -9999 -9999 -9999 -9999 -9999 -9999 -9999 -9999 -9999 -9999 -9999 -9999 -9999 -9999 -9999 -9999 -9999 78 67 46 78 92 94 90 90 83 104 98 76 61 60 79 87 88 98 117 98 92 98 99 106 97 106 151 151 151 151 151 151 151 151 231 231 231 231 231 300 300 300 300 300 300 300 300 300 -9999 4 4 4 4 4 145 145 145 145 145 145 145 145 145 145 145 145
-9999 -9999 -9999 -9999 -9999 -9999 -9999 -9999 -9999 -9999 -9999 -9999 -9999 -9999 -9999 -9999 -9999 -9999 -9999 -9999 -9999 76 60 71 88 85 84 76 77 83 90 86 80 67 64 58 90 97 91 97 98 98 97 98 109 109 77 151 151 151 151 151 151 151 151 151 151 300 300 300 300 300 300 300 300 300 300 300 300 300 -9999 4 4 4 4 4 171 171 145 145 145 145 145 145 145 145 145
-9999 -9999 -9999 -9999 -9999 -9999 -9999 -9999 -9999 -9999 -9999 -9999 -9999 -9999 -9999 -9999 -9999 -9999 -9999 -9999 -9999 64 72 81 93 89 90 91 77 90 86 96 59 67 67 58 84 96 91 92 98 98 98 97 102 96 97 105 151 151 151 151 151 151 151 151 151 300 300 300 300 300 300 300 300 300 300 300 300 300 -9999 4 4 4 171 171 171 171 145 145 145 145 145 145 145 145 171
-9999 -9999 -9999 -9999 -9999 -9999 -9999 -9999 -9999 -9999 -9999 -9999 -9999 -9999 -9999 -9999 -9999 -9999 -9999 -9999 -9999 60 73 94 80 95 82 87 100 87 80 79 51 51 46 80 87 86 98 91 75 91 97 91 97 128 94 71 90 151 151 151 151 151 151 151 151 300 300 300 300 300 300 300 300 300 300 300 300 300 300 4 4 171 171 171 171 171 171 171 145 145 145 145 145 171 171
-9999 -9999 -9999 -9999 -9999 -9999 -9999 -9999 -9999 -9999 -9999 -9999 -9999 -9999 -9999 -9999 -9999 -9999 -9999 -9999 -9999 56 96 71 78 80 97 87 76 87 93 60 46 46 77 94 97 109 90 103 92 83 90 91 91 117 103 76 71 151 151 151 151 151 151 151 151 151 300 300 300 300 300 300 300 300 300 300 300 300 300 4 4 171 171 171 171 171 171 171 171 145 171 171 171 171 171
-9999 -9999 -9999 -9999 -9999 -9999 -9999 -9999 -9999 -9999 -9999 -9999 -9999 -9999 -9999 -9999 -9999 -9999 -9999 -9999 -9999 55 97 95 81 98 99 88 84 83 95 54 64 82 91 98 99 102 112 102 84 83 97 97 97 98 101 95 83 82 151 151 151 151 151 151 151 151 300 300 300 300 300 300 300 300 300 300 300 300 300 -9999 171 171 171 171 171 171 171 171 171 171 171 171 171 171 171
-9999 -9999 -9999 -9999 -9999 -9999 -9999 -9999 -9999 -9999 -9999 -9999 -9999 -9999 -9999 -9999 -9999 -9999 -9999 -9999 -9999 76 98 86 89 87 102 99 83 102 103 66 84 114 102 134 87 81 112 103 101 91 98 98 102 100 101 98 100 69 89 151 151 151 151 151 151 151 151 300 300 300 300 300 300 300 300 300 300 300 300 -9999 171 171 171 171 171 171 171 171 171 171 171 171 171 171 171
-9999 -9999 -9999 -9999 -9999 -9999 -9999 -9999 -9999 -9999 -9999 -9999 -9999 -9999 -9999 -9999 -9999 -9999 -9999 -9999 79 99 85 82 71 141 173 173 146 107 114 109 107 153 137 132 90 84 91 99 109 109 100 100 112 110 111 112 103 81 97 82 151 151 151 151 151 151 151 151 300 300 300 300 300 300 300 300 300 300 300 -9999 171 171 171 171 171 171 171 171 171 171 171 171 171 171 171
-9999 -9999 -9999 -9999 -9999 -9999 -9999 -9999 -9999 -9999 -9999 -9999 -9999 -9999 -9999 -9999 -9999 -9999 -9999 -9999 100 99 86 93 108 157 173 196 172 99 145 139 147 143 130 86 87 92 93 91 101 102 97 111 114 117 96 96 103 118 98 82 151 151 151 151 151 151 151 151 151 300 300 300 300 300 300 300 300 300 -9999 171 171 171 171 171 171 171 171 171 171 171 171 171 171 171 171
-9999 -9999 -9999 -9999 -9999 -9999 -9999 -9999 -9999 -9999 -9999 -9999 -9999 -9999 -9999 -9999 -9999 -9999 -9999 -9999 -9999 96 91 149 219 235 253 269 132 169 156 123 104 88 79 83 92 93 76 87 100 100 102 105 119 117 107 108 113 117 98 97 84 151 151 151 151 151 151 151 151 151 300 300 300 300 300 300 300 -9999 240 171 171 171 171 171 171 171 171 171 171 171 171 171 171 171 171
-9999 -9999 -9999 -9999 -9999 -9999 -9999 -9999 -9999 -9999 -9999 -9999 -9999 -9999 -9999 -9999 -9999 -9999 -9999 -9999 96 84 83 110 256 296 271 281 142 123 135 149 121 103 98 108 93 100 87 92 96 100 102 104 106 111 109 108 134 124 110 136 109 101 151 151 151 151 151 151 151 151 300 300 300 300 300 300 -9999 240 171 171 171 171 171 171 171 171 171 171 171 171 171 171 171 171 171
-9999 -9999 -9999 -9999 -9999 -9999 -9999 -9999 -9999 -9999 -9999 -9999 -9999 -9999 -9999 -9999 -9999 -9999 -9999 -9999 94 84 85 91 96 100 171 144 118 119 122 144 94 98 102 92 84 85 87 100 101 100 99 103 106 108 108 115 118 162 155 114 105 117 151 151 151 151 151 151 151 151 151 300 300 300 300 240 240 240 240 171 171 171 171 171 171 171 171 171 171 171 171 171 171 171 171
-9999 -9999 -9999 -9999 -9999 -9999 -9999 -9999 -9999 -9999 -9999 -9999 -9999 -9999 -9999 -9999 -9999 -9999 -9999 -9999 -9999 95 80 88 82 77 71 106 101 84 120 146 121 120 98 100 90 84 109 93 103 82 112 96 117 137 150 139 150 177 166 114 104 99 96 151 151 151 151 151 151 151 151 166 166 166 -9999 240 240 240 240 171 171 171 171 171 171 171 171 171 171 171 171 171 171 171 171
-9999 -9999 -9999 -9999 -9999 -9999 -9999 -9999 -9999 -9999 -9999 -9999 -9999 -9999 -9999 -9999 -9999 -9999 -9999 -9999 -9999 74 90 92 83 87 81 92 93 115 105 93 162 145 116 98 104 94 108 122 134 80 163 164 133 114 118 117 138 121 95 121 122 95 91 77 151 151 151 151 151 151 151 166 166 166 240 240 240 240 171 171 171 171 171 171 171 171 171 171 171 171 171 171 171 171 171
-9999 -9999 -9999 -9999 -9999 -9999 -9999 -9999 -9999 -9999 -9999 -9999 -9999 -9999 -9999 -9999 -9999 -9999 -9999 -9999 -9999 94 104 104 106 108 84 85 93 97 97 107 95 125 131 85 86 86 115 112 119 143 163 140 105 109 115 109 116 115 111 102 105 93 94 79 69 151 151 166 166 166 166 166 166 -9999 240 240 240 171 171 171 171 171 171 171 171 171 171 171 171 171 171 171 171 171 171
-9999 -9999 -9999 -9999 -9999 -9999 -9999 -9999 -9999 -9999 -9999 -9999 -9999 -9999 -9999 -9999 -9999 -9999 -9999 -9999 -9999 -9999 105 84 99 119 136 135 99 115 106 120 84 121 112 92 84 101 120 135 120 101 108 119 120 111 99 111 127 132 120 129 119 71 102 104 104 166 166 166 166 166 166 166 166 -9999 240 240 240 171 171 171 171 171 171 171 171 171 171 171 171 171 171 171 171 171 171
-9999 -9999 -9999 -9999 -9999 -9999 -9999 -9999 -9999 -9999 -9999 -9999 -9999 -9999 -9999 -9999 -9999 -9999 -9999 -9999 -9999 -9999 108 119 109 107 96 96 87 81 81 95 90 76 72 92 112 93 119 128 127 119 112 133 131 118 107 102 122 109 100 94 67 72 119 105 95 104 166 166 166 166 166 166 166 240 240 240 240 171 171 171 240 240 240 171 171 171 171 171 171 171 171 171 171 171 171
-9999 -9999 -9999 -9999 -9999 -9999 -9999 -9999 -9999 -9999 -9999 -9999 -9999 -9999 -9999 -9999 -9999 -9999 -9999 -9999 -9999 -9999 111 121 111 86 90 91 79 64 78 94 74 64 81 82 77 93 119 117 129 122 113 110 106 126 99 101 100 99 78 70 70 70 112 107 99 90 109 166 166 166 166 166 166 240 240 240 240 171 171 240 240 240 240 240 171 171 171 171 171 171 171 171 171 171 171
-9999 -9999 -9999 -9999 -9999 -9999 -9999 -9999 -9999 -9999 -9999 -9999 -9999 -9999 -9999 -9999 -9999 -9999 -9999 -9999 -9999 -9999 -9999 106 82 53 64 64 67 53 78 75 75 59 82 80 91 107 121 137 133 131 166 136 125 90 75 75 77 68 104 109 120 116 103 125 82 88 70 137 137 166 166 166 -9999 240 240 240 240 240 240 240 240 240 240 240 171 171 171 171 171 171 171 171 171 171 171
-9999 -9999 -9999 -9999 -9999 -9999 -9999 -9999 -9999 -9999 -9999 -9999 -9999 -9999 -9999 -9999 -9999 -9999 -9999 -9999 -9999 -9999 78 81 84 71 71 69 67 72 81 92 83 82 83 80 77 107 142 138 150 182 126 108 98 75 101 100 102 94 86 97 104 109 132 99 70 84 137 137 137 137 189 166 -9999 209 209 209 240 209 209 209 240 240 240 240 171 171 171 171 171 171 171 171 171 171 171
-9999 -9999 -9999 -9999 -9999 -9999 -9999 -9999 -9999 -9999 -9999 -9999 -9999 -9999 -9999 -9999 -9999 -9999 -9999 -9999 -9999 53 53 79 109 129 140 143 116 82 84 106 83 80 77 79 73 101 97 121 121 113 227 152 137 50 85 82 121 98 99 87 84 91 77 78 71 87 137 137 137 137 189 189 189 209 209 209 209 209 209 209 240 240 240 240 171 171 171 171 171 171 171 171 171 171 171
-9999 -9999 -9999 -9999 -9999 -9999 -9999 -9999 -9999 -9999 -9999 -9999 -9999 -9999 -9999 -9999 -9999 -9999 -9999 -9999 -9999 61 61 109 116 162 91 191 164 161 108 107 84 80 80 77 68 73 73 75 95 155 163 147 56 67 72 81 95 103 99 97 84 77 79 79 104 119 137 137 137 189 189 189 189 -9999 209 209 209 209 209 209 240 240 240 240 171 171 171 171 171 171 171 171 171 171 171
-9999 -9999 -9999 -9999 -9999 -9999 -9999 -9999 -9999 -9999 -9999 -9999 -9999 -9999 -9999 -9999 -9999 -9999 -9999 -9999 145 101 107 260 235 166 166 220 157 145 142 108 87 121 102 104 79 70 66 66 65 79 110 56 85 87 89 99 98 96 94 86 87 81 77 80 134 137 137 137 137 189 189 189 -9999 168 -9999 -9999 209 209 209 209 240 240 240 240 240 171 171 171 171 171 171 171 171 171 171
