04_184A014/tilavuus.asc
ncols 186
nrows 177
xllcorner 610464
yllcorner 6870672
cellsize 16
nodata_value -9999
[rows 78 to 116 of 177, columns 87 to 173 of 186]
268 268 268 268 205 205 205 205 110 110 110 173 173 57 173 173 173 173 -9999 -9999 -9999 -9999 -9999 -9999 -9999 -9999 -9999 -9999 -9999 -9999 -9999 -9999 -9999 -9999 -9999 -9999 -9999 -9999 -9999 -9999 -9999 -9999 -9999 -9999 -9999 -9999 -9999 -9999 -9999 -9999 -9999 -9999 -9999 -9999 -9999 -9999 -9999 -9999 -9999 -9999 -9999 -9999 -9999 -9999 -9999 -9999 -9999 -9999 -9999 -9999 -9999 -9999 -9999 -9999 -9999 9 9 9 9 -9999 -9999 -9999 -9999 -9999 -9999 -9999 -9999
145 145 145 268 205 205 205 110 110 110 110 173 173 173 173 173 173 -9999 -9999 -9999 -9999 -9999 -9999 -9999 -9999 -9999 -9999 -9999 -9999 -9999 -9999 -9999 -9999 -9999 -9999 -9999 -9999 -9999 -9999 -9999 -9999 -9999 -9999 -9999 -9999 -9999 -9999 -9999 -9999 -9999 -9999 -9999 -9999 -9999 -9999 -9999 -9999 -9999 -9999 -9999 -9999 -9999 -9999 -9999 -9999 -9999 -9999 -9999 -9999 -9999 -9999 -9999 -9999 -9999 -9999 9 9 9 18 -9999 -9999 -9999 -9999 -9999 -9999 -9999 -9999
145 145 145 145 110 110 110 110 110 110 110 110 110 173 173 173 173 -9999 -9999 -9999 -9999 -9999 -9999 -9999 -9999 -9999 -9999 -9999 -9999 -9999 -9999 -9999 -9999 -9999 -9999 -9999 -9999 -9999 -9999 -9999 -9999 -9999 -9999 -9999 -9999 -9999 -9999 -9999 229 229 229 -9999 -9999 -9999 -9999 -9999 -9999 -9999 -9999 -9999 -9999 -9999 -9999 -9999 -9999 -9999 -9999 -9999 -9999 -9999 -9999 -9999 -9999 -9999 9 9 18 18 18 18 -9999 -9999 -9999 -9999 -9999 -9999 -9999
145 145 145 145 145 110 110 145 145 145 145 110 110 173 173 173 173 -9999 -9999 -9999 -9999 -9999 -9999 -9999 -9999 -9999 -9999 -9999 -9999 -9999 -9999 -9999 -9999 -9999 -9999 -9999 -9999 -9999 -9999 -9999 -9999 119 156 -9999 -9999 -9999 -9999 -9999 229 229 229 -9999 -9999 -9999 -9999 -9999 -9999 -9999 -9999 -9999 -9999 -9999 -9999 -9999 -9999 -9999 -9999 -9999 -9999 -9999 -9999 -9999 -9999 -9999 -9999 18 18 18 18 18 18 -9999 -9999 -9999 -9999 -9999 -9999
145 145 145 145 145 110 110 145 145 145 145 173 173 173 173 173 173 0 -9999 -9999 -9999 -9999 -9999 -9999 -9999 -9999 -9999 -9999 -9999 -9999 -9999 -9999 -9999 -9999 -9999 -9999 -9999 -9999 -9999 -9999 -9999 275 361 -9999 -9999 -9999 -9999 229 229 229 229 229 -9999 -9999 -9999 -9999 -9999 -9999 -9999 -9999 -9999 -9999 -9999 -9999 -9999 -9999 -9999 -9999 -9999 -9999 -9999 -9999 -9999 -9999 -9999 18 18 18 18 18 18 -9999 -9999 -9999 -9999 -9999 -9999
145 145 145 145 145 145 145 145 145 145 145 145 173 173 173 173 173 0 -9999 -9999 -9999 -9999 -9999 -9999 -9999 -9999 -9999 -9999 -9999 -9999 -9999 -9999 -9999 -9999 -9999 -9999 -9999 -9999 -9999 -9999 -9999 -9999 -9999 -9999 -9999 -9999 -9999 -9999 229 229 229 229 229 -9999 -9999 -9999 -9999 -9999 229 229 229 229 229 229 229 -9999 -9999 -9999 -9999 -9999 -9999 -9999 -9999 -9999 -9999 128 18 18 18 18 18 18 -9999 -9999 -9999 -9999 -9999
145 145 145 145 145 145 145 145 145 145 145 145 173 173 173 173 173 0 0 -9999 -9999 -9999 -9999 -9999 -9999 -9999 -9999 -9999 -9999 -9999 -9999 -9999 -9999 -9999 -9999 -9999 -9999 -9999 -9999 -9999 -9999 -9999 -9999 -9999 -9999 -9999 -9999 -9999 -9999 229 229 229 229 229 -9999 229 -9999 -9999 -9999 -9999 -9999 229 229 229 229 229 229 -9999 -9999 -9999 -9999 -9999 0 128 128 128 128 44 44 18 18 18 -9999 -9999 -9999 -9999 -9999
145 145 145 145 145 145 145 145 145 145 145 145 145 173 192 173 173 0 0 -9999 -9999 -9999 -9999 -9999 -9999 -9999 -9999 -9999 -9999 -9999 -9999 -9999 -9999 -9999 -9999 -9999 -9999 -9999 -9999 -9999 -9999 -9999 -9999 -9999 -9999 -9999 -9999 -9999 -9999 -9999 229 229 229 229 229 229 134 134 134 134 134 134 229 229 229 229 229 0 25 26 0 0 128 128 128 44 44 44 44 44 44 18 -9999 -9999 -9999 -9999 -9999
145 145 145 145 145 145 145 145 145 145 145 145 145 192 192 173 173 173 0 0 -9999 -9999 -9999 -9999 -9999 -9999 -9999 -9999 -9999 -9999 -9999 -9999 -9999 -9999 -9999 -9999 -9999 -9999 -9999 -9999 -9999 -9999 -9999 -9999 -9999 -9999 -9999 -9999 -9999 -9999 229 229 229 229 229 229 134 134 134 134 134 134 134 229 229 229 229 229 229 128 128 128 44 44 44 44 44 44 44 44 44 44 44 -9999 -9999 -9999 -9999
145 145 145 145 145 145 145 145 145 145 145 145 145 192 192 192 192 192 192 0 -9999 -9999 -9999 -9999 -9999 -9999 -9999 -9999 -9999 -9999 -9999 -9999 -9999 -9999 -9999 -9999 -9999 -9999 -9999 -9999 -9999 -9999 -9999 -9999 -9999 -9999 -9999 -9999 -9999 -9999 229 229 229 229 229 229 134 134 134 134 134 134 134 134 134 229 229 229 229 229 229 229 44 44 44 44 44 44 44 44 44 44 44 -9999 -9999 -9999 -9999
145 145 145 145 145 145 145 145 145 145 145 145 145 145 192 192 192 192 192 192 0 -9999 -9999 -9999 -9999 -9999 -9999 -9999 -9999 -9999 -9999 -9999 -9999 -9999 -9999 -9999 -9999 -9999 -9999 -9999 -9999 -9999 -9999 -9999 -9999 -9999 -9999 -9999 -9999 -9999 -9999 229 229 229 229 134 134 134 134 134 134 134 134 134 134 134 229 229 229 229 229 229 229 229 44 44 44 44 44 44 44 44 44 -9999 -9999 -9999 -9999
145 145 145 145 145 145 145 145 145 145 145 145 145 145 192 192 192 192 192 192 192 0 -9999 -9999 -9999 -9999 -9999 -9999 -9999 -9999 -9999 -9999 -9999 -9999 -9999 -9999 -9999 -9999 -9999 -9999 -9999 -9999 -9999 -9999 -9999 -9999 -9999 -9999 -9999 -9999 -9999 -9999 -9999 -9999 129 129 129 129 134 134 134 134 134 134 134 134 134 229 229 229 229 229 229 229 229 229 191 44 44 44 44 44 44 -9999 -9999 -9999 -9999
145 145 145 145 145 145 145 145 145 145 145 145 145 145 192 192 192 192 192 192 192 192 -9999 -9999 -9999 -9999 -9999 -9999 -9999 -9999 -9999 -9999 -9999 -9999 -9999 -9999 -9999 -9999 -9999 -9999 -9999 -9999 -9999 -9999 -9999 -9999 -9999 -9999 -9999 -9999 -9999 -9999 -9999 -9999 -9999 -9999 -9999 129 134 134 134 134 134 134 134 134 134 134 229 229 229 229 229 229 229 229 191 191 191 44 44 44 -9999 -9999 -9999 -9999 -9999
145 145 145 145 145 145 145 145 145 145 145 145 145 145 163 192 192 192 192 192 192 192 0 -9999 -9999 -9999 -9999 -9999 -9999 -9999 -9999 -9999 -9999 -9999 -9999 -9999 -9999 -9999 -9999 -9999 -9999 -9999 -9999 -9999 -9999 -9999 -9999 -9999 -9999 -9999 -9999 -9999 -9999 -9999 -9999 -9999 -9999 -9999 -9999 129 129 134 134 129 134 134 134 134 229 229 229 229 229 229 229 229 191 191 191 191 44 -9999 -9999 -9999 -9999 -9999 -9999
145 145 145 145 145 145 145 145 145 145 145 145 145 145 163 192 192 192 192 192 192 192 0 -9999 -9999 -9999 -9999 -9999 -9999 -9999 -9999 -9999 -9999 -9999 -9999 -9999 -9999 -9999 -9999 -9999 -9999 -9999 -9999 -9999 -9999 -9999 -9999 -9999 -9999 -9999 -9999 -9999 -9999 -9999 -9999 -9999 -9999 -9999 -9999 -9999 -9999 -9999 129 129 129 134 134 129 129 229 229 229 229 229 229 229 191 191 191 191 -9999 -9999 -9999 -9999 -9999 -9999 -9999
145 145 145 145 145 145 145 145 145 145 -9999 145 145 163 163 163 163 192 192 192 192 192 192 0 -9999 -9999 -9999 -9999 -9999 -9999 -9999 -9999 -9999 -9999 -9999 -9999 -9999 -9999 -9999 -9999 -9999 -9999 -9999 -9999 -9999 -9999 -9999 -9999 -9999 -9999 -9999 -9999 -9999 -9999 -9999 -9999 -9999 -9999 -9999 -9999 -9999 -9999 -9999 -9999 129 129 129 129 129 229 229 229 229 229 229 229 191 191 191 -9999 -9999 -9999 -9999 -9999 -9999 -9999 -9999
145 145 145 145 145 145 145 145 145 275 275 275 145 275 163 163 163 163 163 192 192 192 192 -9999 0 -9999 -9999 -9999 -9999 -9999 -9999 -9999 -9999 -9999 -9999 -9999 -9999 -9999 -9999 -9999 -9999 -9999 -9999 -9999 -9999 -9999 -9999 -9999 -9999 -9999 -9999 -9999 -9999 -9999 -9999 -9999 -9999 -9999 -9999 -9999 -9999 -9999 -9999 -9999 -9999 -9999 -9999 129 129 129 129 -9999 191 191 191 191 191 191 191 -9999 -9999 -9999 -9999 -9999 -9999 -9999 -9999
145 145 145 145 171 171 275 275 275 275 275 275 275 275 275 275 163 163 163 192 192 192 192 141 141 -9999 -9999 -9999 -9999 -9999 -9999 -9999 -9999 -9999 -9999 -9999 -9999 -9999 -9999 -9999 -9999 -9999 -9999 -9999 -9999 -9999 -9999 -9999 -9999 -9999 -9999 -9999 -9999 -9999 -9999 -9999 -9999 -9999 -9999 -9999 -9999 -9999 -9999 -9999 -9999 -9999 -9999 129 129 129 129 18 18 18 191 191 191 191 191 191 -9999 -9999 -9999 -9999 -9999 -9999 -9999
171 171 171 171 171 275 275 275 275 275 275 275 275 275 275 275 275 275 192 192 192 192 192 141 -9999 209 266 -9999 -9999 -9999 -9999 -9999 -9999 -9999 -9999 -9999 -9999 -9999 -9999 -9999 -9999 -9999 -9999 -9999 -9999 -9999 -9999 -9999 -9999 -9999 -9999 -9999 -9999 -9999 -9999 -9999 -9999 -9999 -9999 -9999 -9999 -9999 -9999 -9999 -9999 -9999 -9999 129 129 18 18 18 18 18 18 18 18 191 18 18 -9999 -9999 -9999 -9999 -9999 -9999 -9999
171 171 171 171 171 275 275 275 275 275 275 275 275 275 275 275 275 275 275 192 192 192 141 153 -9999 -9999 115 -9999 -9999 -9999 -9999 -9999 -9999 -9999 -9999 -9999 -9999 -9999 -9999 -9999 -9999 -9999 -9999 -9999 -9999 -9999 -9999 -9999 -9999 -9999 -9999 -9999 -9999 -9999 -9999 -9999 -9999 -9999 -9999 -9999 -9999 -9999 -9999 -9999 -9999 -9999 -9999 18 18 18 18 18 18 18 18 18 -9999 18 18 18 18 -9999 -9999 -9999 -9999 -9999 -9999
171 171 171 171 171 275 275 275 275 275 275 275 275 275 275 275 275 275 275 275 275 275 141 141 159 -9999 115 -9999 -9999 -9999 -9999 -9999 -9999 -9999 -9999 -9999 -9999 -9999 -9999 -9999 -9999 -9999 -9999 -9999 -9999 -9999 -9999 -9999 -9999 -9999 -9999 -9999 -9999 -9999 -9999 -9999 -9999 -9999 -9999 -9999 -9999 -9999 -9999 -9999 -9999 -9999 -9999 18 18 18 18 18 18 18 118 118 118 118 118 118 118 -9999 -9999 -9999 -9999 -9999 -9999
171 171 171 171 171 275 275 275 275 275 275 275 275 275 275 275 275 275 275 275 275 275 275 141 141 -9999 115 -9999 -9999 -9999 -9999 -9999 -9999 -9999 -9999 -9999 -9999 -9999 -9999 -9999 -9999 -9999 -9999 -9999 -9999 -9999 -9999 -9999 -9999 -9999 -9999 -9999 -9999 -9999 -9999 -9999 -9999 -9999 -9999 -9999 -9999 -9999 -9999 -9999 -9999 -9999 -9999 -9999 18 18 18 18 18 118 118 118 118 118 118 118 118 -9999 -9999 -9999 -9999 -9999 -9999
171 171 171 171 171 171 171 171 275 275 275 275 275 275 275 275 275 275 275 275 275 275 275 275 141 141 -9999 115 115 -9999 -9999 -9999 -9999 -9999 -9999 -9999 -9999 -9999 -9999 -9999 -9999 -9999 -9999 -9999 -9999 -9999 -9999 -9999 -9999 -9999 -9999 72 33 17 -9999 -9999 -9999 -9999 -9999 -9999 -9999 -9999 -9999 -9999 -9999 -9999 -9999 -9999 18 18 18 18 118 118 118 118 118 118 118 118 118 118 -9999 -9999 -9999 -9999 -9999
171 171 171 171 171 171 171 171 171 275 275 275 275 275 275 275 275 275 275 275 275 275 275 275 141 141 141 -9999 -9999 115 115 -9999 -9999 -9999 -9999 -9999 -9999 -9999 -9999 -9999 -9999 -9999 -9999 -9999 -9999 -9999 -9999 -9999 -9999 -9999 -9999 -9999 -9999 -9999 -9999 -9999 -9999 -9999 -9999 -9999 -9999 -9999 -9999 -9999 -9999 -9999 -9999 -9999 157 157 157 118 118 118 118 118 118 118 118 118 118 118 -9999 -9999 -9999 -9999 -9999
171 171 171 171 171 171 171 171 171 171 171 275 275 275 275 275 275 275 275 275 275 275 275 275 141 141 141 141 141 -9999 115 -9999 -9999 -9999 -9999 -9999 -9999 -9999 -9999 -9999 -9999 -9999 -9999 -9999 -9999 -9999 -9999 -9999 -9999 -9999 -9999 -9999 -9999 -9999 -9999 -9999 -9999 -9999 -9999 -9999 -9999 -9999 -9999 -9999 -9999 -9999 -9999 -9999 157 157 118 118 118 118 118 118 118 118 118 118 118 118 -9999 -9999 -9999 -9999 -9999
171 171 171 171 171 171 171 171 171 171 171 171 171 171 171 275 275 275 275 275 275 275 275 275 141 141 141 141 141 190 190 115 -9999 -9999 -9999 -9999 -9999 -9999 -9999 -9999 -9999 -9999 -9999 -9999 -9999 -9999 -9999 -9999 -9999 -9999 -9999 -9999 -9999 -9999 -9999 -9999 -9999 -9999 -9999 -9999 -9999 -9999 -9999 -9999 -9999 -9999 -9999 -9999 118 118 118 118 118 118 118 118 118 118 118 118 118 118 -9999 -9999 -9999 -9999 -9999
171 171 171 171 171 171 171 171 171 171 171 171 171 171 171 171 275 275 275 275 275 275 275 275 141 141 141 141 141 190 190 -9999 115 115 -9999 -9999 -9999 -9999 -9999 -9999 -9999 -9999 -9999 -9999 -9999 -9999 -9999 -9999 -9999 -9999 -9999 -9999 -9999 -9999 -9999 -9999 -9999 -9999 -9999 -9999 -9999 157 157 157 157 -9999 -9999 157 118 118 118 118 118 118 118 118 118 118 118 118 118 118 -9999 -9999 -9999 -9999 -9999
171 171 171 171 171 171 171 171 171 171 171 171 171 171 171 171 171 275 275 275 275 275 275 275 141 141 141 141 141 190 190 190 -9999 115 -9999 -9999 -9999 -9999 -9999 -9999 -9999 -9999 -9999 -9999 -9999 -9999 -9999 -9999 -9999 -9999 -9999 -9999 -9999 -9999 -9999 -9999 -9999 -9999 -9999 -9999 -9999 157 157 157 157 157 157 118 118 118 118 118 118 118 118 118 118 118 118 118 118 118 118 -9999 -9999 -9999 -9999
171 171 171 171 171 171 171 171 171 171 171 171 171 171 171 171 171 171 275 275 275 275 275 275 275 275 141 141 190 190 190 190 123 115 115 -9999 -9999 -9999 -9999 -9999 -9999 -9999 -9999 -9999 -9999 -9999 -9999 -9999 -9999 -9999 -9999 -9999 -9999 -9999 -9999 -9999 -9999 -9999 -9999 -9999 -9999 -9999 157 157 157 157 157 118 118 118 118 118 118 118 118 118 118 118 118 118 118 118 118 -9999 -9999 -9999 -9999
171 171 171 171 171 171 171 171 171 171 171 171 171 171 171 171 171 171 171 171 171 171 275 275 275 275 275 190 190 190 190 190 123 -9999 115 115 -9999 -9999 -9999 -9999 -9999 -9999 -9999 -9999 -9999 -9999 -9999 -9999 -9999 -9999 -9999 -9999 -9999 -9999 -9999 -9999 -9999 -9999 -9999 -9999 -9999 -9999 -9999 -9999 157 157 157 118 118 118 118 118 118 118 118 118 118 118 118 118 118 118 118 -9999 -9999 -9999 -9999
171 171 171 171 171 171 171 171 171 171 171 171 171 171 171 171 171 171 171 171 171 171 171 171 171 275 190 190 190 190 190 190 123 123 115 115 115 115 115 115 155 -9999 -9999 -9999 -9999 -9999 -9999 -9999 -9999 -9999 -9999 -9999 -9999 -9999 -9999 -9999 -9999 -9999 -9999 -9999 -9999 -9999 -9999 -9999 -9999 157 157 6 6 6 6 6 118 118 118 118 118 118 118 118 118 118 118 118 -9999 -9999 -9999
171 171 171 171 171 171 171 171 171 171 171 171 171 171 171 171 171 171 171 171 171 171 171 171 171 171 171 190 190 190 190 190 123 123 -9999 115 115 115 155 155 155 155 155 -9999 -9999 -9999 -9999 -9999 -9999 -9999 -9999 -9999 -9999 -9999 -9999 -9999 -9999 -9999 -9999 -9999 -9999 -9999 -9999 -9999 -9999 -9999 76 76 6 6 6 6 118 118 118 118 118 118 118 118 118 118 118 192 -9999 -9999 -9999
171 171 171 171 171 171 171 171 171 171 171 171 171 171 171 171 171 171 171 171 171 171 171 171 171 171 171 171 190 123 123 123 123 123 -9999 115 115 115 155 155 155 155 155 155 155 -9999 -9999 -9999 -9999 -9999 -9999 -9999 -9999 -9999 -9999 -9999 -9999 -9999 -9999 -9999 -9999 -9999 -9999 -9999 -9999 -9999 76 76 6 6 6 6 118 118 118 118 118 118 118 118 118 118 192 192 -9999 -9999 -9999
171 171 171 171 171 171 171 171 171 171 171 171 171 171 171 171 171 171 171 171 171 171 171 171 171 171 171 171 123 123 123 123 123 123 -9999 115 115 115 155 155 155 155 155 19 19 19 19 -9999 -9999 -9999 -9999 -9999 -9999 -9999 -9999 -9999 -9999 -9999 -9999 -9999 -9999 -9999 -9999 -9999 -9999 -9999 76 76 6 6 6 6 118 118 118 118 118 118 118 118 118 91 91 91 -9999 91 -9999
171 171 171 171 171 171 171 171 171 171 271 171 171 171 171 171 171 171 171 171 171 171 171 171 171 171 123 171 171 123 123 123 123 123 115 115 115 115 155 155 155 155 19 19 19 19 19 19 -9999 -9999 -9999 -9999 -9999 -9999 -9999 -9999 -9999 -9999 -9999 -9999 -9999 -9999 -9999 -9999 -9999 -9999 76 76 6 118 118 118 118 118 118 118 118 118 118 118 118 91 91 91 91 -9999 -9999
171 171 171 171 171 171 171 171 171 271 271 271 171 171 171 171 171 171 171 171 171 171 171 171 171 171 171 171 171 171 171 123 123 123 -9999 115 115 155 155 155 155 155 19 19 19 19 19 19 19 19 -9999 -9999 -9999 -9999 -9999 -9999 -9999 -9999 -9999 -9999 -9999 -9999 -9999 -9999 -9999 157 157 157 157 157 157 118 118 118 118 118 118 118 118 118 118 91 91 91 91 -9999 -9999
171 171 171 171 171 171 171 171 271 271 271 271 271 271 171 -9999 -9999 171 171 171 171 171 171 171 171 171 171 171 171 171 171 171 171 171 -9999 155 155 155 155 155 19 19 19 19 19 19 19 19 19 19 178 178 -9999 -9999 -9999 -9999 -9999 0 -9999 -9999 -9999 -9999 -9999 -9999 157 157 157 157 157 157 157 157 157 118 118 118 118 118 118 118 91 91 91 91 91 91 -9999
171 171 171 171 171 171 271 271 271 271 271 271 272 272 171 272 272 171 171 171 171 171 171 171 171 171 171 171 171 171 171 171 171 171 -9999 155 155 155 155 19 19 19 19 19 19 19 19 19 19 178 178 178 178 -9999 -9999 -9999 -9999 0 0 -9999 -9999 -9999 157 157 157 157 157 157 157 157 157 157 157 118 118 118 118 118 118 118 118 91 91 91 91 91 91
171 171 171 171 171 171 271 271 271 119 119 119 272 272 272 272 272 171 171 171 171 171 171 171 171 171 171 171 171 171 171 171 171 171 -9999 19 19 19 19 19 19 19 19 19 19 19 19 19 19 178 178 178 178 178 178 0 -9999 -9999 0 -9999 -9999 157 157 157 157 157 157 157 157 157 157 157 157 118 118 118 118 118 118 118 22 22 91 91 91 91 91
