04_184A014/twi.asc
ncols 186
nrows 177
xllcorner 610464
yllcorner 6870672
cellsize 16
nodata_value -9999
[rows 60 to 89 of 177, columns 0 to 67 of 186]
-9999 -9999 -9999 -9999 -9999 -9999 -9999 -9999 -9999 -9999 -9999 -9999 -9999 -9999 -9999 -9999 -9999 -9999 -9999 -9999 -9999 -9999 -9999 -9999 -9999 -9999 -9999 -9999 -9999 -9999 -9999 -9999 -9999 -9999 -9999 -9999 -9999 -9999 -9999 10.36765 10.0125 8.616885 9.355553 9.874115 8.271849 8.601799 7.487859 10.25813 7.048155 6.08138 6.02878 5.494627 6.355644 8.472293 6.5666 6.804711 6.227504 6.281351 7.173158 9.032135 8.267373 8.305129 9.853297 8.612178 8.373159 8.527124 8.957872 9.392088
-9999 -9999 -9999 -9999 -9999 -9999 -9999 -9999 -9999 -9999 -9999 -9999 -9999 -9999 -9999 -9999 -9999 -9999 -9999 -9999 -9999 -9999 -9999 -9999 -9999 -9999 -9999 -9999 -9999 -9999 -9999 -9999 -9999 -9999 -9999 -9999 -9999 -9999 -9999 9.158883 17.9388 16.50798 15.77506 8.633745 9.239013 10.2064 11.63294 9.454185 6.598632 5.962815 6.314118 5.854014 7.080155 6.969944 6.32395 6.376758 6.340336 6.372611 7.519191 6.822641 7.627433 7.201726 8.290436 10.07496 8.582581 8.686038 9.003978 12.76991
-9999 -9999 -9999 -9999 -9999 -9999 -9999 -9999 -9999 -9999 -9999 -9999 -9999 -9999 -9999 -9999 -9999 -9999 -9999 -9999 -9999 -9999 -9999 -9999 -9999 -9999 -9999 -9999 -9999 -9999 -9999 -9999 -9999 -9999 -9999 -9999 -9999 -9999 15.50734 15.49158 8.291495 9.090744 9.013898 16.1829 17.09303 17.16347 15.89193 15.14242 14.39087 7.020064 7.108895 6.667229 7.608465 6.931216 6.24432 6.221725 6.607719 6.950635 6.39302 6.148438 6.987993 6.978031 7.505231 7.605325 11.02016 8.924728 12.47068 8.807822
-9999 -9999 -9999 -9999 -9999 -9999 -9999 -9999 -9999 -9999 -9999 -9999 -9999 -9999 -9999 -9999 -9999 -9999 -9999 -9999 -9999 -9999 -9999 -9999 -9999 -9999 -9999 -9999 -9999 -9999 -9999 -9999 -9999 -9999 -9999 -9999 -9999 -9999 7.735854 7.08322 6.36383 6.209502 6.547236 8.04398 9.426383 10.21073 9.922738 8.382906 8.011518 15.00232 14.47614 7.259693 8.573398 8.114558 7.237249 6.893451 7.069866 6.731594 6.965318 8.426562 6.623729 6.521083 6.372118 7.356118 8.304344 12.15252 9.481767 9.494669
-9999 -9999 -9999 -9999 -9999 -9999 -9999 -9999 -9999 -9999 -9999 -9999 -9999 -9999 -9999 -9999 -9999 -9999 -9999 -9999 -9999 -9999 -9999 -9999 -9999 -9999 -9999 -9999 -9999 -9999 -9999 -9999 -9999 -9999 -9999 -9999 -9999 -9999 5.823008 5.081174 4.79149 4.787571 4.955277 6.546822 8.286197 8.763535 10.0343 8.602283 8.819052 9.649639 9.673515 16.40604 16.47198 9.499432 8.966351 8.843598 8.622085 7.573424 6.687985 6.851301 6.651179 6.712013 6.482552 6.98272 10.2157 9.930748 8.622651 8.037985
-9999 -9999 -9999 -9999 -9999 -9999 -9999 -9999 -9999 -9999 -9999 -9999 -9999 -9999 -9999 -9999 -9999 -9999 -9999 -9999 -9999 -9999 -9999 -9999 -9999 -9999 -9999 -9999 -9999 -9999 -9999 -9999 -9999 -9999 -9999 -9999 -9999 -9999 6.195677 5.370381 5.697595 6.520624 5.303741 5.936573 6.977689 6.607748 6.335211 6.659429 7.626524 8.719665 8.923226 8.966123 8.178928 15.38035 16.39023 15.74626 8.309542 7.600406 6.842537 6.775062 7.622533 6.64712 7.876746 9.681345 6.509183 5.701837 5.465708 5.429076
-9999 -9999 -9999 -9999 -9999 -9999 -9999 -9999 -9999 -9999 -9999 -9999 -9999 -9999 -9999 -9999 -9999 -9999 -9999 -9999 -9999 -9999 -9999 -9999 -9999 -9999 -9999 -9999 -9999 -9999 -9999 -9999 -9999 -9999 -9999 -9999 -9999 -9999 9.623903 5.40434 5.456524 5.410432 5.540003 6.990707 5.356124 5.808257 5.140877 5.295607 6.628308 7.785307 8.314853 8.52904 8.348106 7.754638 12.22338 8.685787 15.38786 15.27934 7.057222 7.40658 8.248917 8.440185 9.65147 6.601692 5.528574 4.835319 4.616091 4.57484
-9999 -9999 -9999 -9999 -9999 -9999 -9999 -9999 -9999 -9999 -9999 -9999 -9999 -9999 -9999 -9999 -9999 -9999 -9999 -9999 -9999 -9999 -9999 -9999 -9999 -9999 -9999 -9999 -9999 -9999 -9999 -9999 -9999 -9999 -9999 -9999 -9999 -9999 7.070572 10.48503 7.6284 7.49392 6.108525 5.399648 6.151759 8.21324 5.847529 5.931287 7.034505 8.170878 7.578908 6.862974 6.814757 7.324902 12.15168 9.009294 7.983222 8.232251 14.82079 8.589478 9.656454 7.95643 8.066576 6.57963 5.43061 4.752296 4.787618 4.866959
-9999 -9999 -9999 -9999 -9999 -9999 -9999 -9999 -9999 -9999 -9999 -9999 -9999 -9999 -9999 -9999 -9999 -9999 -9999 -9999 -9999 -9999 -9999 -9999 -9999 -9999 -9999 -9999 -9999 -9999 -9999 -9999 -9999 -9999 -9999 -9999 -9999 -9999 6.508624 11.06971 11.4205 6.274414 5.068254 6.266308 5.693104 5.568061 5.310018 5.800669 6.504345 7.433968 9.288739 7.456733 6.97156 10.15906 8.190265 8.968032 7.708893 7.483794 7.806744 16.31495 8.408866 7.967648 8.297001 7.566812 6.443995 6.102064 5.170241 5.131362
-9999 -9999 -9999 -9999 -9999 -9999 -9999 -9999 -9999 -9999 -9999 -9999 -9999 -9999 -9999 -9999 -9999 -9999 -9999 -9999 -9999 -9999 -9999 -9999 -9999 -9999 -9999 -9999 -9999 -9999 -9999 -9999 -9999 -9999 -9999 -9999 -9999 -9999 9.633299 11.10085 8.029912 6.612773 5.280844 5.502436 5.705416 5.581501 6.335507 7.06512 6.40589 7.014673 9.970774 9.374165 9.774859 8.015519 7.555845 8.241735 11.34287 11.42834 16.06064 8.679612 8.616461 9.031618 17.61485 17.44911 16.19885 7.250667 14.38751 14.30463
-9999 -9999 -9999 -9999 -9999 -9999 -9999 -9999 -9999 -9999 -9999 -9999 -9999 -9999 -9999 -9999 -9999 -9999 -9999 -9999 -9999 -9999 -9999 -9999 -9999 -9999 -9999 -9999 -9999 -9999 -9999 -9999 -9999 -9999 -9999 -9999 -9999 7.068601 6.708221 6.751336 11.8447 8.150673 6.185896 6.799689 6.726209 6.739402 7.407859 7.0327 9.000135 7.486648 8.121784 8.759522 7.823285 8.807127 8.459264 9.727378 9.250346 9.024583 8.856145 18.20668 17.00499 16.62507 8.768988 8.79837 8.736667 16.17206 8.518354 8.751546
-9999 -9999 -9999 -9999 -9999 -9999 -9999 -9999 -9999 -9999 -9999 -9999 -9999 -9999 -9999 -9999 -9999 -9999 -9999 -9999 -9999 -9999 -9999 -9999 -9999 -9999 -9999 -9999 -9999 -9999 -9999 -9999 -9999 -9999 -9999 -9999 11.08504 10.65431 10.41333 10.66256 12.16045 7.631387 8.071618 9.863911 9.017515 13.77367 13.80905 14.25858 9.040959 8.527854 8.514064 10.55677 9.21484 8.228904 7.712113 8.642206 8.966024 14.8282 15.14994 9.401173 9.24786 8.852077 8.633692 11.25612 12.4428 10.44179 8.892089 8.629555
-9999 -9999 -9999 -9999 -9999 -9999 -9999 -9999 -9999 -9999 -9999 -9999 -9999 -9999 -9999 -9999 -9999 -9999 -9999 -9999 -9999 -9999 -9999 -9999 -9999 -9999 -9999 -9999 -9999 -9999 -9999 -9999 -9999 -9999 11.6059 7.986217 7.534259 6.98618 6.799994 7.323151 7.631534 12.89961 7.803176 13.4045 13.47032 8.038534 8.064714 8.03603 13.90191 14.13371 14.8194 8.810686 8.861716 8.370976 14.45342 15.7569 15.56158 8.636121 9.198724 9.24945 11.79973 11.58323 12.86163 9.217669 9.693544 9.842618 15.30593 14.80257
-9999 -9999 -9999 -9999 -9999 -9999 -9999 -9999 -9999 -9999 -9999 -9999 -9999 -9999 -9999 -9999 -9999 -9999 -9999 -9999 -9999 -9999 -9999 -9999 -9999 -9999 -9999 -9999 -9999 -9999 -9999 -9999 -9999 -9999 8.178478 7.765255 7.360234 6.912518 10.45271 11.2352 11.55337 9.767725 13.55103 7.871221 8.433464 8.615075 10.04271 10.04308 7.847883 7.976825 8.924754 15.10525 14.54908 14.44922 8.75758 10.46115 9.374194 9.097808 10.00264 10.41988 9.612524 9.887885 10.38807 15.26429 14.58664 14.38556 8.225425 8.131919
-9999 -9999 -9999 -9999 -9999 -9999 -9999 -9999 -9999 -9999 -9999 -9999 -9999 -9999 -9999 -9999 -9999 -9999 -9999 -9999 -9999 -9999 -9999 -9999 -9999 -9999 -9999 -9999 -9999 -9999 -9999 -9999 -9999 11.73938 11.34581 10.98349 10.59363 10.40023 7.212319 7.891348 7.934422 8.063223 8.497866 13.45277 9.572352 9.522965 8.384774 8.62333 8.082143 12.80189 13.43944 9.344363 8.847294 8.997011 9.883918 11.40426 10.57608 11.09498 11.38784 9.781554 10.7412 15.12325 14.90444 8.871993 8.609111 8.611408 9.126152 10.01437
-9999 -9999 -9999 -9999 -9999 -9999 -9999 -9999 -9999 -9999 -9999 -9999 -9999 -9999 -9999 -9999 -9999 -9999 -9999 -9999 -9999 -9999 -9999 -9999 -9999 -9999 -9999 -9999 -9999 -9999 -9999 -9999 12.73622 8.68033 8.103772 7.576932 6.955732 6.94396 7.609928 8.32605 8.40502 13.36695 13.25723 8.404948 9.578336 9.318257 13.64923 13.87348 13.1044 7.682913 8.005307 8.674075 15.48716 15.11294 15.28687 10.58992 9.091185 9.792618 16.64578 15.62155 14.64711 8.524788 8.821239 9.699865 10.30255 9.608597 16.99405 9.487826
-9999 -9999 -9999 -9999 -9999 -9999 -9999 -9999 -9999 -9999 -9999 -9999 -9999 -9999 -9999 -9999 -9999 -9999 -9999 -9999 -9999 -9999 -9999 -9999 -9999 -9999 -9999 -9999 -9999 -9999 -9999 -9999 9.171345 8.380764 8.016564 12.15998 11.60665 11.84434 12.67764 13.21708 13.35206 8.636423 8.279382 10.64627 13.8824 14.29491 8.657435 8.958781 8.647566 7.869857 10.01925 13.92862 8.961233 9.413233 9.424953 14.82441 14.68378 14.60183 8.754657 8.579189 8.328229 8.738118 9.217588 9.975174 9.591732 18.82611 9.113051 16.07276
-9999 -9999 -9999 -9999 -9999 -9999 -9999 -9999 -9999 -9999 -9999 -9999 -9999 -9999 -9999 -9999 -9999 -9999 -9999 -9999 -9999 -9999 -9999 -9999 -9999 -9999 -9999 -9999 -9999 -9999 -9999 -9999 13.73028 13.20416 13.0268 7.416308 6.857762 7.210139 7.922907 8.306881 8.574338 8.840797 8.50331 13.10053 8.286566 8.942238 8.85778 9.879314 10.33466 9.879081 8.099316 8.408735 14.53265 9.476202 9.974851 8.025576 8.576309 7.937844 8.108704 8.685514 9.61046 10.60636 9.437138 16.73761 16.47987 9.828937 7.36011 7.203471
-9999 -9999 -9999 -9999 -9999 -9999 -9999 -9999 -9999 -9999 -9999 -9999 -9999 -9999 -9999 -9999 -9999 -9999 -9999 -9999 -9999 -9999 -9999 -9999 -9999 -9999 -9999 -9999 -9999 -9999 -9999 8.613344 8.488568 8.314985 8.261417 7.41771 6.872509 7.256198 12.83869 13.12887 13.3861 13.47243 13.60926 8.355629 8.735781 13.78479 14.43619 8.961887 8.480363 8.002599 13.98465 14.81363 8.708607 8.396125 8.274306 8.428671 8.535409 8.924795 8.832567 9.184204 17.65167 17.84918 17.06334 9.088901 8.710256 9.36826 7.445908 8.524759
-9999 -9999 -9999 -9999 -9999 -9999 -9999 -9999 -9999 -9999 -9999 -9999 -9999 -9999 -9999 -9999 -9999 -9999 -9999 -9999 -9999 -9999 -9999 -9999 -9999 -9999 -9999 -9999 -9999 -9999 9.038783 9.277792 8.654284 12.99166 12.76439 12.25594 11.79956 12.10956 8.039539 8.137772 8.23737 8.40595 8.478023 8.060033 13.011 8.273267 8.998327 14.05015 13.79669 13.84987 8.646582 9.64505 10.12606 10.47263 9.252294 9.205042 8.723435 9.068817 16.95904 16.71387 9.023165 9.438382 9.402826 10.79424 8.666194 9.855992 7.677891 7.411585
-9999 -9999 -9999 -9999 -9999 -9999 -9999 -9999 -9999 -9999 -9999 -9999 -9999 -9999 -9999 -9999 -9999 -9999 -9999 -9999 -9999 -9999 -9999 -9999 -9999 -9999 -9999 -9999 -9999 -9999 13.35966 13.71853 13.46117 8.287151 7.9287 7.507761 7.150282 7.389504 8.092149 8.32076 8.282719 13.87082 13.84439 13.51466 11.9133 12.16374 12.82326 8.056094 8.121986 8.649015 9.361835 10.03841 10.30229 13.51647 9.738441 10.26504 16.86951 18.15182 10.11671 10.27877 9.318391 9.987993 10.30523 9.46866 11.02463 9.170246 11.60864 12.06341
-9999 -9999 -9999 -9999 -9999 -9999 -9999 -9999 -9999 -9999 -9999 -9999 -9999 -9999 -9999 -9999 -9999 -9999 -9999 -9999 -9999 -9999 -9999 -9999 -9999 -9999 -9999 -9999 -9999 -9999 8.561036 8.842298 8.557449 8.048726 7.837288 7.609025 12.8046 13.03032 13.38189 13.63091 13.81504 8.379523 8.397809 8.112877 7.711191 8.308388 7.916308 7.762486 8.091959 9.265011 9.187355 8.086869 15.22719 15.35968 15.84223 16.30104 9.83687 9.426946 10.10694 9.823402 9.916518 9.706852 9.529865 9.903789 12.35529 11.48839 8.8124 9.025887
-9999 -9999 -9999 -9999 -9999 -9999 -9999 -9999 -9999 -9999 -9999 -9999 -9999 -9999 -9999 -9999 -9999 -9999 -9999 -9999 -9999 -9999 -9999 -9999 -9999 -9999 -9999 -9999 -9999 -9999 14.42109 14.11867 13.87079 13.54913 13.49935 13.15471 7.344608 7.505026 7.850302 8.122004 8.518214 8.652354 8.56849 8.275409 11.77845 11.23186 7.503738 7.978256 10.1332 7.539042 13.89799 13.40865 6.350108 6.916172 7.711546 7.087371 10.16746 11.89998 10.32283 9.885236 9.112007 9.680693 10.10783 9.547077 8.871747 9.231167 10.22197 11.59173
-9999 -9999 -9999 -9999 -9999 -9999 -9999 -9999 -9999 -9999 -9999 -9999 -9999 -9999 -9999 -9999 -9999 -9999 -9999 -9999 -9999 -9999 -9999 -9999 -9999 -9999 -9999 -9999 -9999 13.86568 8.125508 7.971272 7.906582 7.963539 8.184539 7.955388 7.54267 7.510037 7.731488 11.76782 11.99132 12.17972 12.31398 12.30483 7.587258 11.30099 7.715471 15.45588 13.99955 13.24085 5.957411 5.958477 5.849006 5.85545 6.326788 6.708796 7.270424 6.779197 11.16139 12.20821 12.7798 11.07189 8.996438 9.1291 11.02871 10.48912 9.747413 6.89467
-9999 -9999 -9999 -9999 -9999 -9999 -9999 -9999 -9999 -9999 -9999 -9999 -9999 -9999 -9999 -9999 -9999 -9999 -9999 -9999 -9999 -9999 -9999 -9999 -9999 -9999 -9999 8.461642 8.28777 8.711432 9.815333 8.428167 7.984012 8.107534 11.85439 11.67563 11.3321 11.09335 11.17023 7.628253 7.763315 7.877404 8.080749 8.006725 7.394366 14.52414 15.78451 7.239347 6.027556 5.953088 5.805363 5.41045 5.546671 5.575669 5.431042 5.500975 5.567823 6.187019 7.296378 7.117862 10.53431 13.25726 8.918102 8.370925 9.056037 9.931885 7.770081 6.910981
-9999 -9999 -9999 -9999 -9999 -9999 -9999 -9999 -9999 -9999 -9999 -9999 -9999 -9999 -9999 -9999 -9999 -9999 -9999 -9999 -9999 -9999 -9999 -9999 -9999 -9999 9.16209 9.089829 9.600445 12.63098 11.66137 11.49947 11.77817 11.73832 8.195268 8.036972 7.855645 7.579798 7.485923 7.685384 7.76808 7.825441 12.92124 12.63509 14.63253 7.479477 8.144839 13.01426 6.710308 5.838969 5.648211 5.341858 5.26321 5.358644 5.3432 4.97229 4.863246 5.214948 5.818619 6.986206 8.29294 6.935649 10.95628 12.56263 8.897749 8.487496 7.667767 6.745185
-9999 -9999 -9999 -9999 -9999 -9999 -9999 -9999 -9999 -9999 -9999 -9999 -9999 -9999 -9999 -9999 -9999 -9999 -9999 -9999 -9999 -9999 -9999 -9999 -9999 11.33301 11.63916 11.84663 12.19269 9.098996 8.491919 8.512108 8.7342 8.667742 8.759265 8.650798 8.290699 12.61046 12.42387 12.45662 12.46298 12.62496 7.785326 7.505269 14.63912 7.916776 7.945177 14.6713 7.56591 6.449955 6.189242 5.838508 5.465831 6.021874 6.551341 6.52068 5.516393 4.717762 5.243822 5.951212 7.101046 6.289772 6.884955 6.618304 10.735 11.7006 13.79782 13.76431
-9999 -9999 -9999 -9999 -9999 -9999 -9999 -9999 -9999 -9999 -9999 -9999 -9999 -9999 -9999 -9999 -9999 -9999 -9999 -9999 -9999 -9999 6.300673 6.037192 8.795603 8.755396 9.110263 9.220198 9.174213 8.892051 8.714939 13.60849 13.56882 13.16014 12.98852 12.97151 12.85444 7.848443 7.709136 7.60984 7.474319 7.519144 7.478331 7.343999 14.87373 8.586045 7.931905 13.66876 7.569187 6.231509 5.528848 5.630973 5.778276 5.206578 5.245677 5.253903 5.31189 5.365391 5.026292 5.094799 6.656205 6.684347 5.563985 6.759064 6.844316 7.189217 9.702761 10.58431
-9999 -9999 -9999 -9999 -9999 -9999 -9999 -9999 -9999 -9999 -9999 -9999 -9999 -9999 -9999 -9999 -9999 -9999 -9999 -9999 -9999 -9999 6.512574 6.36052 7.700529 9.390494 14.52203 14.09735 13.56287 13.24251 13.13032 8.444842 8.24195 8.081757 8.119127 8.152489 7.946063 7.89168 8.034803 7.824827 12.3923 12.17893 12.0298 12.14136 15.07377 8.504883 8.003201 13.54383 7.719334 6.442825 5.95367 6.084509 6.223723 5.70006 5.225875 5.619027 5.590068 5.146108 5.662836 5.784289 6.031508 7.275069 6.793175 6.515211 6.074884 6.249255 8.317606 8.715458
-9999 -9999 -9999 -9999 -9999 -9999 -9999 -9999 -9999 -9999 -9999 -9999 -9999 -9999 -9999 -9999 -9999 -9999 -9999 -9999 -9999 -9999 13.74424 13.12075 13.31533 13.4929 9.140573 9.106488 8.780519 8.454597 8.31731 8.456271 8.721846 8.887226 8.696035 12.94496 12.53068 12.60528 12.85625 12.61113 7.674047 7.407408 7.111413 7.231457 14.98277 9.163315 8.525808 14.16884 7.380188 6.757659 6.350305 6.40509 6.805047 6.154254 5.606842 6.061495 6.255982 6.137266 5.685965 6.112274 6.576961 7.20505 6.393666 6.122819 5.931129 6.64638 8.572087 6.162231
