04_184A014/twi.asc
ncols 186
nrows 177
xllcorner 610464
yllcorner 6870672
cellsize 16
nodata_value -9999
[rows 120 to 149 of 177, columns 0 to 67 of 186]
-9999 -9999 -9999 -9999 -9999 -9999 -9999 -9999 -9999 -9999 -9999 -9999 -9999 -9999 -9999 -9999 -9999 -9999 -9999 15.08659 15.7572 11.14334 9.98094 9.128691 8.897702 6.607543 5.87313 7.076594 7.275379 9.583913 7.563262 6.093181 5.30898 5.839399 5.949734 5.218941 4.57615 6.028588 8.886158 8.901367 8.134701 9.633637 10.60895 9.904031 9.054676 8.598001 8.510182 17.02566 17.35864 16.81524 16.5312 18.06483 8.264517 7.903143 7.421218 6.906395 9.663601 10.84655 7.668844 6.673125 5.590683 5.712472 5.905842 6.21348 6.419313 7.135508 6.439589 6.095234
-9999 -9999 -9999 -9999 -9999 -9999 -9999 -9999 -9999 -9999 -9999 -9999 -9999 -9999 -9999 -9999 -9999 -9999 -9999 9.475123 9.491855 8.415007 8.641477 8.90731 8.226105 6.792158 5.759005 6.542595 7.540277 6.730851 6.888892 5.55937 5.122694 5.14332 5.153271 5.388933 5.053092 5.779332 6.069517 6.03462 8.933404 8.915341 10.11386 18.00702 17.52952 17.45735 17.66809 9.257208 8.715077 8.717642 9.573981 8.978403 8.476392 9.336682 11.4355 7.243713 6.752205 6.742081 10.73969 6.714823 5.451108 5.712287 6.085086 6.841349 8.262978 5.988287 7.396799 6.421719
-9999 -9999 -9999 -9999 -9999 -9999 -9999 -9999 -9999 -9999 -9999 -9999 -9999 -9999 -9999 -9999 -9999 -9999 9.11639 12.46759 6.209506 5.971148 6.107866 7.865848 7.141205 6.859119 6.441714 5.606773 5.888735 6.646979 6.440304 6.419889 5.711206 5.534512 5.956648 5.578322 6.407097 5.349338 5.320445 5.332387 6.542722 9.524713 16.25357 10.37078 9.755069 9.332126 9.424261 9.938649 10.33526 17.05501 17.02759 17.74932 17.28249 12.68975 7.716711 11.29479 7.684493 7.446089 7.177609 9.563679 6.112551 5.991162 6.345454 6.402345 6.533926 5.912318 8.505215 9.119083
-9999 -9999 -9999 -9999 -9999 -9999 -9999 -9999 -9999 -9999 -9999 -9999 -9999 -9999 -9999 -9999 -9999 -9999 14.1385 7.104868 6.394242 6.691907 7.114981 7.560222 7.855609 8.231049 8.833424 7.844209 7.075149 6.013986 5.798379 7.5054 6.774872 6.617707 7.470912 5.332337 5.449668 5.792625 5.747391 5.842566 5.876144 6.509195 7.745625 17.10705 9.12082 9.321897 18.03553 17.86707 17.9743 9.360319 8.620883 9.91166 15.76021 7.71712 8.520335 8.226611 11.16276 7.159746 7.871428 9.402835 9.094005 7.839218 7.098659 7.101336 7.687027 7.766396 6.257618 5.668552
-9999 -9999 -9999 -9999 -9999 -9999 -9999 -9999 -9999 -9999 -9999 -9999 -9999 -9999 -9999 -9999 -9999 9.076948 9.310735 12.31967 7.451097 6.52948 6.816946 6.957122 7.592103 10.48864 7.62077 7.695967 6.331865 5.93364 6.187976 8.390055 6.168207 7.412928 8.918196 6.50917 5.872235 5.835234 5.461079 6.450985 6.221797 6.915762 7.594903 9.231539 16.08728 16.56527 10.20469 9.84779 8.923242 10.04922 9.588446 8.026981 9.501277 17.09913 9.232644 9.176353 9.053528 13.42622 9.88694 8.763885 9.782532 7.682249 8.742774 7.292016 6.790742 6.098844 6.590054 5.926014
-9999 -9999 -9999 -9999 -9999 -9999 -9999 -9999 -9999 -9999 -9999 -9999 -9999 -9999 -9999 -9999 9.658731 9.83289 9.68117 9.731002 13.86884 12.05092 11.01878 6.498245 6.720254 9.584331 6.883112 8.430747 7.366349 7.213058 7.159776 8.715101 5.838157 6.074087 6.239019 9.044724 7.922665 7.160752 6.635004 6.959939 7.315604 7.647591 8.3227 7.562835 6.645228 6.737074 11.45469 11.69912 9.22334 8.099737 8.963752 9.202998 10.82204 9.29402 17.40077 9.434473 9.243753 8.975482 13.11592 13.08691 8.77809 8.022674 7.814519 9.369238 7.015329 5.714238 5.736249 5.815908
-9999 -9999 -9999 -9999 -9999 -9999 -9999 -9999 -9999 -9999 -9999 -9999 -9999 -9999 -9999 13.0038 12.99463 13.53152 13.4769 13.07946 8.985743 9.321885 8.457563 11.02344 7.008049 10.13218 8.169688 6.611697 6.401357 7.773237 9.644236 11.01693 7.615523 6.757728 8.248039 8.761091 6.998651 9.446221 8.529376 8.680669 8.008862 7.63807 7.160015 7.392264 7.55039 6.923254 7.011447 11.49592 8.112701 8.751853 8.918679 8.869457 10.04901 10.98506 10.0869 17.42917 9.160981 9.128227 8.818234 8.688911 12.70446 8.385413 7.822211 11.03746 11.05894 6.875799 6.622394 7.103436
-9999 -9999 -9999 -9999 -9999 -9999 -9999 -9999 -9999 -9999 -9999 -9999 -9999 -9999 12.97009 9.256928 9.001852 9.115321 9.101823 9.065542 9.071459 9.360961 9.498881 13.31166 12.17974 11.30188 6.626469 6.501883 6.764085 6.616354 7.229878 8.027106 11.61677 10.3396 8.564551 10.47707 9.11032 10.58514 11.29902 9.709045 10.02225 10.14113 8.202223 8.44746 12.41791 11.22234 10.59513 10.97404 11.35111 8.414603 8.584754 8.615732 10.14572 10.40242 10.49425 10.61231 18.23479 9.540504 9.193797 8.587902 8.725166 11.95359 9.98587 6.171603 6.328791 8.906926 7.644361 8.260372
-9999 -9999 -9999 -9999 -9999 -9999 -9999 -9999 -9999 -9999 -9999 -9999 -9999 -9999 9.29929 9.490078 9.475514 9.449731 11.39183 11.84448 12.09773 12.48246 12.53478 9.262996 8.618243 9.156263 8.089561 7.591164 6.313785 7.233945 7.495012 9.110781 8.798121 11.57831 9.681908 11.36931 10.35424 11.08139 9.319126 9.051412 9.930731 8.386474 8.882103 8.707703 6.571065 6.821009 6.819692 7.5102 7.00611 8.909598 9.047448 7.96708 9.143386 9.312984 11.22694 9.945096 10.53472 18.68688 18.23814 8.968623 9.180235 8.646488 6.295187 5.680302 5.685628 5.894809 7.705213 10.56241
-9999 -9999 -9999 -9999 -9999 -9999 -9999 -9999 -9999 -9999 -9999 -9999 -9999 9.869946 9.245674 10.59445 11.15707 11.45384 9.710426 9.981668 10.63953 9.18996 9.571144 10.36005 9.003705 9.658576 8.513761 9.485662 7.325338 8.950262 8.811512 9.572001 10.18836 12.18917 13.14044 13.76527 13.32469 13.30627 9.409699 9.933615 8.410529 7.635481 5.847253 5.598882 5.690486 5.542193 5.764475 6.229565 6.188222 5.669168 6.168337 7.79929 7.022445 9.634665 9.545988 9.76524 11.45976 9.688302 9.097202 18.90759 9.42446 8.719708 6.425255 5.813309 6.003931 6.284968 9.210127 8.754456
-9999 -9999 -9999 -9999 -9999 -9999 -9999 -9999 -9999 -9999 -9999 -9999 12.87493 9.692935 9.049292 9.016324 9.206132 9.549027 9.797098 9.804564 10.16411 10.13128 10.97572 10.97446 11.03361 10.78376 11.24352 11.89155 11.90431 8.295552 9.07291 8.91047 8.678272 9.095241 9.521108 9.630678 9.688527 9.605714 13.6121 13.4224 9.484674 6.607217 5.858041 5.542077 5.139564 4.906123 5.039429 5.167339 4.974476 4.984502 5.156758 5.648311 8.241931 9.926262 8.786192 10.35556 9.85696 9.245982 10.51402 10.28742 18.19482 8.305639 6.628864 5.823412 5.839684 6.51978 9.209956 8.953813
-9999 -9999 -9999 -9999 -9999 -9999 -9999 -9999 -9999 -9999 -9999 8.581181 8.910619 12.8243 12.23802 13.21243 14.79533 13.62481 9.290792 9.276209 8.893044 8.828918 9.218978 9.121877 9.105299 9.982639 9.132896 8.652192 8.733342 11.99173 12.60441 12.61048 12.84221 9.118296 9.255727 9.12604 9.262177 10.64702 8.849596 8.558243 13.1963 8.587784 7.122367 5.696213 5.093425 5.692967 5.205195 4.691699 4.493793 4.426331 4.7658 6.250231 6.94563 6.767219 9.53327 10.89081 12.59089 12.74582 9.004066 9.387948 10.19679 17.31813 6.971923 6.340935 6.511129 7.600128 8.457118 9.15553
-9999 -9999 -9999 -9999 -9999 -9999 -9999 -9999 -9999 -9999 9.119376 9.124874 9.318712 8.954221 8.811248 8.940421 8.930969 9.090227 13.75504 13.316 15.40018 13.70807 12.36985 11.68982 11.38419 6.536106 7.488786 9.762955 8.579045 8.55428 9.075006 9.295897 9.591043 12.7278 12.45036 12.65069 13.29044 12.65912 12.36096 13.56657 10.17137 9.785341 7.490042 6.059113 5.452272 5.239123 4.633337 4.613943 5.755692 4.816115 5.342328 5.853392 5.659553 5.724697 5.992797 6.527854 7.683386 8.109536 12.94288 9.186693 9.452601 14.70132 16.27233 7.039269 6.803923 8.721226 8.792784 9.860353
-9999 -9999 -9999 -9999 -9999 -9999 -9999 -9999 -9999 13.89075 13.81366 13.707 14.57849 14.3591 9.220457 9.649606 10.00134 9.720638 9.138876 7.7718 11.0907 6.12469 7.088586 6.172563 6.263058 11.31645 11.72252 9.263489 14.78568 14.19841 14.04145 14.12114 9.149143 9.409513 8.586661 8.096717 8.294259 8.50201 8.721394 9.320703 14.39377 8.924618 7.502062 6.759975 5.805964 6.081294 5.321585 5.312245 4.543009 4.948883 5.830383 5.120247 5.269167 5.326882 5.18979 5.534021 6.392024 7.374051 7.613529 13.43233 14.23326 9.506897 9.281729 17.48116 17.30553 11.207 9.064512 9.78696
-9999 -9999 -9999 -9999 -9999 -9999 -9999 -9999 9.247565 10.07632 10.57611 9.908649 9.632156 9.773243 14.01887 13.93219 14.21433 14.52052 14.53528 12.08287 6.732351 6.609706 7.071541 8.54081 6.891114 6.275342 6.755574 14.08602 9.078341 8.926269 8.902285 8.981389 14.43923 14.83465 14.32866 14.05386 13.89122 12.97653 12.08034 11.86638 7.889696 12.40823 8.409514 8.089544 7.153312 6.709985 7.39259 6.468007 5.4122 5.697351 5.388325 5.956781 6.531729 5.613708 5.389637 5.123172 5.758311 6.128627 7.198559 8.112513 7.901833 11.51783 9.641379 8.631929 16.67367 8.539306 8.983822 10.82886
-9999 -9999 -9999 -9999 -9999 -9999 -9999 -9999 10.92173 13.03613 10.54355 11.25363 10.5558 9.879022 11.41572 9.83096 10.26151 9.964128 9.500637 7.74642 7.010021 6.052727 6.201595 6.669838 6.74322 7.787673 9.362141 8.613163 15.10684 9.808799 9.493931 9.297271 9.603887 9.613538 9.599232 9.692027 7.833617 7.179544 5.543494 6.005011 6.296826 7.3314 11.7999 9.863609 8.342497 8.387062 6.388214 5.456231 5.82853 6.171087 6.31279 5.191613 5.208908 5.310733 5.653832 5.83333 5.59665 5.328827 6.265347 6.555346 7.69088 7.518416 11.8891 9.381092 18.37591 8.766062 7.923798 9.0254
-9999 -9999 -9999 -9999 -9999 -9999 -9999 7.035864 7.350681 10.13965 14.64463 14.049 13.32644 14.67938 13.73214 13.09535 13.29197 10.20658 10.03663 9.961599 7.521195 6.847005 7.773076 6.829072 8.113965 6.143069 6.293656 6.409793 6.525267 14.00459 13.29257 13.24876 14.12452 14.53019 13.30564 12.96557 7.456319 6.37245 5.963497 6.460958 5.82624 7.182496 8.970138 9.368361 7.574427 9.214352 7.073495 5.906829 6.194344 7.026118 5.573694 4.953476 5.669173 5.796267 6.185069 5.768181 6.627804 6.122346 5.566123 6.431644 6.533209 7.53472 7.625412 16.76829 9.263019 8.269831 7.976572 8.5151
-9999 -9999 -9999 -9999 -9999 -9999 6.821171 6.365231 7.325722 12.30731 9.968195 10.09163 10.73914 10.62123 10.12685 9.770495 9.827073 12.98258 12.70195 13.95749 12.56091 12.31175 10.6972 9.394995 6.53884 6.062581 6.228714 5.767786 5.647252 12.49046 8.371302 9.32672 9.955946 9.782048 9.404276 9.791384 10.96412 6.556768 5.628715 5.71781 6.168756 6.536473 7.920732 7.801179 7.358274 8.730478 10.21179 10.07681 10.06584 6.868174 6.415596 6.098733 6.586994 5.304999 6.464584 6.720584 6.599978 6.586998 6.211654 6.297011 6.554232 6.670322 7.014596 15.05361 7.920912 8.284114 11.14374 7.986864
-9999 -9999 -9999 -9999 -9999 6.978707 7.322103 6.535779 7.35001 9.363375 12.20779 13.55564 15.46781 10.2463 8.692698 8.232878 8.202879 8.274512 8.245545 8.513741 9.198261 8.63094 8.949125 8.488011 7.891018 6.386766 5.568565 5.831864 5.926658 6.388078 13.84365 15.17626 9.774872 9.037421 10.1245 9.442245 9.334327 9.887147 6.392408 6.98813 6.916653 7.396812 6.37956 6.202308 5.645683 6.745115 9.566636 9.269815 9.816332 12.31082 11.26845 6.837196 7.640785 6.788079 7.058647 7.389521 5.769712 6.361911 8.07459 6.242934 6.044768 6.12815 6.241437 6.411753 15.11284 8.041101 11.14229 9.193296
-9999 -9999 -9999 -9999 -9999 6.656097 7.170908 7.911033 9.412695 7.075447 7.413488 7.566848 7.038888 11.70275 12.17853 9.528812 13.4725 13.57289 13.04706 12.31137 12.1308 8.148124 8.639194 8.737638 8.350022 6.911798 6.825519 6.506818 6.005377 6.703612 8.423096 7.564049 13.34966 13.89947 10.39359 9.949582 11.21289 10.9421 10.78089 10.4896 8.399008 7.275258 5.829476 6.547657 6.109625 6.045361 8.326715 8.995741 9.266639 9.546755 9.495785 13.57316 12.59007 11.87154 7.458349 8.160397 6.922102 7.134614 6.233527 6.1924 6.38687 5.797794 5.640466 6.773226 6.649765 15.07532 9.324683 9.871057
-9999 -9999 -9999 -9999 -9999 7.0122 7.176651 7.500104 7.507704 7.096546 6.992476 7.075581 7.465039 7.115264 7.110535 13.30282 8.587399 8.548869 8.625665 9.063849 9.454827 11.98934 12.07965 11.3635 11.72657 12.71422 12.22476 12.35742 13.79695 9.257011 8.401509 7.252409 7.423116 7.275438 14.62246 9.518418 11.08389 9.162329 9.825583 8.95934 9.838733 7.591902 5.838641 5.621452 5.576863 6.648147 7.356101 9.132204 9.159379 8.972984 9.144012 9.886568 9.366606 9.607825 13.91115 13.54702 7.430961 7.992099 6.270368 5.454806 5.854237 5.966317 6.219345 6.304103 6.202635 6.357792 15.57309 9.458764
-9999 -9999 -9999 -9999 9.487948 8.04012 7.935544 8.198552 6.68065 6.496367 6.55464 7.274302 7.959485 7.118935 7.569741 12.72399 14.11332 9.087036 9.334516 9.976159 9.773406 9.491886 7.723493 7.31058 6.904137 7.448467 7.145735 8.015584 10.74756 12.70301 9.663215 7.502487 7.501769 8.290421 14.50463 9.346011 10.04581 9.80111 9.154341 9.499436 8.518038 6.981176 6.993551 9.330097 9.551602 10.27015 11.80953 12.33276 12.39737 11.50673 10.91004 11.08275 9.157961 9.024003 9.484957 8.757379 13.18962 9.478783 6.723489 6.659139 5.813024 6.042924 6.337489 6.498653 6.732815 6.413874 6.617395 15.62071
-9999 -9999 -9999 -9999 6.294375 6.641979 7.506939 9.63903 8.152533 7.692506 7.867589 7.896601 7.17379 7.05549 10.52334 10.12105 9.299623 13.91259 13.42118 13.38605 14.04815 15.84187 13.1321 7.269292 7.650548 7.990756 7.205472 8.241866 8.881308 8.961256 9.586788 7.921001 7.74448 8.309334 8.617385 15.65005 16.53886 18.92021 15.37585 15.70279 15.62546 15.70442 16.04246 9.217638 8.893278 9.155343 10.00642 10.3201 9.376628 9.062613 8.563012 8.679493 9.948412 9.449839 8.636961 9.048143 8.852996 14.27909 13.84933 11.71277 6.571246 7.194717 7.077497 9.084002 7.660229 6.276687 5.754929 6.064451
-9999 -9999 -9999 6.660163 6.542691 6.119415 7.987395 8.234792 11.70989 12.06649 11.7618 10.43209 9.914619 6.834295 10.98632 9.054557 9.953531 9.286512 9.509801 8.426406 8.688122 10.67544 8.383669 12.58025 6.798769 6.861271 7.151932 8.028079 10.13998 10.51784 10.19653 11.02571 9.467638 9.111535 8.231078 8.708667 9.094935 9.963471 9.484187 9.009418 9.884412 8.806368 9.039165 15.71097 16.1213 16.82816 15.92043 16.32026 16.018 15.90538 8.943248 8.665336 8.542561 8.698306 8.689121 8.65965 9.186314 8.727057 9.337415 11.33813 13.30933 13.15751 8.705302 8.546765 6.230792 6.664865 6.374398 6.340928
-9999 -9999 -9999 6.038558 6.146828 5.972717 8.244007 8.666578 9.574735 9.431451 9.110658 8.921067 8.319465 11.41751 9.693242 8.43932 9.99866 10.43858 10.10653 10.27488 8.67627 8.974572 8.565243 13.44308 7.784946 8.038973 8.366081 7.956711 7.997514 7.840457 8.203369 8.591694 11.78288 11.57896 11.30003 13.28722 12.21619 12.04417 9.273829 8.878833 10.84639 8.444846 8.915586 10.17285 9.870211 10.31948 9.982608 9.482861 9.398656 10.17459 16.01698 16.97072 15.49824 15.38057 16.58056 15.35838 16.55082 8.524292 8.746917 9.089677 8.658665 8.768471 13.07969 6.167145 6.023046 5.802629 6.272063 6.958025
-9999 -9999 9.909477 10.93651 10.77204 11.19142 12.40028 13.53269 13.89964 8.628646 8.825913 9.309391 9.986882 9.268024 8.291874 8.127147 8.674165 8.859012 9.63294 9.641564 12.07777 11.9093 11.79005 8.841427 13.67123 13.48066 13.54513 8.116616 8.155138 8.574295 9.670116 8.57121 9.611383 8.727468 9.594975 8.357096 8.834857 9.635687 14.81271 12.84479 12.3709 11.59015 11.88896 12.35573 12.17114 12.907 10.75388 10.10237 9.734526 8.94137 7.890538 7.885902 8.698179 8.781227 10.60071 8.82803 10.55884 15.42262 15.23436 14.95443 14.47911 14.69796 15.16257 13.32406 6.841816 6.346237 15.16584 16.72125
-9999 -9999 8.541651 8.759937 10.9694 8.865712 8.635333 8.961531 10.23117 14.14094 14.01418 14.32965 14.08273 13.98122 13.17609 12.74085 8.111382 8.28762 8.578709 8.547698 8.582552 8.534018 8.686054 9.329514 9.373355 8.741149 8.533059 13.79951 13.89829 14.55608 14.26234 14.55114 16.02231 14.02233 8.603111 9.220769 8.795992 12.51671 7.953302 7.26409 8.204255 7.618922 8.370466 8.598642 8.516388 8.406321 11.13796 11.72806 12.47558 9.94645 8.175782 8.321898 8.891349 8.584192 8.44081 9.38719 9.77792 11.48289 8.837033 8.071082 8.240168 8.992997 9.073248 7.833124 13.99864 15.5043 8.995938 8.842915
-9999 -9999 14.67058 14.30196 13.80658 13.53789 8.270145 8.472579 8.684682 8.834161 8.892932 9.150719 11.13107 8.809642 7.651382 7.553486 12.6408 12.45617 13.28464 13.85665 13.74659 13.93431 14.24286 14.2639 8.797228 8.441804 8.469916 9.087763 10.2135 8.845069 8.561246 9.133465 9.39825 8.750491 14.83651 13.80422 12.88595 8.54078 7.980056 7.085671 7.382573 7.375988 9.01268 8.66199 9.060221 10.89272 8.25139 8.420099 8.635111 8.027415 7.494453 7.567754 7.61323 10.4847 10.68146 11.05787 12.1441 11.16471 10.86028 8.414364 9.014786 8.752901 8.373847 8.318283 8.511901 9.424299 17.54091 8.940845
-9999 8.269984 8.554405 9.016726 9.881603 9.140926 14.15762 15.07462 14.54379 14.8244 15.04405 14.40076 14.0838 8.443813 7.552281 7.23145 7.513517 7.995518 8.302088 8.37669 8.357411 8.278757 8.552521 9.046236 14.37365 14.45739 14.3371 14.49378 10.61772 14.62541 14.6421 9.21384 8.769907 9.455761 8.953881 14.30994 7.400486 7.20119 7.587892 7.62847 7.369826 8.670696 11.19614 10.91752 10.84598 10.7496 10.68233 11.03487 8.033484 7.74152 7.417126 7.394414 7.642721 8.168668 8.119087 8.058025 8.409673 8.014799 8.65092 12.85012 9.814422 10.02616 10.5893 9.910488 8.398356 8.373528 8.784881 16.07768
-9999 9.668545 9.528317 11.76569 8.953357 8.736859 8.340591 8.743715 8.686148 9.494467 8.703712 8.200582 8.473268 13.94744 13.63461 14.62711 13.97209 15.55661 14.03515 13.77264 7.937913 8.068774 9.013892 9.179296 8.426919 8.451486 9.508789 10.39878 15.68995 8.365503 8.632426 14.78428 15.02239 15.86941 15.5006 7.999667 6.503574 7.386758 8.29361 7.467093 7.648894 8.545849 8.586832 8.921401 9.467299 9.267489 8.290209 8.271516 12.09406 11.7166 11.45685 11.60248 11.67395 11.70715 11.56776 11.60386 11.73673 12.14242 13.49903 8.970137 8.754091 8.960972 11.72241 9.230055 9.204536 8.825013 16.23014 7.509326
