04_184A014/twi.asc
ncols 186
nrows 177
xllcorner 610464
yllcorner 6870672
cellsize 16
nodata_value -9999
[rows 90 to 119 of 177, columns 68 to 135 of 186]
5.848206 7.236435 7.598683 7.689914 8.460333 9.264637 11.87471 14.72388 14.32906 9.813055 9.963998 10.02473 9.39659 9.229714 9.038821 8.796694 8.989323 11.77537 12.28279 10.07229 9.35246 9.512486 9.543649 8.497763 8.24195 8.741215 13.34993 13.75141 10.12689 9.582385 8.528539 8.34814 9.181439 17.68272 17.52386 8.478625 8.995196 8.303891 7.272276 8.470467 7.847162 -9999 -9999 -9999 -9999 -9999 -9999 -9999 -9999 -9999 -9999 -9999 -9999 -9999 -9999 -9999 -9999 -9999 -9999 -9999 -9999 -9999 -9999 -9999 -9999 -9999 -9999 -9999
6.248456 6.429244 6.219738 6.084409 6.404923 8.785791 9.880706 12.68868 8.972146 7.964907 6.868757 6.901053 6.790868 6.76587 7.423499 11.12059 13.10852 9.071081 8.735006 10.17572 9.333065 8.839077 8.779799 12.34533 12.38845 13.06844 9.063128 9.231664 9.726615 9.708605 17.80823 17.17336 17.47955 9.02056 8.891623 12.76385 11.2981 8.143976 8.210561 8.143637 8.842702 12.32655 -9999 -9999 -9999 -9999 -9999 -9999 -9999 -9999 -9999 -9999 -9999 -9999 -9999 -9999 -9999 -9999 -9999 -9999 -9999 -9999 -9999 -9999 -9999 -9999 -9999 -9999
7.176395 6.486938 5.823192 5.487997 6.230453 7.343548 7.196923 9.019377 12.26767 7.130019 6.280946 6.07231 6.135754 6.199738 8.954605 8.141624 9.316493 9.085367 8.664188 9.189381 13.35255 13.27733 13.28986 9.023799 8.786419 9.19755 9.258362 8.881117 16.73644 16.15803 7.438603 7.747599 9.988054 9.341501 8.997236 12.80846 9.445565 8.031464 7.956386 8.399591 7.876274 8.282839 -9999 -9999 -9999 -9999 -9999 -9999 -9999 -9999 -9999 -9999 -9999 -9999 -9999 -9999 -9999 -9999 -9999 -9999 -9999 -9999 -9999 -9999 -9999 -9999 -9999 -9999
7.515888 6.57925 6.558658 6.634595 5.872537 5.615969 6.924239 8.163505 8.180055 9.787779 6.226368 6.203649 6.299489 6.603166 7.291512 8.448079 8.634084 8.822678 12.74748 13.98738 9.660337 9.122642 9.067774 8.912451 9.685145 9.098983 17.00421 15.85224 6.299836 6.242545 6.203442 7.346044 8.039207 10.72815 9.200346 14.32676 9.847564 8.511116 8.349998 8.083074 7.981352 8.218512 8.19862 -9999 -9999 -9999 -9999 -9999 -9999 -9999 -9999 -9999 -9999 -9999 -9999 -9999 -9999 -9999 -9999 -9999 -9999 -9999 -9999 -9999 -9999 -9999 -9999 -9999
10.73458 7.732057 8.278883 6.023679 6.199755 6.378916 6.131194 6.117051 7.269967 8.04276 8.680028 6.168748 6.095009 6.758856 9.000482 11.18781 10.97952 11.56429 8.674628 8.76039 9.45319 9.065325 10.4781 16.74709 16.01728 15.71833 7.175078 8.144238 6.293591 5.196323 5.198835 6.528727 7.19429 7.513891 10.77774 14.1747 9.720216 9.479507 8.747251 8.452398 7.737216 7.721573 8.557548 11.26812 -9999 -9999 -9999 -9999 -9999 -9999 -9999 -9999 -9999 -9999 -9999 -9999 -9999 -9999 -9999 -9999 -9999 -9999 -9999 -9999 -9999 -9999 -9999 -9999
6.90596 7.001368 6.204574 8.430828 6.705992 6.082063 7.102974 6.841518 6.153256 7.489566 7.74128 9.967367 9.582484 10.5586 11.06953 8.09211 7.586663 7.961989 9.438264 8.649647 8.489899 18.33636 15.65252 6.330896 6.264703 6.569224 6.378056 6.530451 6.386357 5.362968 5.323964 6.148884 6.083107 7.278729 10.0093 8.180144 11.55694 11.22791 9.137708 8.850975 8.657948 7.315706 8.053029 8.6192 -9999 -9999 -9999 -9999 -9999 -9999 -9999 -9999 -9999 -9999 -9999 -9999 -9999 -9999 -9999 -9999 -9999 -9999 -9999 -9999 -9999 -9999 -9999 -9999
5.917157 5.832325 5.505936 6.42045 9.403129 9.505269 6.75473 6.417323 7.135101 7.006448 6.549316 7.062345 8.421885 8.561801 8.733211 8.190421 7.895594 8.063055 8.669274 13.10398 17.79979 7.988841 6.185678 5.716259 5.155156 5.450871 5.260247 5.14429 5.374038 5.471259 5.411779 5.328257 5.328506 7.252725 8.010015 8.684084 8.792439 8.543466 9.151348 9.962185 8.93553 8.117968 7.369371 6.637004 6.445719 9.307999 -9999 -9999 -9999 -9999 -9999 -9999 -9999 -9999 -9999 -9999 -9999 -9999 -9999 -9999 -9999 -9999 -9999 -9999 -9999 -9999 -9999 -9999
5.40243 5.633049 6.213914 7.043003 8.266262 11.94042 7.927833 7.615453 6.801259 7.475487 7.461891 7.189704 7.491549 9.190754 9.462601 8.485535 8.110024 13.30689 13.47916 8.338995 9.117079 16.18549 6.279013 5.578009 5.040541 4.909408 4.674835 4.602502 4.630415 4.803849 5.006637 4.895605 5.497493 7.077134 6.938497 6.180409 6.80808 7.152913 9.483741 9.789093 9.687435 8.679502 7.729484 7.452394 7.041159 6.613847 -9999 -9999 -9999 -9999 -9999 -9999 -9999 -9999 -9999 -9999 -9999 -9999 -9999 -9999 -9999 -9999 -9999 -9999 -9999 -9999 -9999 -9999
5.491739 5.564925 5.991386 6.684916 8.231439 8.857247 11.8192 8.869987 8.869105 7.245521 6.712537 6.852718 7.772317 9.005194 13.35853 13.32241 13.85181 9.043069 8.684427 8.678511 9.563922 7.791138 14.384 5.651986 5.217083 5.15536 5.301385 5.685562 6.259691 5.503989 5.250029 5.113399 5.555061 6.895365 5.891654 5.822587 7.746222 8.932531 9.903348 10.55176 11.04735 11.22705 12.31737 11.40659 10.87417 11.53885 -9999 -9999 -9999 -9999 -9999 -9999 -9999 -9999 -9999 -9999 -9999 -9999 -9999 -9999 -9999 -9999 -9999 -9999 -9999 -9999 -9999 -9999
5.803908 5.48754 5.574767 6.268034 7.780396 8.357465 11.59735 10.24827 10.77216 9.290687 8.396964 7.765992 13.0487 14.10435 8.863374 8.471397 9.041036 9.090813 8.376992 8.632225 9.673835 16.93938 7.562335 5.584211 5.42626 5.253709 4.788218 4.981855 4.826236 5.178341 5.458497 5.568463 5.772539 5.976849 6.835936 7.803189 6.418001 6.902062 6.283725 7.139846 7.692098 6.757257 6.703778 7.700974 7.704932 7.323679 -9999 -9999 -9999 -9999 -9999 -9999 -9999 -9999 -9999 -9999 -9999 -9999 -9999 -9999 -9999 -9999 -9999 -9999 -9999 -9999 -9999 -9999
6.278527 5.227509 4.982455 5.685515 7.202857 10.00808 9.20994 12.57326 10.03681 9.82139 13.62673 15.04429 8.756133 8.721875 8.87822 8.332155 8.567073 9.546228 8.724292 16.87382 17.40045 9.254564 7.030513 6.035331 6.585668 5.57031 5.336683 5.630317 5.578207 5.783245 5.928734 6.431512 6.819147 6.799664 5.868329 6.80951 5.569469 6.455203 5.240325 6.509146 6.910938 5.736103 6.412271 7.445861 7.944797 8.047881 7.435355 12.3234 -9999 -9999 -9999 -9999 -9999 -9999 -9999 -9999 -9999 -9999 -9999 -9999 -9999 -9999 -9999 -9999 -9999 -9999 -9999 -9999
6.577824 4.96457 5.067328 5.667942 7.01811 10.24257 8.624169 12.99037 13.38515 13.18523 8.919857 9.220784 9.403254 8.61134 8.438285 8.362147 17.46789 18.04196 19.50006 8.799933 8.987074 9.862337 9.049024 8.253381 7.110996 11.06695 10.76842 6.758454 7.065836 6.937691 6.843729 6.076836 5.625615 6.2532 8.893394 6.723535 6.546012 6.349516 5.965943 6.223821 6.464219 5.959397 6.187287 7.636517 10.19744 11.45331 11.03096 7.498798 7.593359 12.76043 -9999 -9999 -9999 -9999 -9999 -9999 -9999 -9999 -9999 -9999 -9999 -9999 -9999 -9999 -9999 -9999 -9999 -9999
5.047027 5.440531 5.373767 5.817572 6.427124 11.27415 12.4504 9.364302 9.062451 9.000847 9.490806 8.962083 8.651736 17.20561 17.36889 17.54403 8.323042 8.340337 8.952612 9.162461 9.023419 9.467197 9.429369 13.56324 13.55157 8.528807 8.770387 13.98971 14.04427 7.562924 8.016991 6.724678 6.145717 5.388302 5.673099 6.160046 6.703048 7.054883 7.630229 6.642006 5.918656 5.483256 6.549248 7.678819 8.727216 6.916223 6.546027 7.737678 9.838474 9.764726 -9999 -9999 -9999 -9999 -9999 -9999 -9999 -9999 -9999 -9999 -9999 -9999 -9999 -9999 -9999 -9999 -9999 -9999
5.705049 4.802154 5.634372 6.775574 9.189754 8.958691 8.67171 8.80476 8.818718 8.565449 8.873678 17.93398 17.93943 9.107092 8.723647 8.84811 9.676305 9.032058 8.953728 11.13025 13.55548 13.25712 13.38599 8.669258 9.321295 9.677262 9.749031 9.031438 8.649561 13.76414 13.29534 7.026352 7.019559 6.234355 5.967478 6.001538 6.671617 5.824244 5.792446 5.969864 6.200002 6.243856 6.847245 7.015716 7.726313 6.097925 5.653244 5.906002 9.51614 7.628456 7.244928 -9999 -9999 -9999 -9999 -9999 -9999 -9999 -9999 -9999 -9999 -9999 -9999 -9999 -9999 -9999 -9999 -9999
6.236828 5.403902 5.841495 7.401473 9.620002 9.443614 8.992611 8.876376 17.19255 17.25071 17.70597 8.885612 8.788546 9.031443 9.279538 8.990615 9.088153 9.048862 13.72398 13.69917 9.007368 8.594555 8.68029 10.25231 9.117138 8.761174 8.761718 13.24468 13.20171 14.80811 9.175395 14.23561 8.9074 6.500843 7.060245 6.942999 6.10865 5.790035 6.191404 5.760332 5.827561 6.065928 6.940383 7.874436 6.292033 6.517755 5.702827 6.985202 8.911422 6.87413 7.243857 7.049563 14.68195 -9999 -9999 -9999 -9999 -9999 -9999 -9999 -9999 -9999 -9999 -9999 -9999 -9999 -9999 -9999
7.423077 6.933813 6.640415 7.597727 8.246106 8.867854 18.30729 18.4267 8.797898 8.428976 8.601823 8.870766 8.809642 8.898619 8.960007 13.51467 13.78508 13.46426 8.507291 8.71001 10.09672 9.608154 9.745374 9.115306 10.29482 13.99569 14.03455 9.49755 9.21988 9.021565 10.2953 8.94078 14.86775 14.06243 13.05297 6.520208 6.963336 6.629984 7.300057 6.604735 5.95967 6.267902 7.375313 6.218089 6.74207 6.36642 6.112269 7.298634 8.514283 6.721724 7.314989 14.44379 6.969988 -9999 -9999 -9999 -9999 -9999 -9999 -9999 -9999 -9999 -9999 -9999 -9999 -9999 -9999 -9999
8.53806 9.168229 8.410941 17.18454 17.68585 17.20997 8.376839 8.244564 8.287101 8.397562 8.945057 8.938921 8.632694 13.1358 13.73826 8.88129 8.572954 8.812094 9.687212 8.854836 8.599123 9.03435 14.48407 13.71411 12.96733 8.487834 8.656788 8.697996 9.420317 9.228758 15.00432 13.52334 9.918718 9.755883 9.70762 14.18392 13.41185 8.735462 7.899932 7.231787 7.189123 5.858668 5.885488 6.362395 7.753318 6.092139 6.918504 8.146287 7.098099 7.037911 15.23252 7.788394 7.252917 6.92738 -9999 -9999 -9999 -9999 -9999 -9999 -9999 -9999 -9999 -9999 -9999 -9999 -9999 -9999
8.913978 16.99021 17.69129 8.359742 7.996214 8.124128 8.807034 10.06016 9.013285 8.761164 13.03749 12.94159 13.08523 8.704068 8.811276 9.630096 9.202964 8.870349 8.874694 13.4258 12.91055 12.47669 8.193382 8.406811 8.895534 10.76621 9.086205 8.505273 14.05944 13.17205 8.663332 8.951712 8.636307 9.343358 8.768764 8.702295 9.50788 14.113 8.903202 7.17473 8.324264 6.762629 6.630134 6.36265 5.925479 6.516203 6.219471 7.058776 7.241031 8.167793 8.574322 16.4576 8.242211 7.463141 7.128237 -9999 -9999 -9999 -9999 -9999 -9999 -9999 -9999 -9999 -9999 -9999 -9999 -9999
16.86726 7.981575 8.018226 8.362864 9.648211 9.315527 8.63761 8.777057 13.18184 13.38665 8.996364 8.760168 8.923197 8.956998 8.822349 8.98253 9.125153 13.28648 13.51316 8.446569 8.113784 8.245557 8.868741 9.361698 9.695621 9.645962 13.9829 13.47349 8.897562 8.92059 9.19904 8.560208 8.511257 9.609386 9.316413 8.88437 15.42726 10.13548 8.539977 10.14776 8.284819 8.550203 7.891938 7.189918 6.081646 5.717982 5.794169 6.846857 11.93729 9.219319 16.85425 9.600312 8.322826 7.71164 13.35456 9.353609 7.315509 7.129323 7.055882 14.76008 -9999 -9999 -9999 -9999 -9999 -9999 -9999 -9999
8.254893 8.707775 9.141433 9.516623 9.241953 14.10358 12.50166 12.42233 9.051971 9.307646 8.724232 8.331264 8.546356 8.963478 12.8419 13.06836 12.70368 8.679822 9.670465 9.424226 8.702081 8.317291 8.465022 9.216449 14.44172 13.38512 8.457679 9.070373 8.738537 10.03053 9.552548 8.283144 8.88721 9.338173 16.43723 16.13747 9.925583 9.432727 9.532974 9.378031 11.73526 9.553902 9.677929 8.608803 7.350378 6.577502 10.11568 10.99539 9.005962 16.13193 9.195011 10.2395 8.246355 13.33908 8.352207 8.397624 9.732981 8.291871 7.84564 10.9322 7.151995 14.88778 -9999 -9999 -9999 -9999 -9999 -9999
8.205938 8.417861 8.595213 12.9418 14.85919 10.73038 8.983551 8.528135 8.594743 8.598773 8.592964 12.12785 12.49464 12.01293 8.142412 8.602643 9.313124 8.986282 13.00798 12.61926 11.04716 13.12285 13.45054 12.94534 8.260288 8.91623 8.627118 8.830907 8.937387 8.987928 8.788137 15.34195 15.55022 15.55645 8.643144 8.349313 15.86242 16.13093 9.552937 9.475054 8.562575 11.52697 12.526 9.792731 9.666274 13.60719 10.53564 9.881697 16.54518 9.333879 9.133014 9.402798 13.9455 8.368994 8.629204 8.553554 8.359344 8.478743 11.48771 7.997957 7.557802 7.564408 9.258631 14.82801 -9999 -9999 -9999 -9999
8.416883 11.55144 11.96099 9.351719 9.470317 8.674948 8.312466 8.506775 11.86561 12.76216 11.73653 7.909966 8.148637 8.839141 8.803131 11.42819 11.47343 11.8822 9.265541 8.58081 12.25251 9.126688 7.963869 8.351888 8.816965 9.360229 9.139453 9.450486 8.793582 15.20468 15.41219 9.055478 8.532952 8.306317 8.632262 8.674259 9.068889 8.770498 15.99569 16.49154 9.368728 8.560219 8.234397 11.88141 12.25406 9.00317 9.246216 9.502009 17.02074 9.44698 8.858677 14.74345 8.910196 8.900565 9.378685 11.05978 8.443898 11.65716 8.244012 8.309086 8.165236 8.110005 10.26634 6.392035 13.48925 13.45274 -9999 -9999
10.38239 6.231107 6.329992 7.778408 7.757533 9.101028 12.4564 11.63983 8.251702 8.350732 8.483487 8.587653 10.88649 11.25029 11.30283 8.336096 8.175126 8.428372 11.87799 11.60841 7.665467 7.703344 8.128222 9.013491 9.929791 10.07624 8.228209 13.76457 13.07289 6.578776 6.508856 9.578967 10.15062 10.20024 9.165775 10.14092 9.131282 8.617307 9.167608 8.729882 16.49449 10.769 9.171253 8.921798 8.860461 9.149509 9.570519 17.61783 10.53927 9.114656 14.37724 9.418899 8.884058 8.669661 9.251072 11.84009 11.43554 9.681695 9.077827 8.925238 8.641843 8.373607 11.01571 6.299238 5.882169 5.656711 13.27203 -9999
8.82793 6.000594 6.069169 6.164588 8.048282 10.59732 8.949432 8.58752 8.389292 8.880591 11.91592 12.02748 8.932736 8.866402 8.846999 11.76691 11.31509 11.17252 7.756383 8.016438 8.419242 8.795615 9.36154 8.830802 11.29229 15.21679 13.67718 6.333549 5.951132 5.630497 5.907812 6.976361 7.108094 8.416013 9.777696 9.20575 9.324981 9.950333 9.702352 8.795079 8.638601 16.28869 16.4266 9.553016 9.630257 9.228529 16.5959 9.683581 9.592687 14.9466 9.28459 9.347452 8.87572 8.394197 11.0448 8.611307 10.27937 8.923405 8.960953 9.52142 8.442452 10.80852 8.687634 6.720847 5.98707 6.508355 5.958564 6.173141
8.241693 6.28147 6.921415 6.454097 7.144921 8.15926 8.362487 7.294674 9.388607 10.13487 8.917787 9.463556 9.421103 13.95125 11.77948 8.060301 7.818989 7.984306 8.514029 8.749275 8.736465 9.729506 12.56875 12.16212 15.25678 7.913129 7.932213 5.970112 5.619254 5.15342 5.214238 6.245958 6.312289 6.45317 6.811594 9.149031 9.908544 8.153978 9.178512 10.14206 9.156602 8.601686 8.486324 15.97693 16.32499 16.17733 8.991149 9.14066 14.93295 10.36595 9.501284 9.699593 9.39833 10.38538 8.32539 8.989109 9.408811 9.428044 8.815006 9.449399 9.942302 10.39765 8.497059 6.663416 6.118913 5.952394 6.043914 6.541324
6.835793 8.390919 6.731884 6.684826 9.062551 5.772236 5.481226 5.608057 7.046402 9.826164 9.173589 11.54752 11.30094 7.919724 7.901073 8.470654 8.758994 8.243732 8.316591 12.07644 11.96603 11.50668 7.847506 7.849237 15.23224 7.045958 6.874974 6.381327 6.006672 5.755977 5.609428 6.694145 5.575354 5.783023 7.1002 6.239667 6.076675 10.15258 11.39202 9.255801 9.315555 9.630491 9.160183 8.895532 8.832493 9.443356 9.028436 14.98064 10.01841 10.11847 9.642707 9.519364 10.13717 9.70085 9.352124 8.8837 8.869727 8.88875 13.66398 8.514709 10.11138 10.04581 9.01052 7.746055 7.749325 7.700183 7.502565 14.10815
8.257671 7.851155 6.560395 7.348885 9.125504 5.653598 7.396402 5.607945 8.239957 10.07923 10.69585 8.096728 8.5306 8.27273 10.08668 8.876846 8.539436 11.22931 11.10909 8.08405 8.566906 8.851035 9.457173 8.708548 16.57483 6.847819 6.40801 5.521833 5.583108 6.16779 7.5695 6.227534 6.202631 6.508812 6.582635 5.931367 6.914268 8.387315 7.409688 11.46452 12.42663 13.30998 8.622901 8.589767 8.875562 9.2144 14.17851 8.806576 8.703294 8.733241 9.015017 12.24072 9.542437 8.28767 8.115684 8.202709 8.861205 13.37781 8.670345 15.36099 14.9358 10.19423 10.78933 9.957395 8.987871 14.99079 15.57723 9.299211
7.277265 7.140947 6.623379 7.817132 10.73905 6.015736 6.144013 6.024955 7.409909 7.714405 8.67435 7.481771 6.62379 6.708121 8.129806 10.45578 10.32382 7.813 9.11348 8.285673 8.325041 8.510499 8.765784 8.115811 9.787079 13.75901 6.780363 5.538788 5.487513 5.83647 6.516111 6.28369 6.208486 6.139541 6.646074 7.618822 8.22611 7.049492 7.007517 8.817094 7.747646 9.608619 13.51576 13.87716 14.42343 14.06361 11.14509 9.586998 7.496621 7.327748 7.883407 6.675813 9.962612 10.77306 8.220262 8.293601 13.40936 10.14448 9.76898 10.70431 9.234138 14.17917 14.38508 14.97308 15.46107 9.740559 9.692452 9.029507
9.378356 7.76419 7.123289 7.31251 7.941101 10.2543 12.30999 7.819666 8.517683 9.545977 8.389484 7.157425 7.498647 7.025066 7.267917 8.228124 8.57857 8.918344 9.075082 8.56338 8.389922 8.419466 8.594954 8.129572 13.7345 14.01359 7.357731 5.827294 4.804575 5.452894 6.149904 5.92916 5.744865 5.349359 5.726628 6.784189 6.880133 6.244133 6.307109 8.1954 8.560886 11.09245 10.55239 9.062125 8.05283 6.922309 7.670255 8.061765 5.817491 5.929342 5.7547 6.100836 7.123734 6.528403 10.66383 12.62348 8.630626 8.937837 7.809415 8.684674 9.312774 8.395628 8.683207 8.966373 13.01803 14.48996 9.443891 10.2067
9.59674 7.818436 8.716667 7.871289 7.800313 11.20756 7.185479 11.35908 13.40164 8.391026 8.297149 7.273051 7.403244 7.500823 7.673698 9.399624 8.947079 8.862347 9.52519 8.890634 9.846888 14.28531 13.40694 13.03156 7.295248 14.05712 8.729263 6.504743 5.400171 4.762621 5.295061 5.985522 6.385954 5.952838 5.743804 6.217154 5.9649 5.994246 7.22185 7.624551 7.892403 10.55334 7.782103 7.895862 6.696157 5.776363 5.974263 8.180785 5.832446 6.031104 6.04811 6.440958 6.75735 6.281902 9.434499 9.088032 11.32841 7.515266 8.196468 8.492476 8.750863 6.890056 7.474771 10.07931 10.96699 9.629873 15.44964 16.21392
