04_184A014/twi.asc
ncols 186
nrows 177
xllcorner 610464
yllcorner 6870672
cellsize 16
nodata_value -9999
[rows 90 to 119 of 177, columns 0 to 67 of 186]
-9999 -9999 -9999 -9999 -9999 -9999 -9999 -9999 -9999 -9999 -9999 -9999 -9999 -9999 -9999 -9999 -9999 -9999 -9999 -9999 -9999 8.339328 8.693252 9.184768 8.687788 8.573221 8.791633 9.033459 9.343789 9.15038 13.15935 13.12332 13.12206 12.96423 12.94904 8.030219 7.737033 8.04366 8.181064 7.879558 7.661175 7.4291 12.08206 11.98681 14.41705 8.159715 8.664509 9.087453 13.56958 7.284358 7.842844 7.602897 7.732029 6.92782 6.67586 6.81179 7.149436 6.709751 6.175937 5.595669 6.099876 6.403448 7.610825 6.504485 6.807611 6.464983 8.669334 6.313469
-9999 -9999 -9999 -9999 -9999 -9999 -9999 -9999 -9999 -9999 -9999 -9999 -9999 -9999 -9999 -9999 -9999 -9999 -9999 -9999 -9999 8.241889 11.90431 7.746044 8.444196 13.12261 12.949 12.92359 13.2354 13.73824 8.972079 8.734706 8.585184 8.468596 8.629998 8.092171 7.829998 12.8781 12.94221 12.75849 12.56119 12.37489 7.189118 6.936222 13.85274 7.190287 7.58216 7.791026 14.26552 12.06415 13.70685 13.4102 12.79202 7.71169 8.374136 8.0108 8.395497 7.739057 6.805851 6.29328 6.482583 6.327759 6.064939 6.478264 6.490983 6.849313 7.539804 7.162633
-9999 -9999 -9999 -9999 -9999 -9999 -9999 -9999 -9999 -9999 -9999 -9999 -9999 -9999 -9999 -9999 -9999 -9999 -9999 -9999 -9999 12.89069 8.559101 12.2489 12.68533 8.716711 8.814437 8.701341 8.621593 8.951903 9.13734 14.0191 13.93205 13.68138 13.2945 13.08783 12.87003 7.827217 7.850334 7.834158 7.814318 7.710322 7.54246 7.390815 7.127005 13.98838 7.195247 7.242031 7.359911 13.43268 8.292377 8.302913 9.169552 14.9971 10.37737 9.510793 10.95371 10.57956 11.10326 8.55971 7.253207 6.707668 6.371064 6.082914 6.537896 7.554302 7.0013 6.881472
-9999 -9999 -9999 -9999 -9999 -9999 -9999 -9999 -9999 -9999 -9999 -9999 -9999 -9999 -9999 -9999 -9999 -9999 -9999 -9999 -9999 10.30365 8.406531 8.426305 9.168669 9.155816 13.92686 13.72921 13.4354 13.11788 13.08834 8.665468 9.011074 8.915468 8.379564 8.449097 8.760251 8.494437 8.363684 8.036745 12.71605 12.49305 12.29835 12.39301 12.37693 7.180992 14.04712 7.39702 7.26644 7.437046 12.98462 8.260304 8.788485 9.101851 16.39867 8.799367 8.691869 12.52838 11.71055 14.66839 11.43674 8.91272 7.695025 6.713075 6.347553 6.504787 6.81499 7.639849
-9999 -9999 -9999 -9999 -9999 -9999 -9999 -9999 -9999 -9999 -9999 -9999 -9999 -9999 -9999 -9999 -9999 -9999 -9999 -9999 -9999 13.1665 13.53332 13.43574 13.59416 13.70204 8.957946 8.868742 8.798489 8.977274 8.953419 8.926215 9.221315 9.025904 8.356105 13.2389 13.97763 13.5396 13.06166 12.7319 7.723209 7.634292 7.407301 7.578067 7.77593 7.483527 14.11797 7.448971 7.431374 7.187118 11.27178 7.824924 7.794592 7.995616 7.973597 13.23339 12.40562 8.348863 7.792356 8.189439 7.858976 10.99906 11.49248 8.389865 6.927613 9.51351 9.35944 11.43128
-9999 -9999 -9999 -9999 -9999 -9999 -9999 -9999 -9999 -9999 -9999 -9999 -9999 -9999 -9999 -9999 -9999 -9999 -9999 -9999 -9999 9.034763 8.934485 8.923235 8.945277 9.196399 9.368385 9.929111 10.169 9.579016 13.68216 13.63029 13.63033 13.47193 13.11114 8.340786 8.363309 8.406322 8.415518 8.295963 8.365952 8.103428 7.609174 12.2323 12.30829 12.30111 8.004158 13.9715 7.534102 7.467668 7.172111 11.3018 7.949541 8.179667 7.645256 10.20841 7.791413 7.859051 6.885437 6.48647 6.267211 6.27939 8.712869 10.42437 9.320508 6.838338 5.807258 6.277609
-9999 -9999 -9999 -9999 -9999 -9999 -9999 -9999 -9999 -9999 -9999 -9999 -9999 -9999 -9999 -9999 -9999 -9999 -9999 -9999 -9999 9.138708 10.45928 9.599591 9.530786 14.14576 13.64849 13.94783 14.5449 13.89466 8.766187 8.856839 8.878527 8.916403 8.72473 8.81037 9.06801 9.021221 13.76148 13.36224 12.93463 12.66481 12.36968 7.470382 7.489299 7.739878 7.686389 7.511955 14.27154 7.813255 7.658858 7.385111 11.71862 8.629189 8.546607 8.032657 10.14414 6.80942 6.078021 5.713643 5.644531 5.46668 6.193719 9.335217 7.289226 5.644576 5.294279 5.578301
-9999 -9999 -9999 -9999 -9999 -9999 -9999 -9999 -9999 -9999 -9999 -9999 -9999 -9999 -9999 -9999 -9999 -9999 -9999 -9999 -9999 13.37208 13.78487 13.58333 13.44625 8.992213 8.834891 8.786761 9.529702 10.2154 9.000924 8.770063 8.87863 13.53232 13.64635 13.81739 13.62753 13.14733 8.512248 8.76967 8.707728 8.638566 8.567096 8.067995 7.827751 7.926802 12.91138 12.7727 7.62361 14.09045 7.851706 7.591151 7.422486 12.02873 8.768703 8.890989 8.193411 8.539049 6.113104 5.826276 6.255331 6.368163 5.830436 8.781997 7.247868 6.61774 5.539474 5.518724
-9999 -9999 -9999 -9999 -9999 -9999 -9999 -9999 -9999 -9999 -9999 -9999 -9999 -9999 -9999 -9999 -9999 -9999 -9999 -9999 -9999 9.031066 9.026941 8.999522 8.870432 9.173676 9.596453 13.55145 13.56663 13.89562 13.11931 13.2469 13.68892 8.8123 8.821958 9.367116 10.29584 13.25819 9.139912 8.863408 9.026915 14.08463 13.84232 13.27799 12.9781 12.81575 7.645265 7.697807 7.712922 14.16809 7.955441 7.957248 7.578873 11.37846 8.969619 9.020381 8.919061 7.540434 7.44171 6.387063 5.489345 5.726353 5.959652 8.425814 7.25963 6.29787 5.993943 5.378008
-9999 -9999 -9999 -9999 -9999 -9999 -9999 -9999 -9999 -9999 -9999 -9999 -9999 -9999 -9999 -9999 -9999 -9999 -9999 -9999 -9999 9.480763 13.51873 14.01676 13.87224 13.22295 13.60299 10.20071 9.615582 8.786647 8.398288 9.012016 9.702869 9.140361 8.782724 9.283002 14.69622 14.68383 14.64543 13.85347 13.74601 8.479282 8.431164 8.412759 8.477633 8.346075 8.02623 7.991171 8.135946 12.22548 14.47448 8.210052 7.924528 7.651681 11.34206 8.834151 8.606873 9.402925 7.780094 8.813902 6.905114 6.519212 7.435684 6.655152 5.737588 6.394172 5.90236 5.315216
-9999 -9999 -9999 -9999 -9999 -9999 -9999 -9999 -9999 -9999 -9999 -9999 -9999 -9999 -9999 -9999 -9999 -9999 -9999 -9999 -9999 13.49736 9.110945 9.338039 9.187256 8.664013 9.014114 9.220266 8.661036 8.238745 13.23472 13.87998 13.96277 13.92894 13.93904 14.71484 10.65787 9.983778 9.77077 9.285924 9.752635 9.199547 8.855088 12.44716 12.33275 12.46939 12.15944 12.0439 12.3686 8.364686 8.188242 14.48374 8.233193 8.045453 7.65579 11.32096 8.596931 9.312444 8.686565 11.16462 7.851656 8.443476 7.724699 6.559062 6.0856 5.641143 5.563859 5.508269
-9999 -9999 -9999 -9999 -9999 -9999 -9999 -9999 -9999 -9999 -9999 -9999 -9999 -9999 -9999 -9999 -9999 -9999 -9999 -9999 9.165793 9.827448 9.504289 9.185375 8.686522 13.20988 13.57591 13.37972 13.1301 13.16719 8.85562 10.09146 10.7886 9.6554 9.241255 9.528024 10.47515 10.96766 13.083 13.56205 13.40507 12.64381 12.83122 8.600106 8.244403 8.447256 7.966673 7.575765 7.859002 8.472581 8.292475 8.145278 14.40412 8.343769 8.042727 7.702897 11.64763 11.5748 9.89166 9.148242 11.69191 8.537034 8.417072 6.803831 6.071163 5.816746 5.645027 5.758131
-9999 -9999 -9999 -9999 -9999 -9999 -9999 -9999 -9999 -9999 -9999 -9999 -9999 -9999 -9999 -9999 -9999 -9999 -9999 -9999 13.47486 13.64794 13.81244 14.07334 13.6755 7.998661 7.912293 8.06616 8.315859 8.678871 9.504045 10.48677 9.700762 12.33574 12.1068 12.07599 12.11088 12.43074 9.211042 9.011265 8.912113 8.61641 9.042831 8.922238 8.381973 9.118122 9.369781 7.898498 13.00776 13.56823 13.78278 13.71032 13.6998 8.131933 8.463303 7.941221 7.776167 11.53572 9.37365 10.70961 9.537496 12.7589 7.491129 7.326773 6.611529 5.919166 5.144873 5.449753
-9999 -9999 -9999 -9999 -9999 -9999 -9999 -9999 -9999 -9999 -9999 -9999 -9999 -9999 -9999 -9999 -9999 -9999 -9999 -9999 -9999 9.104731 9.350068 8.687704 6.90751 6.287754 6.483562 7.436704 8.920075 10.65409 12.16354 11.74229 11.70303 8.811935 8.74297 8.829455 8.804508 8.778773 9.319676 10.21213 9.945953 14.05141 14.27369 14.23991 13.58863 13.91098 15.40847 13.80826 7.924168 8.108226 8.074823 7.654792 7.660006 13.87485 8.666361 8.520273 7.872312 10.65145 9.679291 9.639609 9.51788 9.608435 10.52068 6.628809 5.962166 5.277258 5.089436 4.800358
-9999 -9999 -9999 -9999 -9999 -9999 -9999 -9999 -9999 -9999 -9999 -9999 -9999 -9999 -9999 -9999 -9999 -9999 -9999 -9999 8.664852 13.30138 13.58473 12.71709 6.749781 6.683253 7.009334 6.336268 6.613006 7.724682 8.445444 8.580631 8.869226 9.185105 9.129888 9.629632 14.88781 14.20053 14.28971 14.69492 14.53436 8.935794 8.904093 8.816508 8.374247 8.329144 8.729613 8.635661 8.181939 8.16774 13.26668 13.56133 12.79438 8.750313 13.13142 8.732871 8.410571 7.719943 10.45453 8.961205 9.291522 8.967375 10.89694 6.333434 5.862372 5.113516 5.40884 5.630961
-9999 -9999 -9999 -9999 -9999 -9999 -9999 -9999 -9999 -9999 -9999 -9999 -9999 -9999 -9999 -9999 -9999 -9999 -9999 -9999 13.02311 9.167634 9.483665 9.431797 11.214 6.222445 6.178706 6.263659 6.763496 8.269874 8.69209 14.06445 14.56897 14.85613 14.46902 14.35501 9.698802 9.305104 9.129234 9.604219 9.32461 9.106651 9.419307 9.253877 13.87055 13.79947 14.11923 13.84523 13.50744 13.35347 9.57552 8.540333 8.07652 8.33602 12.86728 8.339733 8.892916 8.254038 7.812048 10.21436 9.207872 8.840123 8.414144 10.71339 6.360018 6.279459 6.152483 5.646628
-9999 -9999 -9999 -9999 -9999 -9999 -9999 -9999 -9999 -9999 -9999 -9999 -9999 -9999 -9999 -9999 -9999 -9999 -9999 -9999 -9999 9.120592 9.665005 9.384412 8.944762 12.14133 11.94127 12.13583 13.02994 13.79468 14.19936 9.758909 10.06548 10.01421 9.654176 9.226236 10.02884 9.3608 9.112026 14.63935 14.63492 14.01757 14.09218 14.76796 9.375141 8.863367 8.923164 8.860641 8.773726 8.815725 8.785164 13.72866 13.67232 13.68771 11.73459 11.65632 8.646717 9.017717 8.357393 8.043041 9.294556 9.14944 9.40318 9.123768 12.21463 6.79481 6.932974 7.317952
-9999 -9999 -9999 -9999 -9999 -9999 -9999 -9999 -9999 -9999 -9999 -9999 -9999 -9999 -9999 -9999 -9999 -9999 -9999 -9999 -9999 13.24864 13.50917 13.36267 13.59913 12.8637 9.238426 9.138655 8.978786 8.861272 9.078414 9.745546 8.501827 12.8739 12.97491 13.82554 15.14715 14.34936 14.70757 10.2169 9.674395 9.019196 9.010006 9.681188 9.693082 9.063084 13.90925 13.88984 13.69069 13.99164 13.90223 8.746799 8.675131 8.681658 8.656148 8.237365 12.02467 8.805496 8.870804 8.219813 9.183547 8.892555 9.512328 9.392226 9.041384 12.33366 6.939555 6.836288
-9999 -9999 -9999 -9999 -9999 -9999 -9999 -9999 -9999 -9999 -9999 -9999 -9999 -9999 -9999 -9999 -9999 -9999 -9999 -9999 -9999 9.546145 9.708854 9.456302 9.728751 9.589801 9.411205 9.371747 14.04472 14.1766 14.15171 14.78014 12.47478 7.546085 7.214028 8.1966 10.24119 9.334546 10.1847 9.935634 9.084467 13.8176 14.1114 14.40552 14.27873 14.30197 9.091349 8.740033 8.707554 8.792387 8.85489 8.820955 8.511316 8.21387 8.22491 8.332518 14.61226 15.20561 9.319057 8.519474 8.079177 10.26528 8.954675 8.301858 8.460394 7.978253 15.69339 16.14092
-9999 -9999 -9999 -9999 -9999 -9999 -9999 -9999 -9999 -9999 -9999 -9999 -9999 -9999 -9999 -9999 -9999 -9999 -9999 -9999 -9999 -9999 10.33977 14.05131 13.80202 13.87275 13.95307 13.89398 9.148613 9.537506 9.602991 10.04146 7.509764 7.762209 7.170248 8.064044 14.13008 13.93461 14.18373 14.04171 14.07419 9.472756 9.619969 9.690865 9.031743 9.324187 9.678194 8.974665 9.142351 8.999332 8.925801 15.19337 14.41718 14.44481 15.27449 15.71324 8.38128 14.72014 9.221428 8.528012 8.000543 8.142056 17.72397 8.950127 18.03193 16.88186 7.296783 7.604997
-9999 -9999 -9999 -9999 -9999 -9999 -9999 -9999 -9999 -9999 -9999 -9999 -9999 -9999 -9999 -9999 -9999 -9999 -9999 -9999 -9999 -9999 14.19087 9.059792 9.12311 9.632886 9.813817 9.433133 9.816436 10.18017 9.897293 14.6875 12.7885 12.10033 12.16837 13.19839 9.48992 9.628489 9.799932 9.569322 9.880283 9.712087 9.510686 9.494734 8.917816 15.6958 18.19198 15.57569 15.44073 15.474 15.58345 8.608661 7.838591 8.149817 9.217729 9.144164 8.866964 7.74182 14.18896 7.77462 8.415287 17.0703 8.983555 15.97801 7.432673 7.78881 8.701338 7.640563
-9999 -9999 -9999 -9999 -9999 -9999 -9999 -9999 -9999 -9999 -9999 -9999 -9999 -9999 -9999 -9999 -9999 -9999 -9999 -9999 -9999 -9999 9.482605 9.496502 9.629723 9.977695 14.01269 13.40448 13.60468 14.32187 14.90733 10.22172 9.28175 9.23164 9.024999 9.25214 9.643764 10.71977 9.827244 9.379663 16.19924 16.15173 15.96749 16.06176 15.48627 9.018812 9.478621 8.827653 8.249793 8.06572 7.978214 7.925937 7.954571 8.586274 12.57347 12.18587 12.53282 11.02107 14.20011 16.8352 15.78132 6.863967 7.633205 7.107724 6.916921 6.820165 7.00773 9.689382
-9999 -9999 -9999 -9999 -9999 -9999 -9999 -9999 -9999 -9999 -9999 -9999 -9999 -9999 -9999 -9999 -9999 -9999 -9999 -9999 -9999 -9999 -9999 13.75569 13.71317 14.44957 11.24374 9.232665 8.99188 9.420579 10.29561 9.999232 9.447162 9.503044 9.082254 15.47481 16.18687 16.41661 15.93311 15.5021 9.027323 9.175765 9.212 9.629426 9.105586 8.292336 7.990867 7.842766 7.860021 10.98226 11.36681 11.65066 12.42933 11.77622 8.074321 8.136287 8.999138 7.460722 7.64822 15.5177 9.878841 7.558694 7.707242 6.882329 6.502329 6.04798 7.058913 7.387524
-9999 -9999 -9999 -9999 -9999 -9999 -9999 -9999 -9999 -9999 -9999 -9999 -9999 -9999 -9999 -9999 -9999 -9999 -9999 -9999 -9999 -9999 9.158792 9.270476 9.104883 9.534025 9.673793 8.984848 8.913328 9.296286 11.09335 16.66182 15.85143 15.44403 15.39229 9.567986 10.37271 11.39668 10.55292 10.28806 9.353931 8.083986 7.035814 6.609977 8.018516 8.981638 10.75212 11.68865 10.89353 8.946433 9.014644 9.002727 10.42333 9.143932 8.553488 7.92093 8.603041 11.81149 16.73966 8.298857 7.556219 10.32309 9.912902 8.980314 6.732058 6.422704 6.532394 7.994558
-9999 -9999 -9999 -9999 -9999 -9999 -9999 -9999 -9999 -9999 -9999 -9999 -9999 -9999 -9999 -9999 -9999 -9999 -9999 -9999 -9999 9.478596 9.630862 9.715338 9.348598 13.83015 12.81075 12.42595 12.58317 13.45798 15.76989 9.504996 9.388133 8.984502 9.178485 10.1804 10.24607 10.0702 12.04771 11.94754 11.72848 8.925426 6.522071 6.598154 6.530358 6.693286 8.111874 9.172915 8.129828 8.754452 9.149963 9.225522 13.07257 13.09191 12.26152 12.18387 12.82573 8.096244 16.76776 9.232194 7.764974 6.047935 6.032832 8.918859 6.496213 6.962073 5.902722 7.056017
-9999 -9999 -9999 -9999 -9999 -9999 -9999 -9999 -9999 -9999 -9999 -9999 -9999 -9999 -9999 -9999 -9999 -9999 -9999 -9999 -9999 14.09193 15.7054 13.81974 12.38442 5.969152 5.807668 5.520756 5.569033 7.074753 7.694556 13.09349 12.7048 8.922167 12.25339 13.41557 12.79552 12.21964 9.462776 9.791517 8.955992 7.333487 6.499475 6.408866 6.135909 6.646066 7.889016 11.73472 11.89316 13.17285 13.13888 12.65896 8.676716 8.907216 8.787601 8.974185 8.714872 8.946712 16.50138 10.73241 8.074067 5.960865 9.421629 7.306367 8.51175 7.005855 6.210071 6.405724
-9999 -9999 -9999 -9999 -9999 -9999 -9999 -9999 -9999 -9999 -9999 -9999 -9999 -9999 -9999 -9999 -9999 -9999 -9999 -9999 9.17509 14.16792 7.133588 7.551434 6.321134 5.268198 5.443954 5.924021 5.353502 6.408576 8.379802 8.343201 7.538138 11.90264 8.958805 8.916892 8.446257 8.312208 8.185616 7.970418 7.670146 7.206159 9.225742 9.200423 9.696245 11.18643 12.75693 8.792592 8.764859 9.399011 9.446435 8.746816 8.452094 8.681068 13.07646 13.23478 12.38603 17.10551 8.315658 9.5261 9.814096 7.06361 6.416473 6.537604 7.221143 7.862641 6.124519 6.639602
-9999 -9999 -9999 -9999 -9999 -9999 -9999 -9999 -9999 -9999 -9999 -9999 -9999 -9999 -9999 -9999 -9999 -9999 -9999 -9999 12.82438 6.73442 6.655244 6.56247 5.680602 6.316429 5.849724 5.767025 6.384278 6.346836 7.938539 6.250552 6.773801 6.5075 7.047615 6.125016 7.643088 8.890153 9.702594 9.992012 10.25833 10.72739 8.778357 8.968083 9.315471 10.71718 9.434776 8.861003 8.913233 12.48008 13.17404 13.3252 13.08169 12.53103 8.382708 8.287973 7.994235 16.50185 8.353458 7.635883 9.052149 6.627272 5.583066 5.789807 5.65805 6.213807 6.510633 8.166036
-9999 -9999 -9999 -9999 -9999 -9999 -9999 -9999 -9999 -9999 -9999 -9999 -9999 -9999 -9999 -9999 -9999 -9999 -9999 -9999 6.903488 6.465469 6.855601 6.436059 6.499605 6.280153 8.077813 7.277535 6.992368 9.130934 5.894916 5.905169 5.832291 5.832695 4.759201 6.171931 7.418192 7.189144 9.032453 8.916663 9.874828 9.906993 9.418953 9.939117 12.54531 12.43026 12.45972 12.60647 12.67567 8.137187 7.764634 7.979383 8.761078 9.389132 8.987581 8.46647 8.998562 16.74506 9.248562 7.923421 6.481315 8.34013 5.760504 6.420997 6.019509 6.906137 7.784578 9.044538
-9999 -9999 -9999 -9999 -9999 -9999 -9999 -9999 -9999 -9999 -9999 -9999 -9999 -9999 -9999 -9999 -9999 -9999 -9999 -9999 7.074581 6.240889 5.996473 5.883986 6.053236 8.849961 7.071063 6.673041 7.235226 9.853461 6.474797 5.948438 5.584306 5.299779 4.966584 5.118068 5.224463 7.760377 7.919049 11.45608 12.86377 14.77445 13.27679 12.1638 8.803173 8.651512 8.655014 8.782463 10.14853 8.829046 9.0541 8.346374 17.16017 17.26323 17.47079 16.98217 17.73702 8.036387 7.874404 6.40025 6.310407 6.396123 8.016404 7.732538 6.517465 6.452485 5.959376 6.603423
