04_184A004/bm_kuusi_neulaset.asc
ncols 172
nrows 237
xllcorner 610032
yllcorner 6876144
cellsize 16
nodata_value -9999
[rows 144 to 179 of 237, columns 81 to 161 of 172]
1518 1518 1518 1518 1518 -9999 -9999 -9999 -9999 -9999 -9999 -9999 -9999 -9999 -9999 -9999 -9999 -9999 -9999 -9999 -9999 -9999 -9999 -9999 -9999 -9999 -9999 -9999 -9999 -9999 -9999 -9999 -9999 -9999 -9999 0 0 0 0 0 554 554 554 554 554 554 554 554 554 124 124 124 124 124 124 212 212 -9999 -9999 134 134 134 134 134 134 134 134 134 -9999 -9999 -9999 -9999 -9999 -9999 -9999 -9999 -9999 -9999 -9999 -9999 -9999
1331 1331 1331 1331 1331 1331 -9999 -9999 -9999 -9999 -9999 -9999 -9999 -9999 -9999 -9999 -9999 -9999 -9999 -9999 -9999 -9999 -9999 -9999 -9999 -9999 -9999 -9999 -9999 -9999 -9999 -9999 -9999 -9999 -9999 -9999 -9999 -9999 0 0 0 0 0 0 0 554 554 554 554 124 124 124 124 124 124 124 212 212 212 -9999 -9999 134 134 134 134 134 134 134 134 134 -9999 -9999 -9999 -9999 -9999 -9999 -9999 -9999 -9999 -9999 -9999
814 1331 1331 1331 1331 -9999 -9999 -9999 -9999 -9999 -9999 -9999 -9999 -9999 -9999 -9999 -9999 -9999 -9999 -9999 -9999 -9999 -9999 -9999 -9999 -9999 -9999 -9999 -9999 -9999 -9999 -9999 -9999 -9999 -9999 -9999 -9999 -9999 -9999 -9999 -9999 0 0 0 0 0 0 554 554 124 124 124 124 124 124 124 124 212 212 212 212 212 -9999 134 134 134 134 134 134 134 -9999 -9999 -9999 -9999 -9999 -9999 -9999 -9999 -9999 -9999 -9999
814 814 903 -9999 -9999 -9999 -9999 -9999 -9999 -9999 -9999 -9999 -9999 -9999 -9999 -9999 -9999 -9999 -9999 -9999 -9999 -9999 -9999 -9999 -9999 -9999 -9999 -9999 -9999 -9999 -9999 -9999 -9999 -9999 -9999 -9999 -9999 -9999 -9999 -9999 -9999 -9999 -9999 0 0 752 0 752 0 0 0 0 124 124 124 124 124 212 212 212 212 212 212 212 -9999 134 134 134 134 -9999 -9999 -9999 -9999 -9999 -9999 -9999 -9999 -9999 -9999 -9999 -9999
814 814 -9999 -9999 -9999 -9999 -9999 -9999 -9999 -9999 -9999 -9999 -9999 -9999 -9999 -9999 -9999 -9999 -9999 -9999 -9999 -9999 -9999 -9999 -9999 -9999 -9999 -9999 -9999 -9999 -9999 -9999 -9999 -9999 -9999 -9999 -9999 -9999 -9999 -9999 -9999 -9999 -9999 -9999 -9999 -9999 -9999 752 752 0 0 0 124 124 124 124 212 212 212 212 212 212 212 212 212 212 -9999 134 -9999 -9999 -9999 -9999 -9999 -9999 -9999 -9999 -9999 -9999 -9999 -9999 -9999
-9999 -9999 -9999 -9999 -9999 -9999 -9999 -9999 -9999 -9999 -9999 -9999 -9999 -9999 -9999 -9999 -9999 -9999 -9999 -9999 -9999 -9999 -9999 -9999 -9999 -9999 -9999 -9999 -9999 -9999 -9999 -9999 -9999 -9999 -9999 -9999 -9999 -9999 -9999 -9999 -9999 -9999 -9999 -9999 -9999 -9999 -9999 -9999 -9999 -9999 -9999 -9999 -9999 752 752 752 212 212 212 212 686 686 686 212 212 212 212 212 -9999 -9999 -9999 -9999 -9999 -9999 -9999 -9999 -9999 -9999 -9999 -9999 -9999
-9999 -9999 -9999 -9999 -9999 -9999 -9999 -9999 -9999 -9999 -9999 -9999 -9999 -9999 -9999 -9999 -9999 -9999 -9999 -9999 -9999 -9999 -9999 -9999 -9999 -9999 -9999 -9999 -9999 -9999 -9999 -9999 -9999 -9999 -9999 -9999 -9999 -9999 -9999 -9999 -9999 -9999 -9999 -9999 -9999 -9999 -9999 -9999 -9999 -9999 -9999 -9999 -9999 752 752 -9999 752 686 686 686 686 686 686 212 212 212 212 212 -9999 -9999 -9999 -9999 -9999 -9999 -9999 -9999 -9999 -9999 -9999 -9999 -9999
814 -9999 -9999 -9999 -9999 -9999 -9999 -9999 -9999 -9999 -9999 -9999 -9999 -9999 -9999 -9999 -9999 -9999 -9999 -9999 -9999 -9999 -9999 -9999 -9999 -9999 -9999 -9999 -9999 -9999 -9999 -9999 -9999 -9999 -9999 -9999 -9999 -9999 -9999 -9999 -9999 -9999 -9999 -9999 -9999 -9999 -9999 -9999 -9999 -9999 -9999 -9999 -9999 -9999 -9999 -9999 -9999 752 686 686 686 686 212 212 212 212 212 212 -9999 -9999 -9999 -9999 -9999 -9999 -9999 -9999 -9999 -9999 -9999 -9999 -9999
814 903 -9999 -9999 -9999 -9999 -9999 -9999 -9999 -9999 -9999 -9999 -9999 -9999 -9999 -9999 -9999 -9999 -9999 -9999 -9999 -9999 -9999 -9999 -9999 -9999 -9999 -9999 -9999 -9999 -9999 -9999 -9999 -9999 -9999 -9999 -9999 -9999 -9999 -9999 -9999 -9999 -9999 -9999 -9999 -9999 -9999 -9999 -9999 -9999 -9999 -9999 -9999 -9999 -9999 -9999 -9999 -9999 752 752 752 752 212 212 212 212 -9999 -9999 -9999 -9999 -9999 -9999 -9999 -9999 -9999 -9999 -9999 -9999 -9999 -9999 -9999
903 903 678 678 610 610 -9999 -9999 -9999 -9999 -9999 -9999 -9999 -9999 -9999 -9999 -9999 -9999 -9999 -9999 -9999 -9999 -9999 -9999 -9999 -9999 -9999 -9999 -9999 -9999 -9999 -9999 -9999 -9999 -9999 -9999 -9999 -9999 -9999 -9999 -9999 -9999 -9999 -9999 -9999 -9999 -9999 -9999 -9999 -9999 -9999 -9999 -9999 -9999 -9999 -9999 -9999 -9999 -9999 752 752 752 752 212 212 212 212 -9999 -9999 -9999 -9999 -9999 -9999 -9999 -9999 -9999 -9999 -9999 -9999 -9999 -9999
903 903 678 678 610 610 610 -9999 -9999 -9999 -9999 -9999 -9999 -9999 -9999 -9999 -9999 -9999 -9999 -9999 -9999 -9999 -9999 -9999 -9999 -9999 -9999 -9999 -9999 -9999 -9999 -9999 -9999 -9999 -9999 -9999 -9999 -9999 -9999 -9999 -9999 -9999 -9999 -9999 -9999 -9999 -9999 -9999 -9999 -9999 -9999 -9999 -9999 -9999 -9999 -9999 -9999 -9999 -9999 -9999 752 752 752 752 752 212 212 212 -9999 -9999 -9999 -9999 -9999 -9999 -9999 -9999 -9999 -9999 -9999 -9999 -9999
903 678 678 610 610 610 610 610 610 610 610 -9999 -9999 -9999 -9999 -9999 -9999 -9999 -9999 -9999 -9999 -9999 -9999 -9999 -9999 -9999 -9999 121 10 -9999 -9999 -9999 -9999 -9999 -9999 -9999 -9999 -9999 -9999 -9999 -9999 -9999 -9999 -9999 -9999 -9999 -9999 -9999 -9999 -9999 -9999 -9999 -9999 -9999 -9999 -9999 -9999 -9999 -9999 -9999 752 -9999 752 752 752 752 212 1204 1204 506 -9999 -9999 -9999 -9999 -9999 -9999 -9999 -9999 -9999 -9999 -9999
903 678 678 610 610 610 610 610 610 610 610 610 -9999 -9999 -9999 -9999 -9999 -9999 -9999 -9999 -9999 -9999 -9999 -9999 -9999 -9999 120 150 299 132 132 132 132 132 132 132 132 132 132 132 -9999 -9999 -9999 -9999 -9999 -9999 -9999 -9999 -9999 -9999 -9999 -9999 -9999 -9999 -9999 -9999 -9999 -9999 -9999 -9999 -9999 -9999 -9999 752 752 752 1204 1204 1204 1204 -9999 -9999 -9999 -9999 -9999 -9999 -9999 -9999 -9999 -9999 -9999
678 678 945 610 610 610 610 610 610 610 610 610 610 -9999 -9999 -9999 -9999 794 462 211 731 980 757 687 278 172 179 96 180 132 132 132 132 132 132 132 132 132 132 132 132 132 132 -9999 -9999 -9999 -9999 -9999 -9999 -9999 -9999 -9999 -9999 -9999 -9999 -9999 -9999 -9999 -9999 -9999 -9999 -9999 -9999 -9999 752 517 752 1204 1204 1204 -9999 -9999 -9999 -9999 -9999 -9999 -9999 -9999 -9999 -9999 -9999
678 945 945 945 610 610 610 610 610 610 610 610 610 -9999 0 0 0 10 7 -9999 -9999 109 76 79 -9999 117 31 90 -9999 132 132 132 132 132 133 133 133 132 132 132 132 132 132 132 132 -9999 -9999 -9999 -9999 -9999 -9999 -9999 -9999 -9999 -9999 -9999 -9999 -9999 -9999 -9999 -9999 -9999 -9999 -9999 752 517 517 517 1204 1204 1204 -9999 -9999 -9999 -9999 -9999 -9999 -9999 -9999 -9999 -9999
945 945 945 945 945 945 945 610 610 610 610 610 945 0 0 0 0 0 8 -9999 -9999 87 144 142 116 86 75 -9999 -9999 132 132 132 132 133 133 133 133 133 132 132 132 132 132 132 132 132 -9999 -9999 -9999 -9999 -9999 -9999 -9999 -9999 -9999 -9999 -9999 -9999 -9999 -9999 -9999 -9999 -9999 -9999 -9999 517 517 517 517 517 1204 -9999 -9999 -9999 -9999 -9999 -9999 -9999 -9999 -9999 -9999
945 945 945 945 945 945 945 945 945 610 610 945 0 0 0 0 0 0 0 0 0 -9999 25 42 44 11 0 -9999 25 45 132 132 132 133 133 133 133 133 132 132 132 132 132 132 132 132 132 132 -9999 -9999 -9999 -9999 -9999 -9999 -9999 -9999 -9999 -9999 -9999 -9999 -9999 -9999 -9999 -9999 -9999 -9999 -9999 517 517 517 517 -9999 -9999 -9999 -9999 -9999 -9999 -9999 -9999 -9999 -9999
686 686 686 686 686 686 686 945 945 945 945 0 0 0 0 0 0 0 0 0 0 0 0 0 -9999 -9999 45 45 45 45 45 132 133 133 133 133 133 133 132 132 132 132 132 132 132 132 132 132 132 132 -9999 -9999 -9999 -9999 -9999 -9999 -9999 -9999 -9999 -9999 -9999 -9999 -9999 -9999 -9999 -9999 -9999 517 517 517 517 517 517 -9999 -9999 -9999 -9999 -9999 -9999 -9999 -9999
686 686 686 686 686 686 686 686 686 945 428 0 0 0 0 0 0 0 0 0 0 0 0 0 0 0 -9999 45 45 45 45 132 133 133 133 133 133 133 132 132 132 132 132 132 132 132 132 132 132 132 132 -9999 -9999 -9999 -9999 -9999 -9999 -9999 -9999 -9999 -9999 -9999 -9999 -9999 -9999 -9999 -9999 -9999 517 517 517 517 517 517 517 517 517 517 974 974 974
686 686 686 945 945 945 945 945 945 945 945 0 0 0 0 0 0 0 0 0 0 0 0 0 0 0 0 -9999 45 45 45 132 133 133 133 133 133 133 132 132 132 132 132 132 132 132 132 132 132 132 132 132 -9999 -9999 -9999 -9999 -9999 -9999 -9999 -9999 421 -9999 -9999 -9999 -9999 -9999 -9999 -9999 -9999 517 517 517 517 517 517 517 517 517 974 974 974
686 686 686 945 945 945 945 945 945 945 945 945 945 341 0 0 0 0 0 0 0 0 0 0 0 0 0 0 -9999 45 45 45 45 133 133 133 133 133 132 132 132 132 132 132 132 132 132 132 132 132 132 564 750 599 -9999 -9999 -9999 -9999 -9999 -9999 266 185 -9999 -9999 -9999 -9999 -9999 -9999 -9999 -9999 -9999 517 517 517 517 517 517 974 974 974 974
759 759 759 759 759 759 759 759 759 759 759 945 945 945 0 0 0 0 0 0 0 0 0 0 0 0 0 0 -9999 45 45 45 45 45 45 133 133 133 132 132 132 132 132 132 132 132 132 132 132 132 132 554 538 964 -9999 -9999 -9999 -9999 -9999 -9999 1057 633 247 -9999 -9999 -9999 -9999 -9999 -9999 -9999 -9999 -9999 -9999 517 517 517 517 974 974 974 974
568 759 759 759 759 759 759 759 759 759 759 759 759 945 0 0 0 0 0 0 0 0 0 0 0 0 0 0 0 -9999 45 45 45 45 45 45 133 133 132 132 132 132 132 132 132 132 132 132 132 132 82 251 364 509 399 959 -9999 -9999 -9999 -9999 637 171 588 -9999 -9999 -9999 -9999 -9999 -9999 -9999 -9999 -9999 -9999 -9999 517 517 517 974 974 974 974
568 568 759 759 759 759 759 759 759 759 759 759 759 1678 1678 1678 678 0 0 0 0 0 0 0 0 0 0 0 0 0 28 -9999 45 45 45 45 45 132 132 132 132 132 132 132 132 132 132 132 132 132 65 163 127 509 511 476 678 -9999 -9999 385 285 337 868 -9999 -9999 -9999 -9999 -9999 -9999 -9999 -9999 -9999 -9999 -9999 -9999 517 974 974 386 386 386
568 568 568 568 568 568 568 759 759 759 759 568 568 1678 1678 1678 1678 1678 0 0 0 0 0 0 0 0 0 0 0 0 0 25 -9999 45 45 45 45 45 132 132 132 132 132 132 132 132 132 132 132 65 251 165 110 178 375 444 385 599 863 630 525 510 705 -9999 -9999 -9999 -9999 -9999 -9999 -9999 -9999 -9999 -9999 -9999 -9999 -9999 974 386 386 386 386
568 568 568 568 568 568 568 568 568 568 568 568 1678 1678 1678 1678 1678 1678 955 0 0 0 0 0 0 0 0 0 0 0 -9999 53 53 53 11 -9999 0 45 132 132 132 132 132 132 132 132 132 132 132 76 206 244 113 120 96 89 217 75 189 149 394 434 583 936 886 630 -9999 -9999 -9999 -9999 -9999 -9999 -9999 -9999 -9999 -9999 -9999 386 386 386 386
568 568 568 568 568 568 568 568 568 568 568 1678 1678 1678 1678 1678 1678 955 955 955 0 0 0 0 0 0 0 0 0 -9999 53 53 53 53 53 53 53 -9999 -9999 132 132 132 132 132 132 132 132 132 11 155 147 93 95 86 122 188 142 167 160 189 363 376 137 67 255 260 1447 -9999 -9999 -9999 -9999 -9999 -9999 -9999 -9999 -9999 -9999 1314 1314 386 386
568 568 568 568 568 568 568 568 1619 1619 1619 1619 1678 1619 1619 1678 1678 955 955 955 955 0 0 0 0 0 0 0 0 53 53 53 53 53 53 53 53 53 53 -9999 132 132 132 132 132 132 132 132 15 190 136 168 169 78 117 158 113 99 80 77 136 787 111 298 263 290 573 841 -9999 52 53 -9999 -9999 -9999 -9999 -9999 -9999 -9999 1314 1314 1314
568 568 568 568 568 568 568 1619 1619 1619 1619 1619 1619 1619 1619 1619 955 955 955 955 955 955 0 0 0 0 0 0 0 53 53 53 53 53 53 53 53 53 53 53 53 -9999 132 132 132 132 132 32 240 317 242 200 62 430 343 229 367 268 163 335 314 301 67 271 242 14 191 0 158 301 291 626 533 -9999 651 -9999 -9999 -9999 1314 1314 1314
568 568 568 568 568 568 368 1619 1619 1619 1619 1619 1619 1619 1619 1619 955 955 955 955 955 955 0 0 0 0 0 0 0 87 53 53 53 53 53 53 53 53 53 53 53 53 -9999 -9999 132 132 132 44 183 259 71 128 321 584 265 459 402 192 407 760 112 382 88 170 63 343 43 158 40 0 7 10 417 310 710 -9999 -9999 -9999 -9999 -9999 1314
568 568 568 568 568 368 368 1619 1619 1619 1619 1619 1619 1619 955 955 955 955 955 955 955 955 210 0 0 0 0 0 0 -9999 0 0 53 53 53 53 53 53 53 53 53 53 53 53 -9999 132 63 120 78 276 144 73 336 175 200 400 305 979 927 538 465 611 371 161 97 18 711 0 28 129 30 7 3 104 1044 -9999 -9999 -9999 -9999 -9999 1314
568 568 568 568 368 368 368 368 368 1619 1619 1619 955 955 955 955 955 955 955 955 955 955 0 0 0 0 0 0 0 -9999 0 0 0 53 53 53 53 53 53 53 53 53 53 53 53 53 -9999 35 45 84 228 531 517 515 549 551 418 1121 813 968 760 239 163 254 86 892 765 385 13 9 15 68 156 314 -9999 -9999 -9999 -9999 -9999 -9999 -9999
568 568 568 368 368 368 368 368 368 368 368 368 955 955 955 955 955 955 955 955 955 955 0 0 0 0 0 0 0 -9999 -9999 0 0 0 0 53 53 53 53 53 53 53 53 53 53 110 30 -9999 37 21 52 79 235 404 318 531 919 883 976 983 710 130 18 286 56 58 163 409 71 69 3 238 0 1045 -9999 -9999 -9999 -9999 -9999 -9999 -9999
568 568 568 368 368 368 368 368 368 368 368 368 368 368 955 955 134 134 134 134 134 134 18 0 0 0 0 0 0 0 0 -9999 0 0 0 0 53 53 53 53 53 53 53 53 53 128 2 -9999 183 13 25 71 104 271 753 329 382 76 460 222 306 14 166 116 124 121 228 255 79 562 13 316 87 -9999 -9999 -9999 -9999 -9999 -9999 -9999 -9999
368 368 368 368 368 368 368 368 368 368 173 134 134 134 134 134 134 134 134 134 134 134 82 0 0 0 0 0 0 0 35 0 0 0 0 0 0 53 53 53 53 53 53 53 146 148 117 0 118 64 52 137 67 90 185 137 111 18 104 241 156 52 25 52 56 209 316 469 56 107 241 127 648 -9999 -9999 -9999 -9999 -9999 -9999 -9999 -9999
368 368 368 368 33 33 173 173 173 173 173 173 134 134 134 134 134 134 134 134 134 134 134 68 0 0 0 0 0 0 0 0 0 0 0 0 0 0 53 53 53 53 53 53 61 39 0 54 -9999 27 30 48 25 19 8 56 48 16 9 98 73 18 56 54 35 418 131 139 157 74 75 18 1002 -9999 -9999 -9999 -9999 -9999 -9999 -9999 -9999
