04_184A004/bm_kuusi_juuret.asc
ncols 172
nrows 237
xllcorner 610032
yllcorner 6876144
cellsize 16
nodata_value -9999
[rows 144 to 179 of 237, columns 80 to 159 of 172]
2533 3313 3313 3313 3313 3313 -9999 -9999 -9999 -9999 -9999 -9999 -9999 -9999 -9999 -9999 -9999 -9999 -9999 -9999 -9999 -9999 -9999 -9999 -9999 -9999 -9999 -9999 -9999 -9999 -9999 -9999 -9999 -9999 -9999 -9999 0 0 0 0 0 989 989 989 989 989 989 989 989 989 218 218 218 218 218 218 369 369 -9999 -9999 235 235 235 235 235 235 235 235 235 -9999 -9999 -9999 -9999 -9999 -9999 -9999 -9999 -9999 -9999 -9999
2533 2533 2533 2533 2533 2533 2533 -9999 -9999 -9999 -9999 -9999 -9999 -9999 -9999 -9999 -9999 -9999 -9999 -9999 -9999 -9999 -9999 -9999 -9999 -9999 -9999 -9999 -9999 -9999 -9999 -9999 -9999 -9999 -9999 -9999 -9999 -9999 -9999 0 0 0 0 0 0 0 989 989 989 989 218 218 218 218 218 218 218 369 369 369 -9999 -9999 235 235 235 235 235 235 235 235 235 -9999 -9999 -9999 -9999 -9999 -9999 -9999 -9999 -9999
1441 1441 2533 2533 2533 2533 -9999 -9999 -9999 -9999 -9999 -9999 -9999 -9999 -9999 -9999 -9999 -9999 -9999 -9999 -9999 -9999 -9999 -9999 -9999 -9999 -9999 -9999 -9999 -9999 -9999 -9999 -9999 -9999 -9999 -9999 -9999 -9999 -9999 -9999 -9999 -9999 0 0 0 0 0 0 989 989 218 218 218 218 218 218 218 218 369 369 369 369 369 -9999 235 235 235 235 235 235 235 -9999 -9999 -9999 -9999 -9999 -9999 -9999 -9999 -9999
1441 1441 1441 1705 -9999 -9999 -9999 -9999 -9999 -9999 -9999 -9999 -9999 -9999 -9999 -9999 -9999 -9999 -9999 -9999 -9999 -9999 -9999 -9999 -9999 -9999 -9999 -9999 -9999 -9999 -9999 -9999 -9999 -9999 -9999 -9999 -9999 -9999 -9999 -9999 -9999 -9999 -9999 -9999 0 0 1640 0 1640 0 0 0 0 218 218 218 218 218 369 369 369 369 369 369 369 -9999 235 235 235 235 -9999 -9999 -9999 -9999 -9999 -9999 -9999 -9999 -9999 -9999
-9999 1441 1441 -9999 -9999 -9999 -9999 -9999 -9999 -9999 -9999 -9999 -9999 -9999 -9999 -9999 -9999 -9999 -9999 -9999 -9999 -9999 -9999 -9999 -9999 -9999 -9999 -9999 -9999 -9999 -9999 -9999 -9999 -9999 -9999 -9999 -9999 -9999 -9999 -9999 -9999 -9999 -9999 -9999 -9999 -9999 -9999 -9999 1640 1640 0 0 0 218 218 218 218 369 369 369 369 369 369 369 369 369 369 -9999 235 -9999 -9999 -9999 -9999 -9999 -9999 -9999 -9999 -9999 -9999 -9999
-9999 -9999 -9999 -9999 -9999 -9999 -9999 -9999 -9999 -9999 -9999 -9999 -9999 -9999 -9999 -9999 -9999 -9999 -9999 -9999 -9999 -9999 -9999 -9999 -9999 -9999 -9999 -9999 -9999 -9999 -9999 -9999 -9999 -9999 -9999 -9999 -9999 -9999 -9999 -9999 -9999 -9999 -9999 -9999 -9999 -9999 -9999 -9999 -9999 -9999 -9999 -9999 -9999 -9999 1640 1640 1640 369 369 369 369 1181 1181 1181 369 369 369 369 369 -9999 -9999 -9999 -9999 -9999 -9999 -9999 -9999 -9999 -9999 -9999
-9999 -9999 -9999 -9999 -9999 -9999 -9999 -9999 -9999 -9999 -9999 -9999 -9999 -9999 -9999 -9999 -9999 -9999 -9999 -9999 -9999 -9999 -9999 -9999 -9999 -9999 -9999 -9999 -9999 -9999 -9999 -9999 -9999 -9999 -9999 -9999 -9999 -9999 -9999 -9999 -9999 -9999 -9999 -9999 -9999 -9999 -9999 -9999 -9999 -9999 -9999 -9999 -9999 -9999 1640 1640 -9999 1640 1181 1181 1181 1181 1181 1181 369 369 369 369 369 -9999 -9999 -9999 -9999 -9999 -9999 -9999 -9999 -9999 -9999 -9999
1441 1441 -9999 -9999 -9999 -9999 -9999 -9999 -9999 -9999 -9999 -9999 -9999 -9999 -9999 -9999 -9999 -9999 -9999 -9999 -9999 -9999 -9999 -9999 -9999 -9999 -9999 -9999 -9999 -9999 -9999 -9999 -9999 -9999 -9999 -9999 -9999 -9999 -9999 -9999 -9999 -9999 -9999 -9999 -9999 -9999 -9999 -9999 -9999 -9999 -9999 -9999 -9999 -9999 -9999 -9999 -9999 -9999 1640 1181 1181 1181 1181 369 369 369 369 369 369 -9999 -9999 -9999 -9999 -9999 -9999 -9999 -9999 -9999 -9999 -9999
1441 1441 1705 -9999 -9999 -9999 -9999 -9999 -9999 -9999 -9999 -9999 -9999 -9999 -9999 -9999 -9999 -9999 -9999 -9999 -9999 -9999 -9999 -9999 -9999 -9999 -9999 -9999 -9999 -9999 -9999 -9999 -9999 -9999 -9999 -9999 -9999 -9999 -9999 -9999 -9999 -9999 -9999 -9999 -9999 -9999 -9999 -9999 -9999 -9999 -9999 -9999 -9999 -9999 -9999 -9999 -9999 -9999 -9999 1640 1640 1640 1640 369 369 369 369 -9999 -9999 -9999 -9999 -9999 -9999 -9999 -9999 -9999 -9999 -9999 -9999 -9999
1441 1705 1705 1342 1342 1373 1373 -9999 -9999 -9999 -9999 -9999 -9999 -9999 -9999 -9999 -9999 -9999 -9999 -9999 -9999 -9999 -9999 -9999 -9999 -9999 -9999 -9999 -9999 -9999 -9999 -9999 -9999 -9999 -9999 -9999 -9999 -9999 -9999 -9999 -9999 -9999 -9999 -9999 -9999 -9999 -9999 -9999 -9999 -9999 -9999 -9999 -9999 -9999 -9999 -9999 -9999 -9999 -9999 -9999 1640 1640 1640 1640 369 369 369 369 -9999 -9999 -9999 -9999 -9999 -9999 -9999 -9999 -9999 -9999 -9999 -9999
1705 1705 1705 1342 1342 1373 1373 1373 -9999 -9999 -9999 -9999 -9999 -9999 -9999 -9999 -9999 -9999 -9999 -9999 -9999 -9999 -9999 -9999 -9999 -9999 -9999 -9999 -9999 -9999 -9999 -9999 -9999 -9999 -9999 -9999 -9999 -9999 -9999 -9999 -9999 -9999 -9999 -9999 -9999 -9999 -9999 -9999 -9999 -9999 -9999 -9999 -9999 -9999 -9999 -9999 -9999 -9999 -9999 -9999 -9999 1640 1640 1640 1640 1640 369 369 369 -9999 -9999 -9999 -9999 -9999 -9999 -9999 -9999 -9999 -9999 -9999
1705 1705 1342 1342 1373 1373 1373 1373 1373 1373 1373 1373 -9999 -9999 -9999 -9999 -9999 -9999 -9999 -9999 -9999 -9999 -9999 -9999 -9999 -9999 -9999 -9999 232 15 -9999 -9999 -9999 -9999 -9999 -9999 -9999 -9999 -9999 -9999 -9999 -9999 -9999 -9999 -9999 -9999 -9999 -9999 -9999 -9999 -9999 -9999 -9999 -9999 -9999 -9999 -9999 -9999 -9999 -9999 -9999 1640 -9999 1640 1640 1640 1640 369 2867 2867 1065 -9999 -9999 -9999 -9999 -9999 -9999 -9999 -9999 -9999
1705 1705 1342 1342 1373 1373 1373 1373 1373 1373 1373 1373 1373 -9999 -9999 -9999 -9999 -9999 -9999 -9999 -9999 -9999 -9999 -9999 -9999 -9999 -9999 226 216 448 271 271 271 271 271 271 271 271 271 271 271 -9999 -9999 -9999 -9999 -9999 -9999 -9999 -9999 -9999 -9999 -9999 -9999 -9999 -9999 -9999 -9999 -9999 -9999 -9999 -9999 -9999 -9999 -9999 1640 1640 1640 2867 2867 2867 2867 -9999 -9999 -9999 -9999 -9999 -9999 -9999 -9999 -9999
1705 1342 1342 1758 1373 1373 1373 1373 1373 1373 1373 1373 1373 1373 -9999 -9999 -9999 -9999 1644 1038 367 1547 2402 1639 1416 482 281 290 136 275 271 271 271 271 271 271 271 271 271 271 271 271 271 271 -9999 -9999 -9999 -9999 -9999 -9999 -9999 -9999 -9999 -9999 -9999 -9999 -9999 -9999 -9999 -9999 -9999 -9999 -9999 -9999 -9999 1640 1051 1640 2867 2867 2867 -9999 -9999 -9999 -9999 -9999 -9999 -9999 -9999 -9999
1342 1342 1758 1758 1758 1373 1373 1373 1373 1373 1373 1373 1373 1373 -9999 0 0 0 15 8 -9999 -9999 206 178 116 -9999 181 54 127 -9999 271 271 271 271 271 272 272 272 271 271 271 271 271 271 271 271 -9999 -9999 -9999 -9999 -9999 -9999 -9999 -9999 -9999 -9999 -9999 -9999 -9999 -9999 -9999 -9999 -9999 -9999 -9999 1640 1051 1051 1051 2867 2867 2867 -9999 -9999 -9999 -9999 -9999 -9999 -9999 -9999
1342 1758 1758 1758 1758 1758 1758 1758 1373 1373 1373 1373 1373 1758 0 0 0 0 0 15 -9999 -9999 155 415 284 171 121 175 -9999 -9999 271 271 271 271 272 272 272 272 272 271 271 271 271 271 271 271 271 -9999 -9999 -9999 -9999 -9999 -9999 -9999 -9999 -9999 -9999 -9999 -9999 -9999 -9999 -9999 -9999 -9999 -9999 -9999 1051 1051 1051 1051 1051 2867 -9999 -9999 -9999 -9999 -9999 -9999 -9999 -9999
1342 1758 1758 1758 1758 1758 1758 1758 1758 1758 1373 1373 1758 0 0 0 0 0 0 0 0 0 -9999 39 58 60 18 0 -9999 39 110 271 271 271 272 272 272 272 272 271 271 271 271 271 271 271 271 271 271 -9999 -9999 -9999 -9999 -9999 -9999 -9999 -9999 -9999 -9999 -9999 -9999 -9999 -9999 -9999 -9999 -9999 -9999 -9999 1051 1051 1051 1051 -9999 -9999 -9999 -9999 -9999 -9999 -9999 -9999
1012 1236 1236 1236 1236 1236 1236 1236 1758 1758 1758 1758 0 0 0 0 0 0 0 0 0 0 0 0 0 -9999 -9999 110 110 110 110 110 271 272 272 272 272 272 272 271 271 271 271 271 271 271 271 271 271 271 271 -9999 -9999 -9999 -9999 -9999 -9999 -9999 -9999 -9999 -9999 -9999 -9999 -9999 -9999 -9999 -9999 -9999 1051 1051 1051 1051 1051 1051 -9999 -9999 -9999 -9999 -9999 -9999
1236 1236 1236 1236 1236 1236 1236 1236 1236 1236 1758 897 0 0 0 0 0 0 0 0 0 0 0 0 0 0 0 -9999 110 110 110 110 271 272 272 272 272 272 272 271 271 271 271 271 271 271 271 271 271 271 271 271 -9999 -9999 -9999 -9999 -9999 -9999 -9999 -9999 -9999 -9999 -9999 -9999 -9999 -9999 -9999 -9999 -9999 1051 1051 1051 1051 1051 1051 1051 1051 1051 1051 2302
1236 1236 1236 1236 1758 1758 1758 1758 1758 1758 1758 1758 0 0 0 0 0 0 0 0 0 0 0 0 0 0 0 0 -9999 110 110 110 271 272 272 272 272 272 272 271 271 271 271 271 271 271 271 271 271 271 271 271 271 -9999 -9999 -9999 -9999 -9999 -9999 -9999 -9999 928 -9999 -9999 -9999 -9999 -9999 -9999 -9999 -9999 1051 1051 1051 1051 1051 1051 1051 1051 1051 2302
1576 1236 1236 1236 1758 1758 1758 1758 1758 1758 1758 1758 1758 1758 582 0 0 0 0 0 0 0 0 0 0 0 0 0 0 -9999 110 110 110 110 272 272 272 272 272 271 271 271 271 271 271 271 271 271 271 271 271 271 1320 1656 1285 -9999 -9999 -9999 -9999 -9999 -9999 631 421 -9999 -9999 -9999 -9999 -9999 -9999 -9999 -9999 -9999 1051 1051 1051 1051 1051 1051 2302 2302
1012 1576 1576 1576 1576 1576 1576 1576 1576 1576 1576 1576 1758 1758 1758 0 0 0 0 0 0 0 0 0 0 0 0 0 0 -9999 110 110 110 110 110 110 272 272 272 271 271 271 271 271 271 271 271 271 271 271 271 271 1095 1108 1990 -9999 -9999 -9999 -9999 -9999 -9999 2472 1335 540 -9999 -9999 -9999 -9999 -9999 -9999 -9999 -9999 -9999 -9999 1051 1051 1051 1051 2302 2302
1012 1012 1576 1576 1576 1576 1576 1576 1576 1576 1576 1576 1576 1576 1758 0 0 0 0 0 0 0 0 0 0 0 0 0 0 0 -9999 110 110 110 110 110 110 272 272 271 271 271 271 271 271 271 271 271 271 271 271 122 390 599 939 716 2019 -9999 -9999 -9999 -9999 1262 307 1240 -9999 -9999 -9999 -9999 -9999 -9999 -9999 -9999 -9999 -9999 -9999 1051 1051 1051 2302 2302
1012 1012 1012 1576 1576 1576 1576 1576 1576 1576 1576 1576 1576 1576 4202 4202 4202 1439 0 0 0 0 0 0 0 0 0 0 0 0 0 83 -9999 110 110 110 110 110 271 271 271 271 271 271 271 271 271 271 271 271 271 111 241 195 1016 1017 966 1334 -9999 -9999 874 497 678 2138 -9999 -9999 -9999 -9999 -9999 -9999 -9999 -9999 -9999 -9999 -9999 -9999 1051 2302 2302 767
1012 1012 1012 1012 1012 1012 1012 1012 1576 1576 1576 1576 1012 1012 4202 4202 4202 4202 4202 0 0 0 0 0 0 0 0 0 0 0 0 0 50 -9999 110 110 110 110 110 271 271 271 271 271 271 271 271 271 271 271 107 381 227 167 258 789 912 681 1214 2163 1332 1016 1084 1414 -9999 -9999 -9999 -9999 -9999 -9999 -9999 -9999 -9999 -9999 -9999 -9999 -9999 2302 767 767
1012 1012 1012 1012 1012 1012 1012 1012 1012 1012 1012 1012 1012 4202 4202 4202 4202 4202 4202 2043 0 0 0 0 0 0 0 0 0 0 0 -9999 119 119 119 14 -9999 0 110 271 271 271 271 271 271 271 271 271 271 271 115 322 469 175 189 142 146 336 113 349 237 828 850 1219 2057 2041 1634 -9999 -9999 -9999 -9999 -9999 -9999 -9999 -9999 -9999 -9999 -9999 767 767
1012 1012 1012 1012 1012 1012 1012 1012 1012 1012 1012 1012 4202 4202 4202 4202 4202 4202 2043 2043 2043 0 0 0 0 0 0 0 0 0 -9999 119 119 119 119 119 119 119 -9999 -9999 271 271 271 271 271 271 271 271 271 13 217 240 155 159 138 190 280 193 230 259 355 655 687 248 127 454 480 3598 -9999 -9999 -9999 -9999 -9999 -9999 -9999 -9999 -9999 -9999 3215 3215
1012 1012 1012 1012 1012 1012 1012 1012 1012 4019 4019 4019 4019 4202 4019 4019 4202 4202 2043 2043 2043 2043 0 0 0 0 0 0 0 0 119 119 119 119 119 119 119 119 119 119 -9999 271 271 271 271 271 271 271 271 18 267 217 296 302 128 178 270 194 145 120 144 265 1475 308 553 486 528 1090 2162 -9999 103 105 -9999 -9999 -9999 -9999 -9999 -9999 -9999 3215
1012 1012 1012 1012 1012 1012 1012 1012 4019 4019 4019 4019 4019 4019 4019 4019 4019 2043 2043 2043 2043 2043 2043 0 0 0 0 0 0 0 119 119 119 119 119 119 119 119 119 119 119 119 -9999 271 271 271 271 271 64 637 682 354 270 103 901 637 373 748 484 324 710 614 684 123 609 480 22 321 0 334 536 528 1427 1362 -9999 1413 -9999 -9999 -9999 3215
1012 1012 1012 1012 1012 1012 1012 639 4019 4019 4019 4019 4019 4019 4019 4019 4019 2043 2043 2043 2043 2043 2043 0 0 0 0 0 0 0 271 119 119 119 119 119 119 119 119 119 119 119 119 -9999 -9999 271 271 271 99 343 441 146 176 542 1039 404 876 792 404 849 1367 215 894 158 303 124 735 65 315 75 0 10 15 924 604 1720 -9999 -9999 -9999 -9999
1012 1012 1012 1012 1012 1012 639 639 4019 4019 4019 4019 4019 4019 4019 2043 2043 2043 2043 2043 2043 2043 2043 332 0 0 0 0 0 0 -9999 0 0 119 119 119 119 119 119 119 119 119 119 119 119 -9999 271 91 264 178 577 201 124 653 273 337 847 634 1966 2157 1002 974 1052 681 297 183 28 1442 0 53 243 48 12 6 211 1823 -9999 -9999 -9999 -9999
1012 1012 1012 1012 1012 639 639 639 639 639 4019 4019 4019 2043 2043 2043 2043 2043 2043 2043 2043 2043 2043 0 0 0 0 0 0 0 -9999 0 0 0 119 119 119 119 119 119 119 119 119 119 119 119 119 -9999 76 71 147 450 999 1006 1001 1125 1180 830 2455 1702 2026 1537 359 414 462 174 1674 1449 862 26 18 22 106 287 551 -9999 -9999 -9999 -9999 -9999
1012 1012 1012 1012 639 639 639 639 639 639 639 639 639 2043 2043 2043 2043 2043 2043 2043 2043 2043 2043 0 0 0 0 0 0 0 -9999 -9999 0 0 0 0 119 119 119 119 119 119 119 119 119 119 185 71 -9999 58 34 86 177 437 842 608 1050 1804 1836 1921 1947 1541 194 38 599 103 108 353 923 152 147 5 516 0 1932 -9999 -9999 -9999 -9999 -9999
1012 1012 1012 1012 639 639 639 639 639 639 639 639 639 639 639 2043 2043 285 285 285 285 285 285 28 0 0 0 0 0 0 0 0 -9999 0 0 0 0 119 119 119 119 119 119 119 119 119 236 5 -9999 342 20 42 166 226 526 1553 646 785 141 1083 508 593 22 351 238 242 221 493 600 121 1279 20 685 178 -9999 -9999 -9999 -9999 -9999 -9999
639 639 639 639 639 639 639 639 639 639 639 348 285 285 285 285 285 285 285 285 285 285 285 120 0 0 0 0 0 0 0 114 0 0 0 0 0 0 119 119 119 119 119 119 119 268 279 163 0 212 107 82 267 154 208 423 196 166 33 250 464 278 79 48 81 115 385 584 996 100 246 534 236 1490 -9999 -9999 -9999 -9999 -9999 -9999
639 639 639 639 639 67 67 348 348 348 348 348 348 285 285 285 285 285 285 285 285 285 285 285 115 0 0 0 0 0 0 0 0 0 0 0 0 0 0 119 119 119 119 119 119 109 66 0 99 -9999 63 56 75 40 32 14 124 74 29 17 138 105 36 91 85 63 891 243 258 275 160 162 30 1820 -9999 -9999 -9999 -9999 -9999 -9999
