04_184A004/bm_manty_juuret.asc
ncols 172
nrows 237
xllcorner 610032
yllcorner 6876144
cellsize 16
nodata_value -9999
[rows 180 to 215 of 237, columns 81 to 161 of 172]
133 133 133 133 133 133 0 0 0 0 0 0 0 0 0 0 0 0 0 0 0 0 0 0 669 52 52 52 277 277 477 477 477 477 477 477 477 477 477 477 29 29 29 526 447 508 946 846 584 -9999 759 882 593 -9999 -9999 853 886 792 758 1118 889 646 1511 884 750 1335 855 817 825 1049 943 836 760 -9999 -9999 -9999 -9999 -9999 -9999 -9999 -9999
133 133 133 133 133 133 0 0 0 0 0 0 0 0 0 0 0 0 0 0 0 0 0 0 782 52 52 52 277 277 477 477 477 477 477 477 477 477 477 477 477 477 29 724 828 655 462 849 885 688 416 -9999 267 130 460 876 1224 1117 889 -9999 1007 765 1479 1349 490 872 696 1267 1189 739 1436 880 707 738 -9999 -9999 -9999 -9999 -9999 -9999 -9999
0 133 133 133 133 133 133 0 0 0 0 0 0 0 0 0 0 0 0 0 0 0 0 0 0 707 52 52 52 277 477 477 477 477 477 477 477 477 477 477 477 477 653 1082 943 168 372 466 422 410 228 158 142 -9999 -9999 773 759 -9999 1065 2030 1219 340 -9999 1260 1160 686 1069 945 1523 1243 789 679 806 569 849 484 518 557 -9999 -9999 -9999
0 0 0 133 133 133 133 133 0 0 0 0 393 393 0 0 0 0 0 0 0 0 0 0 0 0 0 72 72 477 477 477 477 477 477 477 477 477 477 477 477 10 631 871 999 339 354 479 444 318 306 273 228 590 -9999 -9999 846 1535 675 375 766 1461 1880 -9999 259 940 1155 693 1261 790 521 494 587 837 907 823 366 517 0 -9999 631
-9999 0 0 0 0 133 133 133 133 0 0 393 393 393 393 0 0 0 0 0 0 0 0 0 0 0 72 72 72 72 477 477 477 477 477 477 477 477 477 477 477 477 302 904 869 427 732 635 693 775 742 509 691 932 1314 1314 1334 533 468 553 731 593 769 346 -9999 -9999 1363 607 707 719 245 467 133 813 801 492 297 42 0 -9999 -9999
-9999 -9999 0 0 0 0 0 0 0 0 393 393 393 393 393 393 0 0 0 0 0 0 0 0 0 0 0 514 72 72 477 477 477 477 477 477 477 477 477 477 477 477 477 377 532 619 599 639 649 567 557 360 329 987 1211 1096 640 315 543 306 272 411 612 806 1126 1134 -9999 -9999 811 635 493 565 415 1231 1443 616 -9999 -9999 -9999 -9999 -9999
-9999 -9999 -9999 -9999 0 0 0 0 0 0 393 393 393 393 1321 1321 393 0 0 0 0 0 0 0 0 0 0 245 72 72 72 477 477 477 477 477 477 477 477 477 477 477 477 477 477 0 890 368 651 710 457 366 364 1187 633 341 15 56 70 104 649 711 323 469 567 1617 568 1233 -9999 -9999 562 61 551 -9999 -9999 -9999 -9999 -9999 -9999 -9999 -9999
-9999 -9999 -9999 -9999 -9999 1420 1420 0 0 393 393 393 393 393 1321 1321 393 393 393 393 0 1321 0 0 0 0 0 0 72 72 72 477 477 477 477 477 477 477 477 477 477 477 477 477 477 477 376 257 901 868 624 322 323 542 166 79 86 107 51 54 69 108 375 796 647 1720 1529 645 1361 1289 1066 -9999 -9999 -9999 -9999 -9999 -9999 -9999 -9999 -9999 -9999
-9999 -9999 -9999 -9999 -9999 -9999 -9999 1420 1420 1420 1420 1420 1420 393 1321 1321 1321 1321 393 393 1321 1321 1321 0 0 0 0 0 0 72 72 477 477 477 477 477 477 477 477 477 477 477 477 477 477 477 477 80 512 1188 441 339 100 286 314 136 111 32 0 7 62 26 48 493 466 1267 1252 2005 1694 1574 1328 827 -9999 -9999 -9999 -9999 -9999 -9999 -9999 -9999 -9999
-9999 -9999 -9999 -9999 -9999 -9999 -9999 -9999 1420 1420 1420 1420 1420 1420 1321 1321 1321 1321 1321 1321 1321 1321 1321 1321 0 0 0 0 0 72 72 72 477 477 477 477 477 477 477 477 477 477 477 477 477 477 477 80 80 672 416 372 147 6 23 6 23 7 0 0 24 27 24 556 531 547 1153 1047 1121 753 1583 1436 -9999 -9999 -9999 -9999 -9999 -9999 -9999 -9999 -9999
-9999 -9999 -9999 -9999 -9999 -9999 -9999 -9999 -9999 -9999 1420 1420 1420 1420 1321 1321 1321 1321 1321 1321 1321 1321 1321 1321 0 0 0 0 0 72 72 72 72 477 477 477 477 477 477 477 477 477 477 477 477 477 80 80 80 80 80 747 136 25 117 24 7 4 6 54 28 46 0 405 748 382 1518 1278 530 1085 1217 1199 -9999 -9999 -9999 -9999 -9999 -9999 -9999 -9999 -9999
-9999 -9999 -9999 -9999 -9999 -9999 -9999 -9999 -9999 -9999 -9999 1420 1420 1420 1321 1321 1321 1321 1321 1321 1321 1321 1321 1321 0 0 0 0 100 72 72 72 72 72 477 477 477 477 477 477 477 477 477 477 477 477 80 80 80 80 80 80 82 124 103 28 7 0 0 4 8 101 59 275 836 607 963 618 983 1327 731 1066 -9999 -9999 -9999 -9999 -9999 -9999 -9999 -9999 -9999
-9999 -9999 -9999 -9999 -9999 -9999 -9999 -9999 -9999 -9999 -9999 -9999 -9999 1420 1321 1321 1321 1321 1321 1321 1321 1321 1321 1321 0 0 0 0 72 72 72 72 72 72 477 477 477 477 477 477 477 477 477 477 477 72 80 80 80 80 80 80 307 689 103 105 24 0 0 27 8 30 5 125 732 814 670 535 1284 1314 1113 1044 -9999 -9999 -9999 -9999 -9999 -9999 -9999 -9999 -9999
-9999 -9999 -9999 -9999 -9999 -9999 -9999 -9999 -9999 -9999 -9999 -9999 -9999 -9999 -9999 1420 1321 1321 1321 1321 1321 1321 1321 1321 1321 0 0 72 72 72 72 72 72 72 72 72 72 72 72 72 72 477 72 72 72 72 80 80 80 80 80 80 307 307 307 236 15 6 0 64 42 53 23 140 104 725 377 839 1181 1386 1382 1273 -9999 -9999 -9999 -9999 -9999 -9999 -9999 -9999 -9999
-9999 -9999 -9999 -9999 -9999 -9999 -9999 -9999 -9999 -9999 -9999 -9999 -9999 -9999 -9999 -9999 -9999 1321 1321 1321 1321 1321 1321 1321 1321 1321 0 560 72 72 72 72 72 72 72 72 72 72 72 72 72 72 72 72 72 80 80 80 80 80 80 80 307 307 307 307 238 7 20 28 34 29 64 24 55 66 167 632 601 1556 1336 947 -9999 -9999 -9999 -9999 -9999 -9999 -9999 -9999 -9999
-9999 -9999 -9999 -9999 -9999 -9999 -9999 -9999 -9999 -9999 -9999 -9999 -9999 -9999 -9999 -9999 -9999 -9999 1321 1321 1321 1321 1321 1321 1321 1321 1321 754 72 72 72 72 72 72 72 72 72 72 72 72 72 72 72 72 72 80 80 80 80 80 80 1035 1035 307 307 307 217 217 5 30 25 22 27 0 21 339 668 800 1340 1664 1191 1140 -9999 -9999 -9999 -9999 -9999 -9999 -9999 -9999 -9999
-9999 -9999 -9999 -9999 -9999 -9999 -9999 -9999 -9999 -9999 -9999 -9999 -9999 -9999 -9999 -9999 -9999 -9999 -9999 -9999 1403 1403 1403 1403 1321 1321 1321 1321 72 72 72 72 72 72 72 72 72 72 72 72 72 72 72 72 72 80 80 80 80 80 1035 1035 1035 307 307 307 217 217 217 299 63 57 25 66 20 212 594 1117 1792 1140 1844 1761 -9999 -9999 -9999 -9999 -9999 -9999 -9999 -9999 -9999
-9999 -9999 -9999 -9999 -9999 -9999 -9999 -9999 -9999 -9999 -9999 -9999 -9999 -9999 -9999 -9999 -9999 -9999 -9999 -9999 -9999 -9999 1403 1403 1403 1403 1321 1321 1321 251 72 72 72 72 72 72 72 72 72 72 72 72 72 72 72 80 80 80 80 1035 0 0 1035 1035 307 307 217 217 217 217 217 68 49 21 63 337 206 829 258 447 548 600 -9999 -9999 -9999 -9999 -9999 -9999 -9999 -9999 -9999
-9999 -9999 -9999 -9999 -9999 -9999 -9999 -9999 -9999 -9999 -9999 -9999 -9999 -9999 -9999 -9999 -9999 -9999 -9999 -9999 -9999 -9999 -9999 -9999 1403 1403 1403 1403 1403 1321 1321 1321 86 1022 487 398 326 728 72 72 72 72 72 72 72 80 80 80 80 1035 0 0 0 1035 307 307 307 217 217 217 217 217 244 155 41 142 260 42 88 466 467 294 -9999 -9999 -9999 -9999 -9999 -9999 -9999 -9999 -9999
-9999 -9999 -9999 -9999 -9999 -9999 -9999 -9999 -9999 -9999 -9999 -9999 -9999 -9999 -9999 -9999 -9999 -9999 -9999 -9999 -9999 -9999 -9999 -9999 -9999 -9999 1403 1403 1403 1403 1403 1403 1403 86 86 86 86 86 72 72 72 72 72 72 72 80 80 80 80 1035 0 0 0 1035 307 307 307 217 217 217 217 217 217 217 250 348 1140 1520 288 787 432 702 -9999 -9999 -9999 -9999 -9999 -9999 -9999 -9999 -9999
-9999 -9999 -9999 -9999 -9999 -9999 -9999 -9999 -9999 -9999 -9999 -9999 -9999 -9999 -9999 -9999 -9999 -9999 -9999 -9999 -9999 -9999 -9999 -9999 -9999 -9999 0 -9999 1403 1403 1403 1403 1403 1403 86 86 86 86 86 86 72 72 72 72 72 80 80 80 72 1035 1035 0 0 1035 307 307 307 307 217 217 217 217 217 217 217 59 1143 614 892 1300 -9999 -9999 -9999 -9999 -9999 -9999 -9999 -9999 -9999 -9999 -9999
-9999 -9999 -9999 -9999 -9999 -9999 -9999 -9999 -9999 -9999 -9999 -9999 -9999 -9999 -9999 -9999 -9999 -9999 -9999 -9999 -9999 -9999 -9999 -9999 -9999 -9999 -9999 1539 -9999 -9999 1403 1403 1403 1403 1403 1403 1403 86 86 86 86 86 510 72 72 72 72 72 72 72 1035 0 0 1035 307 307 307 307 217 217 217 217 217 217 217 217 217 1399 1714 -9999 -9999 -9999 -9999 -9999 -9999 -9999 -9999 -9999 -9999 -9999 -9999
-9999 -9999 -9999 -9999 -9999 -9999 -9999 -9999 -9999 -9999 -9999 -9999 -9999 -9999 -9999 -9999 -9999 -9999 -9999 -9999 -9999 -9999 -9999 -9999 -9999 -9999 -9999 -9999 -9999 1539 -9999 1403 1403 1403 1403 1403 1403 1403 1403 1403 86 86 86 86 72 72 72 72 72 72 1035 0 0 0 1035 307 307 307 307 217 217 217 217 217 217 217 217 217 -9999 -9999 -9999 -9999 -9999 -9999 -9999 -9999 -9999 -9999 -9999 -9999 -9999
-9999 -9999 -9999 -9999 -9999 -9999 -9999 -9999 -9999 -9999 -9999 -9999 -9999 -9999 -9999 -9999 -9999 -9999 -9999 -9999 -9999 -9999 -9999 -9999 -9999 -9999 -9999 -9999 -9999 -9999 1539 -9999 1403 1403 1403 1403 1403 1403 1403 1403 1403 86 86 86 86 347 72 72 72 72 72 0 0 0 1035 307 307 307 307 217 217 217 217 217 217 217 217 217 -9999 -9999 -9999 -9999 -9999 -9999 -9999 -9999 -9999 -9999 -9999 -9999 -9999
-9999 -9999 -9999 -9999 -9999 -9999 -9999 -9999 -9999 -9999 -9999 -9999 -9999 -9999 -9999 -9999 -9999 -9999 -9999 -9999 -9999 -9999 -9999 -9999 -9999 -9999 -9999 -9999 -9999 -9999 -9999 -9999 -9999 1403 1403 1403 1403 1403 1403 1403 1403 1403 86 86 86 544 72 72 72 72 72 0 0 0 0 1035 307 307 307 307 217 217 217 217 217 217 217 217 -9999 -9999 -9999 -9999 -9999 -9999 -9999 -9999 -9999 -9999 -9999 -9999 -9999
-9999 -9999 -9999 -9999 -9999 -9999 -9999 -9999 -9999 -9999 -9999 -9999 -9999 -9999 -9999 -9999 -9999 -9999 -9999 -9999 -9999 -9999 -9999 -9999 -9999 -9999 -9999 -9999 -9999 -9999 -9999 -9999 -9999 -9999 1403 1403 1403 1403 1403 1403 1403 1403 86 86 72 72 72 72 72 72 72 72 0 0 0 1035 1035 307 307 307 217 217 217 217 217 217 217 217 -9999 -9999 -9999 -9999 -9999 -9999 -9999 -9999 -9999 -9999 -9999 -9999 -9999
-9999 -9999 -9999 -9999 -9999 -9999 -9999 -9999 -9999 -9999 -9999 -9999 -9999 -9999 -9999 -9999 -9999 -9999 -9999 -9999 -9999 -9999 -9999 -9999 -9999 -9999 -9999 -9999 -9999 -9999 -9999 -9999 -9999 -9999 -9999 1403 1403 1403 1403 1403 1403 107 107 72 72 72 72 72 72 72 72 72 1035 0 0 1035 1035 307 307 307 307 217 217 217 217 217 217 217 -9999 -9999 -9999 -9999 -9999 -9999 -9999 -9999 -9999 -9999 -9999 -9999 -9999
-9999 -9999 -9999 -9999 -9999 -9999 -9999 -9999 -9999 -9999 -9999 -9999 -9999 -9999 -9999 -9999 -9999 -9999 -9999 -9999 -9999 -9999 -9999 -9999 -9999 -9999 -9999 -9999 -9999 -9999 -9999 -9999 -9999 -9999 -9999 1539 -9999 1403 1403 1403 107 107 143 72 72 72 301 301 301 301 72 72 72 1035 1035 1035 1035 307 307 307 307 217 217 217 217 217 217 217 -9999 -9999 -9999 -9999 -9999 -9999 -9999 -9999 -9999 -9999 -9999 -9999 -9999
-9999 -9999 -9999 -9999 -9999 -9999 -9999 -9999 -9999 -9999 -9999 -9999 -9999 -9999 -9999 -9999 -9999 -9999 -9999 -9999 -9999 -9999 -9999 -9999 -9999 -9999 -9999 -9999 -9999 -9999 -9999 -9999 -9999 -9999 -9999 -9999 706 -9999 1403 107 107 107 107 301 301 301 301 301 301 301 301 72 72 72 1035 1035 307 307 307 307 307 217 217 217 217 217 217 217 -9999 -9999 -9999 -9999 -9999 -9999 -9999 -9999 -9999 -9999 -9999 -9999 -9999
-9999 -9999 -9999 -9999 -9999 -9999 -9999 -9999 -9999 -9999 -9999 -9999 -9999 -9999 -9999 -9999 -9999 -9999 -9999 -9999 -9999 -9999 -9999 -9999 -9999 -9999 -9999 -9999 -9999 -9999 -9999 -9999 -9999 -9999 -9999 -9999 706 706 -9999 107 107 107 107 301 301 301 301 301 301 301 301 184 184 72 1035 307 307 307 307 307 307 307 307 307 88 88 88 88 -9999 -9999 -9999 -9999 -9999 -9999 -9999 -9999 -9999 -9999 -9999 -9999 -9999
-9999 -9999 -9999 -9999 -9999 -9999 -9999 -9999 -9999 -9999 -9999 -9999 -9999 -9999 -9999 -9999 -9999 -9999 -9999 -9999 -9999 -9999 -9999 -9999 -9999 -9999 -9999 -9999 -9999 -9999 -9999 -9999 -9999 -9999 -9999 706 706 706 706 -9999 107 107 22 301 301 301 301 301 1116 301 301 184 184 184 184 184 184 307 307 307 307 307 307 88 88 88 88 88 -9999 -9999 -9999 -9999 -9999 -9999 -9999 -9999 -9999 -9999 -9999 -9999 -9999
-9999 -9999 -9999 -9999 -9999 -9999 -9999 -9999 -9999 -9999 -9999 -9999 -9999 -9999 -9999 -9999 -9999 -9999 -9999 -9999 -9999 -9999 -9999 -9999 -9999 -9999 -9999 -9999 -9999 -9999 -9999 -9999 -9999 -9999 706 706 706 706 110 110 464 107 301 301 301 301 301 1116 1116 1116 301 184 184 184 184 184 184 184 184 307 307 307 88 88 88 88 88 88 -9999 -9999 -9999 -9999 -9999 -9999 -9999 -9999 -9999 -9999 -9999 -9999 -9999
-9999 -9999 -9999 -9999 -9999 -9999 -9999 -9999 -9999 -9999 -9999 -9999 -9999 -9999 -9999 -9999 -9999 -9999 -9999 -9999 -9999 -9999 -9999 -9999 -9999 -9999 -9999 -9999 -9999 -9999 -9999 -9999 -9999 -9999 706 706 110 110 110 110 284 31 301 301 301 301 1116 1116 1116 1116 1116 184 184 184 184 184 184 184 184 88 88 88 88 88 88 88 88 88 -9999 -9999 -9999 -9999 -9999 -9999 -9999 -9999 -9999 -9999 -9999 -9999 -9999
-9999 -9999 -9999 -9999 -9999 -9999 -9999 -9999 -9999 -9999 -9999 -9999 -9999 -9999 -9999 -9999 -9999 -9999 -9999 -9999 -9999 -9999 -9999 -9999 -9999 -9999 -9999 -9999 -9999 -9999 -9999 -9999 -9999 706 706 110 110 110 110 110 301 301 -9999 301 301 1116 1116 1116 1116 1116 1116 1116 184 184 184 184 184 88 88 88 88 88 88 88 88 88 88 88 88 -9999 -9999 -9999 -9999 -9999 -9999 -9999 -9999 -9999 -9999 -9999 -9999
-9999 -9999 -9999 -9999 -9999 -9999 -9999 -9999 -9999 -9999 -9999 -9999 -9999 -9999 -9999 -9999 -9999 -9999 -9999 -9999 -9999 -9999 -9999 -9999 -9999 -9999 -9999 -9999 -9999 -9999 -9999 -9999 706 706 110 110 110 110 110 0 301 301 301 301 -9999 -9999 1116 1116 1116 1116 1116 1116 1116 1116 184 184 184 88 88 88 88 88 88 88 88 88 88 88 88 -9999 -9999 -9999 -9999 -9999 -9999 -9999 -9999 -9999 -9999 -9999 -9999
-9999 -9999 -9999 -9999 -9999 -9999 -9999 -9999 -9999 -9999 -9999 -9999 -9999 -9999 -9999 -9999 -9999 -9999 -9999 -9999 -9999 -9999 -9999 -9999 -9999 -9999 -9999 -9999 -9999 -9999 -9999 110 110 110 110 110 110 110 110 386 185 301 301 301 813 813 585 -9999 1116 1116 1116 1116 -9999 -9999 184 184 184 88 88 88 88 88 88 88 88 177 177 177 -9999 -9999 -9999 -9999 -9999 -9999 -9999 -9999 -9999 -9999 -9999 -9999 -9999
