04_184A004/bm_manty_juuret.asc
ncols 172
nrows 237
xllcorner 610032
yllcorner 6876144
cellsize 16
nodata_value -9999
[rows 144 to 179 of 237, columns 81 to 161 of 172]
477 477 477 477 477 -9999 -9999 -9999 -9999 -9999 -9999 -9999 -9999 -9999 -9999 -9999 -9999 -9999 -9999 -9999 -9999 -9999 -9999 -9999 -9999 -9999 -9999 -9999 -9999 -9999 -9999 -9999 -9999 -9999 -9999 0 0 0 0 0 0 0 0 0 0 0 0 0 0 0 0 0 0 0 0 151 151 -9999 -9999 1148 1148 1148 1148 1148 1148 1148 1148 1148 -9999 -9999 -9999 -9999 -9999 -9999 -9999 -9999 -9999 -9999 -9999 -9999 -9999
350 350 350 350 350 350 -9999 -9999 -9999 -9999 -9999 -9999 -9999 -9999 -9999 -9999 -9999 -9999 -9999 -9999 -9999 -9999 -9999 -9999 -9999 -9999 -9999 -9999 -9999 -9999 -9999 -9999 -9999 -9999 -9999 -9999 -9999 -9999 0 0 0 0 0 0 0 0 0 0 0 0 0 0 0 0 0 0 151 151 151 -9999 -9999 1148 1148 1148 1148 1148 1148 1148 1148 1148 -9999 -9999 -9999 -9999 -9999 -9999 -9999 -9999 -9999 -9999 -9999
42 350 350 350 350 -9999 -9999 -9999 -9999 -9999 -9999 -9999 -9999 -9999 -9999 -9999 -9999 -9999 -9999 -9999 -9999 -9999 -9999 -9999 -9999 -9999 -9999 -9999 -9999 -9999 -9999 -9999 -9999 -9999 -9999 -9999 -9999 -9999 -9999 -9999 -9999 0 0 0 0 0 0 0 0 0 0 0 0 0 0 0 0 151 151 151 151 151 -9999 1148 1148 1148 1148 1148 1148 1148 -9999 -9999 -9999 -9999 -9999 -9999 -9999 -9999 -9999 -9999 -9999
42 42 105 -9999 -9999 -9999 -9999 -9999 -9999 -9999 -9999 -9999 -9999 -9999 -9999 -9999 -9999 -9999 -9999 -9999 -9999 -9999 -9999 -9999 -9999 -9999 -9999 -9999 -9999 -9999 -9999 -9999 -9999 -9999 -9999 -9999 -9999 -9999 -9999 -9999 -9999 -9999 -9999 0 0 828 0 828 0 0 0 0 0 0 0 0 0 151 151 151 151 151 151 151 -9999 1148 1148 1148 1148 -9999 -9999 -9999 -9999 -9999 -9999 -9999 -9999 -9999 -9999 -9999 -9999
42 42 -9999 -9999 -9999 -9999 -9999 -9999 -9999 -9999 -9999 -9999 -9999 -9999 -9999 -9999 -9999 -9999 -9999 -9999 -9999 -9999 -9999 -9999 -9999 -9999 -9999 -9999 -9999 -9999 -9999 -9999 -9999 -9999 -9999 -9999 -9999 -9999 -9999 -9999 -9999 -9999 -9999 -9999 -9999 -9999 -9999 828 828 0 0 0 0 0 0 0 151 151 151 151 151 151 151 151 151 151 -9999 1148 -9999 -9999 -9999 -9999 -9999 -9999 -9999 -9999 -9999 -9999 -9999 -9999 -9999
-9999 -9999 -9999 -9999 -9999 -9999 -9999 -9999 -9999 -9999 -9999 -9999 -9999 -9999 -9999 -9999 -9999 -9999 -9999 -9999 -9999 -9999 -9999 -9999 -9999 -9999 -9999 -9999 -9999 -9999 -9999 -9999 -9999 -9999 -9999 -9999 -9999 -9999 -9999 -9999 -9999 -9999 -9999 -9999 -9999 -9999 -9999 -9999 -9999 -9999 -9999 -9999 -9999 828 828 828 151 151 151 151 0 0 0 151 151 151 151 151 -9999 -9999 -9999 -9999 -9999 -9999 -9999 -9999 -9999 -9999 -9999 -9999 -9999
-9999 -9999 -9999 -9999 -9999 -9999 -9999 -9999 -9999 -9999 -9999 -9999 -9999 -9999 -9999 -9999 -9999 -9999 -9999 -9999 -9999 -9999 -9999 -9999 -9999 -9999 -9999 -9999 -9999 -9999 -9999 -9999 -9999 -9999 -9999 -9999 -9999 -9999 -9999 -9999 -9999 -9999 -9999 -9999 -9999 -9999 -9999 -9999 -9999 -9999 -9999 -9999 -9999 828 828 -9999 828 0 0 0 0 0 0 151 151 151 151 151 -9999 -9999 -9999 -9999 -9999 -9999 -9999 -9999 -9999 -9999 -9999 -9999 -9999
42 -9999 -9999 -9999 -9999 -9999 -9999 -9999 -9999 -9999 -9999 -9999 -9999 -9999 -9999 -9999 -9999 -9999 -9999 -9999 -9999 -9999 -9999 -9999 -9999 -9999 -9999 -9999 -9999 -9999 -9999 -9999 -9999 -9999 -9999 -9999 -9999 -9999 -9999 -9999 -9999 -9999 -9999 -9999 -9999 -9999 -9999 -9999 -9999 -9999 -9999 -9999 -9999 -9999 -9999 -9999 -9999 828 0 0 0 0 151 151 151 151 151 151 -9999 -9999 -9999 -9999 -9999 -9999 -9999 -9999 -9999 -9999 -9999 -9999 -9999
42 105 -9999 -9999 -9999 -9999 -9999 -9999 -9999 -9999 -9999 -9999 -9999 -9999 -9999 -9999 -9999 -9999 -9999 -9999 -9999 -9999 -9999 -9999 -9999 -9999 -9999 -9999 -9999 -9999 -9999 -9999 -9999 -9999 -9999 -9999 -9999 -9999 -9999 -9999 -9999 -9999 -9999 -9999 -9999 -9999 -9999 -9999 -9999 -9999 -9999 -9999 -9999 -9999 -9999 -9999 -9999 -9999 828 828 828 828 151 151 151 151 -9999 -9999 -9999 -9999 -9999 -9999 -9999 -9999 -9999 -9999 -9999 -9999 -9999 -9999 -9999
105 105 235 235 1260 1260 -9999 -9999 -9999 -9999 -9999 -9999 -9999 -9999 -9999 -9999 -9999 -9999 -9999 -9999 -9999 -9999 -9999 -9999 -9999 -9999 -9999 -9999 -9999 -9999 -9999 -9999 -9999 -9999 -9999 -9999 -9999 -9999 -9999 -9999 -9999 -9999 -9999 -9999 -9999 -9999 -9999 -9999 -9999 -9999 -9999 -9999 -9999 -9999 -9999 -9999 -9999 -9999 -9999 828 828 828 828 151 151 151 151 -9999 -9999 -9999 -9999 -9999 -9999 -9999 -9999 -9999 -9999 -9999 -9999 -9999 -9999
105 105 235 235 1260 1260 1260 -9999 -9999 -9999 -9999 -9999 -9999 -9999 -9999 -9999 -9999 -9999 -9999 -9999 -9999 -9999 -9999 -9999 -9999 -9999 -9999 -9999 -9999 -9999 -9999 -9999 -9999 -9999 -9999 -9999 -9999 -9999 -9999 -9999 -9999 -9999 -9999 -9999 -9999 -9999 -9999 -9999 -9999 -9999 -9999 -9999 -9999 -9999 -9999 -9999 -9999 -9999 -9999 -9999 828 828 828 828 828 151 151 151 -9999 -9999 -9999 -9999 -9999 -9999 -9999 -9999 -9999 -9999 -9999 -9999 -9999
105 235 235 1260 1260 1260 1260 1260 1260 1260 1260 -9999 -9999 -9999 -9999 -9999 -9999 -9999 -9999 -9999 -9999 -9999 -9999 -9999 -9999 -9999 -9999 1596 1411 -9999 -9999 -9999 -9999 -9999 -9999 -9999 -9999 -9999 -9999 -9999 -9999 -9999 -9999 -9999 -9999 -9999 -9999 -9999 -9999 -9999 -9999 -9999 -9999 -9999 -9999 -9999 -9999 -9999 -9999 -9999 828 -9999 828 828 828 828 151 259 259 845 -9999 -9999 -9999 -9999 -9999 -9999 -9999 -9999 -9999 -9999 -9999
105 235 235 1260 1260 1260 1260 1260 1260 1260 1260 1260 -9999 -9999 -9999 -9999 -9999 -9999 -9999 -9999 -9999 -9999 -9999 -9999 -9999 -9999 1620 356 113 146 146 146 146 146 146 146 146 146 146 146 -9999 -9999 -9999 -9999 -9999 -9999 -9999 -9999 -9999 -9999 -9999 -9999 -9999 -9999 -9999 -9999 -9999 -9999 -9999 -9999 -9999 -9999 -9999 828 828 828 259 259 259 259 -9999 -9999 -9999 -9999 -9999 -9999 -9999 -9999 -9999 -9999 -9999
235 235 100 1260 1260 1260 1260 1260 1260 1260 1260 1260 1260 -9999 -9999 -9999 -9999 1206 1055 1262 1210 647 1009 662 751 482 745 850 34 146 146 146 146 146 146 146 146 146 146 146 146 146 146 -9999 -9999 -9999 -9999 -9999 -9999 -9999 -9999 -9999 -9999 -9999 -9999 -9999 -9999 -9999 -9999 -9999 -9999 -9999 -9999 -9999 828 270 828 259 259 259 -9999 -9999 -9999 -9999 -9999 -9999 -9999 -9999 -9999 -9999 -9999
235 100 100 100 1260 1260 1260 1260 1260 1260 1260 1260 1260 -9999 52 52 52 661 621 -9999 -9999 1192 718 15 -9999 112 997 645 -9999 146 146 146 146 146 147 147 147 146 146 146 146 146 146 146 146 -9999 -9999 -9999 -9999 -9999 -9999 -9999 -9999 -9999 -9999 -9999 -9999 -9999 -9999 -9999 -9999 -9999 -9999 -9999 828 270 270 270 259 259 259 -9999 -9999 -9999 -9999 -9999 -9999 -9999 -9999 -9999 -9999
100 100 100 100 100 100 100 1260 1260 1260 1260 1260 100 52 52 52 52 52 563 -9999 -9999 820 322 260 75 1222 1132 -9999 -9999 146 146 146 146 147 147 147 147 147 146 146 146 146 146 146 146 146 -9999 -9999 -9999 -9999 -9999 -9999 -9999 -9999 -9999 -9999 -9999 -9999 -9999 -9999 -9999 -9999 -9999 -9999 -9999 270 270 270 270 270 259 -9999 -9999 -9999 -9999 -9999 -9999 -9999 -9999 -9999 -9999
100 100 100 100 100 100 100 100 100 1260 1260 100 52 52 52 52 52 52 277 277 277 -9999 84 47 47 32 255 -9999 39 75 146 146 146 147 147 147 147 147 146 146 146 146 146 146 146 146 146 146 -9999 -9999 -9999 -9999 -9999 -9999 -9999 -9999 -9999 -9999 -9999 -9999 -9999 -9999 -9999 -9999 -9999 -9999 -9999 270 270 270 270 -9999 -9999 -9999 -9999 -9999 -9999 -9999 -9999 -9999 -9999
0 0 0 0 0 0 0 100 100 100 100 52 52 52 52 52 52 52 277 277 277 277 277 277 -9999 -9999 75 75 75 75 75 146 147 147 147 147 147 147 146 146 146 146 146 146 146 146 146 146 146 146 -9999 -9999 -9999 -9999 -9999 -9999 -9999 -9999 -9999 -9999 -9999 -9999 -9999 -9999 -9999 -9999 -9999 270 270 270 270 270 270 -9999 -9999 -9999 -9999 -9999 -9999 -9999 -9999
0 0 0 0 0 0 0 0 0 100 49 52 52 52 52 52 52 52 277 277 277 277 277 277 277 277 -9999 75 75 75 75 146 147 147 147 147 147 147 146 146 146 146 146 146 146 146 146 146 146 146 146 -9999 -9999 -9999 -9999 -9999 -9999 -9999 -9999 -9999 -9999 -9999 -9999 -9999 -9999 -9999 -9999 -9999 270 270 270 270 270 270 270 270 270 270 552 552 552
0 0 0 100 100 100 100 100 100 100 100 52 52 52 52 52 52 52 277 277 277 277 277 277 277 277 277 -9999 75 75 75 146 147 147 147 147 147 147 146 146 146 146 146 146 146 146 146 146 146 146 146 146 -9999 -9999 -9999 -9999 -9999 -9999 -9999 -9999 538 -9999 -9999 -9999 -9999 -9999 -9999 -9999 -9999 270 270 270 270 270 270 270 270 270 552 552 552
0 0 0 100 100 100 100 100 100 100 100 100 100 56 52 52 52 52 52 277 277 277 277 277 277 277 277 277 -9999 75 75 75 75 147 147 147 147 147 146 146 146 146 146 146 146 146 146 146 146 146 146 218 648 343 -9999 -9999 -9999 -9999 -9999 -9999 853 997 -9999 -9999 -9999 -9999 -9999 -9999 -9999 -9999 -9999 270 270 270 270 270 270 552 552 552 552
1465 1465 1465 1465 1465 1465 1465 1465 1465 1465 1465 100 100 100 52 52 52 52 52 52 52 277 277 277 277 277 277 277 -9999 75 75 75 75 75 75 147 147 147 146 146 146 146 146 146 146 146 146 146 146 146 146 168 289 374 -9999 -9999 -9999 -9999 -9999 -9999 270 944 1570 -9999 -9999 -9999 -9999 -9999 -9999 -9999 -9999 -9999 -9999 270 270 270 270 552 552 552 552
93 1465 1465 1465 1465 1465 1465 1465 1465 1465 1465 1465 1465 100 52 52 52 52 52 52 52 277 277 277 277 277 277 277 277 -9999 75 75 75 75 75 75 147 147 146 146 146 146 146 146 146 146 146 146 146 146 70 49 112 349 381 317 -9999 -9999 -9999 -9999 280 1794 687 -9999 -9999 -9999 -9999 -9999 -9999 -9999 -9999 -9999 -9999 -9999 270 270 270 552 552 552 552
93 93 1465 1465 1465 1465 1465 1465 1465 1465 1465 1465 1465 0 0 0 158 52 52 52 52 52 277 277 277 277 277 277 277 277 0 -9999 75 75 75 75 75 146 146 146 146 146 146 146 146 146 146 146 146 146 55 7 105 87 349 428 234 -9999 -9999 1020 1284 1835 0 -9999 -9999 -9999 -9999 -9999 -9999 -9999 -9999 -9999 -9999 -9999 -9999 270 552 552 1698 1698 1698
93 93 93 93 93 93 93 1465 1465 1465 1465 93 93 0 0 0 0 0 52 52 52 277 277 277 277 277 277 277 277 277 277 0 -9999 75 75 75 75 75 146 146 146 146 146 146 146 146 146 146 146 34 44 48 57 101 174 186 97 421 328 298 481 631 322 -9999 -9999 -9999 -9999 -9999 -9999 -9999 -9999 -9999 -9999 -9999 -9999 -9999 552 1698 1698 1698 1698
93 93 93 93 93 93 93 93 93 93 93 93 0 0 0 0 0 0 582 52 52 277 277 277 277 277 277 277 277 277 -9999 29 29 29 13 -9999 86 75 146 146 146 146 146 146 146 146 146 146 146 33 18 32 42 50 69 113 54 111 245 330 530 522 698 263 168 1649 -9999 -9999 -9999 -9999 -9999 -9999 -9999 -9999 -9999 -9999 -9999 1698 1698 1698 1698
93 93 93 93 93 93 93 93 93 93 93 0 0 0 0 0 0 582 582 582 52 52 277 277 277 277 277 277 277 -9999 29 29 29 29 29 29 29 -9999 -9999 146 146 146 146 146 146 146 146 146 2 42 7 1 1 5 49 11 60 45 63 246 675 290 1019 1427 1356 1260 129 -9999 -9999 -9999 -9999 -9999 -9999 -9999 -9999 -9999 -9999 489 489 1698 1698
93 93 93 93 93 93 93 93 407 407 407 407 0 407 407 0 0 582 582 582 582 52 52 52 52 277 277 277 277 29 29 29 29 29 29 29 29 29 29 -9999 146 146 146 146 146 146 146 146 7 67 7 1 1 0 57 2 260 58 63 168 883 343 1097 1264 904 1190 367 856 -9999 977 909 -9999 -9999 -9999 -9999 -9999 -9999 -9999 489 489 489
93 93 93 93 93 93 93 407 407 407 407 407 407 407 407 407 582 582 582 582 582 582 52 52 52 52 277 277 277 29 29 29 29 29 29 29 29 29 29 29 29 -9999 146 146 146 146 146 5 930 621 44 0 0 52 83 113 108 82 132 359 555 794 1532 806 887 1412 885 1220 580 1396 1408 918 1038 -9999 280 -9999 -9999 -9999 489 489 489
93 93 93 93 93 93 128 407 407 407 407 407 407 407 407 407 582 582 582 582 582 582 52 52 52 52 277 277 277 12 29 29 29 29 29 29 29 29 29 29 29 29 -9999 -9999 146 146 146 397 1084 824 34 106 297 217 182 322 514 903 933 1135 1292 978 1380 1433 986 1236 882 809 852 642 1068 1231 1019 1483 580 -9999 -9999 -9999 -9999 -9999 489
93 93 93 93 93 128 128 407 407 407 407 407 407 407 582 582 582 582 582 582 582 582 459 52 52 52 277 277 277 -9999 477 477 29 29 29 29 29 29 29 29 29 29 29 29 -9999 146 13 1011 898 918 937 1139 1066 561 828 847 511 63 197 579 1155 541 1318 1311 1514 1228 492 900 1340 1354 1779 1367 940 973 468 -9999 -9999 -9999 -9999 -9999 489
93 93 93 93 128 128 128 128 128 407 407 407 582 582 582 582 582 582 582 582 582 582 52 52 52 52 277 277 277 -9999 477 477 477 29 29 29 29 29 29 29 29 29 29 29 29 29 -9999 360 846 1057 1262 959 1083 1077 535 953 517 193 599 399 331 540 1099 779 1605 449 476 963 1504 1181 1237 1216 911 872 -9999 -9999 -9999 -9999 -9999 -9999 -9999
93 93 93 128 128 128 128 128 128 128 128 128 582 582 582 582 582 582 582 582 582 582 52 52 52 52 52 277 277 -9999 -9999 477 477 477 477 29 29 29 29 29 29 29 29 29 29 270 435 -9999 996 1603 1074 1275 1163 758 774 686 775 752 295 421 362 661 1548 551 1795 914 1314 943 769 692 1691 658 1302 79 -9999 -9999 -9999 -9999 -9999 -9999 -9999
93 93 93 128 128 128 128 128 128 128 128 128 128 128 582 582 0 0 0 0 0 0 631 52 52 52 52 277 277 277 55 -9999 477 477 477 477 29 29 29 29 29 29 29 29 29 1079 790 -9999 1173 1326 1620 1622 1298 995 910 1131 795 1243 1018 1604 272 1082 1643 844 846 1693 1163 1085 2218 861 1189 895 1340 -9999 -9999 -9999 -9999 -9999 -9999 -9999 -9999
128 128 128 128 128 128 128 128 128 128 0 0 0 0 0 0 0 0 0 0 0 0 672 52 52 52 52 277 277 277 0 477 477 477 477 477 477 29 29 29 29 29 29 29 113 596 774 130 521 895 985 1464 1054 1027 1245 812 1466 1358 1647 1172 1067 865 1357 771 1193 1601 1116 364 1548 1304 1047 1070 764 -9999 -9999 -9999 -9999 -9999 -9999 -9999 -9999
128 128 128 128 133 133 0 0 0 0 0 0 0 0 0 0 0 0 0 0 0 0 0 633 52 52 52 277 277 277 477 477 477 477 477 477 477 477 29 29 29 29 29 29 318 635 873 837 -9999 486 876 907 702 64 238 1002 1171 521 546 984 1643 1469 628 1060 1373 822 1005 1180 611 658 752 1240 503 -9999 -9999 -9999 -9999 -9999 -9999 -9999 -9999
