04_184A004/bm_manty_neulaset.asc
ncols 172
nrows 237
xllcorner 610032
yllcorner 6876144
cellsize 16
nodata_value -9999
[rows 144 to 179 of 237, columns 82 to 163 of 172]
108 108 108 108 -9999 -9999 -9999 -9999 -9999 -9999 -9999 -9999 -9999 -9999 -9999 -9999 -9999 -9999 -9999 -9999 -9999 -9999 -9999 -9999 -9999 -9999 -9999 -9999 -9999 -9999 -9999 -9999 -9999 -9999 0 0 0 0 0 0 0 0 0 0 0 0 0 0 0 0 0 0 0 0 45 45 -9999 -9999 298 298 298 298 298 298 298 298 298 -9999 -9999 -9999 -9999 -9999 -9999 -9999 -9999 -9999 -9999 -9999 -9999 -9999 -9999 -9999
95 95 95 95 95 -9999 -9999 -9999 -9999 -9999 -9999 -9999 -9999 -9999 -9999 -9999 -9999 -9999 -9999 -9999 -9999 -9999 -9999 -9999 -9999 -9999 -9999 -9999 -9999 -9999 -9999 -9999 -9999 -9999 -9999 -9999 -9999 0 0 0 0 0 0 0 0 0 0 0 0 0 0 0 0 0 0 45 45 45 -9999 -9999 298 298 298 298 298 298 298 298 298 -9999 -9999 -9999 -9999 -9999 -9999 -9999 -9999 -9999 -9999 -9999 -9999 -9999
95 95 95 95 -9999 -9999 -9999 -9999 -9999 -9999 -9999 -9999 -9999 -9999 -9999 -9999 -9999 -9999 -9999 -9999 -9999 -9999 -9999 -9999 -9999 -9999 -9999 -9999 -9999 -9999 -9999 -9999 -9999 -9999 -9999 -9999 -9999 -9999 -9999 -9999 0 0 0 0 0 0 0 0 0 0 0 0 0 0 0 0 45 45 45 45 45 -9999 298 298 298 298 298 298 298 -9999 -9999 -9999 -9999 -9999 -9999 -9999 -9999 -9999 -9999 -9999 -9999 -9999
19 30 -9999 -9999 -9999 -9999 -9999 -9999 -9999 -9999 -9999 -9999 -9999 -9999 -9999 -9999 -9999 -9999 -9999 -9999 -9999 -9999 -9999 -9999 -9999 -9999 -9999 -9999 -9999 -9999 -9999 -9999 -9999 -9999 -9999 -9999 -9999 -9999 -9999 -9999 -9999 -9999 0 0 153 0 153 0 0 0 0 0 0 0 0 0 45 45 45 45 45 45 45 -9999 298 298 298 298 -9999 -9999 -9999 -9999 -9999 -9999 -9999 -9999 -9999 -9999 -9999 -9999 -9999 -9999
19 -9999 -9999 -9999 -9999 -9999 -9999 -9999 -9999 -9999 -9999 -9999 -9999 -9999 -9999 -9999 -9999 -9999 -9999 -9999 -9999 -9999 -9999 -9999 -9999 -9999 -9999 -9999 -9999 -9999 -9999 -9999 -9999 -9999 -9999 -9999 -9999 -9999 -9999 -9999 -9999 -9999 -9999 -9999 -9999 -9999 153 153 0 0 0 0 0 0 0 45 45 45 45 45 45 45 45 45 45 -9999 298 -9999 -9999 -9999 -9999 -9999 -9999 -9999 -9999 -9999 -9999 -9999 -9999 -9999 -9999 -9999
-9999 -9999 -9999 -9999 -9999 -9999 -9999 -9999 -9999 -9999 -9999 -9999 -9999 -9999 -9999 -9999 -9999 -9999 -9999 -9999 -9999 -9999 -9999 -9999 -9999 -9999 -9999 -9999 -9999 -9999 -9999 -9999 -9999 -9999 -9999 -9999 -9999 -9999 -9999 -9999 -9999 -9999 -9999 -9999 -9999 -9999 -9999 -9999 -9999 -9999 -9999 -9999 153 153 153 45 45 45 45 0 0 0 45 45 45 45 45 -9999 -9999 -9999 -9999 -9999 -9999 -9999 -9999 -9999 -9999 -9999 -9999 -9999 -9999 -9999
-9999 -9999 -9999 -9999 -9999 -9999 -9999 -9999 -9999 -9999 -9999 -9999 -9999 -9999 -9999 -9999 -9999 -9999 -9999 -9999 -9999 -9999 -9999 -9999 -9999 -9999 -9999 -9999 -9999 -9999 -9999 -9999 -9999 -9999 -9999 -9999 -9999 -9999 -9999 -9999 -9999 -9999 -9999 -9999 -9999 -9999 -9999 -9999 -9999 -9999 -9999 -9999 153 153 -9999 153 0 0 0 0 0 0 45 45 45 45 45 -9999 -9999 -9999 -9999 -9999 -9999 -9999 -9999 -9999 -9999 -9999 -9999 -9999 -9999 -9999
-9999 -9999 -9999 -9999 -9999 -9999 -9999 -9999 -9999 -9999 -9999 -9999 -9999 -9999 -9999 -9999 -9999 -9999 -9999 -9999 -9999 -9999 -9999 -9999 -9999 -9999 -9999 -9999 -9999 -9999 -9999 -9999 -9999 -9999 -9999 -9999 -9999 -9999 -9999 -9999 -9999 -9999 -9999 -9999 -9999 -9999 -9999 -9999 -9999 -9999 -9999 -9999 -9999 -9999 -9999 -9999 153 0 0 0 0 45 45 45 45 45 45 -9999 -9999 -9999 -9999 -9999 -9999 -9999 -9999 -9999 -9999 -9999 -9999 -9999 -9999 -9999
30 -9999 -9999 -9999 -9999 -9999 -9999 -9999 -9999 -9999 -9999 -9999 -9999 -9999 -9999 -9999 -9999 -9999 -9999 -9999 -9999 -9999 -9999 -9999 -9999 -9999 -9999 -9999 -9999 -9999 -9999 -9999 -9999 -9999 -9999 -9999 -9999 -9999 -9999 -9999 -9999 -9999 -9999 -9999 -9999 -9999 -9999 -9999 -9999 -9999 -9999 -9999 -9999 -9999 -9999 -9999 -9999 153 153 153 153 45 45 45 45 -9999 -9999 -9999 -9999 -9999 -9999 -9999 -9999 -9999 -9999 -9999 -9999 -9999 -9999 -9999 -9999 -9999
30 55 55 207 207 -9999 -9999 -9999 -9999 -9999 -9999 -9999 -9999 -9999 -9999 -9999 -9999 -9999 -9999 -9999 -9999 -9999 -9999 -9999 -9999 -9999 -9999 -9999 -9999 -9999 -9999 -9999 -9999 -9999 -9999 -9999 -9999 -9999 -9999 -9999 -9999 -9999 -9999 -9999 -9999 -9999 -9999 -9999 -9999 -9999 -9999 -9999 -9999 -9999 -9999 -9999 -9999 -9999 153 153 153 153 45 45 45 45 -9999 -9999 -9999 -9999 -9999 -9999 -9999 -9999 -9999 -9999 -9999 -9999 -9999 -9999 -9999 -9999
30 55 55 207 207 207 -9999 -9999 -9999 -9999 -9999 -9999 -9999 -9999 -9999 -9999 -9999 -9999 -9999 -9999 -9999 -9999 -9999 -9999 -9999 -9999 -9999 -9999 -9999 -9999 -9999 -9999 -9999 -9999 -9999 -9999 -9999 -9999 -9999 -9999 -9999 -9999 -9999 -9999 -9999 -9999 -9999 -9999 -9999 -9999 -9999 -9999 -9999 -9999 -9999 -9999 -9999 -9999 -9999 153 153 153 153 153 45 45 45 -9999 -9999 -9999 -9999 -9999 -9999 -9999 -9999 -9999 -9999 -9999 -9999 -9999 -9999 -9999
55 55 207 207 207 207 207 207 207 207 -9999 -9999 -9999 -9999 -9999 -9999 -9999 -9999 -9999 -9999 -9999 -9999 -9999 -9999 -9999 -9999 339 292 -9999 -9999 -9999 -9999 -9999 -9999 -9999 -9999 -9999 -9999 -9999 -9999 -9999 -9999 -9999 -9999 -9999 -9999 -9999 -9999 -9999 -9999 -9999 -9999 -9999 -9999 -9999 -9999 -9999 -9999 -9999 153 -9999 153 153 153 153 45 39 39 161 -9999 -9999 -9999 -9999 -9999 -9999 -9999 -9999 -9999 -9999 -9999 -9999 -9999
55 55 207 207 207 207 207 207 207 207 207 -9999 -9999 -9999 -9999 -9999 -9999 -9999 -9999 -9999 -9999 -9999 -9999 -9999 -9999 308 118 67 76 76 76 76 76 76 76 76 76 76 76 -9999 -9999 -9999 -9999 -9999 -9999 -9999 -9999 -9999 -9999 -9999 -9999 -9999 -9999 -9999 -9999 -9999 -9999 -9999 -9999 -9999 -9999 -9999 153 153 153 39 39 39 39 -9999 -9999 -9999 -9999 -9999 -9999 -9999 -9999 -9999 -9999 -9999 -9999 -9999
55 27 207 207 207 207 207 207 207 207 207 207 -9999 -9999 -9999 -9999 178 216 251 184 81 127 177 183 179 135 150 29 76 76 76 76 76 76 76 76 76 76 76 76 76 76 -9999 -9999 -9999 -9999 -9999 -9999 -9999 -9999 -9999 -9999 -9999 -9999 -9999 -9999 -9999 -9999 -9999 -9999 -9999 -9999 -9999 153 55 153 39 39 39 -9999 -9999 -9999 -9999 -9999 -9999 -9999 -9999 -9999 -9999 -9999 -9999 -9999
27 27 27 207 207 207 207 207 207 207 207 207 -9999 28 28 28 188 179 -9999 -9999 285 227 10 -9999 68 220 130 -9999 76 76 76 76 76 77 77 77 76 76 76 76 76 76 76 76 -9999 -9999 -9999 -9999 -9999 -9999 -9999 -9999 -9999 -9999 -9999 -9999 -9999 -9999 -9999 -9999 -9999 -9999 -9999 153 55 55 55 39 39 39 -9999 -9999 -9999 -9999 -9999 -9999 -9999 -9999 -9999 -9999 -9999 -9999
27 27 27 27 27 27 207 207 207 207 207 27 28 28 28 28 28 192 -9999 -9999 237 95 50 70 230 227 -9999 -9999 76 76 76 76 77 77 77 77 77 76 76 76 76 76 76 76 76 -9999 -9999 -9999 -9999 -9999 -9999 -9999 -9999 -9999 -9999 -9999 -9999 -9999 -9999 -9999 -9999 -9999 -9999 -9999 55 55 55 55 55 39 -9999 -9999 -9999 -9999 -9999 -9999 -9999 -9999 -9999 -9999 -9999 -9999
27 27 27 27 27 27 27 27 207 207 27 28 28 28 28 28 28 157 157 157 -9999 48 41 40 25 37 -9999 15 40 76 76 76 77 77 77 77 77 76 76 76 76 76 76 76 76 76 76 -9999 -9999 -9999 -9999 -9999 -9999 -9999 -9999 -9999 -9999 -9999 -9999 -9999 -9999 -9999 -9999 -9999 -9999 -9999 55 55 55 55 -9999 -9999 -9999 -9999 -9999 -9999 -9999 -9999 -9999 -9999 -9999 -9999
0 0 0 0 0 0 27 27 27 27 28 28 28 28 28 28 28 157 157 157 157 157 157 -9999 -9999 40 40 40 40 40 76 77 77 77 77 77 77 76 76 76 76 76 76 76 76 76 76 76 76 -9999 -9999 -9999 -9999 -9999 -9999 -9999 -9999 -9999 -9999 -9999 -9999 -9999 -9999 -9999 -9999 -9999 55 55 55 55 55 55 -9999 -9999 -9999 -9999 -9999 -9999 -9999 -9999 -9999 -9999
0 0 0 0 0 0 0 0 27 19 28 28 28 28 28 28 28 157 157 157 157 157 157 157 157 -9999 40 40 40 40 76 77 77 77 77 77 77 76 76 76 76 76 76 76 76 76 76 76 76 76 -9999 -9999 -9999 -9999 -9999 -9999 -9999 -9999 -9999 -9999 -9999 -9999 -9999 -9999 -9999 -9999 -9999 55 55 55 55 55 55 55 55 55 55 102 102 102 -9999 -9999
0 0 27 27 27 27 27 27 27 27 28 28 28 28 28 28 28 157 157 157 157 157 157 157 157 157 -9999 40 40 40 76 77 77 77 77 77 77 76 76 76 76 76 76 76 76 76 76 76 76 76 76 -9999 -9999 -9999 -9999 -9999 -9999 -9999 -9999 155 -9999 -9999 -9999 -9999 -9999 -9999 -9999 -9999 55 55 55 55 55 55 55 55 55 102 102 102 -9999 -9999
0 0 27 27 27 27 27 27 27 27 27 27 22 28 28 28 28 28 157 157 157 157 157 157 157 157 157 -9999 40 40 40 40 77 77 77 77 77 76 76 76 76 76 76 76 76 76 76 76 76 76 71 110 92 -9999 -9999 -9999 -9999 -9999 -9999 157 247 -9999 -9999 -9999 -9999 -9999 -9999 -9999 -9999 -9999 55 55 55 55 55 55 102 102 102 102 -9999 -9999
292 292 292 292 292 292 292 292 292 292 27 27 27 28 28 28 28 28 28 28 157 157 157 157 157 157 157 -9999 40 40 40 40 40 40 77 77 77 76 76 76 76 76 76 76 76 76 76 76 76 76 82 84 68 -9999 -9999 -9999 -9999 -9999 -9999 35 128 332 -9999 -9999 -9999 -9999 -9999 -9999 -9999 -9999 -9999 -9999 55 55 55 55 102 102 102 102 -9999 -9999
292 292 292 292 292 292 292 292 292 292 292 292 27 28 28 28 28 28 28 28 157 157 157 157 157 157 157 157 -9999 40 40 40 40 40 40 77 77 76 76 76 76 76 76 76 76 76 76 76 76 66 15 23 131 117 58 -9999 -9999 -9999 -9999 53 351 120 -9999 -9999 -9999 -9999 -9999 -9999 -9999 -9999 -9999 -9999 -9999 55 55 55 102 102 102 102 -9999 -9999
31 292 292 292 292 292 292 292 292 292 292 292 0 0 0 32 28 28 28 28 28 157 157 157 157 157 157 157 157 0 -9999 40 40 40 40 40 76 76 76 76 76 76 76 76 76 76 76 76 76 49 5 58 50 126 138 80 -9999 -9999 248 252 334 0 -9999 -9999 -9999 -9999 -9999 -9999 -9999 -9999 -9999 -9999 -9999 -9999 55 102 102 356 356 356 -9999 -9999
31 31 31 31 31 31 292 292 292 292 31 31 0 0 0 0 0 28 28 28 157 157 157 157 157 157 157 157 157 157 0 -9999 40 40 40 40 40 76 76 76 76 76 76 76 76 76 76 76 45 16 18 19 56 90 87 45 135 60 59 123 143 78 -9999 -9999 -9999 -9999 -9999 -9999 -9999 -9999 -9999 -9999 -9999 -9999 -9999 102 356 356 356 356 356 102
31 31 31 31 31 31 31 31 31 31 31 0 0 0 0 0 0 106 28 28 157 157 157 157 157 157 157 157 157 -9999 14 14 14 11 -9999 14 40 76 76 76 76 76 76 76 76 76 76 76 43 16 17 13 17 22 55 17 59 47 117 131 139 173 38 36 351 -9999 -9999 -9999 -9999 -9999 -9999 -9999 -9999 -9999 -9999 -9999 356 356 356 356 356 356
31 31 31 31 31 31 31 31 31 31 0 0 0 0 0 0 106 106 106 28 28 157 157 157 157 157 157 157 -9999 14 14 14 14 14 14 14 -9999 -9999 76 76 76 76 76 76 76 76 76 3 7 5 1 1 3 17 7 27 17 21 45 157 126 234 318 261 268 21 -9999 -9999 -9999 -9999 -9999 -9999 -9999 -9999 -9999 -9999 74 74 356 356 356 356
31 31 31 31 31 31 31 52 52 52 52 0 52 52 0 0 106 106 106 106 28 28 28 28 157 157 157 157 14 14 14 14 14 14 14 14 14 14 -9999 76 76 76 76 76 76 76 76 10 13 4 1 1 0 44 2 54 22 49 84 204 68 247 266 228 266 97 201 -9999 245 227 -9999 -9999 -9999 -9999 -9999 -9999 -9999 74 74 74 356 356
31 31 31 31 31 31 52 52 52 52 52 52 52 52 52 106 106 106 106 106 106 28 28 28 28 157 157 157 14 14 14 14 14 14 14 14 14 14 14 14 -9999 76 76 76 76 76 7 153 114 9 0 0 13 32 61 54 43 76 112 148 204 346 191 202 290 225 292 172 262 274 104 170 -9999 48 -9999 -9999 -9999 74 74 74 74 74
31 31 31 31 31 53 52 52 52 52 52 52 52 52 52 106 106 106 106 106 106 28 28 28 28 157 157 157 3 14 14 14 14 14 14 14 14 14 14 14 14 -9999 -9999 76 76 76 98 235 188 39 51 122 63 115 103 128 247 256 253 261 191 291 297 222 203 255 227 233 192 248 312 265 293 96 -9999 -9999 -9999 -9999 -9999 74 74 74
31 31 31 31 53 53 52 52 52 52 52 52 52 106 106 106 106 106 106 106 106 110 28 28 28 157 157 157 -9999 249 249 14 14 14 14 14 14 14 14 14 14 14 14 -9999 76 17 169 181 228 300 247 213 180 201 210 160 13 53 144 249 123 259 271 319 262 104 231 269 287 355 337 224 199 94 -9999 -9999 -9999 -9999 -9999 74 74 74
31 31 31 53 53 53 53 53 52 52 52 106 106 106 106 106 106 106 106 106 106 28 28 28 28 157 157 157 -9999 249 249 249 14 14 14 14 14 14 14 14 14 14 14 14 14 -9999 83 212 234 329 229 250 251 133 189 145 35 110 76 77 158 242 183 309 77 104 216 304 259 264 277 209 192 -9999 -9999 -9999 -9999 -9999 -9999 -9999 125 125
31 31 53 53 53 53 53 53 53 53 53 106 106 106 106 106 106 106 106 106 106 28 28 28 28 28 157 157 -9999 -9999 249 249 249 249 14 14 14 14 14 14 14 14 14 14 75 101 -9999 262 295 227 216 240 203 240 137 124 118 55 83 60 242 316 156 383 235 322 189 159 161 361 187 281 29 -9999 -9999 -9999 -9999 -9999 -9999 -9999 125 125
31 31 53 53 53 53 53 53 53 53 53 53 53 106 106 0 0 0 0 0 0 197 28 28 28 28 157 157 157 9 -9999 249 249 249 249 14 14 14 14 14 14 14 14 14 218 211 -9999 254 311 357 308 255 245 153 238 229 355 221 359 72 288 284 188 197 359 259 279 420 160 292 204 313 -9999 -9999 -9999 -9999 -9999 -9999 -9999 -9999 125 125
53 53 53 53 53 53 53 53 53 0 0 0 0 0 0 0 0 0 0 0 0 204 28 28 28 28 157 157 157 0 249 249 249 249 249 249 14 14 14 14 14 14 14 69 142 251 25 187 213 244 249 199 175 193 259 358 298 301 301 249 269 294 196 251 334 221 79 353 263 252 257 173 -9999 -9999 -9999 -9999 -9999 -9999 -9999 -9999 125 125
53 53 53 73 73 0 0 0 0 0 0 0 0 0 0 0 0 0 0 0 0 0 218 28 28 28 157 157 157 249 249 249 249 249 249 249 249 14 14 14 14 14 14 153 270 244 222 -9999 162 204 227 172 11 47 214 310 217 219 246 376 318 158 256 270 182 269 293 174 184 171 288 100 -9999 -9999 -9999 -9999 -9999 -9999 -9999 -9999 125 125
