04_184A004/bm_manty_neulaset.asc
ncols 172
nrows 237
xllcorner 610032
yllcorner 6876144
cellsize 16
nodata_value -9999
[rows 180 to 215 of 237, columns 82 to 163 of 172]
73 73 73 73 73 0 0 0 0 0 0 0 0 0 0 0 0 0 0 0 0 0 0 205 28 28 28 157 157 249 249 249 249 249 249 249 249 249 249 14 14 14 186 207 217 203 255 139 -9999 158 219 135 -9999 -9999 200 208 172 218 228 237 228 318 186 175 291 244 226 241 212 246 198 150 -9999 -9999 -9999 -9999 -9999 -9999 -9999 -9999 125 125
73 73 73 73 73 0 0 0 0 0 0 0 0 0 0 0 0 0 0 0 0 0 0 222 28 28 28 157 157 249 249 249 249 249 249 249 249 249 249 249 249 14 182 193 218 158 212 234 231 162 -9999 102 38 176 228 276 236 215 -9999 209 178 308 245 131 261 238 315 284 156 334 222 184 140 -9999 -9999 -9999 -9999 -9999 -9999 -9999 125 125
73 73 73 73 73 73 0 0 0 0 0 0 0 0 0 0 0 0 0 0 0 0 0 0 218 28 28 28 157 249 249 249 249 249 249 249 249 249 249 249 249 147 210 282 46 159 137 97 119 77 74 61 -9999 -9999 218 183 -9999 229 395 283 108 -9999 262 205 219 281 260 365 262 194 207 175 105 166 113 105 128 -9999 -9999 -9999 125 125
0 0 73 73 73 73 73 0 0 0 0 89 89 0 0 0 0 0 0 0 0 0 0 0 0 0 45 45 249 249 249 249 249 249 249 249 249 249 249 249 8 168 196 238 101 160 151 150 131 126 47 64 150 -9999 -9999 191 282 152 106 211 309 418 -9999 136 234 261 136 274 179 111 100 109 241 223 127 70 114 0 -9999 125 125 125
0 0 0 0 73 73 73 73 0 0 89 89 89 89 0 0 0 0 0 0 0 0 0 0 0 45 45 45 45 249 249 249 249 249 249 249 249 249 249 249 249 108 261 204 86 213 209 195 250 238 166 213 241 247 250 297 158 89 89 170 92 211 76 -9999 -9999 270 106 145 162 46 136 29 197 195 108 56 9 0 -9999 -9999 -9999 -9999
-9999 0 0 0 0 0 0 0 0 89 89 89 89 89 89 0 0 0 0 0 0 0 0 0 0 0 182 45 45 249 249 249 249 249 249 249 249 249 249 249 249 249 77 109 125 111 225 189 234 205 123 161 282 271 246 183 73 178 80 86 72 94 202 304 247 -9999 -9999 208 214 150 177 96 298 333 151 -9999 -9999 -9999 -9999 -9999 -9999 -9999
-9999 -9999 -9999 0 0 0 0 0 0 89 89 89 89 314 314 89 0 0 0 0 0 0 0 0 0 0 121 45 45 45 249 249 249 249 249 249 249 249 249 249 249 249 249 249 0 165 156 241 270 180 111 164 284 160 116 4 21 29 49 209 232 94 143 144 340 164 259 -9999 -9999 182 17 143 -9999 -9999 -9999 -9999 -9999 -9999 -9999 -9999 -9999 -9999
-9999 -9999 -9999 -9999 276 276 0 0 89 89 89 89 89 314 314 89 89 89 89 0 314 0 0 0 0 0 0 45 45 45 249 249 249 249 249 249 249 249 249 249 249 249 249 249 249 85 115 264 241 212 177 162 140 82 56 15 17 39 42 53 17 115 223 169 389 366 149 272 287 279 -9999 -9999 -9999 -9999 -9999 -9999 -9999 -9999 -9999 -9999 -9999 -9999
-9999 -9999 -9999 -9999 -9999 -9999 276 276 276 276 276 276 89 314 314 314 314 89 89 314 314 314 0 0 0 0 0 0 45 45 249 249 249 249 249 249 249 249 249 249 249 249 249 249 249 249 50 163 223 153 83 67 105 133 59 29 24 0 4 48 19 22 151 123 292 274 412 380 342 310 227 -9999 -9999 -9999 -9999 -9999 -9999 -9999 -9999 -9999 -9999 -9999
-9999 -9999 -9999 -9999 -9999 -9999 -9999 276 276 276 276 276 276 314 314 314 314 314 314 314 314 314 314 0 0 0 0 0 45 45 45 249 249 249 249 249 249 249 249 249 249 249 249 249 249 249 50 50 208 181 144 64 4 14 4 21 4 0 0 23 19 18 173 165 153 250 256 239 243 342 301 -9999 -9999 -9999 -9999 -9999 -9999 -9999 -9999 -9999 -9999 -9999
-9999 -9999 -9999 -9999 -9999 -9999 -9999 -9999 -9999 276 276 276 276 314 314 314 314 314 314 314 314 314 314 0 0 0 0 0 45 45 45 45 249 249 249 249 249 249 249 249 249 249 249 249 249 50 50 50 50 50 163 59 19 34 22 4 2 3 42 21 21 0 135 222 117 362 270 134 247 300 283 -9999 -9999 -9999 -9999 -9999 -9999 -9999 -9999 -9999 -9999 -9999
-9999 -9999 -9999 -9999 -9999 -9999 -9999 -9999 -9999 -9999 276 276 276 314 314 314 314 314 314 314 314 314 314 0 0 0 0 50 45 45 45 45 45 249 249 249 249 249 249 249 249 249 249 249 249 50 50 50 50 50 50 66 57 17 20 4 0 0 2 4 41 30 148 226 161 314 171 213 267 240 282 -9999 -9999 -9999 -9999 -9999 -9999 -9999 -9999 -9999 -9999 -9999
-9999 -9999 -9999 -9999 -9999 -9999 -9999 -9999 -9999 -9999 -9999 -9999 276 314 314 314 314 314 314 314 314 314 314 0 0 0 0 45 45 45 45 45 45 249 249 249 249 249 249 249 249 249 249 249 45 50 50 50 50 50 50 164 151 61 27 17 0 0 19 4 28 2 77 190 212 176 162 269 270 270 275 -9999 -9999 -9999 -9999 -9999 -9999 -9999 -9999 -9999 -9999 -9999
-9999 -9999 -9999 -9999 -9999 -9999 -9999 -9999 -9999 -9999 -9999 -9999 -9999 -9999 276 314 314 314 314 314 314 314 314 314 0 0 45 45 45 45 45 45 45 45 45 45 45 45 45 45 249 45 45 45 45 50 50 50 50 50 50 164 164 164 47 9 3 0 42 28 44 23 83 63 134 89 184 248 290 299 289 -9999 -9999 -9999 -9999 -9999 -9999 -9999 -9999 -9999 -9999 -9999
-9999 -9999 -9999 -9999 -9999 -9999 -9999 -9999 -9999 -9999 -9999 -9999 -9999 -9999 -9999 -9999 314 314 314 314 314 314 314 314 314 0 127 45 45 45 45 45 45 45 45 45 45 45 45 45 45 45 45 45 50 50 50 50 50 50 50 164 164 164 164 43 4 20 21 19 22 27 16 36 22 67 168 190 342 292 242 -9999 -9999 -9999 -9999 -9999 -9999 -9999 -9999 -9999 -9999 -9999
-9999 -9999 -9999 -9999 -9999 -9999 -9999 -9999 -9999 -9999 -9999 -9999 -9999 -9999 -9999 -9999 -9999 314 314 314 314 314 314 314 314 314 204 45 45 45 45 45 45 45 45 45 45 45 45 45 45 45 45 45 50 50 50 50 50 50 253 253 164 164 164 113 113 5 28 26 17 10 0 6 61 267 229 289 367 268 284 -9999 -9999 -9999 -9999 -9999 -9999 -9999 -9999 -9999 -9999 -9999
-9999 -9999 -9999 -9999 -9999 -9999 -9999 -9999 -9999 -9999 -9999 -9999 -9999 -9999 -9999 -9999 -9999 -9999 -9999 319 319 319 319 314 314 314 314 45 45 45 45 45 45 45 45 45 45 45 45 45 45 45 45 45 50 50 50 50 50 253 253 253 164 164 164 113 113 113 88 11 41 19 36 10 37 166 233 290 291 391 398 -9999 -9999 -9999 -9999 -9999 -9999 -9999 -9999 -9999 -9999 -9999
-9999 -9999 -9999 -9999 -9999 -9999 -9999 -9999 -9999 -9999 -9999 -9999 -9999 -9999 -9999 -9999 -9999 -9999 -9999 -9999 -9999 319 319 319 319 314 314 314 71 45 45 45 45 45 45 45 45 45 45 45 45 45 45 45 50 50 50 50 253 0 0 253 253 164 164 113 113 113 113 113 9 36 21 45 73 38 125 47 87 121 112 -9999 -9999 -9999 -9999 -9999 -9999 -9999 -9999 -9999 -9999 -9999
-9999 -9999 -9999 -9999 -9999 -9999 -9999 -9999 -9999 -9999 -9999 -9999 -9999 -9999 -9999 -9999 -9999 -9999 -9999 -9999 -9999 -9999 -9999 319 319 319 319 319 314 314 314 49 199 137 165 165 235 45 45 45 45 45 45 45 50 50 50 50 253 0 0 0 253 164 164 164 113 113 113 113 113 52 42 32 60 41 9 18 90 83 64 -9999 -9999 -9999 -9999 -9999 -9999 -9999 -9999 -9999 -9999 -9999
-9999 -9999 -9999 -9999 -9999 -9999 -9999 -9999 -9999 -9999 -9999 -9999 -9999 -9999 -9999 -9999 -9999 -9999 -9999 -9999 -9999 -9999 -9999 -9999 -9999 319 319 319 319 319 319 319 49 49 49 49 49 45 45 45 45 45 45 45 50 50 50 50 253 0 0 0 253 164 164 164 113 113 113 113 113 113 113 77 127 287 323 54 125 84 181 -9999 -9999 -9999 -9999 -9999 -9999 -9999 -9999 -9999 -9999 -9999
-9999 -9999 -9999 -9999 -9999 -9999 -9999 -9999 -9999 -9999 -9999 -9999 -9999 -9999 -9999 -9999 -9999 -9999 -9999 -9999 -9999 -9999 -9999 -9999 -9999 0 -9999 319 319 319 319 319 319 49 49 49 49 49 49 45 45 45 45 45 50 50 50 45 253 253 0 0 253 164 164 164 164 113 113 113 113 113 113 113 30 206 176 159 243 -9999 -9999 -9999 -9999 -9999 -9999 -9999 -9999 -9999 -9999 -9999 -9999 -9999
-9999 -9999 -9999 -9999 -9999 -9999 -9999 -9999 -9999 -9999 -9999 -9999 -9999 -9999 -9999 -9999 -9999 -9999 -9999 -9999 -9999 -9999 -9999 -9999 -9999 -9999 316 -9999 -9999 319 319 319 319 319 319 319 49 49 49 49 49 113 45 45 45 45 45 45 45 253 0 0 253 164 164 164 164 113 113 113 113 113 113 113 113 113 289 348 -9999 -9999 -9999 -9999 -9999 -9999 -9999 -9999 -9999 -9999 -9999 -9999 -9999 -9999
-9999 -9999 -9999 -9999 -9999 -9999 -9999 -9999 -9999 -9999 -9999 -9999 -9999 -9999 -9999 -9999 -9999 -9999 -9999 -9999 -9999 -9999 -9999 -9999 -9999 -9999 -9999 -9999 316 -9999 319 319 319 319 319 319 319 319 319 49 49 49 49 45 45 45 45 45 45 253 0 0 0 253 164 164 164 164 113 113 113 113 113 113 113 113 113 -9999 -9999 -9999 -9999 -9999 -9999 -9999 -9999 -9999 -9999 -9999 -9999 -9999 -9999 -9999
-9999 -9999 -9999 -9999 -9999 -9999 -9999 -9999 -9999 -9999 -9999 -9999 -9999 -9999 -9999 -9999 -9999 -9999 -9999 -9999 -9999 -9999 -9999 -9999 -9999 -9999 -9999 -9999 -9999 316 -9999 319 319 319 319 319 319 319 319 319 49 49 49 49 77 45 45 45 45 45 0 0 0 253 164 164 164 164 113 113 113 113 113 113 113 113 113 -9999 -9999 -9999 -9999 -9999 -9999 -9999 -9999 -9999 -9999 -9999 -9999 -9999 -9999 -9999
-9999 -9999 -9999 -9999 -9999 -9999 -9999 -9999 -9999 -9999 -9999 -9999 -9999 -9999 -9999 -9999 -9999 -9999 -9999 -9999 -9999 -9999 -9999 -9999 -9999 -9999 -9999 -9999 -9999 -9999 -9999 -9999 319 319 319 319 319 319 319 319 319 49 49 49 119 45 45 45 45 45 0 0 0 0 253 164 164 164 164 113 113 113 113 113 113 113 113 -9999 -9999 -9999 -9999 -9999 -9999 -9999 -9999 -9999 -9999 -9999 -9999 -9999 -9999 -9999
-9999 -9999 -9999 -9999 -9999 -9999 -9999 -9999 -9999 -9999 -9999 -9999 -9999 -9999 -9999 -9999 -9999 -9999 -9999 -9999 -9999 -9999 -9999 -9999 -9999 -9999 -9999 -9999 -9999 -9999 -9999 -9999 -9999 319 319 319 319 319 319 319 319 49 49 45 45 45 45 45 45 45 45 0 0 0 253 253 164 164 164 113 113 113 113 113 113 113 113 -9999 -9999 -9999 -9999 -9999 -9999 -9999 -9999 -9999 -9999 -9999 -9999 -9999 -9999 -9999
-9999 -9999 -9999 -9999 -9999 -9999 -9999 -9999 -9999 -9999 -9999 -9999 -9999 -9999 -9999 -9999 -9999 -9999 -9999 -9999 -9999 -9999 -9999 -9999 -9999 -9999 -9999 -9999 -9999 -9999 -9999 -9999 -9999 -9999 319 319 319 319 319 319 39 39 45 45 45 45 45 45 45 45 45 253 0 0 253 253 164 164 164 164 113 113 113 113 113 113 113 -9999 -9999 -9999 -9999 -9999 -9999 -9999 -9999 -9999 -9999 -9999 -9999 -9999 -9999 -9999
-9999 -9999 -9999 -9999 -9999 -9999 -9999 -9999 -9999 -9999 -9999 -9999 -9999 -9999 -9999 -9999 -9999 -9999 -9999 -9999 -9999 -9999 -9999 -9999 -9999 -9999 -9999 -9999 -9999 -9999 -9999 -9999 -9999 -9999 316 -9999 319 319 319 39 39 39 45 45 45 129 129 129 129 45 45 45 253 253 253 253 164 164 164 164 113 113 113 113 113 113 113 -9999 -9999 -9999 -9999 -9999 -9999 -9999 -9999 -9999 -9999 -9999 -9999 -9999 -9999 -9999
-9999 -9999 -9999 -9999 -9999 -9999 -9999 -9999 -9999 -9999 -9999 -9999 -9999 -9999 -9999 -9999 -9999 -9999 -9999 -9999 -9999 -9999 -9999 -9999 -9999 -9999 -9999 -9999 -9999 -9999 -9999 -9999 -9999 -9999 -9999 291 -9999 319 39 39 39 34 129 129 129 129 129 129 129 129 45 45 45 253 253 164 164 164 164 164 113 113 113 113 113 113 113 -9999 -9999 -9999 -9999 -9999 -9999 -9999 -9999 -9999 -9999 -9999 -9999 -9999 -9999 -9999
-9999 -9999 -9999 -9999 -9999 -9999 -9999 -9999 -9999 -9999 -9999 -9999 -9999 -9999 -9999 -9999 -9999 -9999 -9999 -9999 -9999 -9999 -9999 -9999 -9999 -9999 -9999 -9999 -9999 -9999 -9999 -9999 -9999 -9999 -9999 291 291 -9999 39 39 39 39 129 129 129 129 129 129 129 129 81 81 45 253 164 164 164 164 164 164 164 164 164 41 41 41 41 -9999 -9999 -9999 -9999 -9999 -9999 -9999 -9999 -9999 -9999 -9999 -9999 -9999 -9999 -9999
-9999 -9999 -9999 -9999 -9999 -9999 -9999 -9999 -9999 -9999 -9999 -9999 -9999 -9999 -9999 -9999 -9999 -9999 -9999 -9999 -9999 -9999 -9999 -9999 -9999 -9999 -9999 -9999 -9999 -9999 -9999 -9999 -9999 -9999 291 291 291 291 -9999 39 39 12 129 129 129 129 129 209 129 129 81 81 81 81 81 81 164 164 164 164 164 164 41 41 41 41 41 -9999 -9999 -9999 -9999 -9999 -9999 -9999 -9999 -9999 -9999 -9999 -9999 -9999 -9999 -9999
-9999 -9999 -9999 -9999 -9999 -9999 -9999 -9999 -9999 -9999 -9999 -9999 -9999 -9999 -9999 -9999 -9999 -9999 -9999 -9999 -9999 -9999 -9999 -9999 -9999 -9999 -9999 -9999 -9999 -9999 -9999 -9999 -9999 291 291 291 291 47 47 99 39 129 129 129 129 129 209 209 209 129 81 81 81 81 81 81 81 81 164 164 164 41 41 41 41 41 41 -9999 -9999 -9999 -9999 -9999 -9999 -9999 -9999 -9999 -9999 -9999 -9999 -9999 -9999 -9999
-9999 -9999 -9999 -9999 -9999 -9999 -9999 -9999 -9999 -9999 -9999 -9999 -9999 -9999 -9999 -9999 -9999 -9999 -9999 -9999 -9999 -9999 -9999 -9999 -9999 -9999 -9999 -9999 -9999 -9999 -9999 -9999 -9999 291 291 47 47 47 47 80 6 129 129 129 129 209 209 209 209 209 81 81 81 81 81 81 81 81 41 41 41 41 41 41 41 41 41 -9999 -9999 -9999 -9999 -9999 -9999 -9999 -9999 -9999 -9999 -9999 -9999 -9999 -9999 -9999
-9999 -9999 -9999 -9999 -9999 -9999 -9999 -9999 -9999 -9999 -9999 -9999 -9999 -9999 -9999 -9999 -9999 -9999 -9999 -9999 -9999 -9999 -9999 -9999 -9999 -9999 -9999 -9999 -9999 -9999 -9999 -9999 291 291 47 47 47 47 47 129 129 -9999 129 129 209 209 209 209 209 209 209 81 81 81 81 81 41 41 41 41 41 41 41 41 41 41 41 41 -9999 -9999 -9999 -9999 -9999 -9999 -9999 -9999 -9999 -9999 -9999 -9999 -9999 -9999
-9999 -9999 -9999 -9999 -9999 -9999 -9999 -9999 -9999 -9999 -9999 -9999 -9999 -9999 -9999 -9999 -9999 -9999 -9999 -9999 -9999 -9999 -9999 -9999 -9999 -9999 -9999 -9999 -9999 -9999 -9999 291 291 47 47 47 47 47 0 129 129 129 129 -9999 -9999 209 209 209 209 209 209 209 209 81 81 81 41 41 41 41 41 41 41 41 41 41 41 41 -9999 -9999 -9999 -9999 -9999 -9999 -9999 -9999 -9999 -9999 -9999 -9999 -9999 -9999
-9999 -9999 -9999 -9999 -9999 -9999 -9999 -9999 -9999 -9999 -9999 -9999 -9999 -9999 -9999 -9999 -9999 -9999 -9999 -9999 -9999 -9999 -9999 -9999 -9999 -9999 -9999 -9999 -9999 -9999 47 47 47 47 47 47 47 47 87 42 129 129 129 150 150 172 -9999 209 209 209 209 -9999 -9999 81 81 81 41 41 41 41 41 41 41 41 92 92 92 -9999 -9999 -9999 -9999 -9999 -9999 -9999 -9999 -9999 -9999 -9999 -9999 -9999 -9999 -9999
