04_184A004/dem.asc
ncols 172
nrows 237
xllcorner 610032
yllcorner 6876144
cellsize 16
nodata_value -9999
[rows 33 to 65 of 237, columns 75 to 149 of 172]
106.76 107.269 107.929 108.97 112.215 114.255 116.791 120.328 124.897 129.665 133.63 136.521 137.471 138.388 139.105 139.488 139.144 139.034 138.922 138.467 138.32 138.781 138.432 139.236 141.225 142.828 144.388 145.432 145.154 144.223 143.171 141.886 141.428 140.288 139.335 139.295 138.434 139.282 139.178 138.748 138.633 138.51 138.456 137.438 -9999 -9999 -9999 -9999 -9999 -9999 -9999 -9999 -9999 -9999 -9999 -9999 -9999 -9999 -9999 -9999 -9999 -9999 -9999 -9999 -9999 -9999 -9999 -9999 -9999 -9999 -9999 -9999 -9999 -9999 -9999
105.464 106.291 106.878 107.946 109.38 111.328 114.656 117.977 122.379 126.576 130.552 133.748 135.429 136.508 137.163 137.992 138.282 138.725 139.141 138.554 138.19 138.318 137.864 138.075 140.111 141.857 143.572 144.347 144.527 143.954 142.88 141.8 140.411 139.189 138.272 138.598 138.164 138.661 138.136 138.436 138.542 138.214 138.215 136.827 135.785 -9999 -9999 -9999 -9999 -9999 -9999 -9999 -9999 -9999 -9999 -9999 -9999 -9999 -9999 -9999 -9999 -9999 -9999 -9999 -9999 -9999 -9999 -9999 -9999 -9999 -9999 -9999 -9999 -9999 -9999
104.833 105.818 106.632 107.537 108.492 109.482 111.411 114.827 119.555 124.123 128.19 130.766 131.96 133.49 134.974 136.604 137.625 138.232 138.651 138.966 138.354 137.608 137.206 137.417 138.676 140.539 141.982 142.607 143.178 142.918 142.502 141.665 140.145 138.997 138.348 138.281 137.617 138.081 137.688 137.809 137.977 138.227 138.043 136.584 135.329 134.009 132.252 -9999 -9999 -9999 -9999 -9999 -9999 -9999 -9999 -9999 -9999 -9999 -9999 -9999 -9999 -9999 -9999 -9999 -9999 -9999 -9999 -9999 -9999 -9999 -9999 -9999 -9999 -9999 -9999
104.225 105.412 106.802 107.345 108.208 108.932 110.502 112.574 115.737 120.48 125.056 128.141 130.021 130.977 132.305 134.449 136.409 137.225 137.623 137.7 137.56 136.947 136.547 136.162 136.206 138.285 140 140.6 141.404 141.549 141.374 140.698 139.915 139.276 138.099 137.199 137.244 137.311 137.271 137.714 137.188 137.199 137.429 135.89 135.385 134.094 132.197 130.284 -9999 -9999 -9999 -9999 -9999 -9999 -9999 -9999 -9999 -9999 -9999 -9999 -9999 -9999 -9999 -9999 -9999 -9999 -9999 -9999 -9999 -9999 -9999 -9999 -9999 -9999 -9999
103.949 104.593 106.215 107.658 107.761 108.387 109.701 111.554 113.554 116.586 121.19 124.799 126.847 129.089 130.313 131.934 134.345 135.777 136.776 136.346 136.199 135.585 136.147 135.267 134.74 135.415 137.33 138.814 139.509 139.946 139.885 139.596 138.766 137.981 137.3 136.247 136.541 136.802 136.261 136.574 136.522 136.935 136.188 135.161 134.354 132.955 131.775 129.986 129.126 -9999 -9999 -9999 -9999 -9999 -9999 -9999 -9999 -9999 -9999 -9999 -9999 -9999 -9999 -9999 -9999 -9999 -9999 -9999 -9999 -9999 -9999 -9999 -9999 -9999 -9999
103.469 103.621 104.538 106.523 107.141 107.851 108.712 110.224 111.522 113.642 117.058 120.828 122.934 124.866 127.545 129.513 131.499 133.387 134.73 134.958 134.767 134.396 134.749 134.765 134.541 134.156 134.923 136.529 137.508 137.562 137.456 137.53 137.135 136.408 135.77 135.089 135.421 135.492 135.537 135.58 135.718 136.419 136.135 134.432 133.246 131.418 130.27 129.862 129.398 128.258 126.895 -9999 -9999 -9999 -9999 -9999 -9999 -9999 -9999 -9999 -9999 -9999 -9999 -9999 -9999 -9999 -9999 -9999 -9999 -9999 -9999 -9999 -9999 -9999 -9999
103.32 103.231 103.735 104.413 105.71 106.675 107.642 108.595 110.173 112.239 114.313 116.761 119.42 121.138 123.321 125.978 127.929 129.998 131.728 132.742 133.443 133.858 134.614 134.931 134.146 133.444 133.69 134.444 135.6 135.549 135.198 134.904 135.344 134.827 134.674 134.085 134.221 133.609 133.827 134.384 134.52 134.889 134.653 133.294 131.811 130.325 129.727 129.85 128.894 128.608 127.674 126.422 -9999 -9999 -9999 -9999 -9999 -9999 -9999 -9999 -9999 -9999 -9999 -9999 -9999 -9999 -9999 -9999 -9999 -9999 -9999 -9999 -9999 -9999 -9999
102.878 103.194 103.114 103.795 104.454 105.266 106.486 107.221 108.551 110.642 112.715 114.904 117.314 118.917 121.083 122.978 124.403 126.255 128.301 130.34 131.717 133.1 133.884 134.224 134.022 132.752 132.793 132.19 133.007 133.019 132.989 132.161 133.312 133.655 132.925 132.592 132.584 132.713 132.235 132.494 133.235 133.615 132.125 130.924 130.051 129.509 129.515 129.49 128.667 127.865 126.68 126.255 -9999 -9999 -9999 -9999 -9999 -9999 -9999 -9999 -9999 -9999 -9999 -9999 -9999 -9999 -9999 -9999 -9999 -9999 -9999 -9999 -9999 -9999 -9999
102.565 102.851 102.938 103.141 103.569 104.05 104.546 106.116 107.479 109.205 111.021 113.513 116.009 117.545 118.517 119.622 121.314 123.106 124.523 127.074 129.188 131.154 132.352 132.264 132.145 131.932 131.438 131.57 130.94 131.201 130.828 130.533 131.789 132.566 131.371 130.498 130.258 129.53 129.398 129.417 131.109 131.412 129.422 128.904 128.019 128.244 128.718 128.754 127.896 127.71 126.729 126.262 -9999 -9999 -9999 -9999 -9999 -9999 -9999 -9999 -9999 -9999 -9999 -9999 -9999 -9999 -9999 -9999 -9999 -9999 -9999 -9999 -9999 -9999 -9999
102.525 102.651 102.791 102.9 102.961 103.18 103.775 104.496 106.332 107.921 109.607 111.751 113.779 115.403 116.712 117.442 118.774 120.741 122.492 124.785 127.859 129.49 131.024 131.101 130.443 130.01 129.792 130.141 130.194 129.088 128.428 128.628 129.889 129.716 128.954 128.649 128.375 127.585 126.95 126.001 126.876 128.311 127.19 125.661 126.402 127.505 127.999 127.759 127.132 127.455 126.546 126.452 -9999 -9999 -9999 -9999 -9999 -9999 -9999 -9999 -9999 -9999 -9999 -9999 -9999 -9999 -9999 -9999 -9999 -9999 -9999 -9999 -9999 -9999 -9999
102.504 102.518 102.558 102.826 102.849 102.861 103.104 104.055 105.103 106.989 108.553 109.683 111.152 112.446 114.04 115.73 117.113 119.187 121.812 124.193 126.209 128.022 129.27 129.778 129.466 128.877 129.052 128.982 128.131 127.795 126.817 126.558 126.783 127.224 126.919 126.255 126.537 125.899 124.959 124.368 124.241 124.881 124.067 123.455 124.58 126.273 126.645 126.541 126.284 126.216 125.971 126.005 -9999 -9999 -9999 -9999 -9999 -9999 -9999 -9999 -9999 -9999 -9999 -9999 -9999 -9999 -9999 -9999 -9999 -9999 -9999 -9999 -9999 -9999 -9999
102.709 102.545 102.531 102.585 102.761 102.793 102.765 103.141 104.396 105.505 107.289 108.308 109.171 110.247 112.29 113.912 115.566 117.381 120.132 122.845 125.353 126.898 127.478 127.449 128.694 128.781 127.941 127.567 126.57 125.914 124.733 124.834 124.889 125.643 124.968 124.371 123.861 123.776 123.07 122.835 122.362 122.068 121.833 121.647 122.761 124.363 124.912 125.263 125.696 125.344 125.545 125.585 -9999 -9999 -9999 -9999 -9999 -9999 -9999 -9999 -9999 -9999 -9999 -9999 -9999 -9999 -9999 -9999 -9999 -9999 -9999 -9999 -9999 -9999 -9999
102.809 102.447 102.341 102.289 102.976 102.606 102.656 103.348 104.008 105.05 106.255 107.249 108.351 109.332 110.409 112.052 113.382 115.273 118.044 121.1 123.53 125.742 127.211 127.99 127.483 127.131 126.375 125.731 125.216 124.814 123.178 123.351 123.481 123.518 123.769 123.524 121.917 121.486 120.966 120.709 120.454 119.668 119.382 120.136 121.227 122.091 122.965 123.544 124.331 124.783 124.877 125.275 -9999 -9999 -9999 -9999 -9999 -9999 -9999 -9999 -9999 -9999 -9999 -9999 -9999 -9999 -9999 -9999 -9999 -9999 -9999 -9999 -9999 -9999 -9999
102.863 102.758 102.448 102.253 102.768 103.13 103.068 103.189 104.379 105.433 106.283 106.952 107.735 108.608 109.389 111.031 112.511 113.926 115.88 118.745 122.03 124.982 126.991 127.788 127.952 127.501 126.434 124.951 123.691 123.513 122.436 122.224 122.345 121.883 121.719 120.945 120.151 119.089 118.201 117.765 118.094 117.94 117.517 118.3 119.397 120.199 120.991 121.428 122.481 123.228 123.718 124.19 -9999 -9999 -9999 -9999 -9999 -9999 -9999 -9999 -9999 -9999 -9999 -9999 -9999 -9999 -9999 -9999 -9999 -9999 -9999 -9999 -9999 -9999 -9999
103.632 103.1 102.557 101.996 102.315 102.566 103.139 103.27 103.578 104.418 106.204 107.31 107.539 107.784 108.393 110.139 111.685 113.143 114.809 116.887 120.062 123.228 126.337 127.889 127.603 127.271 126.163 125.119 123.58 122.488 121.574 120.827 120.711 120.025 119.797 119.05 118.394 117.994 117.483 116.649 115.872 115.502 115.589 116.214 117.111 119.591 118.565 119.25 120.149 120.903 121.72 123.826 -9999 -9999 -9999 -9999 -9999 -9999 -9999 -9999 -9999 -9999 -9999 -9999 -9999 -9999 -9999 -9999 -9999 -9999 -9999 -9999 -9999 -9999 -9999
104.827 103.711 102.716 102.369 101.823 101.782 101.824 102.316 103.161 103.579 104.069 105.561 106.041 107.04 107.609 108.929 110.864 112.201 113.854 115.862 118.331 122.452 125.796 126.749 127.259 126.739 125.741 124.353 123.831 122.976 121.571 120.803 119.769 118.793 118.215 117.759 117.381 116.777 116.647 115.912 114.787 114.292 114.481 114.937 115.512 116.618 116.992 117.523 118.078 118.854 120.208 120.163 120.617 -9999 -9999 -9999 -9999 -9999 -9999 -9999 -9999 -9999 -9999 -9999 -9999 -9999 -9999 -9999 -9999 -9999 -9999 -9999 -9999 -9999 -9999
105.77 104.261 103.586 102.993 102.35 101.772 101.191 101.323 101.401 101.429 101.967 103.107 104.036 104.526 106.541 107.957 108.225 109.321 111.884 114.042 116.668 121.402 124.331 125.908 126.31 125.846 124.976 123.956 123.14 121.934 121.223 119.81 119.04 117.863 117.473 117.645 117.406 116.783 116.066 114.92 114.182 113.841 113.965 113.954 114.37 115.232 116.052 116.597 116.847 117.395 117.811 117.989 -9999 -9999 -9999 -9999 -9999 -9999 -9999 -9999 -9999 -9999 -9999 -9999 -9999 -9999 -9999 -9999 -9999 -9999 -9999 -9999 -9999 -9999 -9999
107.207 105.63 104.465 103.615 102.745 102.098 101.216 100.358 100.532 100.796 101.548 102.048 102.995 104.114 104.991 105.874 105.858 106.404 108.249 111.279 114.243 118.05 122.257 124.577 125.343 125.016 124.202 123.38 122.554 121.394 120.22 119.217 118.452 117.886 116.963 116.902 116.718 116.343 115.264 114.239 113.727 113.539 113.64 113.654 114.117 114.758 115.423 115.777 115.923 116.159 116.357 -9999 -9999 -9999 -9999 -9999 -9999 -9999 -9999 -9999 -9999 -9999 -9999 -9999 -9999 -9999 -9999 -9999 -9999 -9999 -9999 -9999 -9999 -9999 -9999
107.98 107.3 105.638 103.943 103.002 102.419 100.983 100.273 99.552 100.152 100.728 100.927 101.742 102.677 103.629 103.443 103.601 104.622 106.921 109.78 112.419 115.57 119.191 122.645 124.04 124.3 123.447 122.445 121.875 120.676 119.427 118.544 118.327 117.392 116.825 115.965 116.009 115.391 114.336 113.641 113.346 113.573 113.704 113.673 113.963 113.988 114.612 114.743 115.002 115.509 -9999 -9999 -9999 -9999 -9999 -9999 -9999 -9999 -9999 -9999 -9999 -9999 -9999 -9999 -9999 -9999 -9999 -9999 -9999 -9999 -9999 -9999 -9999 -9999 -9999
108.096 107.046 105.917 104.043 102.999 102.305 101.083 100.155 99.469 99.693 100.126 100.333 100.72 101.158 101.435 101.873 102.813 104.341 105.525 108.252 110.99 113.302 117.007 120.805 122.617 123.083 122.563 121.517 121.152 120.078 118.677 118.069 117.87 117.493 117.091 115.939 114.98 114.936 113.718 111.425 113.425 113.594 114.168 114.414 114.141 113.744 114.064 114.071 114.391 114.802 -9999 -9999 -9999 -9999 -9999 -9999 -9999 -9999 -9999 -9999 -9999 -9999 -9999 -9999 -9999 -9999 -9999 -9999 -9999 -9999 -9999 -9999 -9999 -9999 -9999
108.695 107.753 105.191 104.134 102.927 102.495 101.08 100.117 99.706 99.152 99.223 99.492 100.03 100.047 100.413 100.887 102.012 103.549 105.398 106.945 108.959 111.321 113.927 117.989 120.71 120.964 121.463 120.937 120.017 118.728 117.927 117.498 116.994 116.843 116.294 115.622 114.734 112.257 112.525 110.401 112.713 113.088 113.67 114.19 113.495 113.615 113.482 113.458 113.863 114.209 -9999 -9999 -9999 -9999 -9999 -9999 -9999 -9999 -9999 -9999 -9999 -9999 -9999 -9999 -9999 -9999 -9999 -9999 -9999 -9999 -9999 -9999 -9999 -9999 -9999
108.628 107.025 105.631 105.219 103.37 102.102 101.125 100.234 99.638 99.344 98.976 99.317 99.108 99.276 99.754 100.029 101.016 102.64 103.88 106.093 107.726 109.586 112.641 115.023 117.442 118.451 118.341 118.643 118.043 117.274 116.792 116.532 116.361 115.919 115.074 114.316 113.115 111.156 109.221 108.268 111.413 112.779 113.611 113.586 112.958 112.434 112.623 112.996 113.253 -9999 -9999 -9999 -9999 -9999 -9999 -9999 -9999 -9999 -9999 -9999 -9999 -9999 -9999 -9999 -9999 -9999 -9999 -9999 -9999 -9999 -9999 -9999 -9999 -9999 -9999
108.285 107.537 106.417 105.211 104.043 102.166 101.663 100.732 99.62 99.396 99.125 98.606 99.059 99.136 99.071 99.219 99.902 100.811 102.847 104.892 105.816 107.674 109.556 111.377 113.106 113.617 114.219 116.022 116.21 115.851 115.284 114.917 114.554 114.005 112.884 112.095 110.211 108.53 105.171 105.229 109.021 108.734 109.159 111.358 112.097 112.23 112.153 112.4 -9999 -9999 -9999 -9999 -9999 -9999 -9999 -9999 -9999 -9999 -9999 -9999 -9999 -9999 -9999 -9999 -9999 -9999 -9999 -9999 -9999 -9999 -9999 -9999 -9999 -9999 -9999
108.738 107.808 107.599 105.862 104.13 102.672 102.418 101.676 100.661 99.563 99.27 98.895 98.799 99.021 98.983 98.81 99.221 99.973 101.285 102.843 104.292 105.132 106.486 107.592 108.155 108.865 110.642 112.842 114.906 115.243 114.651 114.067 112.649 111.135 110.237 109.333 107.592 106.054 102.812 102.441 102.994 100.684 100.604 110.09 112.179 112.676 112.12 112.043 -9999 -9999 -9999 -9999 -9999 -9999 -9999 -9999 -9999 -9999 -9999 -9999 -9999 -9999 -9999 -9999 -9999 -9999 -9999 -9999 -9999 -9999 -9999 -9999 -9999 -9999 -9999
108.63 108.261 107.778 105.498 104.391 103.146 102.372 102.17 101.489 100.524 99.642 99.207 98.913 98.606 98.93 98.93 98.912 99.26 100.086 101.889 103.215 102.5 103.579 104.578 105.848 107.246 107.6 108.64 110.524 113.303 113.008 112.813 111.117 108.971 107.012 105.876 104.837 102.542 100.467 98.538 97.138 95.935 95.141 111.659 117.079 116.12 114.528 113.396 -9999 -9999 -9999 -9999 -9999 -9999 -9999 -9999 -9999 -9999 -9999 -9999 -9999 -9999 -9999 -9999 -9999 -9999 -9999 -9999 -9999 -9999 -9999 -9999 -9999 -9999 -9999
106.177 107.002 107.037 105.868 104.917 104.129 103.138 102.687 102.026 101.163 100.338 99.168 98.974 98.939 98.552 98.617 98.925 99.263 99.716 100.52 101.285 101.197 101.411 102.181 103.178 105.002 105.954 106.431 107.118 107.73 107.373 107.813 107.829 106.644 105.499 103.137 101.491 99.231 96.873 95.18 94.034 92.8 92.301 107.61 119.21 120.843 120.286 117.127 -9999 -9999 -9999 -9999 -9999 -9999 -9999 -9999 -9999 -9999 -9999 -9999 -9999 -9999 -9999 -9999 -9999 -9999 -9999 -9999 -9999 -9999 -9999 -9999 -9999 -9999 -9999
104.282 105.462 105.093 105.485 105.536 104.877 103.849 102.816 102.499 101.482 100.515 99.765 99.383 98.867 98.758 99.056 98.937 99.365 100.775 100.958 100.914 101.036 100.839 100.59 101.081 102.336 103.416 103.25 103.225 103.148 103.319 103.491 103.112 103.778 101.804 99.906 98.09 95.652 94.189 93.077 92.22 91.793 91.764 95.584 115.934 120.722 122.458 120.876 -9999 -9999 -9999 -9999 -9999 -9999 -9999 -9999 -9999 -9999 -9999 -9999 -9999 -9999 -9999 -9999 -9999 -9999 -9999 -9999 -9999 -9999 -9999 -9999 -9999 -9999 -9999
102.888 104.714 104.281 103.146 104.218 104.991 103.739 103.429 102.484 101.733 101.261 100.32 99.56 99.153 98.769 98.617 98.681 98.873 100.192 100.842 101.04 101.49 100.519 98.821 98.83 100.176 99.792 99.26 99.972 100.397 100.458 99.654 101.78 100.919 99.056 97.404 95.136 93.39 92.427 92.079 91.229 91.46 91.381 91.629 103.117 116.89 121.161 122.876 -9999 -9999 -9999 -9999 -9999 -9999 -9999 -9999 -9999 -9999 -9999 -9999 -9999 -9999 -9999 -9999 -9999 -9999 -9999 -9999 -9999 -9999 -9999 -9999 -9999 -9999 -9999
100.623 100.534 99.878 101.423 101.413 102.927 102.959 102.386 102.811 102.019 100.642 100.405 99.751 99.362 98.985 98.477 98.419 98.318 98.511 98.724 99.686 100.094 98.907 98.522 98.297 98.269 97.136 96.424 96.765 96.503 97.143 97.047 98.637 97.265 96.113 95.002 93.472 92.005 91.518 91.212 91.138 91.333 91.28 91.308 91.794 96.739 116.526 122.259 123.341 -9999 -9999 -9999 -9999 -9999 -9999 -9999 -9999 -9999 -9999 -9999 -9999 -9999 -9999 -9999 -9999 -9999 -9999 -9999 -9999 -9999 -9999 -9999 -9999 -9999 -9999
97.776 97.477 97.576 98.024 99.332 100.329 101.073 100.834 101.032 101.561 101.684 100.475 100.011 99.697 99.286 98.56 98.432 98.319 98.71 98.816 98.922 98.673 98.098 98.297 98.66 98.528 96.016 94.408 94.069 94.254 94.747 94.552 94.424 93.808 92.792 92.39 91.627 91.486 91.053 91.18 90.953 91.146 91.105 91.258 91.399 91.884 93.928 116.943 121.914 122.295 -9999 -9999 -9999 -9999 -9999 -9999 -9999 -9999 -9999 -9999 -9999 -9999 -9999 -9999 -9999 -9999 -9999 -9999 -9999 -9999 -9999 -9999 -9999 -9999 -9999
97.37 97.365 97.302 98.607 100.811 101.66 100.552 100.07 100.28 100.328 100.52 100.553 100.472 99.991 99.345 98.767 98.311 98.534 98.353 98.672 98.226 98.032 98.498 99.02 98.299 97.379 95.347 93.899 93.559 93.31 93.343 93.593 93 92.276 91.894 91.376 90.922 90.881 90.801 90.815 90.713 90.918 91.321 91.249 91.275 91.441 93.453 94.49 116.776 120.37 120.754 118.422 116.631 116.014 115.451 114.886 113.542 112.626 -9999 -9999 -9999 -9999 -9999 -9999 -9999 -9999 -9999 -9999 -9999 -9999 -9999 -9999 -9999 -9999 -9999
96.976 97.025 97.883 102.668 104.69 104.847 101.833 100.048 98.777 98.787 97.82 98.182 99.192 99.092 99.078 98.872 98.424 98.266 97.92 98.069 97.931 98.505 99.24 99.398 98.554 96.483 94.467 93.229 93.157 93.116 93.053 93.256 92.751 91.632 91.48 90.702 90.647 90.528 90.509 90.45 90.628 90.668 90.963 91.257 91.425 91.499 92.754 94.167 94.449 112.916 116.4 117.11 115.579 115.381 115.989 115.083 113.831 112.783 -9999 -9999 -9999 -9999 -9999 -9999 -9999 -9999 -9999 -9999 -9999 -9999 -9999 -9999 -9999 -9999 -9999
96.545 96.51 97.695 101.259 105.174 104.397 103.081 101.329 98.513 97.466 96.854 96.721 96.987 97.286 97.365 97.973 98.091 98.491 98.219 98.286 97.4 97.961 98.152 98.265 97.902 96.022 93.81 93.221 92.843 92.697 92.536 92.302 91.74 90.946 90.569 90.528 90.076 90.656 90.555 90.411 90.542 90.659 90.83 91.084 91.255 91.482 91.754 92.438 92.921 93.708 98.761 103.345 105.754 110.337 111.114 111.436 111.765 -9999 -9999 -9999 -9999 -9999 -9999 -9999 -9999 -9999 -9999 -9999 -9999 -9999 -9999 -9999 -9999 -9999 -9999
