04_184A004/dem.asc
ncols 172
nrows 237
xllcorner 610032
yllcorner 6876144
cellsize 16
nodata_value -9999
[rows 66 to 98 of 237, columns 75 to 149 of 172]
97.528 96.112 96.058 97.094 101.004 100.91 100.434 98.92 99.252 97.946 97.086 95.616 95.257 95.422 95.432 95.518 96.666 97.086 98.233 98.6 98.361 97.981 96.939 96.347 95.84 94.273 93.352 92.957 92.532 92.081 91.479 91.22 90.517 90.527 90.518 90.384 90.308 90.424 90.34 90.371 90.446 90.696 90.448 90.985 91.161 91.555 91.714 91.851 92.632 94.524 96.963 100.011 102.889 105.317 106.392 106.431 106.177 107.009 -9999 -9999 -9999 -9999 -9999 -9999 -9999 -9999 -9999 -9999 -9999 -9999 -9999 -9999 -9999 -9999 -9999
96.901 95.657 96.487 95.67 97.013 97.711 97.495 97.584 97.801 97.323 97.167 95.923 95.305 94.807 94.549 94.573 95.092 95.751 95.868 97.643 98.052 98.065 97.259 96.483 95.185 94.026 93.27 92.999 93.206 92.645 90.97 90.663 90.612 90.399 90.303 90.14 90.232 90.525 90.272 90.197 90.552 90.586 90.858 90.887 91.108 91.299 92.28 94.143 96.28 98.335 100.585 102.09 103.187 104.394 105.538 106.363 106.804 -9999 -9999 -9999 -9999 -9999 -9999 -9999 -9999 -9999 -9999 -9999 -9999 -9999 -9999 -9999 -9999 -9999 -9999
96.36 95.184 95.122 93.514 93.384 94.323 95.364 95.395 96.18 96.369 95.534 96.291 95.884 94.751 94.485 94.379 95.757 97.343 96.121 96.947 97.486 97.088 97.22 96.507 95.738 95.094 94.568 93.181 92.474 91.707 90.693 90.687 90.025 90.333 89.883 90.405 90.41 90.309 90.321 90.386 90.568 90.757 90.401 90.624 91.604 94.688 98.21 100.634 104.164 104.815 106.398 106.599 106.469 107.931 110.147 109.525 109.554 -9999 -9999 -9999 -9999 -9999 -9999 -9999 -9999 -9999 -9999 -9999 -9999 -9999 -9999 -9999 -9999 -9999 -9999
95.519 94.871 94.07 93.167 92.544 92.97 93.394 92.979 93.752 93.872 93.96 94.815 94.524 94.287 94.592 94.513 96.263 96.966 95.451 96.125 98.376 97.521 96.308 95.725 95.14 94.665 94.154 93.908 93.929 92.366 91.272 90.382 90.4 90.209 90.152 90.011 90.46 90.433 90.455 90.218 90.71 90.48 90.361 90.641 91.707 95.279 102.038 104.164 106.948 108.568 109.407 110.204 109.913 108.248 110.082 110.445 110.021 109.256 108.14 -9999 -9999 -9999 -9999 -9999 -9999 -9999 -9999 -9999 -9999 -9999 -9999 -9999 -9999 -9999 -9999
95.465 94.979 93.257 93.431 91.698 92.177 92.487 92.462 92.86 92.315 92.653 93.907 94.012 92.801 92.992 93.356 94.504 94.283 94.316 96.162 96.928 97.192 95.95 95.207 94.208 93.383 93.026 93.274 93.284 92.476 91.154 90.364 90.143 89.914 90.081 90.259 90.222 90.359 90.4 90.446 90.259 90.362 90.381 90.49 91.251 94.999 101.614 106.023 108.423 110.149 112.12 112.724 112.144 110.487 109.389 109.972 109.807 109.446 108.262 107.759 -9999 -9999 -9999 -9999 -9999 -9999 -9999 -9999 -9999 -9999 -9999 -9999 -9999 -9999 -9999
96.12 94.28 93.738 92.955 92.561 92.163 91.848 91.704 91.573 91.745 92.333 92.773 92.073 92.453 92.276 92.393 92.584 93.071 94.895 96.334 96.551 95.847 95.631 95.335 94.128 93.102 92.899 92.602 91.985 91.807 91.271 90.39 89.938 90.008 90.09 90.47 90.447 90.225 90.474 90.404 90.413 90.304 90.387 90.397 90.653 93.313 99.452 104.465 107.107 109.966 111.668 112.329 112.299 112.469 110.076 108.985 108.488 108.485 107.86 107.472 107.738 -9999 -9999 -9999 -9999 -9999 -9999 -9999 -9999 -9999 -9999 -9999 -9999 -9999 -9999
94.843 94.331 94.38 94.441 93.685 93.34 91.545 91.275 91.366 91.51 91.583 91.447 91.558 91.818 91.742 92.133 92.9 93.314 94.92 97.2 97.383 96.481 96.288 95.645 94.249 93.068 92.72 92.745 91.831 90.825 90.216 90.004 89.895 90.003 90.292 90.632 90.55 90.498 90.4 90.398 90.315 90.322 90.407 90.44 90.466 91.56 95.363 100.556 104.138 107.7 110.116 110.4 111.148 111.963 110.939 110.046 109.437 108.315 107.491 107.312 107.384 107.702 -9999 -9999 -9999 -9999 -9999 -9999 -9999 -9999 -9999 -9999 -9999 -9999 -9999
95.657 95.529 94.589 96.021 95.031 93.533 91.699 91.208 90.989 91.044 91.157 91.146 91.067 91.387 91.639 93.725 95.761 94.991 95.686 97.559 97.47 96.494 97.238 96.533 94.64 93.276 92.158 91.477 90.744 90.085 89.881 89.733 90.091 90.242 90.252 90.361 90.764 91.303 91.131 90.858 90.69 90.718 90.367 90.511 90.503 91.095 93.486 97.766 102.317 107.022 109.234 109.873 109.964 111.06 110.1 109.566 109.173 108.939 107.792 107.078 107.211 107.406 -9999 -9999 -9999 -9999 -9999 -9999 -9999 -9999 -9999 -9999 -9999 -9999 -9999
98.261 96.163 95.197 95.344 96.645 93.925 92.949 91.366 91.003 90.844 90.849 90.962 90.905 91.093 92.817 95.828 96.848 96.846 97.329 97.839 96.902 95.225 94.869 94.411 93.846 92.613 91.723 90.426 90.2 89.9 89.756 89.944 90.012 90.209 90.413 90.758 91.181 92.326 92.295 92.752 91.836 90.94 90.66 90.598 90.602 90.93 93.292 96.782 101.284 106.229 108.926 109.096 108.768 109.321 108.883 108.477 108.271 108.695 108.512 107.934 107.439 107.084 -9999 -9999 -9999 -9999 -9999 -9999 -9999 -9999 -9999 -9999 -9999 -9999 -9999
97.817 96.187 95.373 94.595 93.951 93.613 93.816 91.343 91.022 90.88 90.867 90.663 90.825 90.722 93.294 97.306 97.363 97.82 98.148 97.219 95.496 94.499 93.825 93.136 92.184 91.48 90.985 90.192 89.918 89.713 89.627 89.718 90.177 90.793 91.713 92.092 92.273 92.495 93.137 93.872 93.246 92.151 91.296 90.935 91.146 91.034 92.036 97.017 101.184 104.407 105.783 107.279 107.913 107.585 107.569 108.461 107.705 107.327 107.541 107.989 108.294 107.872 -9999 -9999 -9999 -9999 -9999 -9999 -9999 -9999 -9999 -9999 -9999 -9999 -9999
99.035 97.814 94.843 94.515 94.212 93.795 93.426 92.324 91.812 90.712 90.782 90.66 90.75 90.709 90.698 93.018 94.727 97.136 98.122 97.068 95.563 95.548 94.509 92.655 92.146 91.23 90.287 89.757 89.728 89.454 89.661 89.83 90.193 91.127 92.34 92.73 93.111 94.009 95.001 97.271 99.094 94.892 93.11 92.069 91.902 92.015 92.746 96.211 101.248 104.521 104.702 104.941 105.813 106.451 106.669 106.95 107.554 107.019 106.832 107.392 107.75 108.086 -9999 -9999 -9999 -9999 -9999 -9999 -9999 -9999 -9999 -9999 -9999 -9999 -9999
97.837 98.197 94.647 94.551 93.843 94.277 93.933 93.373 91.766 90.612 90.697 90.634 90.616 90.494 90.498 90.243 91.691 93.851 95.065 95.074 94.788 94.144 94.122 92.671 91.811 90.63 90.049 89.704 89.517 89.817 89.672 89.904 90.18 93.154 96.532 96.225 95.09 94.399 96.028 99.187 101.056 98.014 96.192 94.698 93.961 94.1 93.885 95.977 100.685 103.289 103.333 103.36 103.76 103.944 104.383 106.064 106.865 106.702 106.44 106.902 107.096 106.955 -9999 -9999 -9999 -9999 -9999 -9999 -9999 -9999 -9999 -9999 -9999 -9999 -9999
96.187 95.369 94.499 94.983 93.345 93.159 93.947 94.128 91.78 90.883 90.775 90.748 90.575 90.513 90.291 90.068 90.18 91.51 93.502 94.086 93.889 93.691 92.884 92.256 91.54 90.204 89.599 89.56 89.596 89.736 89.968 89.908 90.756 97.658 101.744 103.224 101.628 97.857 96.25 97.792 99.907 98.752 97.574 97.191 96.574 96.249 95.9 96.013 97.892 100.536 101.447 101.708 102.565 102.178 102.996 103.55 104.716 105.956 106.204 106.552 107.177 106.681 -9999 -9999 -9999 -9999 -9999 -9999 -9999 -9999 -9999 -9999 -9999 -9999 -9999
93.924 95.305 94.047 94.286 93.367 92.472 92.824 92.996 92.077 91.293 91.62 91.82 92.513 90.653 90.215 90.139 89.785 89.94 90.52 94.103 92.275 91.957 91.635 90.902 90.402 89.866 89.693 90.053 90.192 90.308 90.325 90.736 93.632 100.387 104.453 106.894 106.962 103.32 99.795 98.06 98.223 98.758 98.334 98.211 97.061 96.895 96.928 97.053 97.433 97.903 98.422 99.454 99.685 100.437 101.373 102.036 102.264 102.91 104.103 105.937 106.439 106.736 -9999 -9999 -9999 -9999 -9999 -9999 -9999 -9999 -9999 -9999 -9999 -9999 -9999
90.86 92.479 91.414 94.236 93.394 92.007 92.106 92.793 92.585 90.861 91.694 92.553 93.579 95.026 92.238 90.241 89.806 89.79 89.957 90.03 90.55 90.82 90.432 90.108 89.702 89.55 89.43 89.906 91.062 91.563 91.848 92.656 97.99 104.321 107.431 109.912 110.307 108.921 105.408 101.36 99.486 99.32 98.217 98.255 97.716 97.171 97.167 97.633 99.21 98.325 98.43 98.111 98.131 98.413 99.552 101.525 101.187 101.33 102.368 103.603 104.942 106.609 107.117 106.366 -9999 -9999 -9999 -9999 -9999 -9999 -9999 -9999 -9999 -9999 -9999
89.878 90.287 90.244 90.685 93.128 92.34 91.607 91.505 92.069 91.178 90.714 91.278 92.779 94.082 93.788 92.056 90.482 89.71 89.543 89.552 89.713 89.913 90.382 89.827 89.433 89.45 89.184 89.834 90.597 91.861 93.387 96.036 101.576 107.137 110.859 112.023 112.857 112.344 110.146 107.035 102.497 99.947 98.724 98.111 98.126 97.815 97.594 97.986 98.377 99.556 98.677 98.051 98.218 98.278 98.391 99.002 99.573 99.947 100.707 102.111 103.011 104.328 106.16 106.912 -9999 -9999 -9999 -9999 -9999 -9999 -9999 -9999 -9999 -9999 -9999
89.487 90.331 90.146 89.513 90.537 91.052 90.985 90.265 90.667 90.775 90.411 90.44 90.903 91.245 91.576 92.281 90.483 90.219 89.647 89.518 89.396 89.333 89.325 89.45 89.237 89.269 89.302 89.659 90.472 92.245 95.936 100.2 105.371 110.18 112.785 113.897 114.086 113.367 112.316 109.325 105.468 101.99 100.284 98.84 98.735 98.503 98.055 98.121 98.552 100.336 101.374 99.042 98.276 98.205 98.221 98.642 98.272 98.929 99.284 100.052 101.516 103.018 104.564 105.815 -9999 -9999 -9999 -9999 -9999 -9999 -9999 -9999 -9999 -9999 -9999
89.34 90.368 90.83 89.537 89.757 90.368 90.415 89.326 89.755 89.805 89.995 90.692 90.3 90.24 90.085 90.307 90.165 89.662 89.373 89.235 89.064 -9999 -9999 88.839 89.034 89.121 88.996 89.582 90.328 92.706 98.949 104.33 108.739 112.049 114.268 114.996 115.011 114.278 113.345 110.424 107.368 104.613 101.992 100.948 99.733 99.274 99.084 98.6 98.712 101.753 102.621 102.231 99.963 98.656 98.829 98.584 98.533 98.464 98.43 98.976 99.29 101.098 103.722 -9999 -9999 -9999 -9999 -9999 -9999 -9999 -9999 -9999 -9999 -9999 -9999
88.85 89.482 89.657 89.339 89.446 89.804 89.334 89.153 89.26 89.285 89.349 90.24 89.907 89.831 89.576 89.904 89.652 89.36 89.109 89.086 -9999 -9999 -9999 -9999 -9999 88.904 88.959 89.292 89.974 93.577 99.951 105.51 109.796 112.344 114.905 115.904 115.765 114.868 113.761 111.263 107.972 105.584 103.808 101.872 100.94 100.506 100.644 100.539 100.717 101.144 104.017 105.612 103.774 100.276 99.416 98.785 99.002 98.664 98.569 98.394 98.435 100.403 -9999 -9999 -9999 -9999 -9999 -9999 -9999 -9999 -9999 -9999 -9999 -9999 -9999
-9999 -9999 -9999 -9999 -9999 -9999 89.089 89.179 89.391 89.214 89.161 89.287 89.383 89.303 89.345 89.186 89.27 89.146 -9999 -9999 -9999 -9999 -9999 -9999 -9999 -9999 -9999 -9999 89.18 93.564 98.069 103.445 108.611 111.681 114.027 115.366 115.78 115.176 113.994 111.496 108.209 106.513 105.411 104.042 102.329 101.709 101.227 101.731 101.958 102.239 103.82 104.51 103.556 101.909 100.257 99.712 99.464 98.984 98.563 98.236 98.334 -9999 -9999 -9999 -9999 -9999 -9999 -9999 -9999 -9999 -9999 -9999 -9999 -9999 -9999
-9999 -9999 -9999 -9999 -9999 -9999 88.719 89.449 89.321 89.13 89.241 89.247 89.184 89.241 89.02 89.028 88.973 -9999 -9999 -9999 -9999 -9999 -9999 -9999 -9999 -9999 -9999 -9999 88.718 91.242 97.941 101.016 105.038 108.971 111.803 112.42 113.963 113.768 112.741 110.615 108.003 106.46 105.213 103.716 103.265 103.947 102.826 103.288 103.53 103.704 104.088 104.497 103.943 103.19 102.043 100.413 100.503 100.812 98.774 98.391 -9999 -9999 -9999 -9999 -9999 -9999 -9999 -9999 -9999 -9999 -9999 -9999 -9999 -9999 -9999
-9999 -9999 -9999 -9999 -9999 -9999 -9999 89.173 89.227 89.146 89.202 89.543 90.058 89.716 89.842 89.159 -9999 -9999 -9999 -9999 -9999 -9999 -9999 -9999 -9999 -9999 -9999 -9999 -9999 89.781 93.505 100.069 103.54 106.829 108.9 110.506 111.489 112.045 112.037 111.129 107.919 106.939 105.691 105.148 105.47 105.049 103.929 104.312 104.358 104.996 105.335 105.471 105.064 104.64 103.603 105.165 105.043 103.646 99.837 98.483 -9999 -9999 -9999 -9999 -9999 -9999 -9999 -9999 -9999 -9999 -9999 -9999 -9999 -9999 -9999
-9999 -9999 -9999 -9999 -9999 -9999 -9999 89.043 89.183 89.164 89.458 89.968 92.621 91.104 90.362 89.802 -9999 -9999 -9999 -9999 -9999 -9999 -9999 -9999 -9999 -9999 -9999 -9999 -9999 88.922 91.848 94.858 98.306 105.116 107.547 110.08 111.298 110.863 110.133 109.258 108.761 107.019 106.203 106.947 107.536 107.219 106.76 107.213 106.386 107.127 107.688 107.634 107.161 107.26 106.754 107.772 107.765 106.918 104.097 -9999 -9999 -9999 -9999 -9999 -9999 -9999 -9999 -9999 -9999 -9999 -9999 -9999 -9999 -9999 -9999
-9999 -9999 -9999 -9999 -9999 -9999 -9999 -9999 88.719 89.172 89.569 90.05 92.37 92.526 91.061 -9999 -9999 -9999 -9999 -9999 -9999 -9999 -9999 88.718 -9999 -9999 -9999 -9999 88.718 89.062 89.73 93.348 96.162 99.696 104.986 108.241 110.51 110.224 108.969 107.954 107.735 107.099 106.624 107.247 -9999 108.552 108.61 108.451 108.237 108.647 109.383 109.89 109.352 108.826 108.914 109.842 109.23 108.427 105.346 -9999 -9999 -9999 -9999 -9999 -9999 -9999 -9999 -9999 -9999 -9999 -9999 -9999 -9999 -9999 -9999
-9999 -9999 -9999 -9999 -9999 -9999 -9999 -9999 88.719 89.225 89.392 89.432 89.859 91.846 90.969 -9999 -9999 -9999 -9999 88.728 89.429 89.772 90.175 90.812 90.656 89.528 88.874 88.732 88.771 89.439 89.621 90.997 94.141 97.589 102.605 106.215 108.767 108.537 107.913 107.729 107.978 107.425 -9999 -9999 -9999 -9999 -9999 -9999 110.409 109.987 109.982 111.19 111.352 111.202 110.469 110.554 109.512 108.835 106.994 -9999 -9999 -9999 -9999 -9999 -9999 -9999 -9999 -9999 -9999 -9999 -9999 -9999 -9999 -9999 -9999
-9999 -9999 -9999 -9999 -9999 -9999 -9999 88.719 89.026 89.875 90.856 89.617 -9999 -9999 -9999 -9999 -9999 -9999 88.718 89.647 91.209 93.043 95.436 96.841 98.03 98.001 95.433 92.382 90.171 90.007 89.982 90.313 91.447 95.243 100.398 104.073 105.508 104.594 105.503 106.859 107.999 108.464 -9999 -9999 -9999 -9999 -9999 -9999 113.312 113.026 111.331 111.511 112.245 112.937 112.931 112.205 110.583 108.886 107.347 -9999 -9999 -9999 -9999 -9999 -9999 -9999 -9999 -9999 -9999 -9999 -9999 -9999 -9999 -9999 -9999
-9999 -9999 -9999 -9999 -9999 -9999 -9999 -9999 -9999 89.392 89.831 -9999 -9999 -9999 -9999 -9999 -9999 -9999 89.364 91.011 93.274 94.858 98.269 102.032 105.382 106.479 106.688 102.421 97.306 94.008 91.194 90.802 91.093 92.709 94.544 98.432 99.467 103.07 103.979 105.779 107.476 108.812 -9999 -9999 -9999 -9999 -9999 -9999 -9999 114.163 113.055 112.683 112.952 113.34 113.496 113.226 112.34 110.438 109.632 -9999 -9999 -9999 -9999 -9999 -9999 -9999 -9999 -9999 -9999 -9999 -9999 -9999 -9999 -9999 -9999
-9999 -9999 -9999 -9999 -9999 88.719 88.747 -9999 -9999 -9999 -9999 -9999 -9999 -9999 -9999 -9999 -9999 88.718 89.836 92.174 94.366 97.419 101.091 105.702 110.887 112.809 112.639 109.961 106.158 98.424 95.84 92.694 91.999 92.278 92.784 93.885 95.359 99.804 103.109 105.447 106.879 108.573 -9999 -9999 -9999 -9999 -9999 -9999 -9999 114.194 113.322 112.884 113.619 114.029 113.191 112.881 112.144 -9999 -9999 -9999 -9999 -9999 -9999 -9999 -9999 -9999 -9999 -9999 -9999 -9999 -9999 -9999 -9999 -9999 -9999
89.011 -9999 -9999 -9999 -9999 -9999 90.444 89.545 -9999 -9999 -9999 -9999 -9999 -9999 -9999 88.718 88.913 90.095 91.738 94.351 95.899 99.373 104.035 109.664 112.871 114.769 115.981 115.429 111.776 107.827 100.634 97.202 94.648 93.09 92.849 93.295 94.17 96.512 101.212 105.633 107.119 108.081 -9999 -9999 -9999 -9999 -9999 -9999 -9999 115.63 114.762 113.766 113.831 114.747 114.5 112.913 111.6 -9999 -9999 -9999 -9999 -9999 -9999 -9999 -9999 -9999 -9999 -9999 -9999 -9999 -9999 -9999 -9999 -9999 -9999
88.999 89.101 -9999 -9999 -9999 -9999 88.719 90.979 -9999 -9999 -9999 -9999 -9999 -9999 -9999 89.782 90.068 92.12 95.255 96.292 96.594 99.406 104.566 111.105 114.095 116.216 117.868 118.404 116.8 113.175 108.257 101.708 99.134 97.084 94.869 94.206 94.468 95.073 98.363 102.767 106.387 105.196 104.98 104.95 -9999 -9999 -9999 -9999 -9999 -9999 116.584 114.269 114.042 114.682 114.654 113.515 112.842 -9999 -9999 -9999 -9999 -9999 -9999 -9999 -9999 -9999 -9999 -9999 -9999 -9999 -9999 -9999 -9999 -9999 -9999
88.999 89.214 -9999 -9999 -9999 -9999 -9999 -9999 -9999 -9999 -9999 -9999 -9999 -9999 88.718 90.079 91.689 94.064 97.484 100.864 98.906 100.042 104.154 109.44 114.536 117.1 118.95 120.066 119.635 117.68 115.402 107.753 104.365 100.002 98.908 96.482 95.156 95.556 95.741 97.685 100.942 102.702 103.426 104.257 -9999 -9999 -9999 -9999 -9999 -9999 -9999 115.331 114.396 113.502 113.155 113.04 113.023 -9999 -9999 -9999 -9999 -9999 -9999 -9999 -9999 -9999 -9999 -9999 -9999 -9999 -9999 -9999 -9999 -9999 -9999
89.868 89.143 -9999 -9999 -9999 -9999 -9999 -9999 -9999 -9999 -9999 -9999 -9999 -9999 88.718 90.527 93.742 96.796 99.359 102.857 102.544 102.488 105.038 108.099 113.888 117.429 118.055 120.149 121.126 119.285 118.04 114.787 108.792 101.922 101.441 100.082 97.953 96.153 95.741 96.38 98.507 100.98 102.323 103.25 -9999 -9999 -9999 -9999 -9999 -9999 -9999 -9999 -9999 -9999 114.035 113.191 113.39 -9999 -9999 -9999 -9999 -9999 -9999 -9999 -9999 -9999 -9999 -9999 -9999 -9999 -9999 -9999 -9999 -9999 -9999
91.195 89.668 -9999 -9999 -9999 -9999 -9999 -9999 -9999 -9999 -9999 -9999 -9999 88.718 89.375 90.974 95.473 98.374 102.319 104.939 106.441 107.01 106.263 107.9 111.365 116.987 119.137 119.832 121.497 121.034 118.571 117.429 114.703 107.417 102.037 101.519 101.109 99.009 97.071 96.993 97.354 98.516 100.166 101.021 -9999 -9999 -9999 -9999 -9999 -9999 -9999 -9999 -9999 -9999 -9999 -9999 -9999 -9999 -9999 -9999 -9999 -9999 -9999 -9999 -9999 -9999 -9999 -9999 -9999 -9999 -9999 -9999 -9999 -9999 -9999
