04_184A004/dem.asc
ncols 172
nrows 237
xllcorner 610032
yllcorner 6876144
cellsize 16
nodata_value -9999
[rows 66 to 98 of 237, columns 0 to 74 of 172]
-9999 -9999 -9999 -9999 -9999 -9999 -9999 -9999 -9999 -9999 -9999 -9999 -9999 -9999 -9999 -9999 -9999 -9999 -9999 -9999 -9999 -9999 -9999 108.913 108.284 107.501 107.073 106.841 106.942 106.742 106.387 110.21 110.721 111.186 111.992 112.455 111.203 -9999 -9999 -9999 -9999 -9999 -9999 -9999 -9999 -9999 -9999 -9999 -9999 -9999 -9999 -9999 -9999 -9999 -9999 -9999 -9999 -9999 -9999 -9999 -9999 -9999 -9999 -9999 -9999 -9999 -9999 -9999 -9999 101.08 99.713 98.988 97.4 96.438 97.712
-9999 -9999 -9999 -9999 -9999 -9999 -9999 -9999 -9999 -9999 -9999 -9999 -9999 -9999 -9999 -9999 -9999 -9999 -9999 -9999 -9999 -9999 110.541 109.645 108.451 108.872 108.405 108.349 107.894 107.323 107.014 106.224 105.141 105.52 107.757 110.575 111.999 109.446 108.647 107.909 -9999 -9999 -9999 -9999 -9999 -9999 -9999 -9999 -9999 -9999 -9999 -9999 -9999 -9999 -9999 -9999 -9999 -9999 -9999 -9999 -9999 -9999 -9999 -9999 -9999 -9999 -9999 -9999 -9999 100.451 100.298 98.971 97.712 96.019 96.818
-9999 -9999 -9999 -9999 -9999 -9999 -9999 -9999 -9999 -9999 -9999 -9999 -9999 -9999 -9999 -9999 -9999 -9999 -9999 -9999 -9999 -9999 -9999 111.887 112.213 111.364 110.076 109.194 107.662 107.824 107.637 107.461 104.752 104.36 103.689 104.854 106.792 108.186 107.277 106.931 105.575 -9999 -9999 -9999 -9999 -9999 -9999 -9999 -9999 -9999 -9999 -9999 -9999 -9999 -9999 -9999 -9999 -9999 -9999 -9999 -9999 -9999 -9999 -9999 -9999 -9999 -9999 -9999 -9999 -9999 100.595 99.448 97.215 95.969 96.247
-9999 -9999 -9999 -9999 -9999 -9999 -9999 -9999 -9999 -9999 -9999 -9999 -9999 -9999 -9999 -9999 -9999 -9999 -9999 -9999 -9999 -9999 -9999 112.493 112.496 113.285 111.673 109.566 107.812 108.03 109.739 109.121 105.914 107.64 104.806 102.885 102.88 104.381 105.048 105.345 104.62 105.562 -9999 -9999 -9999 -9999 -9999 -9999 -9999 -9999 -9999 -9999 -9999 -9999 -9999 -9999 -9999 -9999 -9999 -9999 -9999 -9999 -9999 -9999 -9999 -9999 -9999 -9999 -9999 -9999 -9999 101.295 97.891 95.697 95.722
-9999 -9999 -9999 -9999 -9999 -9999 -9999 -9999 -9999 -9999 -9999 -9999 -9999 -9999 -9999 -9999 -9999 -9999 -9999 -9999 -9999 -9999 -9999 -9999 112.91 113.189 112.104 109.851 109.139 107.342 106.732 107.148 108.27 107.804 104.984 103.06 102.968 102.835 103.433 103.325 103.784 104.166 -9999 -9999 -9999 -9999 -9999 -9999 -9999 -9999 -9999 -9999 -9999 -9999 -9999 -9999 -9999 -9999 -9999 -9999 -9999 -9999 -9999 -9999 -9999 -9999 -9999 -9999 -9999 -9999 -9999 -9999 98.864 96.971 96.446
-9999 -9999 -9999 -9999 -9999 -9999 -9999 -9999 -9999 -9999 -9999 -9999 -9999 -9999 -9999 -9999 -9999 -9999 -9999 -9999 -9999 -9999 -9999 111.653 111.973 112.264 111.067 108.503 107.625 106.313 106.444 107.028 108.711 107.927 105.363 104.724 104.281 103.002 102.365 101.897 102.457 103.832 -9999 -9999 -9999 -9999 -9999 -9999 -9999 -9999 -9999 -9999 -9999 -9999 -9999 -9999 -9999 -9999 -9999 -9999 -9999 -9999 -9999 -9999 -9999 -9999 -9999 -9999 -9999 -9999 -9999 -9999 -9999 -9999 97.143
-9999 -9999 -9999 -9999 -9999 -9999 -9999 -9999 -9999 -9999 -9999 -9999 -9999 -9999 -9999 -9999 -9999 -9999 -9999 -9999 -9999 -9999 107.633 107.333 107.701 106.645 104.926 103.72 104.358 104.781 105.392 104.318 105.383 105.601 105.23 106.499 105.7 102.946 102.475 101.26 102.038 101.968 -9999 -9999 -9999 -9999 -9999 -9999 -9999 -9999 -9999 -9999 -9999 -9999 -9999 -9999 -9999 -9999 -9999 -9999 -9999 -9999 -9999 -9999 -9999 -9999 -9999 -9999 -9999 -9999 -9999 -9999 -9999 -9999 95.801
-9999 -9999 -9999 -9999 -9999 -9999 -9999 -9999 -9999 -9999 -9999 -9999 -9999 -9999 -9999 -9999 -9999 -9999 -9999 -9999 -9999 101.73 101.442 101.967 101.541 100.881 101.866 102.673 102.547 104.284 104.246 104.613 105.075 104.684 104.865 104.587 104.471 103.406 103.028 101.826 100.183 101.332 -9999 -9999 -9999 -9999 -9999 -9999 -9999 -9999 -9999 -9999 -9999 -9999 -9999 -9999 -9999 -9999 -9999 -9999 -9999 -9999 -9999 -9999 -9999 -9999 -9999 -9999 -9999 -9999 -9999 -9999 -9999 -9999 97.172
-9999 -9999 -9999 95.326 95.779 100.049 101.271 100.33 102.776 103.605 -9999 -9999 -9999 -9999 -9999 -9999 -9999 -9999 -9999 -9999 95.882 97.416 99.941 101.101 99.924 100.621 102.245 102.25 103.01 102.637 102.945 103.646 103.245 103.347 103.311 102.261 102.289 103.02 101.656 102.811 99.917 99.611 -9999 -9999 -9999 -9999 -9999 -9999 -9999 -9999 -9999 -9999 -9999 -9999 -9999 -9999 -9999 -9999 -9999 -9999 -9999 -9999 -9999 -9999 -9999 -9999 -9999 -9999 -9999 -9999 -9999 -9999 -9999 -9999 98.687
-9999 -9999 -9999 93.964 93.698 98.097 101.722 102.282 103.478 104.051 104.559 103.751 -9999 -9999 -9999 -9999 -9999 -9999 -9999 94.059 94.214 94.997 98.299 99.307 99.26 99.329 100.527 102.236 103.709 104.462 103.565 103.927 103.372 101.902 101.89 102.133 102.213 101.993 101.713 99.792 99.842 99.446 -9999 -9999 -9999 -9999 -9999 -9999 -9999 -9999 -9999 -9999 -9999 -9999 -9999 -9999 -9999 -9999 -9999 -9999 -9999 -9999 -9999 -9999 -9999 -9999 -9999 -9999 -9999 -9999 -9999 -9999 -9999 -9999 98.417
-9999 -9999 93.189 93.067 92.763 92.854 95.258 99.983 100.808 102.507 102.206 103.949 -9999 -9999 -9999 -9999 -9999 -9999 -9999 94.119 94.099 94.552 97.052 99.302 99.231 99.144 99.304 100.608 102.246 103.916 104.944 106.229 103.641 102.209 101.962 102.328 102.222 102.419 100.535 100.074 99.507 100.118 -9999 -9999 -9999 -9999 -9999 -9999 -9999 -9999 -9999 -9999 -9999 -9999 -9999 -9999 -9999 -9999 -9999 -9999 -9999 -9999 -9999 -9999 -9999 -9999 -9999 -9999 -9999 -9999 -9999 -9999 -9999 -9999 98.203
-9999 -9999 92.871 92.591 92.931 92.911 93.418 97.397 99.468 99.969 100.287 99.972 99.552 -9999 -9999 -9999 -9999 96.079 94.779 94.055 94.053 93.875 94.276 96.367 98.47 99.738 101.033 102.19 102.346 103.302 104.265 103.986 104.706 103.75 100.621 101.639 101.446 101.2 101.589 100.068 99.998 99.436 99.412 98.646 -9999 -9999 -9999 -9999 -9999 -9999 -9999 -9999 -9999 -9999 -9999 -9999 -9999 -9999 -9999 -9999 -9999 -9999 -9999 -9999 -9999 -9999 -9999 -9999 -9999 -9999 -9999 -9999 -9999 -9999 96.619
-9999 -9999 94.745 93.391 92.807 92.472 92.83 92.84 93.51 97.718 98.78 98.197 99.399 99.662 99.003 97.524 97.751 97.443 95.362 94.146 94.084 93.931 93.767 93.736 95.184 97.255 98.922 99.032 100.651 102.186 102.482 104.004 103.876 103.536 102.414 99.514 99.321 99.241 98.893 99.635 98.598 99.881 99.274 99.084 -9999 -9999 -9999 -9999 -9999 -9999 -9999 -9999 -9999 -9999 -9999 -9999 -9999 -9999 -9999 -9999 -9999 -9999 -9999 -9999 -9999 -9999 -9999 -9999 -9999 -9999 -9999 -9999 -9999 95.564 96.437
-9999 -9999 95.791 94.43 93.02 93.085 93.252 92.115 91.936 92.1 95.485 95.031 95.854 98.553 97.861 96.089 96.878 96.556 96.633 94.671 95.553 95.866 93.601 93.109 93.196 93.685 96.07 98.204 100.37 105.756 107.689 105.894 101.279 101.072 101.884 98.754 98.042 97.741 98.094 97.736 98.795 99.482 98.261 98.801 -9999 -9999 -9999 -9999 -9999 -9999 -9999 -9999 -9999 -9999 -9999 -9999 -9999 -9999 -9999 -9999 -9999 -9999 -9999 -9999 -9999 -9999 -9999 -9999 -9999 -9999 -9999 -9999 89.696 90.796 92.75
-9999 98.15 96.742 95.893 95.858 92.996 92.444 92.191 91.609 91.206 91.147 90.956 91.476 92.995 94.266 95.121 96.087 97.316 97.622 95.811 96.235 96.657 94.412 93.511 92.987 93.205 95.752 96.087 101.566 105.881 107.223 102.242 97.986 98.708 98.262 98.296 97.855 97.777 97.673 97.686 97.908 96.57 96.564 96.452 97.918 -9999 -9999 -9999 97.227 -9999 -9999 -9999 -9999 -9999 -9999 -9999 -9999 -9999 -9999 92.361 90.43 90.228 91.832 93.38 -9999 -9999 -9999 -9999 -9999 -9999 -9999 88.854 89.298 89.874 89.882
-9999 98.012 96.767 96.375 96.292 95.111 94.935 94.127 91.861 91.159 90.815 90.886 90.487 90.633 91.103 91.56 94.129 95.682 96.935 96.813 95.579 95.321 95.361 91.599 91.501 91.935 91.97 93.468 97.059 102.436 101.589 97.925 97.156 97.912 97.682 98.065 97.921 98.178 98.366 97.952 97.928 97.923 97.273 95.252 96.296 98.237 -9999 97.621 97.38 96.154 -9999 -9999 -9999 -9999 -9999 -9999 -9999 -9999 93.29 91.797 90.321 90.712 90.928 92.17 93.412 93.555 95.317 90.609 89.187 89.016 -9999 88.752 -9999 89.285 89.433
-9999 -9999 96.356 97.026 96.876 96.206 96.462 94.332 92.175 91.352 91.064 90.551 90.496 90.611 90.164 90.556 90.657 91.86 94.962 94.343 92.354 92.647 91.936 90.842 91.795 92.36 92.199 91.434 93.58 95.037 98.994 97.864 96.531 95.875 95.709 97.392 98.55 98.377 98.225 98.93 98.645 97.172 97.483 95.308 95.35 96.444 100.642 97.828 97.096 97.363 97.977 -9999 -9999 -9999 -9999 -9999 -9999 93.437 93.184 91.393 90.736 90.566 90.778 92.414 91.839 91.16 92.448 89.455 89.35 89.031 88.726 -9999 -9999 -9999 89.177
-9999 -9999 95.743 96.029 97.148 96.743 97.035 94.606 93.385 93.383 91.982 90.79 90.647 90.505 90.018 90.142 90.077 90.381 90.659 89.857 89.652 89.75 89.895 90.241 91.18 92.944 91.235 90.792 90.381 90.179 91.051 91.996 94.966 94.947 94.54 95.349 96.464 97.581 97.785 98.328 99.337 97.022 97.432 95.802 95.172 94.699 96.277 96.22 96.607 97.779 96.498 95.418 -9999 -9999 -9999 -9999 -9999 -9999 94.241 91.294 91.311 90.633 91.012 91.322 89.961 89.802 89.547 89.394 89.27 -9999 -9999 -9999 -9999 -9999 88.787
-9999 95.683 95.643 96.315 95.705 94.611 95.461 94.156 93.255 92.677 92.402 91.695 91.78 91.129 90.628 90.108 89.981 89.924 89.474 89.087 89.289 89.219 89.499 89.518 89.849 92.146 91.744 89.923 89.622 89.515 89.815 90.259 91.368 91.976 93.024 92.593 93.768 96.051 97.694 96.939 98.554 97.424 98.728 98.775 95.142 94.2 94.886 95.727 96.77 96.383 95.849 95.979 95.793 -9999 -9999 -9999 -9999 94.209 93.35 91.735 91.904 90.683 90.755 92.085 89.702 89.622 89.439 89.279 89.221 -9999 -9999 -9999 -9999 -9999 -9999
-9999 95.588 95.521 95.513 95.302 94.516 94.859 95.085 94.332 95.13 93.953 92.998 91.938 91.518 90.857 90.41 90.089 89.892 89.574 89.233 88.996 89.043 89.127 89.329 89.443 90.509 90.221 89.657 89.611 89.705 89.768 90.181 90.175 89.419 90.012 91.08 92.185 93.617 95.126 97.475 97.608 96.34 98.931 98.232 94.619 94.095 94.085 94.917 94.804 96.14 94.674 95.399 96.068 -9999 -9999 -9999 94.11 93.805 91.989 91.761 91.766 90.979 91.229 92.269 90.48 89.667 89.624 89.471 89.265 89.128 -9999 -9999 -9999 -9999 -9999
-9999 96.281 96.007 96.261 95.801 94.234 94.68 93.79 93.961 94.444 92.57 92.195 92.123 91.704 91.296 90.255 90.148 89.76 89.236 89.088 88.977 88.936 88.984 89.07 89.357 89.475 89.459 89.589 89.597 89.655 89.729 89.608 -9999 89.184 88.93 89.584 89.859 90.722 93.811 95.187 93.509 93.707 94.44 93.731 94.226 94.762 93.796 93.816 93.695 94.075 93.715 94.694 95.712 95.776 95.062 94.611 94.233 93.545 92.196 92.046 91.817 90.979 91.216 91.778 91.35 90.041 89.481 89.53 89.334 89.337 89.05 -9999 -9999 -9999 -9999
-9999 -9999 -9999 96.763 96.144 94.429 94.194 93.983 93.642 93.377 93.057 92.507 92.234 92.976 90.659 89.909 89.553 89.575 89.374 88.81 88.919 88.997 89.03 88.902 89.234 89.42 89.374 89.183 89.058 89.36 -9999 -9999 -9999 -9999 88.783 89.108 89.391 89.879 90.755 93.148 91.188 91.411 91.629 92.535 94.037 95.439 94.958 93.68 93.498 93.608 93.828 94.588 94.972 95.424 95.356 95.82 94.289 94.686 93.892 92.691 91.736 91.175 91.073 91.171 91.29 90.143 89.418 89.474 89.416 89.397 89.263 -9999 -9999 -9999 -9999
-9999 -9999 -9999 97.787 97.16 94.276 94.2 93.126 92.595 92.508 92.43 93.285 93.579 91.371 90.141 90.038 89.863 89.479 89.223 89.168 89.019 89.123 -9999 -9999 88.898 89.146 -9999 -9999 88.639 -9999 -9999 -9999 -9999 -9999 -9999 88.969 89.201 89.6 89.952 90.219 90.415 90.294 90.868 91.42 92.894 94.707 95.736 93.078 93.494 93.714 94.043 94.434 95.011 95.323 95.662 97.017 94.805 94.312 94.819 92.863 91.731 91.546 91.189 91.366 90.934 89.854 89.605 89.851 89.568 89.366 89.031 -9999 -9999 -9999 -9999
-9999 -9999 -9999 -9999 96.829 93.408 93.03 92.951 92.697 92.669 92.706 93.237 91.687 90.692 90.282 89.966 90.414 89.433 89.051 88.791 -9999 -9999 -9999 -9999 -9999 -9999 -9999 -9999 -9999 -9999 -9999 -9999 -9999 -9999 -9999 -9999 89.106 89.427 -9999 89.447 89.953 89.673 89.679 90.731 92.275 93.621 95.244 91.767 93.48 94.681 93.85 94.194 96.794 95.033 95.087 96.341 95.633 94.384 94.873 93.691 93.511 92.954 92.08 91.959 91.023 89.749 89.751 91.003 91.637 90.217 89.192 89.09 -9999 -9999 -9999
-9999 -9999 -9999 98.174 98.431 96.137 94.163 93.543 92.683 92.42 93.535 94.116 93.028 90.764 90.455 90.272 90.323 89.044 88.74 -9999 -9999 -9999 -9999 -9999 -9999 -9999 -9999 -9999 89.708 -9999 -9999 -9999 -9999 -9999 -9999 -9999 -9999 -9999 -9999 -9999 -9999 -9999 -9999 89.157 90.278 91.924 91.688 90.878 91.587 92.472 94.075 94.054 94.648 98.555 97.995 97.639 96.158 94.113 94.331 94.012 97.546 98.755 93.995 92.313 90.371 89.981 89.753 90.032 90.536 90.616 89.977 89.483 89.354 -9999 -9999
-9999 -9999 95.363 95.567 94.662 95.443 94.19 94.052 93.602 93.083 93.21 93.617 95.333 91.47 91.103 90.512 89.726 -9999 -9999 -9999 -9999 -9999 -9999 -9999 -9999 -9999 -9999 -9999 -9999 -9999 -9999 -9999 -9999 -9999 -9999 -9999 -9999 -9999 -9999 -9999 -9999 -9999 -9999 -9999 -9999 -9999 -9999 89.686 90.805 92.208 93.48 93.698 93.879 94.43 94.506 97.899 97.186 94.891 93.742 93.874 97.187 98.726 99.716 96.337 90.895 90.313 90.123 90.022 90.285 91.32 91.371 90.193 89.138 88.842 -9999
-9999 -9999 94.5 94.666 94.482 94.512 94.3 93.538 93.103 93.139 94.102 95.166 94.268 92.689 91.45 90.899 89.808 88.897 -9999 -9999 -9999 -9999 -9999 -9999 -9999 -9999 -9999 -9999 -9999 -9999 -9999 -9999 -9999 -9999 88.639 88.698 -9999 -9999 -9999 -9999 -9999 -9999 -9999 -9999 -9999 -9999 -9999 -9999 -9999 91.022 91.808 92.678 92.713 93.404 92.753 92.838 93.157 95.272 94.279 93.802 95.415 96.497 97.654 96.741 91.958 91.057 90.699 90.698 90.408 90.418 91.419 90.599 89.212 89.279 89.285
-9999 -9999 94.538 94.61 94.498 94.645 94.641 93.841 93.871 95.188 96.948 98.144 93.885 92.491 91.138 90.889 90.6 90.145 90.023 89.916 89.873 88.827 -9999 -9999 -9999 -9999 -9999 -9999 -9999 -9999 -9999 89.45 -9999 88.639 -9999 -9999 -9999 -9999 -9999 -9999 -9999 -9999 -9999 -9999 -9999 -9999 -9999 -9999 -9999 -9999 -9999 89.77 90.08 90.327 91.633 92.714 93.491 93.974 93.063 93.545 95.242 95.27 95.476 93.969 92.079 91.865 91.998 91.677 90.99 90.88 90.062 89.289 89.166 89.254 89.255
-9999 -9999 96.175 95.364 94.698 94.86 95.542 96.844 96.742 96.147 97.585 98.595 95.73 96.036 94.915 96.963 97.712 97.629 96.042 94.438 91.196 90.776 89.698 -9999 -9999 -9999 -9999 -9999 -9999 -9999 -9999 -9999 -9999 -9999 -9999 -9999 -9999 -9999 -9999 -9999 -9999 -9999 -9999 -9999 -9999 -9999 -9999 -9999 -9999 -9999 -9999 -9999 -9999 -9999 90.173 90.522 91.836 93.134 91.817 92.119 93.094 93.741 93.576 92.47 91.87 91.86 91.914 92.905 92.17 91.104 89.715 89.583 89.347 89.518 89.229
-9999 -9999 -9999 97.575 96.377 96.929 98.326 98.603 98.349 98.399 99.767 98.903 100.315 101.296 103.198 104.952 103.729 102.568 100.868 98.54 95.214 92.355 91.301 89.933 88.954 88.69 -9999 -9999 -9999 -9999 -9999 -9999 -9999 -9999 -9999 -9999 -9999 -9999 -9999 -9999 -9999 -9999 -9999 -9999 -9999 -9999 -9999 -9999 -9999 -9999 -9999 -9999 -9999 -9999 -9999 -9999 -9999 89.776 90.457 92.138 93.475 94.595 94.215 93.982 92.406 91.662 91.4 92.076 91.598 90.172 90.146 90.779 89.831 89.711 89.442
-9999 -9999 -9999 98.98 99.527 99.873 99.774 99.435 98.334 97.649 97.65 100.577 104.286 106.22 108.473 109.558 109.109 106.907 104.054 101.581 97.589 96 95.34 92.982 92.337 89.947 89.245 89.072 89.341 89.693 89.425 89.379 -9999 -9999 -9999 -9999 -9999 -9999 -9999 -9999 -9999 -9999 -9999 -9999 -9999 -9999 -9999 -9999 -9999 -9999 -9999 -9999 -9999 -9999 -9999 -9999 -9999 -9999 89.78 90.315 91.486 92.44 93.683 93.978 93.324 91.813 91.45 91.808 90.941 90.887 92.336 93.022 91.382 90.746 90.195
-9999 -9999 -9999 -9999 -9999 -9999 -9999 -9999 97.711 97.724 97.625 99.762 105.173 108.117 108.887 110.238 111.039 110.6 108.456 106.256 104.082 102.034 99.931 96.225 94.011 94.336 91.005 92.306 92.122 93.002 93.003 91.774 89.278 -9999 -9999 -9999 -9999 -9999 -9999 -9999 -9999 -9999 -9999 -9999 -9999 -9999 -9999 -9999 -9999 -9999 -9999 -9999 -9999 -9999 -9999 -9999 -9999 -9999 -9999 -9999 89.484 90.278 91.39 93.543 93.844 91.134 91.243 91.075 90.814 90.502 92.425 95.144 93.836 92.64 91.674
-9999 -9999 -9999 -9999 -9999 -9999 -9999 -9999 98.266 97.65 98.953 101.639 -9999 -9999 -9999 -9999 -9999 111.463 111.091 109.818 108.461 106.233 104.295 97.793 96.943 95.971 96.707 98.379 98.111 98.522 99.263 97.686 93.965 89.404 -9999 -9999 -9999 -9999 -9999 -9999 -9999 -9999 -9999 -9999 -9999 -9999 -9999 -9999 -9999 -9999 -9999 -9999 -9999 -9999 -9999 -9999 -9999 -9999 -9999 -9999 -9999 88.988 89.667 90.178 91.001 91.131 91.507 92.984 90.595 90.068 89.696 90.075 91.011 91.26 91.471
