04_184A004/dem.asc
ncols 172
nrows 237
xllcorner 610032
yllcorner 6876144
cellsize 16
nodata_value -9999
[rows 165 to 197 of 237, columns 75 to 149 of 172]
91.427 91.306 91.468 91.154 91.418 91.811 92.754 93.08 92.246 91.165 90.637 89.874 90.015 90.189 91.012 90.126 89.357 89.519 89.146 88.872 88.936 88.864 89.706 90.626 89.106 89.136 89.158 89.388 89.732 91.287 91.426 91.899 95.192 97.854 98.797 98.575 96.028 100.32 102.062 103.866 105.801 104.73 102.095 101.691 102.489 104.593 107.574 109.139 109.921 109.047 109.735 109.676 110.061 109.739 109.657 108.277 105.636 102.583 100.436 94.619 -9999 -9999 -9999 -9999 -9999 -9999 88.718 90.091 88.83 -9999 -9999 -9999 -9999 -9999 -9999
91.959 91.905 92.578 92.624 91.891 91.807 91.887 92.026 92.111 92.291 92.275 91.665 90.935 90.897 91.665 91.851 90.684 90.154 89.735 88.943 88.941 88.953 89.149 89.705 89.057 89.072 89.044 89.338 89.333 89.563 90.961 93.155 97.233 101.261 100.186 96.505 94.428 99.285 101.265 103.12 105.914 106.203 103.151 101.239 103.392 104.786 107.59 109.583 110.556 111.131 111.29 111.411 111.632 111.451 111.045 109.698 108.348 106.58 103.982 98.929 90.282 89.771 -9999 -9999 -9999 -9999 89.034 91.379 90.001 -9999 -9999 -9999 -9999 -9999 -9999
92.719 92.926 93.763 94.026 93.461 92.894 92.411 92.153 92.003 92.068 93.113 93.234 92.972 92.648 92.643 92.985 92.987 92.261 91.894 89.208 89.057 88.793 89.304 89.192 89.038 89.089 89.221 89.277 89.359 89.501 93.559 95.104 96.878 100.306 100.761 98.472 96.601 95.102 99.957 102.221 104.723 105.174 102.636 100.75 102.514 104.28 107.873 109.845 110.74 112.223 112.057 112.719 113.377 113.119 113.104 111.203 110.08 108.434 106.124 100.651 93.959 95.418 93.453 -9999 -9999 88.718 89.963 92.123 90.901 -9999 -9999 -9999 -9999 -9999 -9999
94.028 94.087 94.348 94.497 94.369 93.871 93.671 93.448 92.257 91.976 92.209 92.622 93.885 94.145 94.065 93.715 94.433 93.313 92.403 90.278 89.94 89.035 88.922 88.924 88.937 89.126 89.075 89.205 89.959 89.795 93.585 95.081 96.157 99.202 99.942 97.74 93.908 94.192 96.497 100.253 102.724 101.826 101.131 100.139 101.605 105.41 107.858 109.28 110.745 113.278 112.17 112.679 114.107 114.661 114.716 113.602 112.055 110.753 108.599 105.145 103.526 100.752 98.568 96.102 89.716 89.17 90.937 90.57 90.055 -9999 -9999 -9999 -9999 -9999 -9999
95.242 95.214 95.16 95.061 94.775 94.342 94.496 93.79 93.013 92.715 92.324 92.338 92.857 93.7 93.842 94.048 93.648 93.076 92.406 90.662 90.325 89.246 89.174 89.516 88.974 88.738 89.006 89.1 90.096 92.655 93.784 94.679 94.791 96.748 96.168 94.204 93.882 93.823 95.788 96.788 101.02 100.096 99.538 100.217 100.419 102.824 105.905 107.839 109.481 111.402 111.965 114.036 116.273 115.911 115.68 114.603 114.112 113.716 110.956 108.988 107.762 105.943 103.223 99.787 96.097 92.401 90.995 91.147 89.761 89.182 89.463 88.848 -9999 -9999 -9999
96.15 96.063 95.85 95.712 95.315 94.777 94.57 94.299 94.18 93.509 93.141 92.529 92.053 92.088 91.859 92.131 91.628 91.727 91.721 90.05 90.003 89.47 90.16 89.703 89.292 89.017 88.896 88.961 89.389 93.07 94.861 95.714 95.261 93.988 93.822 93.95 93.855 93.966 95.891 96.386 97.675 100.222 100.046 99.5 99.442 100.524 102.032 104.285 107.157 109.302 109.46 112.319 115.151 114.74 115.778 115.675 116.686 116.544 114.511 112.746 111.454 109.311 106.934 102.715 100.011 94.3 92.724 91.67 90.279 90.705 91.29 90.279 89.522 -9999 -9999
96.517 96.594 96.571 96.277 95.907 95.516 95.06 94.886 94.369 93.968 93.573 92.561 92.195 92.072 90.332 90.032 89.842 90.026 90.445 90.231 90.232 89.738 89.999 89.502 89.565 89.058 88.856 88.837 88.875 90.114 92.775 91.921 92.369 94.306 94.076 94.083 94.164 93.382 93.602 95.001 93.805 97.707 98.916 98.566 99.197 98.692 98.318 99.942 103.348 106.797 108.073 110.756 111.773 113.723 114.996 116.701 117.845 117.462 117.087 115.827 114.81 112.099 109.961 106.201 103.473 98.621 96.231 94.796 93.649 93.13 91.969 92.205 89.677 88.817 -9999
96.348 96.752 96.813 96.749 96.394 95.602 95.415 94.828 94.182 93.663 93.266 92.578 92.528 91.426 89.852 89.729 89.496 89.605 89.488 89.69 89.79 89.68 89.753 90.149 89.266 88.894 88.973 89.106 88.684 88.845 89.187 89.098 90.402 94.679 96.418 95.332 95.991 93.217 93.238 93.368 93.121 93.286 95.685 97.106 98.685 98.943 96.946 97.524 100.081 103.74 107.23 107.618 108.968 111.712 114.704 116.779 118.263 119.351 118.605 117.85 116.723 114.097 112.204 109.731 106.341 103.22 98.574 96.216 95.038 93.088 92.574 90.706 89.863 89.592 89.183
96.356 96.586 96.665 96.613 96.441 96.017 95.688 94.874 94.025 93.139 92.536 92.341 92.241 90.435 89.61 89.665 89.552 89.399 89.377 89.383 89.412 89.386 89.375 89.755 89.058 88.979 88.984 88.897 88.785 88.471 88.678 88.844 88.925 93.526 94.963 94.576 94.867 93.125 93.131 92.954 93.002 92.978 92.984 94.677 97.413 98.178 95.677 95.13 97.097 100.398 104.303 104.589 105.767 109.794 113.757 116.013 116.911 118.706 118.481 119.114 118.334 116.643 114.991 112.365 109.873 105.4 99.677 96.986 94.879 94.873 94.085 92.554 91.965 92.142 89.886
97.045 96.735 96.311 96.185 95.751 95.574 95.198 94.818 94.091 93.21 92.034 91.592 90.836 89.918 89.673 89.523 89.514 89.377 89.387 89.36 89.238 89.143 89.242 89.239 89.103 89.145 89.083 88.832 88.859 88.605 88.786 88.77 88.9 92.442 93.588 94.176 94.133 93.047 93.211 92.795 92.916 92.766 92.863 92.881 94.785 96.704 93.819 95.243 95.31 97.454 100.682 101.046 102.205 105.36 109.434 113.128 115.04 116.821 118.705 119.203 118.989 118.258 116.642 114.431 111.569 107.282 101.87 98.2 95.308 94.757 94.925 93.709 92.392 92.759 90.192
97.356 97.143 96.63 96.106 95.413 94.819 94.296 93.91 93.607 92.915 92.236 91.04 89.994 89.766 89.476 89.653 89.611 89.582 88.882 89.435 89.406 89.14 89.105 89.064 89.139 88.939 88.81 88.828 88.903 88.656 88.7 88.813 88.895 89.552 93.193 95.132 95.695 93.76 92.954 92.763 92.763 92.745 92.747 92.812 95.139 95.643 92.218 94.005 95.134 95.629 97.23 98.925 100.111 101.882 104.18 106.134 112.173 115.167 116.97 117.996 117.42 117.373 116.53 114.896 113.635 109.417 103.337 99.142 95.904 94.434 93.252 92.177 91.331 90.915 89.845
96.931 96.874 96.601 96.091 95.458 94.796 93.983 93.46 93.141 92.487 91.919 90.995 89.822 89.752 89.651 89.227 89.47 89.384 89.378 89.441 89.676 89.063 89.242 89.176 89.12 89.098 89.163 89.064 88.939 88.934 88.732 88.728 88.816 88.726 92.306 95.072 96.488 96.536 94.759 93.248 92.617 92.622 92.712 92.689 94.624 91.996 91.825 92.644 95.673 95.183 96.253 94.51 98.187 100.613 101.4 104.46 105.595 109.077 111.037 110.028 109.295 111.895 114.525 115.677 114.921 111.984 105.048 100.583 97.528 95.593 96.31 94.442 92.24 90.882 89.839
96.465 96.529 96.551 96.161 95.453 95.062 94.284 93.529 92.809 92.129 90.999 90.245 89.902 89.789 89.686 89.498 89.362 89.513 89.37 89.135 89.122 89.194 89.14 89.176 89.024 89.019 89.17 89.042 88.881 88.536 88.708 88.782 88.853 88.861 91.015 95.083 97.028 97.838 97.51 96.397 93.211 92.601 92.473 92.302 91.999 91.593 91.555 91.621 92.407 93.858 96.741 93.884 95.689 99.032 99.911 103.864 106.642 105.227 103.901 106.157 108.433 113.667 115.012 115.68 115.022 113.161 107.089 100.781 99.062 98.671 100.544 99.91 96.99 92.783 90.469
96.78 96.319 96.379 96.282 95.755 95.105 94.118 93.38 92.169 91.093 90.572 90.192 89.899 89.323 89.624 89.515 89.47 89.348 89.312 88.947 89.114 89.115 89.095 89.083 89.093 89.1 88.924 88.667 88.815 88.698 88.715 88.807 88.831 88.918 89.624 93.992 96.563 97.704 98.575 98.595 96.424 92.826 92.627 92.257 91.489 91.166 91.241 91.356 91.569 91.858 94.026 91.858 92.455 96.22 97.305 101.613 103.88 105.088 103.735 101.833 102.15 107.435 112.281 113.317 113.312 112.245 106.716 102.841 99.471 101.602 103.061 102.265 100.53 96.594 93.651
96.659 96.264 95.948 95.815 95.537 94.963 93.9 93.241 92.357 91.453 90.934 90.323 90.025 89.746 89.594 89.473 89.471 89.269 89.289 89.121 89.143 89.161 88.812 89.071 89.153 89.059 88.912 88.877 88.813 88.896 88.67 88.757 88.775 88.903 89.27 92.577 96.12 97.757 98.854 98.558 96.492 95.136 93.877 94.248 91.458 91.478 90.909 91.033 91.835 91.718 91.306 91.388 91.716 93.938 96.899 98.391 100.714 97.579 98.885 99.865 98.005 100.261 104.984 106.003 110.606 109.666 106.188 103.948 100.764 99.253 102.197 102.4 101.607 101.01 97.614
97.964 96.564 96.221 95.863 95.353 94.788 93.989 93.334 92.976 92.214 91.433 91.009 90.438 89.913 89.687 89.474 89.289 89.346 89.161 89.095 89.149 89.202 89.05 88.994 89.098 88.905 89.07 88.843 88.786 88.982 88.644 88.635 88.82 88.839 89.078 91.131 94.301 96.708 97.524 97.346 97.068 96.022 94.94 94.53 91.928 92.601 91.005 90.759 90.659 90.882 90.91 90.986 91.105 92.123 95.119 96.525 99.519 101.978 96.005 96.194 96.758 96.594 94.476 96.074 96.47 99.356 100.153 100.093 99.866 99.049 98.069 99.727 100.923 100.752 99.029
-9999 -9999 97.343 96.555 95.41 94.622 94.063 93.516 93.14 92.483 92.056 91.796 91.152 90.447 89.722 89.611 89.384 89.38 89.211 88.955 89.041 89.163 89.035 89.314 89.012 89.106 89.134 89.016 88.887 89.023 88.676 88.63 88.721 88.785 88.875 90.638 93.27 94.829 95.551 96.311 97.359 98.067 95.784 94.973 93.188 92.791 91.005 90.907 90.647 90.506 90.737 90.818 90.836 90.896 95.423 95.381 93.153 92.804 94.918 93.137 95.145 94.512 94.156 95.723 97.273 97.121 96.504 96.673 96.66 96.18 98.113 97.941 97.89 97.64 97.006
-9999 -9999 -9999 -9999 96.451 94.915 94.126 93.488 93.085 92.711 92.461 92.29 91.604 91.022 90.136 89.57 89.498 89.374 89.516 89.248 89.213 89.143 88.949 88.774 88.9 89.122 89.055 88.854 88.969 88.898 88.893 88.85 88.638 88.803 88.833 89.164 91.137 93.327 94.904 95.117 95.44 96.293 95.604 94.509 94.028 92.959 91.766 91.646 91.221 90.576 90.498 90.409 90.549 90.62 90.72 94.162 91.394 91.317 92.042 93.231 93.593 93.364 96.049 97.227 98.312 98.592 97.529 96.815 95.962 95.263 95.345 96.006 96.362 96.734 96.514
-9999 -9999 -9999 -9999 -9999 96.285 94.843 93.445 92.924 92.633 92.669 92.411 91.602 91.088 90.605 90.503 90.068 89.746 89.398 89.227 89.307 89.114 89.19 89.159 89.146 88.735 88.996 88.997 88.807 88.911 88.855 88.703 88.668 88.64 88.766 88.806 89.988 92.317 93.047 93.782 94.096 95.16 94.371 95.054 96.389 94.986 93.904 93.161 93.8 92.149 91.062 90.403 90.157 90.346 90.429 90.337 90.273 90.456 90.543 91.462 91.531 93.401 96.907 97.639 98.792 101.187 101.778 100.672 97.898 95.862 95.245 95.22 96.41 94.852 94.457
-9999 -9999 -9999 -9999 -9999 -9999 -9999 94.645 93.69 93.129 92.691 92.475 91.771 91.16 90.998 91.082 91.093 91.198 90.228 89.397 89.24 89.25 89.045 89.083 89.155 89.041 89 88.836 88.849 88.905 88.887 88.652 88.706 88.469 88.66 88.8 89.118 91.852 91.991 92.477 92.662 93.941 93.246 94.834 96.317 95.51 94.35 92.946 92.335 92.609 92.344 90.395 90.291 90.028 90.193 90.349 90.335 90.343 90.367 90.574 91.055 93.588 95.05 100.849 103.086 104.732 105.896 105.575 103.673 98.893 96.002 95.25 95.164 94.324 94.031
-9999 -9999 -9999 -9999 -9999 -9999 -9999 -9999 95.07 93.92 93.214 92.653 92.097 91.539 91.193 91.063 90.991 91.058 90.758 89.837 89.819 89.35 89.28 89.273 88.867 88.969 89.075 88.959 88.861 88.987 88.683 88.826 88.773 88.734 88.624 88.741 88.915 90.805 91.478 91.659 92.381 91.896 91.964 94.151 95.444 94.648 93.708 92.708 92.39 92.012 92.134 90.957 90.473 90.185 90.117 90.055 90.26 90.352 90.353 90.423 90.821 93.104 95.922 98.661 105.994 107.282 109.338 109.126 107.718 103.056 99.168 97.227 95.856 95.326 94.686
-9999 -9999 -9999 -9999 -9999 -9999 -9999 -9999 -9999 -9999 94.082 93.452 92.699 92.144 91.639 91.187 90.919 90.866 90.689 90.588 90.445 90.13 89.609 89.274 89.204 89.177 89.044 88.993 89.006 88.902 89.019 88.717 88.831 88.841 88.492 88.603 88.865 89.363 91.013 91.285 91.695 91.823 92.013 92.423 93.784 94.01 93.975 92.548 92.093 92.156 91.441 91.446 90.304 90.116 90.007 89.998 89.627 90.041 90.069 90.236 90.299 93.02 97.811 101.221 103.699 109.52 111.244 112.647 112.549 108.614 102.123 100.358 98.429 96.111 95.195
-9999 -9999 -9999 -9999 -9999 -9999 -9999 -9999 -9999 -9999 -9999 94.11 93.488 92.91 92.96 92.407 91.808 91.02 90.661 90.437 90.493 90.361 89.996 89.536 89.326 89.016 89.244 88.948 89.037 88.971 88.886 88.963 88.548 88.67 88.849 88.647 88.789 88.846 90.63 91.205 91.666 91.822 92.554 92.258 92.92 93.799 94.193 93.764 91.941 92.05 91.426 91.708 89.996 90.033 90.046 89.852 89.679 89.922 89.977 90.145 90.241 92.98 99.369 102.254 105.532 107.807 114.073 115.474 114.848 113.64 106.851 103.341 100.289 97.203 96.89
-9999 -9999 -9999 -9999 -9999 -9999 -9999 -9999 -9999 -9999 -9999 -9999 -9999 93.885 93.932 93.607 93.112 92.19 91.384 90.358 90.31 90.402 90.418 90.036 89.281 89.322 88.868 89.114 89.249 88.988 88.913 88.974 88.682 88.831 88.527 88.559 88.659 88.735 91.154 92.611 92.173 92.114 92.228 92.39 92.786 93.842 93.86 92.14 91.959 92.668 91.918 90.906 90.391 90.697 90.625 90.54 89.706 89.854 89.968 90.101 90.119 94.93 100.174 103.918 106.199 109.099 111.669 116.535 116.665 115.774 113.408 105.203 101.807 99.37 98.208
-9999 -9999 -9999 -9999 -9999 -9999 -9999 -9999 -9999 -9999 -9999 -9999 -9999 -9999 94.546 94.005 93.777 93.924 93.025 91.475 91.267 90.758 90.552 90.113 89.428 89.436 89.294 89.426 89.206 89.051 88.813 88.653 88.69 88.71 88.614 88.551 88.563 88.598 89.714 93.047 93.612 93.009 93.547 93.564 92.774 92.279 91.929 92.05 92.656 94.074 92.956 91.742 91.566 89.636 89.643 89.718 89.709 89.635 89.83 90.106 89.998 94.223 100.714 104.42 107.275 110.287 112.945 115.09 118.383 118.18 116.795 112.013 104.178 102.986 99.947
-9999 -9999 -9999 -9999 -9999 -9999 -9999 -9999 -9999 -9999 -9999 -9999 -9999 -9999 -9999 -9999 94.41 93.658 93.248 93.481 93.453 93.029 92.06 91.343 90.653 90.228 89.784 89.939 89.902 89.969 89.555 89.083 88.733 88.825 88.653 88.48 88.352 88.423 88.644 89.301 91.324 91.987 92.68 94.185 94.179 93.378 92.192 92.224 93.044 93.463 94.471 93.564 91.256 89.748 89.837 89.454 89.416 89.582 90.516 91.113 91.355 93.547 97.428 101.693 106.541 108.848 111.426 114.979 118.54 119.75 118.786 114.663 107.295 105.615 102.15
-9999 -9999 -9999 -9999 -9999 -9999 -9999 -9999 -9999 -9999 -9999 -9999 -9999 -9999 -9999 -9999 -9999 93.816 93.269 93.255 93.337 93.085 92.2 91.541 90.747 90.306 89.853 89.966 89.927 89.747 89.6 89.165 88.853 88.781 88.628 88.48 88.464 88.438 88.689 89.174 91.197 92.018 92.6 94.127 94.311 93.398 92.153 92.238 93.128 93.495 94.387 93.769 91.532 89.982 89.893 89.495 89.412 89.477 90.434 91.165 91.552 93.501 97.533 101.81 106.582 108.804 111.293 115.043 118.634 122.211 120.11 118.059 108.745 105.919 103.714
-9999 -9999 -9999 -9999 -9999 -9999 -9999 -9999 -9999 -9999 -9999 -9999 -9999 -9999 -9999 -9999 -9999 -9999 -9999 93.142 93.041 92.999 92.68 92.58 92.077 91.187 90.559 90.003 89.825 89.676 89.287 89.107 88.913 88.774 88.678 88.478 88.331 88.349 88.402 89.153 90.437 90.654 91.52 92.499 93.089 93.231 92.605 92.27 92.785 93.729 94.237 94.662 92.61 90.852 89.345 89.306 89.295 89.365 90.466 91.308 92.733 95.205 98.002 101.33 104.613 107.414 110.594 113.82 118.476 121.942 121.826 119.247 111.692 106.998 105.411
-9999 -9999 -9999 -9999 -9999 -9999 -9999 -9999 -9999 -9999 -9999 -9999 -9999 -9999 -9999 -9999 -9999 -9999 -9999 -9999 -9999 93.123 92.651 92.466 92.587 92.567 91.698 90.862 90.238 89.729 89.36 89.09 88.862 88.851 88.588 88.536 88.354 88.391 88.39 88.379 89.102 88.962 90.268 91.467 91.371 91.803 91.564 92.297 92.421 92.237 92.107 93.38 92.203 90.568 89.382 89.268 89.21 89.292 90.209 92.15 93.307 95.655 99.117 101.73 103.674 106.755 110.04 113.515 117.652 121.767 122.553 121.331 111.948 108.488 107.162
-9999 -9999 -9999 -9999 -9999 -9999 -9999 -9999 -9999 -9999 -9999 -9999 -9999 -9999 -9999 -9999 -9999 -9999 -9999 -9999 -9999 -9999 -9999 92.614 92.274 92.087 92.116 91.604 90.824 90.249 89.609 89.409 88.813 88.782 88.571 88.317 88.345 88.348 88.333 88.367 88.436 88.621 88.892 90.784 90.794 90.28 90.463 91.588 91.512 91.616 90.975 92.121 90.848 89.971 89.414 89.202 89.099 89.207 89.347 90.445 93.207 95.31 97.625 102.39 105.65 107.431 109.538 112.665 117.083 120.851 122.852 120.3 111.659 109.368 108.48
-9999 -9999 -9999 -9999 -9999 -9999 -9999 -9999 -9999 -9999 -9999 -9999 -9999 -9999 -9999 -9999 -9999 -9999 -9999 -9999 -9999 -9999 -9999 -9999 92.756 92.232 91.909 91.532 91.289 90.936 90.117 89.337 88.968 88.678 88.994 88.276 88.32 88.331 88.327 88.453 88.372 88.607 88.649 89.589 90.34 90.037 91.093 91.294 90.99 90.801 90.27 89.63 89.289 89.149 89.033 89.136 88.953 89.119 89.275 89.449 91.852 94.369 98.03 103.486 106.415 108.456 109.464 111.669 114.889 119.632 122.693 119.33 112.472 110.021 110.154
-9999 -9999 -9999 -9999 -9999 -9999 -9999 -9999 -9999 -9999 -9999 -9999 -9999 -9999 -9999 -9999 -9999 -9999 -9999 -9999 -9999 -9999 -9999 -9999 -9999 -9999 93.173 92.665 92.166 91.603 91.143 90.309 89.445 89.019 88.793 88.277 88.301 88.332 88.323 88.357 88.408 88.36 88.547 88.537 89.544 89.646 90.692 90.091 90.162 90.215 89.674 89.168 88.93 88.901 88.927 89.036 88.889 89.034 89.223 89.514 90.304 93.237 96.28 103.981 106.892 108.31 109.621 111.762 113.275 117.311 121.25 122.516 111.876 109.755 110.49
-9999 -9999 -9999 -9999 -9999 -9999 -9999 -9999 -9999 -9999 -9999 -9999 -9999 -9999 -9999 -9999 -9999 -9999 -9999 -9999 -9999 -9999 -9999 -9999 -9999 -9999 -9999 -9999 93.852 92.869 92.157 91.4 90.556 89.573 88.894 88.389 88.36 88.308 88.241 88.322 88.352 88.332 88.343 88.353 88.55 88.768 90.094 89.354 89.445 89.018 89.182 88.907 88.901 88.834 88.97 88.906 88.863 89.093 89.227 89.277 89.305 91.767 94.757 102.02 106.644 107.777 108.096 111.56 112.913 115.779 120.588 121.761 114.715 109.659 109.972
