04_184A004/downslope_distance.asc
ncols 172
nrows 237
xllcorner 610032
yllcorner 6876144
cellsize 16
nodata_value -9999
[rows 93 to 123 of 237, columns 0 to 70 of 172]
-9999 -9999 52.80105 35.11095 25.10238 22.15784 23.41336 53.48027 46.91869 58.60014 89.75988 114.6551 101.1939 82.17717 66.59959 52.28741 32.02732 23.19975 18.01279 19.45257 12.32421 5.099874 4.15257 12.27135 22.43265 25 28.72792 35.81124 33.71698 23.87836 10.22395 5.264626 2.240578 2.886104 6.767228 7.865959 5.705648 14.59734 25.56101 40.04163 54.80787 57.91064 48.16346 41.2132 35.93198 38.97056 35.77824 37.70943 18.68427 17.29702 12.31885 7.700667 9.93014 11.21882 21.91412 31.35092 48.44864 53.19036 49.49712 61.65781 77.47514 156.3115 165.3399 142.4951 125.1561 150.0998 197.8643 225.3739 213.0021 102.3675 77.38459
-9999 -9999 64.72491 47.49138 43.77777 42.08842 38.78122 61.5463 69.88535 75.97679 95.89881 113.611 117.5767 96.87615 82.78786 70.07738 47.90438 38.88525 38.80197 37.83897 27.86196 20.55076 10.65226 3.940483 8.24448 9 13.85216 23.53728 20.05797 21.95625 30.77196 10.68366 5.700286 14.34604 21.58316 23.92332 20.65685 25.67085 37.18592 48.18843 62.66905 70.65509 63.84062 57.2132 51.93198 54.97056 57.29773 40.89747 31.48528 28.89191 27.33744 22.21069 36.5048 19.51729 8.864342 10.14223 12.71177 23.34204 35.47853 50.81698 69.64487 164.679 161.5821 128.944 105.9326 103.6695 104.7163 167.4095 150.7323 107.7442 90.52283
-9999 -9999 -9999 64.47666 61.28427 63.48792 65.0672 99.75474 212.3543 290.8497 295.555 168.2672 135.2766 116.5474 103.1513 84.88046 61.94543 59.12228 59.92197 52.88338 44.32663 36.33874 23.95042 13.45717 7.523129 6.228014 4.160153 8.082488 7.477857 5.346352 6.112818 6.551619 16.54594 25.60153 36.08843 40.30581 36.65685 41.2132 48.29827 59.81334 70.81585 82.96452 79.84062 73.2132 67.93198 73.34424 63.52489 53.69849 47.69055 44.91917 39.2132 41.9528 45.52063 23.56806 14.50657 8.693624 4.796257 9.60898 19.02779 24.72684 38.14112 77.11337 119.1901 111.6399 89.67771 78.2975 92.02336 137.0637 141.2831 124.2327 112.1496
-9999 -9999 -9999 109.0568 107.7663 83.46984 135.9402 300.3554 320.6764 328.5093 323.8833 328.2701 257.3601 155.713 147.7769 118.3503 81.03249 84.08393 80.12882 70.44332 59.36 50.86967 37.64426 33.29363 27.75235 20.41282 10.32437 9.523129 12.3033 12.0494 12.43274 4.466371 8.92148 20.51958 32.08957 40.15375 45.85498 51.49874 58.18383 66.61058 77.25249 88.87404 94.49433 89.2132 84.0507 83.48329 76.3259 69.69849 64.27602 61.28427 55.2132 53.55312 46.19548 38.09645 23.17462 23.89045 15.16412 5.080648 4.600794 9.754126 20.1462 33.91733 43.5679 77.73945 79.29122 59.63729 122.0237 160.3885 133.3879 128.9925 129.3435
-9999 -9999 -9999 -9999 -9999 -9999 -9999 -9999 300.3999 300.4725 314.0114 333.7106 351.4828 287.3925 184.3968 202.1801 200.3676 100.7061 95.82733 83.34205 74.90994 62.86314 58.86048 58.84455 46.67659 36.53566 26.81218 26.70863 28.61396 28.13909 28.59772 14.25473 4.094512 9.456791 17.29839 25.41136 31.60682 38.11707 46.63887 55.60125 67.10782 78.34164 90.07334 94.45351 88.52691 82.04264 81.42215 82.81276 80.68103 77.64938 71.2132 68.88586 60.72387 45.69849 39.17462 36.53941 26.36799 17.96292 18.72402 10.78668 7.874303 15.31479 23.22992 30.10422 44.96136 43.88262 94.10938 136.0255 115.7575 104.9163 91.67968
-9999 -9999 -9999 -9999 -9999 -9999 -9999 -9999 276.0687 288.7195 309.9631 329.5993 -9999 -9999 -9999 -9999 -9999 116.3498 111.2965 98.07895 86.63364 85.0609 83.37317 72.36346 62.33322 54.01498 44.86679 44.49493 44.61396 44.41092 41.42491 25.81952 17.2329 6.174779 4.456568 9.575667 15.5942 24.01146 32.97383 44.4804 55.71423 67.43428 75.49561 78.88326 72.52691 65.8995 65.8995 72.52691 79.15433 82.90186 75.497 69.88688 60.86638 55.67377 55.12935 49.19862 40.59033 33.93519 30.05251 14.91228 7.333789 3.911073 7.972114 12.0618 16.32903 21.30521 28.14712 89.28149 93.86182 87.09941 72.01816
-9999 -9999 -9999 -9999 -9999 -9999 -9999 -9999 -9999 -9999 -9999 -9999 -9999 -9999 -9999 -9999 -9999 136.8818 126.8571 113.8593 109.116 107.5538 96.58035 89.17542 78.09081 69.76184 60.94759 61.78674 62.36196 74.21127 78.45687 53.59906 34.56768 19.81171 11.61656 6.233757 4.485597 10.34642 21.85299 33.06536 44.78542 52.86819 61.00903 63.26416 56.52691 49.89949 49.89949 56.52691 63.1865 68.21046 61.49608 53.07469 46.38478 41.82843 50.34924 55.84623 51.90461 48.48357 37.5397 29.24537 23.82237 14.81539 7.673097 5.124461 4.085629 4.828046 5.540514 10.66904 14.50581 34.84394 63.03602
-9999 -9999 -9999 -9999 -9999 -9999 -9999 -9999 -9999 -9999 -9999 -9999 -9999 -9999 -9999 -9999 -9999 -9999 167.616 146.4835 134.6983 120.3061 116.6289 108.7888 94.00686 82.71029 76.05482 81.68272 92.03418 93.26102 76.14468 58.29903 43.291 34.87818 27.65286 22.19315 13.44055 3.936041 10.45089 21.79471 30.24077 38.38161 48.39446 51.51112 40.70997 33.89949 33.89949 40.55908 49.12799 59.60347 48.34361 38.86866 30.44728 25.82843 34.74569 37.5061 38.79648 44.79683 48.02805 45.09893 38.90324 29.24759 23.80146 20.03553 17.32551 13.52389 10.32567 5.948605 6.912755 4.690483 26.70372
-9999 -9999 -9999 -9999 -9999 -9999 -9999 -9999 -9999 -9999 -9999 -9999 -9999 -9999 -9999 -9999 -9999 -9999 190.0192 161.1504 149.9831 137.2091 143.181 145.8657 111.8279 98.22568 95.76 112.4951 112.0829 96.77089 80.51829 66.49532 58.26924 49.99398 43.67821 37.11301 25.93341 12.86158 3.80568 7.824748 15.75419 25.76704 37.06245 43.33475 29.39626 18.08255 17.93167 26.50058 40.87006 49.12701 39.98018 25.71619 16.24125 9.83915 19.06057 19.57313 22.65685 29.5679 37.78322 44.36983 48.85474 45.15292 40.3396 36.42462 33.53966 29.82421 26.38563 21.62132 19.63195 10.09642 3.907012
-9999 -9999 -9999 -9999 -9999 -9999 -9999 -9999 -9999 -9999 -9999 -9999 -9999 -9999 -9999 -9999 -9999 -9999 -9999 -9999 -9999 155.7428 157.1689 167.9881 155.1003 118.0196 136.3962 135.3144 134.2618 106.5615 90.64656 87.68472 80.52184 69.39294 60.88221 51.71663 39.27869 25.36111 15.46476 7.123922 4.686422 14.43503 25.84027 35.08912 24.24264 8.55384 8.057742 18.86396 34.77411 39.46282 27.63852 17.35276 4.905172 6.133345 5.051619 5.115959 7.485058 17.62345 21.88617 28.44192 38.27507 50.60924 54.79591 53.22164 49.6066 46.08884 42.97815 37.65961 32.68906 21.8909 13.27465
-9999 -9999 -9999 -9999 -9999 -9999 -9999 -9999 -9999 -9999 -9999 -9999 -9999 -9999 -9999 -9999 -9999 -9999 -9999 -9999 -9999 226.7378 229.8066 242.0704 219.8899 156.5961 158.9825 181.1638 183.3609 155.359 138.3283 131.496 113.8989 90.86089 78.73783 66.0351 51.2272 39.29239 31.03896 21.38677 8.987121 4.595813 14.78728 25.67199 28.01812 33.27301 59.52489 31.90851 30.83414 24.03598 17.76003 5.981536 9.26707 21.00565 19.07329 15.28668 7.001524 5.442704 6.479315 15.20425 28.20324 38.36124 47.3508 59.9627 64.92453 62.70464 59.03122 53.09946 44.51832 35.79852 29.17462
-9999 -9999 -9999 -9999 -9999 -9999 -9999 -9999 -9999 -9999 -9999 -9999 -9999 -9999 -9999 -9999 -9999 -9999 -9999 -9999 -9999 -9999 -9999 -9999 -9999 -9999 208.0126 204.4565 183.8136 166.7566 151.5072 136.3858 118.7619 104.3032 92.39414 75.09941 66.55807 61.37992 47.6752 35.5555 21.35146 7.786296 4.608757 13.31815 25.44122 41.97888 75.76347 66.7647 23.89949 9.64299 4.563801 3.988738 20.28928 59.44036 93.55186 108.7635 75.38557 50.36178 34.66587 5.420337 15.01323 24.72339 37.63659 52.21714 66.27911 77.32425 75.03122 67.04925 58.42593 51.69849 45.17462
-9999 -9999 -9999 -9999 -9999 -9999 -9999 -9999 -9999 -9999 -9999 -9999 -9999 -9999 -9999 -9999 -9999 -9999 -9999 -9999 -9999 -9999 -9999 -9999 -9999 -9999 225.7344 207.1353 190.6837 176.1116 164.1755 145.7591 130.6787 119.5669 107.0989 89.40845 84.48973 71.2778 59.00147 47.74268 34.81974 20.90546 9.1724 4.227095 11.40041 20.00441 30.20216 36.87444 23.06349 7.560503 5.476714 11.28538 22.28782 32.92675 76.10172 119.2283 104.6095 109.8647 106.2641 13.24064 4.223954 15.00381 29.58973 43.69849 59.69849 75.69849 87.27821 81.05335 74.3259 67.69849 61.17462
-9999 -9999 -9999 -9999 -9999 -9999 -9999 -9999 -9999 -9999 -9999 -9999 -9999 -9999 -9999 -9999 -9999 -9999 -9999 -9999 -9999 -9999 -9999 -9999 -9999 -9999 229.5076 215.7503 201.7059 187.883 178.9307 158.8409 146.7157 135.3924 127.5505 106.1332 97.39627 84.07429 75.57047 62.52085 46.22367 34.49744 22.38792 11.93389 4.419956 6.936803 15.0395 21.23972 20.83623 15.25971 7.474335 3.981155 7.849335 23.79379 53.94151 94.3023 87.31985 85.95296 128.7161 33.45616 8.826968 7.140388 21.17462 37.17462 53.17462 69.95869 89.1048 96.30014 90.3259 83.69849 77.17462
-9999 -9999 -9999 -9999 -9999 -9999 -9999 -9999 -9999 -9999 -9999 -9999 -9999 -9999 -9999 -9999 -9999 -9999 -9999 -9999 -9999 -9999 -9999 -9999 -9999 -9999 -9999 232.9344 213.6187 202.4055 187.9881 171.472 157.2517 150.6534 149.4549 139.643 109.8686 97.94767 95.29893 73.41261 58.73262 48.4674 36.49046 26.24553 15.72884 7.444005 4.455648 6.042736 6.782393 6.390546 4.732456 5.767228 3.639626 14.1763 42.25578 81.86305 72.82384 70.39576 70.68805 31.30283 16.98084 4.269607 18.5533 35.30635 51.79531 68.04163 84.04163 99.8244 105.8725 99.69849 93.17462
-9999 -9999 -9999 -9999 -9999 -9999 -9999 -9999 -9999 -9999 -9999 -9999 -9999 -9999 -9999 -9999 -9999 -9999 -9999 -9999 -9999 -9999 -9999 -9999 -9999 -9999 -9999 -9999 227.5483 214.4195 196.6604 181.378 175.709 170.0542 167.9295 152.0033 120.926 113.8467 110.4945 91.03729 76.42425 61.52942 50.6621 41.13814 31.26606 22.57497 9.752444 10.30752 10.9159 9.68566 13.42776 8.748384 6.466372 15.49731 48.1726 70.56029 54.1673 32.28014 18.25527 9.219512 12.67202 4.135184 14.04626 30.03553 46.03553 62.03553 78.03554 94.03554 110.7757 115.6985 109.1746
-9999 -9999 -9999 -9999 -9999 -9999 -9999 -9999 -9999 -9999 -9999 -9999 -9999 -9999 -9999 -9999 -9999 -9999 -9999 -9999 -9999 -9999 -9999 -9999 -9999 -9999 -9999 -9999 -9999 -9999 219.9456 205.4071 192.6273 190.0156 189.6548 172.5591 136.267 130.344 117.0383 99.55719 86.15976 75.49747 66.59408 55.74582 48.70378 38.07221 25.50689 26.33249 27.61396 27.51929 30.81967 27.26016 26.54747 30.51583 60.07501 79.55759 51.37196 24.51361 5.205648 6.444005 4.528871 4.968592 16.86326 32.72792 48.72792 64.72792 79.73174 92.10423 105.5058 120.7992 125.2419
-9999 -9999 -9999 -9999 -9999 -9999 -9999 -9999 -9999 -9999 -9999 -9999 -9999 -9999 -9999 -9999 -9999 -9999 -9999 -9999 -9999 -9999 -9999 -9999 -9999 -9999 -9999 -9999 -9999 -9999 -9999 217.7937 212.1554 217.7156 210.6079 219.8248 153.566 138.9307 122.6744 109.8578 102.035 90.92133 79.787 71.69849 64.46895 52.79248 41.93703 43.70219 45.52579 51.55143 49.54376 46.7377 46.55343 47.85705 68.08573 76.51356 65.36813 30.79953 5.444925 9.035376 15.44201 18.47012 26.26352 39.30518 52.22406 62.05262 70.66702 82.88844 98.61018 114.6932 129.9126
-9999 -9999 -9999 -9999 -9999 -9999 -9999 -9999 -9999 -9999 -9999 -9999 -9999 -9999 -9999 -9999 -9999 -9999 -9999 -9999 -9999 -9999 -9999 -9999 -9999 -9999 -9999 -9999 -9999 -9999 -9999 260.7253 249.0769 241.1376 231.5535 233.145 190.6489 148.7433 134.1895 127.569 119.8128 104.4247 95.85839 87.66946 78.25502 64.80219 59.86701 62.37037 73.09576 75.28713 66.73469 67.92695 63.34264 66.19405 84.23929 91.14745 83.51616 33.5015 13.46476 3.411073 13.01691 24.23328 27.26409 32.38478 39.51197 48.0396 60.26102 75.98276 92.06578 107.2851 115.4386
-9999 -9999 -9999 -9999 -9999 -9999 -9999 -9999 -9999 -9999 -9999 -9999 -9999 -9999 -9999 -9999 -9999 -9999 -9999 -9999 -9999 -9999 -9999 -9999 -9999 -9999 -9999 -9999 -9999 -9999 -9999 -9999 280.9296 264.7484 251.9879 249.033 232.6793 162.9096 149.7357 146.298 138.9414 122.9691 115.2783 101.7912 89.52108 80.92152 80.50102 82.76228 89.00169 90.07733 91.48405 85.95045 81.2325 91.59821 110.6035 106.7385 103.5248 64.16254 36.06584 10.97602 4.471733 10.82713 11.31066 16.88455 25.41219 37.63361 53.35534 69.43837 84.65772 92.81118 99.77638
-9999 -9999 -9999 -9999 -9999 -9999 -9999 -9999 -9999 -9999 -9999 -9999 -9999 -9999 -9999 -9999 -9999 -9999 -9999 -9999 -9999 -9999 -9999 -9999 -9999 -9999 -9999 -9999 -9999 -9999 -9999 -9999 -9999 278.7673 273.608 266.6046 260.9637 182.215 168.7576 165.3136 167.6078 142.6317 130.9182 114.381 102.6447 99.47818 101.6317 104.1884 104.0438 114.5443 114.2344 103.7457 102.5242 121.9641 128.2618 131.7169 100.3342 64.61023 41.5764 21.50327 9.046638 5.5 5.283852 4.448065 14.99547 30.72792 46.69299 61.77295 70.18377 77.14896 84.45195
-9999 -9999 -9999 -9999 -9999 -9999 -9999 -9999 -9999 -9999 -9999 -9999 -9999 -9999 -9999 -9999 -9999 -9999 -9999 -9999 -9999 -9999 -9999 -9999 -9999 -9999 -9999 -9999 -9999 -9999 -9999 -9999 -9999 -9999 291.6983 284.2567 289.8584 196.7184 186.3154 182.5424 190.882 217.06 298.2049 125.6672 118.9718 120.4247 124.7121 128.2999 144.3949 154.097 132.688 120.0522 132.7849 139.9085 134.6846 132.0321 90.64935 71.00851 50.34287 34.88738 26.50565 25.06777 20.32719 6.140927 10.88189 28.51958 38.78687 47.53176 54.45721 61.82454 69.09044
-9999 -9999 -9999 -9999 -9999 -9999 -9999 -9999 -9999 -9999 -9999 -9999 -9999 -9999 -9999 -9999 -9999 -9999 -9999 -9999 -9999 -9999 -9999 -9999 -9999 -9999 -9999 -9999 -9999 -9999 -9999 -9999 -9999 -9999 194.1145 271.5623 298.9326 216.0713 210.0972 200.7605 208.7755 270.3524 433.5137 262.938 136.5005 141.6134 170.9822 230.9876 231.05 214.924 198.6214 175.0987 157.8411 139.8945 122.8173 106.7857 90.50277 74.07025 58.98922 51.70607 48.53611 44.44252 29.39528 11.20901 5.854696 16.02916 25.87659 31.57243 39.03627 46.46302 56.3838
-9999 -9999 -9999 -9999 -9999 -9999 -9999 -9999 -9999 -9999 -9999 -9999 -9999 -9999 -9999 -9999 -9999 -9999 -9999 -9999 -9999 -9999 -9999 -9999 -9999 -9999 -9999 -9999 -9999 -9999 -9999 -9999 -9999 -9999 -9999 -9999 193.2381 -9999 -9999 179.0135 234.4944 328.8113 -9999 -9999 176.0569 227.4049 260.8697 245.3092 229.2574 211.9496 193.559 177.9103 163.9611 148.817 133.4132 118.9386 110.761 83.6852 72.65496 71.50591 69.80325 51.80182 39.54325 21.00825 7.980998 5.235978 10.23246 16.08163 23.8356 33.75639 42.28142
-9999 -9999 -9999 -9999 -9999 -9999 -9999 -9999 -9999 -9999 -9999 -9999 -9999 -9999 -9999 -9999 -9999 -9999 -9999 -9999 -9999 -9999 -9999 -9999 -9999 -9999 -9999 -9999 -9999 -9999 -9999 -9999 -9999 -9999 -9999 -9999 -9999 -9999 -9999 -9999 -9999 -9999 -9999 -9999 -9999 -9999 266.9351 248.489 232.7314 215.3674 204.2022 195.0907 180.6729 165.8803 148.9074 133.0583 120.4317 97.77067 88.87171 88.95382 88.14783 76.54519 56.62257 32.00908 18.07688 9.228395 5.593211 4.001682 11.12897 19.654 28.83253
-9999 -9999 -9999 -9999 -9999 -9999 -9999 -9999 -9999 -9999 -9999 -9999 -9999 -9999 -9999 -9999 -9999 -9999 -9999 -9999 -9999 -9999 -9999 -9999 -9999 -9999 -9999 -9999 -9999 -9999 -9999 -9999 -9999 -9999 -9999 -9999 -9999 -9999 -9999 -9999 -9999 -9999 -9999 -9999 -9999 -9999 274.9149 255.5675 238.8476 227.2525 225.7207 238.0943 196.3985 174.9711 153.6614 136.8387 121.6902 110.7975 106.1965 113.2376 110.2145 88.78146 61.39024 42.55302 33.74874 25.57735 20.94185 12.24823 4.341371 6.602857 16.26307
-9999 -9999 -9999 -9999 -9999 -9999 -9999 -9999 -9999 -9999 -9999 -9999 -9999 -9999 -9999 -9999 -9999 -9999 -9999 -9999 -9999 -9999 -9999 -9999 -9999 -9999 -9999 -9999 -9999 -9999 -9999 -9999 -9999 -9999 -9999 -9999 -9999 -9999 -9999 -9999 -9999 -9999 -9999 -9999 -9999 -9999 317.2274 279.045 264.3528 246.2282 310.1938 406.1567 308.9847 179.7662 161.5637 148.3355 134.1023 126.8305 127.0172 130.6915 107.3299 80.39405 70.73329 61.44103 71.16293 87.99915 56.20001 27.30841 16.83278 6.941245 5.575667
-9999 -9999 -9999 -9999 -9999 -9999 -9999 -9999 -9999 -9999 -9999 -9999 -9999 -9999 -9999 -9999 -9999 -9999 -9999 -9999 -9999 -9999 -9999 -9999 -9999 -9999 -9999 -9999 -9999 -9999 -9999 -9999 -9999 -9999 -9999 -9999 -9999 -9999 -9999 -9999 -9999 -9999 -9999 -9999 -9999 -9999 308.764 292.3703 293.5463 303.5898 373.2334 402.3055 397.4469 242.5607 172.7443 164.509 153.7885 145.7708 143.7844 133.4174 105.5651 90.87803 84.16711 76.92241 83.90985 95.16842 74.96924 55.72951 36.48167 21.05168 6.065864
-9999 -9999 -9999 -9999 -9999 -9999 -9999 -9999 -9999 -9999 -9999 -9999 -9999 -9999 -9999 -9999 -9999 -9999 -9999 -9999 -9999 -9999 -9999 -9999 -9999 -9999 -9999 -9999 -9999 -9999 -9999 -9999 -9999 -9999 -9999 -9999 -9999 -9999 -9999 -9999 -9999 -9999 -9999 -9999 -9999 -9999 277.1387 267.7483 285.5183 334.0184 368.3083 374.6983 386.76 407.7173 275.6096 177.9993 171.4404 159.1307 142.4147 128.1427 115.8588 108.3738 99.52641 94.32245 105.4335 102.4138 78.61422 64.14617 55.9956 38.32412 20.59772
-9999 -9999 -9999 -9999 -9999 -9999 -9999 -9999 -9999 -9999 -9999 -9999 -9999 -9999 -9999 -9999 -9999 -9999 -9999 -9999 -9999 -9999 -9999 -9999 -9999 -9999 -9999 -9999 -9999 -9999 -9999 -9999 -9999 -9999 -9999 -9999 -9999 -9999 -9999 -9999 -9999 -9999 -9999 -9999 -9999 -9999 265.2627 242.9336 296.0609 327.0506 350.3282 365.4359 384.9261 399.7988 -9999 241.8509 195.211 168.653 154.3594 148.1092 137.1956 123.3393 118.314 116.1751 129.3685 110.0008 98.60372 86.69319 68.33259 47.37526 37.87297
-9999 -9999 -9999 -9999 -9999 -9999 -9999 -9999 -9999 -9999 -9999 -9999 -9999 -9999 -9999 -9999 -9999 -9999 -9999 -9999 -9999 -9999 -9999 -9999 -9999 -9999 -9999 -9999 -9999 -9999 -9999 -9999 -9999 -9999 -9999 -9999 -9999 -9999 -9999 -9999 -9999 -9999 -9999 -9999 -9999 -9999 -9999 238.0981 322.8111 343.6716 364.3898 372.4084 388.4824 366.8842 -9999 278.3653 199.1338 183.5387 174.2534 163.7256 148.7934 138.9227 140.9828 143.735 134.2759 119.7636 112.1978 95.70512 78.04589 62.39776 61.36606
