04_184A004/downslope_distance.asc
ncols 172
nrows 237
xllcorner 610032
yllcorner 6876144
cellsize 16
nodata_value -9999
[rows 31 to 61 of 237, columns 71 to 141 of 172]
41.11638 57.97872 77.45522 17.79724 21.82053 61.27891 80.19157 127.381 207.694 274.9562 289.004 303.9391 319.211 319.1592 305.9932 300.5792 326.3316 437.1933 598.825 749.4392 727.7194 708.606 687.921 682.6166 690.3289 655.4988 653.3814 655.6248 659.6414 666.877 671.9006 631.4356 618.1012 604.0966 594.9492 582.3503 567.1665 552.576 542.7414 537.1275 541.1329 540.7679 511.9511 348.7074 330.6412 444.1504 550.9047 -9999 -9999 -9999 -9999 -9999 -9999 -9999 -9999 -9999 -9999 -9999 -9999 -9999 -9999 -9999 -9999 -9999 -9999 -9999 -9999 -9999 -9999 -9999 -9999
34.30603 54.51841 123.5773 59.55042 34.41895 55.28557 89.87666 236.1876 250.4407 265.9385 281.1174 296.0483 295.105 270.7175 280.5151 286.8481 286.2251 293.4227 386.9977 638.2875 573.0313 705.352 682.5049 662.5895 655.1795 631.544 632.6616 636.8922 643.5173 652.5512 652.3274 625.6153 604.7908 590.0236 576.614 565.4 555.639 543.0565 529.3995 519.3467 518.4863 502.1746 506.8479 395.3122 280.8345 263.5837 218.2651 242.894 -9999 -9999 -9999 -9999 -9999 -9999 -9999 -9999 -9999 -9999 -9999 -9999 -9999 -9999 -9999 -9999 -9999 -9999 -9999 -9999 -9999 -9999 -9999
30.27196 32.72501 114.422 76.97971 25.93909 48.08405 182.0765 227.1877 242.9418 258.1795 271.4467 266.5514 247.948 259.2357 264.4707 265.3879 269.4171 292.5499 302.5168 308.9905 315.5796 498.491 657.6138 640.7214 630.942 614.697 614.1089 620.1671 629.2117 631.6392 622.446 599.449 592.7794 581.3851 566.3219 550.3 535.5742 522.3491 510.9795 501.1368 489.2834 474.2702 467.481 451.9928 275.5793 240.5422 212.5163 192.8346 -9999 -9999 -9999 -9999 -9999 -9999 -9999 -9999 -9999 -9999 -9999 -9999 -9999 -9999 -9999 -9999 -9999 -9999 -9999 -9999 -9999 -9999 -9999
7.46009 21.13119 127.0942 78.02245 12.97326 99.79939 204.366 219.9149 235.5048 248.8193 237.5249 222.4835 236.4328 241.7701 245.5612 244.9142 264.2005 279.8894 286.316 291.5432 303.4377 338.4982 589.6323 629.1279 610.9245 600.2018 596.2556 601.8293 600.1747 595.5011 589.1256 580.0487 549.213 549.5677 553.8387 543.7977 527.4142 510.0709 494.3299 482.8174 475.4676 445.4256 444.5169 455.5273 431.5336 389.7827 272.1037 199.5729 183.1347 -9999 -9999 -9999 -9999 -9999 -9999 -9999 -9999 -9999 -9999 -9999 -9999 -9999 -9999 -9999 -9999 -9999 -9999 -9999 -9999 -9999 -9999
49.51635 96.24998 152.1691 98.0392 117.6974 177.317 194.551 206.6854 212.193 209.6987 199.7646 214.0642 219.2172 222.9337 221.7376 233.216 253.1775 263.8224 268.8741 279.2668 296.5727 328.3242 371.3319 480.6727 574.6155 584.6989 576.3593 572.9709 570.4166 572.3752 567.155 566.4621 534.16 511.3591 484.778 508.1303 517.9362 487.0122 465.3468 459.6952 458.0767 428.5901 425.6224 428.2771 440.7895 532.8714 706.1552 689.3957 606.9769 542.7015 470.6223 -9999 -9999 -9999 -9999 -9999 -9999 -9999 -9999 -9999 -9999 -9999 -9999 -9999 -9999 -9999 -9999 -9999 -9999 -9999 -9999
98.49738 121.6795 123.237 136.5159 152.2407 159.047 147.7963 145.9472 160.565 178.1923 190.5325 196.6157 200.3063 199.1102 210.2774 221.8526 240.6218 246.7229 256.5845 272.9884 288.4324 334.1839 339.5071 339.6428 350.0185 430.6143 557.9843 552.0845 549.8481 550.3376 547.2365 545.4008 514.7361 486.6923 486.4639 447.8684 442.3346 448.1421 442.9926 437.9953 438.934 413.9801 406.6104 404.4956 417.8822 452.2114 484.5502 579.9622 584.7213 653.132 665.287 646.6786 -9999 -9999 -9999 -9999 -9999 -9999 -9999 -9999 -9999 -9999 -9999 -9999 -9999 -9999 -9999 -9999 -9999 -9999 -9999
96.95227 97.83837 114.5548 116.191 117.1044 113.32 117.0796 135.1091 149.7003 161.4842 170.3864 168.5042 176.1166 187.9063 199.2827 218.7454 223.8988 232.8025 250.2404 265.384 297.6918 342.1544 328.2213 321.527 328.4012 336.5229 443.6217 534.4443 528.41 524.9383 529.4197 518.7268 486.1651 467.7985 466.9442 452.7671 421.8647 422.2798 422.8143 420.2116 420.8117 392.328 389.549 392.5377 407.4463 427.6713 430.4779 440.0029 428.5764 448.1101 638.0283 656.8389 639.0192 -9999 -9999 -9999 -9999 -9999 -9999 -9999 -9999 -9999 -9999 -9999 -9999 -9999 -9999 -9999 -9999 -9999 -9999
49.78059 77.44938 94.57926 93.38517 94.24684 94.568 107.9022 119.9679 134.9547 144.6545 141.6137 150.1575 163.6863 176.6736 196.6566 203.9306 208.7561 226.704 242.5154 274.4331 318.5162 332.4206 309.7501 302.946 309.4802 319.9069 423.1447 522.1216 508.1839 505.7211 503.5446 488.2484 463.3002 451.3066 450.5818 449.9228 415.6578 403.3311 402.8138 400.4391 404.8658 389.3718 369.0579 377.3076 387.7032 382.9767 385.9134 402.4439 415.224 405.3815 440.4682 634.9545 656.7156 638.0329 621.0068 -9999 -9999 -9999 -9999 -9999 -9999 -9999 -9999 -9999 -9999 -9999 -9999 -9999 -9999 -9999 -9999
53.70163 49.82164 46.47935 71.95956 72.60785 85.45718 97.45449 110.3283 118.9454 119.2686 125.7121 139.6341 156.6742 174.6885 180.7281 185.8175 202.6922 219.4897 250.5615 289.0682 309.1891 318.0101 292.6913 285.5838 293.6288 306.6816 369.0961 493.5726 491.7998 488.1291 472.0187 458.9096 448.0615 434.6398 434.2452 434.5559 427.9095 383.9274 384.1512 382.002 387.4104 364.3868 350.4351 357.3815 369.3358 362.8356 363.3191 368.2112 375.9017 384.9109 398.3208 632.6387 649.9927 629.1657 610.6456 596.3837 -9999 -9999 -9999 -9999 -9999 -9999 -9999 -9999 -9999 -9999 -9999 -9999 -9999 -9999 -9999
13.95993 32.43617 30.23703 44.38208 50.44741 68.09039 83.60769 93.63348 97.02274 101.3527 114.5815 134.7515 151.3024 156.7775 163.0285 179.0559 196.7342 227.626 262.5292 283.5737 294.562 287.291 263.5513 268.8596 283.3219 299.6091 335.9827 444.5201 470.5656 468.1514 459.0401 438.9981 432.1894 418.5305 414.9056 418.1971 416.8647 368.8661 363.825 364.1576 359.7978 333.5201 331.3771 346.9369 349.9988 346.3437 342.5993 344.923 349.7351 356.0808 346.1884 449.8647 628.5629 627.1652 608.916 588.8672 -9999 -9999 -9999 -9999 -9999 -9999 -9999 -9999 -9999 -9999 -9999 -9999 -9999 -9999 -9999
18.79042 5.223954 16.7316 26.49331 35.91771 50.61156 64.58595 74.81052 78.11565 89.3141 111.7708 125.1012 131.9134 140.4832 156.6722 174.3473 202.2872 238.3923 255.1111 271.7699 279.9083 250.6309 245.5549 260.0904 275.1024 281.4716 309.3078 438.6687 454.5369 448.5605 452.7618 429.2055 413.3714 402.5463 396.6792 399.8389 396.2404 377.0616 345.4976 341.3874 322.565 316.5769 314.9174 330.7 330.6333 328.3244 324.8143 326.9264 333.3209 340.2595 320.3071 253.6992 334.7502 594.7379 592.4875 601.9422 -9999 -9999 -9999 -9999 -9999 -9999 -9999 -9999 -9999 -9999 -9999 -9999 -9999 -9999 -9999
44.00286 25.13662 7.376524 9.247463 20.70571 34.42805 52.50232 55.47276 62.72244 82.32536 100.2125 107.4337 117.4334 134.8366 151.8114 178.2022 208.4706 227.3984 247.9406 256.1925 228.0401 223.2242 237.3165 251.7951 258.3013 268.5663 286.3066 372.1749 439.4596 431.9719 431.6259 403.3831 393.1787 386.7544 380.1615 377.878 377.4041 380.7861 333.7931 321.2415 309.5086 299.4718 297.2524 309.7399 312.1768 309.5284 307.1985 310.6934 317.3209 335.3327 368.4134 269.0653 231.567 241.2342 255.011 425.7011 -9999 -9999 -9999 -9999 -9999 -9999 -9999 -9999 -9999 -9999 -9999 -9999 -9999 -9999 -9999
61.68973 34.64595 31.72469 23.83132 4.778872 20.70111 41.88836 38.02463 56.38643 73.73936 82.24271 95.59151 111.8119 130.3856 154.0408 178.5443 200.1211 222.2891 231.8271 206.2751 199.0874 207.5479 217.3407 230.781 242.7903 254.9519 277.1552 290.543 400.6008 414.2897 404.022 389.225 373.5556 368.9979 363.758 360.9063 360.4203 346.9897 312.5294 303.4168 295.7632 283.6023 278.2797 288.848 291.8583 291.1057 291.1726 294.6934 307.9895 331.5895 356.919 350.0532 223.0851 222.2169 224.6936 222.8512 -9999 -9999 -9999 -9999 -9999 -9999 -9999 -9999 -9999 -9999 -9999 -9999 -9999 -9999 -9999
64.28571 68.31657 67.5462 50.72644 25.08002 8.342134 12.3599 22.79563 41.13966 59.5878 75.71064 92.78409 109.4517 130.4159 151.6883 174.5425 193.1434 212.4492 183.3347 176.4765 183.8535 193.2153 203.8517 215.2386 230.1037 247.4975 263.9326 310.7206 425.2827 402.1629 387.725 378.882 364.2191 352.0066 346.6738 344.639 329.3248 290.3153 295.0071 287.0732 280.162 269.4795 261.0813 271.2771 272.2295 270.4154 274.4995 285.3621 300.0342 321.1429 340.5427 332.008 197.2813 203.4741 202.3191 194.4289 -9999 -9999 -9999 -9999 -9999 -9999 -9999 -9999 -9999 -9999 -9999 -9999 -9999 -9999 -9999
108.1072 107.3847 86.14423 58.37028 32.10575 32.49982 62.50943 11.31126 38.81898 60.52063 73.43821 93.29037 112.5309 131.1244 150.8049 170.6704 188.6894 166.0017 153.7999 159.713 170.3866 180.9131 192.5563 203.3402 211.9751 222.5372 250.5795 405.5374 412.8531 395.235 377.2669 363.183 354.021 337.3079 329.6446 325.4012 285.9986 270.0887 274.225 273.4689 263.6738 257.0923 245.3438 247.37 253.4069 251.9757 257.0558 277.6456 294.5042 324.0287 316.867 205.2993 173.8359 180.348 157.425 162.9573 -9999 -9999 -9999 -9999 -9999 -9999 -9999 -9999 -9999 -9999 -9999 -9999 -9999 -9999 -9999
133.0119 111.2437 82.68605 57.61714 50.4851 61.15994 84.1956 30.16993 10.16888 48.66647 80.92273 80.47818 80.10876 107.8044 145.9438 171.9737 142.4586 130.429 134.6237 146.5143 157.3887 167.6306 169.4085 174.9926 187.206 195.4992 208.7118 288.7037 403.7445 391.4955 372.9754 354.3317 339.7459 323.3108 312.3141 304.1196 261.8407 253.6201 255.344 261.5814 250.0253 240.9841 229.5918 229.0346 236.0618 233.0244 243.5689 263.3585 299.7755 306.7104 231.8116 150.608 156.9695 132.7523 137.7681 148.5624 -9999 -9999 -9999 -9999 -9999 -9999 -9999 -9999 -9999 -9999 -9999 -9999 -9999 -9999 -9999
137.0824 108.5564 82.56832 71.4601 99.5873 99.18272 76.86143 53.60426 11.02373 12.33753 33.22371 46.581 70.68323 81.70804 82.85991 105.9451 108.5198 110.5697 119.4386 131.6676 132.4168 135.0819 152.1367 161.3934 171.2792 185.3937 194.1567 237.325 380.2708 365.7083 357.0404 350.1163 333.0504 314.4875 299.1382 284.7538 245.9878 237.3631 233.6809 247.4384 237.2751 225.7919 214.4454 212.2281 219.3356 218.6285 236.3056 249.9969 263.1967 286.4549 187.2142 134.626 132.6917 113.7128 122.7034 125.8386 -9999 -9999 -9999 -9999 -9999 -9999 -9999 -9999 -9999 -9999 -9999 -9999 -9999 -9999 -9999
129.1468 104.1191 93.20103 122.0351 121.5061 96.73711 78.28323 53.57761 32.75648 6.984138 16.15816 40.90331 49.41057 59.89747 68.32806 84.31854 90.46737 94.7944 107.9052 110.7711 118.6211 129.2828 136.8438 146.8578 161.8693 174.2059 162.6734 169.8997 333.5248 361.3411 346.5184 321.5894 314.7946 300.9402 286.8981 273.9986 237.0975 221.7471 213.592 233.7381 225.3617 210.7773 195.947 191.5559 199.9727 211.2132 224.9594 238.3883 250.3231 264.4424 130.172 120.1277 102.5136 99.84475 103.0935 113.413 133.5878 -9999 -9999 -9999 -9999 -9999 -9999 -9999 -9999 -9999 -9999 -9999 -9999 -9999 -9999
132.579 116.4203 131.4244 139.4871 116.9203 102.981 81.00237 58.15788 34.03199 13.59696 5.604316 23.08018 33.99982 44.84195 58.12441 68.38367 71.86781 84.54779 80.32231 93.39646 106.2806 114.1981 123.9741 122.4833 112.635 135.0305 146.2071 155.3268 265.3453 344.9347 334.1252 306.4622 293.7737 284.3244 271.1993 258.9194 231.5491 207.112 196.4559 196.8899 185.9944 180.9934 180.1637 170.9349 177.2524 198.5406 213.5196 225.2597 241.6814 193.3428 96.6911 95.26324 74.05585 80.20144 88.69036 97.25102 -9999 -9999 -9999 -9999 -9999 -9999 -9999 -9999 -9999 -9999 -9999 -9999 -9999 -9999 -9999
203.8015 228.0443 176.2023 139.4586 126.3407 106.651 81.89078 62.3054 47.53979 37.12849 12.77595 6.056061 18.21107 30.73281 46.41692 48.7639 52.86324 46.62558 44.11685 81.36575 90.42003 101.2735 96.6917 90.00757 112.5843 126.2796 133.6321 140.1632 236.0563 300.8039 320.6422 298.7348 277.57 267.3442 260.8021 249.4612 230.7292 193.2373 177.1309 172.0285 169.5658 157.1817 151.7527 150.469 160.8183 182.3179 200.4271 219.2754 169.2904 82.08704 80.59522 56.26298 56.58374 65.1712 72.4128 -9999 -9999 -9999 -9999 -9999 -9999 -9999 -9999 -9999 -9999 -9999 -9999 -9999 -9999 -9999 -9999
245.5726 231.4561 215.8521 176.7751 150.5718 119.5076 97.86781 79.89899 60.07586 44.4619 25.80191 8.645211 6.206029 18.835 30.73725 31.98535 25.20219 16.26615 29.30803 63.51771 62.39494 59.9173 71.20144 91.24684 103.6522 110.9864 114.1826 161.1928 242.7863 298.4148 269.977 293.5712 269.6748 251.0155 242.6116 238.7404 227.969 198.8241 170.3224 153.0029 145.4618 144.7859 133.5229 133.6681 150.4559 170.0548 199.6781 213.7963 69.02485 56.37336 45.277 33.61127 41.93332 47.62482 -9999 -9999 -9999 -9999 -9999 -9999 -9999 -9999 -9999 -9999 -9999 -9999 -9999 -9999 -9999 -9999 -9999
232.6836 243.7526 226.8884 188.5478 167.2744 147.6227 113.5918 97.62799 71.64027 53.20661 38.98541 29.9027 6.937723 8.222495 12.74784 15.27633 6.590451 9.309583 25.61755 17.19943 28.37259 46.48662 67.66829 81.72064 87.31163 91.55519 138.4707 179.0366 278.0882 291.2617 268.509 256.7263 270.3648 249.943 227.3258 219.776 216.285 196.9576 164.2086 140.4147 127.9199 120.4705 115.712 117.3611 124.0416 131.6486 147.189 127.8428 45.19842 36.20058 24.24937 18.11732 26.32205 30.40968 -9999 -9999 -9999 -9999 -9999 -9999 -9999 -9999 -9999 -9999 -9999 -9999 -9999 -9999 -9999 -9999 -9999
226.6264 263.3137 254.657 196.8961 177.8389 155.1855 136.8531 112.6758 89.1483 69.7272 60.66394 39.46711 18.73734 4.512786 4.109677 4.524429 4.057519 7.96009 6.340451 28.54991 20.15546 37.61156 56.60249 59.82882 74.74754 118.9654 156.0203 247.7274 279.5244 272.0617 283.0137 206.3049 226.2982 247.024 212.6536 203.479 198.2706 186.776 159.3749 119.7094 111.127 102.168 96.96571 101.0258 106.8975 105.1827 104.6938 46.1258 24.75863 16.79036 9.358218 12.35362 7.556981 12.92516 -9999 -9999 -9999 -9999 -9999 -9999 -9999 -9999 -9999 -9999 -9999 -9999 -9999 -9999 -9999 -9999 -9999
272.0706 270.0414 236.1814 204.6395 184.0639 167.0515 142.1377 110.987 93.41222 77.037 58.87418 45.27983 33.33452 17.62269 4.926619 10.10768 14.59657 7.371701 8.655934 6.868561 22.26139 34.47323 31.82808 51.49458 100.4941 143.265 207.6291 264.4957 259.8858 256.0617 266.9361 190.2852 177.6194 220.1816 198.8245 186.944 180.3442 177.9884 154.4796 109.7132 95.09434 87.05347 79.51727 83.18599 51.91755 27.40257 28.57519 23.53934 9.758187 3.995019 20.09848 55.41784 121.2775 -9999 -9999 -9999 -9999 -9999 -9999 -9999 -9999 -9999 -9999 -9999 -9999 -9999 -9999 -9999 -9999 -9999 -9999
201.8201 162.5332 232.1727 222.6289 192.2694 155.248 132.4032 114.7809 98.36274 82.97841 69.19624 61.8567 48.38284 35.21726 16.47754 4.67884 11.04556 42.366 8.323828 10.38947 12.80498 10.18404 41.85137 72.68421 106.6274 159.3484 213.5156 248.3503 243.8858 240.2448 204.9256 143.2632 141.3237 171.4442 189.3662 168.4284 163.6667 159.8137 143.79 101.229 85.41604 72.0187 63.64855 52.94718 18.78836 11.08249 15.49508 6.232837 14.54648 24.45203 30.45746 53.9759 -9999 -9999 -9999 -9999 -9999 -9999 -9999 -9999 -9999 -9999 -9999 -9999 -9999 -9999 -9999 -9999 -9999 -9999 -9999
160.6804 118.1087 123.8941 157.0843 183.797 182.5116 158.0766 127.7381 112.5441 101.8786 85.54234 80.35677 60.07891 44.21733 32.83858 14.58646 4.130204 18.70648 24.51162 4.131124 8.308662 27.70908 49.6765 70.17901 127.6336 146.0013 220.1458 231.4361 224.1043 206.7572 127.7544 119.0963 122.0025 121.0474 149.4909 163.601 147.6281 142.6247 125.9797 102.9323 72.20633 60.83986 46.82808 30.08836 11.81256 70.88253 104.789 59.2174 34.35353 44.88522 46.46625 68.71692 -9999 -9999 -9999 -9999 -9999 -9999 -9999 -9999 -9999 -9999 -9999 -9999 -9999 -9999 -9999 -9999 -9999 -9999 -9999
102.2223 99.15433 93.76955 96.25484 97.88396 130.1779 173.5618 153.7625 132.1805 112.4779 102.4022 83.61864 72.035 61.75683 48.06352 29.18969 13.12231 4.008345 10.93665 5.127063 10.99601 27.75349 48.94871 72.35394 116.1587 157.0867 211.0816 203.1761 199.2452 197.299 99.01035 95.84179 107.3415 101.9975 124.5226 148.6101 154.3898 122.1799 111.284 92.46559 64.67057 49.13069 34.93011 16.44943 52.15559 88.80055 86.84237 101.1727 72.59912 61.75623 65.50201 280.2169 -9999 -9999 -9999 -9999 -9999 -9999 -9999 -9999 -9999 -9999 -9999 -9999 -9999 -9999 -9999 -9999 -9999 -9999 -9999
76.13567 85.50636 77.62939 79.81657 75.96394 75.68446 114.4403 144.0801 140.6731 139.6692 125.717 99.60223 89.17133 72.66016 58.63881 43.60359 28.68027 14.51377 3.120019 17.83385 37.90775 46.08957 53.52139 69.47765 100.0188 192.2729 186.4685 178.9017 181.1516 162.1219 79.26435 80.00264 90.79468 85.86045 108.5498 130.7545 138.9983 102.9185 96.30106 82.65953 57.6653 40.86898 24.46076 8.385407 80.29313 77.70566 54.76489 59.80356 60.70874 72.55845 296.1399 414.2483 -9999 -9999 -9999 -9999 -9999 -9999 -9999 -9999 -9999 -9999 -9999 -9999 -9999 -9999 -9999 -9999 -9999 -9999 -9999
48.07688 66.52876 61.44611 58.17704 49.67551 55.11263 56.49268 64.58688 100.8426 347.0672 249.0797 125.4685 114.8072 87.97212 74.06083 60.54522 40.84671 23.47164 7.132425 20.69277 38.57104 48.61102 63.77637 79.1015 98.10347 183.6789 169.7774 161.8983 155.2778 109.0397 69.15398 63.58529 70.60956 63.81168 96.32729 113.9394 99.94116 81.30845 79.13158 73.94807 55.62992 33.30565 15.66374 22.25603 65.6048 59.4674 35.0257 28.79065 45.35328 64.63535 252.7412 425.0639 -9999 -9999 -9999 -9999 -9999 -9999 -9999 -9999 -9999 -9999 -9999 -9999 -9999 -9999 -9999 -9999 -9999 -9999 -9999
31.74699 32.37046 41.7574 36.37941 26.47402 29.13839 36.81914 43.74284 48.74407 241.6157 443.1853 361.5915 160.5497 130.0849 94.74081 68.23716 51.07142 35.76736 15.91872 9.006886 22.36234 34.81913 52.43839 67.41479 84.56873 169.2843 159.6698 141.646 138.2925 87.01785 44.50134 37.173 39.34058 41.61701 77.81705 96.13059 78.75223 65.73869 60.79858 56.808 50.49337 31.92691 8.791277 28.31485 50.4488 34.3219 12.00857 19.75197 44.64648 61.64433 73.78387 221.1092 -9999 -9999 -9999 -9999 -9999 -9999 -9999 -9999 -9999 -9999 -9999 -9999 -9999 -9999 -9999 -9999 -9999 -9999 -9999
16.95387 14.08011 20.68411 16.53484 8.80292 9.936422 19.67446 18.65708 35.51844 175.9681 423.2858 424.3891 343.0559 170.2066 112.3272 85.24258 63.64433 37.87389 22.27342 7.450667 7.786835 24.25435 39.19537 54.75571 69.86806 94.33111 104.409 117.1126 127.0462 45.15093 28.20172 20.15172 19.62453 26.7967 55.39373 72.7949 64.58259 50.39433 42.69826 42.26076 33.52418 17.96383 5.541816 23.67117 33.10752 10.64705 7.536835 12.36434 39.35835 49.23173 67.13567 76.78732 261.0049 -9999 -9999 -9999 -9999 -9999 -9999 -9999 -9999 -9999 -9999 -9999 -9999 -9999 -9999 -9999 -9999 -9999 -9999
