04_184A004/downslope_distance.asc
ncols 172
nrows 237
xllcorner 610032
yllcorner 6876144
cellsize 16
nodata_value -9999
[rows 62 to 92 of 237, columns 71 to 141 of 172]
6.112818 2.102633 5.848954 3.769988 7.574367 9.791277 3.980235 12.57605 31.31187 86.09782 405.4323 399.4962 387.7186 384.8919 284.2112 147.4923 76.72828 53.62015 48.59931 35.59893 8.714912 12.68128 29.01774 49.66593 55.86378 66.44503 84.83142 128.3307 139.1638 81.81105 45.81032 7.008726 4.106155 13.32735 41.22821 55.84201 49.64671 38.30902 25.12643 20.97976 20.00289 5.707869 19.61456 22.37827 8.783694 7.772971 8.081029 9.357299 18.32145 35.12199 53.22155 72.60925 124.9802 247.0988 -9999 -9999 -9999 -9999 -9999 -9999 -9999 -9999 -9999 -9999 -9999 -9999 -9999 -9999 -9999 -9999 -9999
11.13005 8.80292 15.08531 29.08668 12.73268 4.71415 5.539976 19.61219 43.99883 311.3706 394.8069 379.9864 371.5821 363.5568 353.636 332.1992 294.5148 209.8769 84.65118 58.4107 39.58237 10.74248 11.86878 37.37428 37.41511 58.71495 78.30217 138.095 135.8406 115.9026 100.6004 79.74342 36.41679 6.913675 27.40232 41.1818 32.08506 22.74401 11.03668 5.633345 9.193085 8.735978 28.07373 8.922019 7.247082 13.57865 7.70917 15.2447 6.435122 24.94261 39.47913 95.28713 130.59 144.1713 184.9217 211.7716 237.8222 261.1433 265.8857 273.2953 263.8287 257.4135 -9999 -9999 -9999 -9999 -9999 -9999 -9999 -9999 -9999
14.01263 2.713769 10.60822 17.1521 13.80981 4.272209 23.05689 41.64188 101.4204 362.068 362.8549 364.7291 355.3879 340.7033 332.3372 309.2686 309.0419 292.2434 250.0524 223.2529 177.4184 74.1061 6.968053 14.18534 14.99876 25.65746 32.00013 86.28906 131.0619 109.2557 96.00604 78.31181 61.3476 7.556061 18.13341 27.66197 18.2074 6.427 6.798478 15.53744 4.165514 16.93665 9.497463 7.284995 13.6495 7.125223 14.87675 6.094893 13.27189 6.910534 40.8915 100.0102 118.2052 131.1089 150.5908 168.8694 182.8557 215.2326 241.9913 264.7357 281.9877 301.9464 -9999 -9999 -9999 -9999 -9999 -9999 -9999 -9999 -9999
22.6462 5.713231 9.104696 10.57421 4.083408 9.627063 34.1553 49.80724 89.40043 95.11436 107.5887 184.1658 352.2503 330.9991 311.9589 293.5518 288.0051 273.8732 258.6384 254.0522 270.3448 285.9319 101.9161 14.32973 5.268148 5.278872 12.16942 19.83309 84.76785 108.5366 85.97083 67.2337 49.57072 27.0277 5.748541 9.573828 4.222653 3.194544 13.08125 6.866721 10.5376 7.493942 8.583631 10.29204 8.18014 14.92998 5.425699 19.32075 8.030553 22.03804 70.16721 90.38625 108.4657 125.2323 141.4225 160.2428 181.2837 206.6346 228.45 247.6346 261.7069 -9999 -9999 -9999 -9999 -9999 -9999 -9999 -9999 -9999 -9999
25.02097 7.590451 9.340833 29.39198 12.7974 7.913675 33.61371 67.98869 74.08304 78.20826 89.43694 121.9979 198.0712 260.1389 303.591 284.4693 270.4176 252.4478 238.4447 239.2816 257.4228 279.9786 293.3876 251.5991 96.44132 15.89727 6.625223 5.348954 10.31939 49.20975 59.20277 61.77216 46.38024 24.29915 8.416657 6.006124 6.971194 8.571988 9.823289 6.006505 8.393529 7.541276 9.042578 7.27167 17.1678 5.634645 15.43481 6.735978 14.22402 36.55702 73.28722 93.33968 114.7292 132.4158 149.3674 166.2508 182.6221 199.3551 216.4751 235.2418 255.1248 266.5965 -9999 -9999 -9999 -9999 -9999 -9999 -9999 -9999 -9999
27.44315 8.070845 8.920718 30.98221 21.67316 4.513325 48.9988 57.21073 54.56115 61.10854 91.6021 106.1489 115.7084 107.6501 162.5211 279.0256 262.4445 241.7436 223.3352 223.1595 249.1365 269.3066 284.7344 283.9794 215.953 152.4031 87.05315 34.90461 14.39045 10.89429 6.194925 4.944544 17.55169 16.0297 4.636486 12.41444 5.244481 13.88157 4.032012 8.411296 5.630204 10.01393 4.998922 12.75987 4.740039 14.42018 10.88097 13.51431 8.123384 22.57205 51.37418 98.21912 123.35 142.3525 157.4766 177.5624 189.5718 207.4776 223.8398 240.5482 263.7262 -9999 -9999 -9999 -9999 -9999 -9999 -9999 -9999 -9999 -9999
29.43389 13.73322 4.608376 13.46843 22.82313 6.315483 38.09433 34.30213 37.91571 58.90642 67.73792 87.87463 87.51686 86.78202 91.16322 147.8316 197.8519 227.2748 217.8041 202.6951 223.431 252.4015 250.577 250.1538 217.2374 197.6036 182.156 165.3812 121.0933 79.38152 26.22998 16.41244 7.433662 4.33915 6.438643 5.811422 10.69163 5.855617 8.014468 4.217291 12.26799 5.340451 14.69997 4.986898 12.27633 7.51983 12.77948 7.686803 27.81171 40.83767 49.10014 74.71661 134.1947 154.2214 172.7376 192.9949 202.1972 216.5614 241.0989 257.0927 275.7006 -9999 -9999 -9999 -9999 -9999 -9999 -9999 -9999 -9999 -9999
38.79363 21.16986 9.351556 5.173097 5.888167 4.850794 7.587692 16.00527 40.21679 45.70033 55.59531 70.3093 67.26641 69.11314 79.66222 122.7153 153.9344 178.3524 177.9005 183.0378 200.5832 216.1043 224.309 239.0529 219.606 193.0174 173.5282 157.2733 138.97 129.6808 122.4936 87.48215 37.54125 19.4574 8.057362 3.678459 8.718434 5.093592 5.550699 9.584931 6.518529 11.21698 7.762248 14.11549 8.471575 14.31647 6.363199 24.33998 48.54401 64.56676 74.30495 85.87032 97.75855 145.3619 181.6575 211.8306 223.4764 228.2222 294.5456 318.709 355.1674 289.2481 277.6687 -9999 -9999 -9999 -9999 -9999 -9999 -9999 -9999
-9999 36.48357 30.88179 29.31898 31.55787 13.64023 12.5487 9.533155 13.30666 14.24064 25.4613 49.76651 46.22469 54.70921 72.98126 116.4419 129.3775 160.6027 159.4751 165.4622 182.6667 198.5806 219.3569 230.9937 208.457 191.9069 171.0134 148.7786 131.2664 114.8179 96.76807 74.9054 60.4199 37.84931 23.63011 8.699208 3.135185 10.30682 6.050699 10.34029 6.901112 5.265007 15.02764 9.01485 10.06847 9.316626 8.897431 52.44579 73.66591 95.95319 111.5161 132.9919 152.3197 148.3278 185.7963 295.5845 284.9323 247.3959 361.4563 410.5069 399.4666 383.8451 378.2455 371.0457 -9999 -9999 -9999 -9999 -9999 -9999 -9999
-9999 -9999 -9999 55.86996 47.36622 43.31238 33.07212 24.10406 14.79058 7.918498 4.443624 17.10178 27.46536 62.08833 89.58018 106.6874 108.2962 129.7795 142.5157 153.0483 172.316 190.3523 211.4097 225.4336 205.0391 191.364 172.6454 152.7589 134.0697 114.6545 88.34252 72.985 53.32723 37.17406 23.96498 6.968973 7.526112 4.032012 9.015769 2.771828 2.888325 6.360058 6.152951 12.81126 5.973034 9.258187 26.3942 54.53732 71.26816 90.15769 113.2083 139.2042 172.1554 191.4163 230.0912 438.0863 434.9209 400.2546 427.9419 408.8855 387.5444 368.3575 357.7744 352.9632 334.5442 -9999 -9999 -9999 -9999 -9999 -9999
-9999 -9999 -9999 85.1937 73.60654 65.69157 59.86131 42.73341 45.07802 36.28804 18.53522 5.109677 40.65407 68.19211 74.54373 87.11505 89.41353 112.2933 129.0987 152.2704 176.0789 189.6709 206.4056 224.1841 203.233 186.877 179.585 154.9233 123.377 94.67155 83.51632 70.20598 56.45033 31.87367 11.49378 5.056981 8.194386 6.862279 4.771289 20.2159 13.59842 9.845274 5.359296 3.254823 9.630966 30.26774 48.44519 59.59262 73.59084 94.76569 118.1432 149.3998 169.0371 185.4772 250.2572 410.6044 422.5228 417.6574 419.7004 416.8213 399.2997 364.0176 342.8631 328.7489 312.1918 306.7514 -9999 -9999 -9999 -9999 -9999
-9999 -9999 -9999 103.2058 94.3298 81.20512 82.06625 81.3312 59.5862 42.97913 21.99102 5.11818 41.69849 49.52691 59.15978 67.95261 88.66322 103.2735 121.1722 151.5389 187.9196 202.5158 211.7267 189.8849 157.9269 144.8621 140.2398 114.4268 96.25182 79.03171 67.81343 56.68354 42.2495 19.99531 4.136486 9.568466 5.957869 7.951968 11.09696 26.76184 41.28351 30.9652 20.86618 13.0006 5.781092 21.36755 50.97314 73.1273 84.53875 109.1322 131.2122 148.5066 165.0503 183.4673 263.1398 397.825 395.1626 388.9848 396.1886 402.5577 296.1196 283.1287 334.5078 320.2471 298.0423 282.5102 -9999 -9999 -9999 -9999 -9999
-9999 -9999 -9999 139.1871 126.0939 109.118 112.2541 114.6885 65.36707 44.42783 25.20885 8.135946 17.74309 28.49483 33.67773 41.82342 82.35309 83.23231 103.5863 137.4407 212.131 222.6375 202.0544 166.705 153.4655 133.0233 118.6208 102.727 88.95664 76.22971 54.79782 42.41295 27.21428 7.662216 7.766308 5.356536 11.8645 7.114119 27.55191 40.39725 51.23554 50.33398 47.54569 29.76736 18.83998 8.506886 11.31571 60.33358 103.9105 114.9638 133.4591 149.9402 166.4839 191.7107 275.3633 346.5779 369.5709 370.3361 376.5927 354.6223 162.8917 154.6056 175.2631 264.3241 300.8542 279.4394 -9999 -9999 -9999 -9999 -9999
-9999 -9999 -9999 153.3906 170.1821 148.9354 129.6426 106.1966 83.74509 68.2082 37.65055 18.05429 10.4296 5.059201 11.43941 25.3533 61.14661 58.81689 63.73554 78.10547 118.3725 167.151 165.6275 162.9067 146.6917 129.771 109.7277 92.60569 78.81419 64.09982 46.96993 29.64994 12.28982 4.999842 8.283694 4.813262 6.506505 19.46146 36.97485 55.44144 65.08878 68.41568 65.84515 48.53925 32.7145 23.06593 13.86932 14.2889 124.7988 130.1797 140.1912 157.3133 173.8203 195.4335 293.1106 325.702 344.5671 353.663 358.9795 235.405 149.1964 137.0073 140.9652 147.9798 182.504 385.5663 -9999 -9999 -9999 -9999 -9999
-9999 -9999 -9999 106.0287 126.4905 159.6943 131.9279 138.4632 143.8442 81.39316 47.96993 53.42742 45.03297 22.20464 8.410915 6.254284 22.69077 38.65591 50.2976 62.74855 61.57415 59.77561 97.71055 140.2745 137.9431 117.8521 102.3868 83.47527 65.76717 51.43278 35.86983 18.24309 4.297177 11.17408 5.433281 6.558281 13.25413 29.07335 48.58973 72.34769 82.85296 94.36143 93.53897 88.14338 48.85052 38.35001 28.39267 23.78874 141.6361 147.3164 155.4034 168.9591 190.8037 268.0625 302.1501 311.2783 328.8668 336.9899 277.233 107.3364 125.5502 118.9381 121.8941 133.5943 283.541 529.6771 -9999 -9999 -9999 -9999 -9999
-9999 -9999 -9999 83.29893 88.8491 135.596 138.6948 161.4747 165.8878 146.9186 86.74487 79.59414 61.99366 41.44512 26.22922 15.37415 5.74226 11.08309 28.57174 41.25968 35.89106 45.4396 91.18076 119.9035 115.4759 101.0632 85.19148 69.98922 55.67091 40.33506 22.4868 9.106917 3.447685 4.149429 11.51025 5.765927 19.95663 38.17827 62.55036 89.35902 100.5731 107.5761 122.4147 135.3207 92.5036 52.45071 42.70064 36.46904 158.4386 164.6488 170.7554 185.8978 215.3898 265.8922 284.9037 295.9651 313.2403 265.644 94.58263 86.55544 96.08282 94.3119 105.2626 109.4045 430.9039 519.8934 -9999 -9999 -9999 -9999 -9999
-9999 -9999 53.12181 63.87992 71.05499 114.9052 129.9131 152.7082 147.6973 143.1081 138.0419 87.74855 68.20782 51.31774 45.99522 35.26016 20.49363 11.00819 5.400731 13.7133 20.63011 40.80886 75.03164 103.8311 96.26578 91.54649 72.50147 59.43929 40.96244 27.58462 11.23268 5.815864 14.53392 8.223415 4.96193 11.12101 27.93579 42.98173 65.2779 109.5117 124.5211 125.5036 133.1981 150.056 145.5105 84.11727 62.53672 84.6022 180.7986 185.0705 187.6515 196.6242 219.996 251.0031 266.8266 284.4698 220.1886 64.18155 61.62149 71.86682 73.83453 75.01749 82.1839 97.60376 334.407 509.4935 -9999 -9999 -9999 -9999 -9999
-9999 27.59188 44.82034 47.21993 64.58212 106.3228 114.1182 144.0226 131.5546 120.8522 113.2775 99.39307 118.8469 151.5788 108.0654 68.05395 40.16511 29.86419 20.92484 6.813643 25.91105 54.92028 57.46203 59.98218 76.52514 83.66644 61.03579 47.34157 29.05045 12.11932 6.069925 22.36365 28.77678 24.7784 23.65968 23.11663 34.53205 50.3126 66.40274 122.8381 147.3802 149.9041 153.5958 161.7388 183.3006 279.8571 234.6667 211.5987 210.3274 205.3039 208.7102 212.3652 222.8547 240.8212 226.5611 113.9445 48.91111 39.74652 43.28687 54.81438 55.2888 59.78947 72.59452 81.87346 80.99011 278.8517 -9999 -9999 -9999 -9999 -9999
5.069544 16.73382 25.56209 37.05051 67.9536 98.6266 94.20611 104.8914 120.6005 103.6565 96.49595 122.7424 201.8565 191.3228 188.5175 177.4412 147.429 71.53992 32.85759 19.03652 10.4725 14.00971 33.1831 33.57488 49.68884 58.90245 52.76114 37.17897 20.91282 4.83915 24.406 38.74944 59.7462 48.62444 41.57726 46.02301 46.48164 57.77298 73.31372 119.7609 169.2609 175.0791 178.9818 185.5778 232.2336 282.5077 261.88 238.6761 225.1864 224.019 230.059 247.4151 256.7184 74.34062 7.911835 14.09251 24.82742 20.72348 23.08607 32.5765 37.37513 48.03481 59.05877 55.22222 62.53808 68.57644 236.9924 452.0576 -9999 -9999 -9999
2.524049 3.767767 6.727476 20.14673 49.4193 86.99992 70.70858 65.82416 80.51241 85.57545 77.4942 79.0567 130.4317 171.9145 161.2329 143.2846 137.8215 129.3083 96.16835 75.66454 45.38316 12.30942 5.964531 15.75305 34.37421 38.4943 34.30229 43.70432 17.56647 8.934044 30.68862 51.87158 69.14065 80.94817 68.79131 64.21095 69.42188 70.13679 81.70808 107.9893 187.9619 199.7037 210.6516 238.4279 300.8828 285.2115 265.9083 260.3149 244.8448 246.117 251.924 267.1757 288.355 62.47276 9.241721 5.456187 4.223573 4.486517 6.36726 14.76745 21.4008 35.57358 34.66403 39.33008 45.09937 50.17304 58.4457 137.2838 -9999 -9999 -9999
8.084931 15.10476 5.530711 10.12154 25.72846 59.58221 53.43018 43.10175 50.93906 63.08389 60.65797 64.83995 93.63028 134.0095 143.4083 122.3244 115.9037 112.2604 107.4053 92.87453 69.1087 46.53941 25.08906 8.018529 10.8573 14.34772 6.577507 19.45403 6.908313 25.11495 40.95378 60.16631 77.74367 95.00721 104.9642 91.99953 87.72279 94.0859 94.19282 117.6622 217.871 241.8012 310.2829 328.8523 306.2636 289.0556 284.1299 277.0162 272.2675 270.1746 275.6589 284.161 301.1045 189.701 31.65232 22.39451 20.46199 15.84121 10.75911 5.422177 7.783313 11.16038 14.99731 21.83201 27.02992 35.29499 49.85381 70.75591 -9999 -9999 -9999
20.62551 25.3909 12.79188 3.603014 14.19461 23.97646 30.2692 23.39268 28.89068 35.97371 43.09502 52.91739 74.74595 109.0076 140.7287 133.4389 103.6264 92.2048 88.83035 72.22987 44.48272 41.54071 30.63953 17.51653 5.263706 3.516847 6.502983 3.27849 6.144068 18.13525 28.24975 36.34556 48.6923 66.96397 87.12764 117.4446 132.9806 139.1796 125.1215 169.0364 261.7692 329.3205 344.5929 330.3033 313.9971 305.7229 303.5942 293.1115 294.2467 287.8555 291.9831 297.0011 305.2244 291.6897 67.03005 42.31698 39.26736 35.29563 29.41412 21.408 16.06663 20.7699 4.778491 9.880046 10.72104 26.23328 47.9488 -9999 -9999 -9999 -9999
29.1193 34.03513 19.94851 6.916276 4.409233 5.208789 4.21783 4.578046 6.073986 9.932743 25.62973 50.60435 79.34897 108.4294 127.9912 148.6282 134.1057 73.57784 67.50645 62.2982 39.29515 20.65454 10.84657 4.749461 5.904253 13.27932 15.54708 5.303459 6.27351 4.292736 5.655711 9.752444 22.42078 39.57818 52.95746 67.69328 82.92688 96.62977 123.5006 210.1694 340.7642 376.7548 366.7172 351.9361 334.991 328.2784 315.8407 316.2722 310.5714 308.7678 313.5691 314.4281 319.4874 328.6123 273.8775 77.68047 61.13897 50.89373 46.22945 48.22469 39.41273 67.55661 45.44404 35.44122 6.374842 15.47824 -9999 -9999 -9999 -9999 -9999
19.84648 33.8922 29.10803 20.1403 12.58547 12.05162 15.13334 13.51095 10.28239 4.689563 13.74378 69.40788 85.52987 101.2481 118.6254 142.9009 149.9586 60.14525 45.36301 30.85184 19.20809 7.213612 5.891308 13.17186 20.52954 27.92904 26.73189 20.03553 20.45793 14.87269 10.85301 5.007425 9.01761 24.13747 40.20832 56.29715 72.78212 93.87016 140.6372 171.1019 274.2331 414.118 403.2726 377.595 356.3686 342.1534 337.8518 333.725 328.4027 328.0334 334.1628 331.8381 335.5658 342.3185 278.1986 88.2205 75.34361 69.47812 70.25309 71.03418 77.12469 70.66753 51.69481 32.53513 7.321226 -9999 -9999 -9999 -9999 -9999 -9999
13.62132 29.6685 40.43884 34.90223 28.5533 28.03553 31.75489 29.90631 25.1776 11.88043 9.76799 67.14792 112.8817 131.5665 132.8126 143.2715 173.253 77.68643 31.97945 8.849335 3.820464 9.596956 20.29509 27.91609 35.95286 42.2351 40.31155 35.28959 35.82948 30.72792 25.51323 13.37821 4.021828 17.9751 34.97355 52.6101 73.72527 101.32 131.6183 157.4759 260.0038 359.0921 409.895 398.1026 382.1379 367.8971 357.5884 349.5509 350.4426 355.732 352.3628 351.8924 352.508 358.517 329.6813 103.0204 91.52305 96.79449 95.84681 87.35265 87.06312 76.6594 52.68684 34.53566 -9999 -9999 -9999 -9999 -9999 -9999 -9999
11.05238 24.3376 33.23081 43.70867 44.49968 44.03553 48.44835 45.78468 34.91028 19.07833 6.274811 36.33062 73.39998 103.975 160.9082 167.1799 180.6729 75.42051 24.06793 4.4941 9.585471 21.89896 31.80978 35.78252 33.30882 34.7863 31.33363 29.10355 33.36679 37.09312 33.68443 18.57107 4.46599 13.06847 33.34264 55.58205 81.89989 103.2522 131.2083 150.7389 292.1561 334.9473 355.5976 397.6008 346.7191 333.7829 373.7539 366.9873 370.3382 382.5663 371.4858 372.2579 371.174 375.1409 285.0692 116.6602 106.5112 119.7771 112.5599 104.1193 96.70779 74.81565 54.29255 36.96314 -9999 -9999 -9999 -9999 -9999 -9999 -9999
4.11818 10.8671 22.57059 38.35889 50.42009 55.26206 61.24658 57.91228 41.98382 25.98528 10.00819 4.174017 16.00895 46.20286 90.26394 125.0407 115.6071 60.86178 25.26247 7.298478 8.223573 24.15685 27.97025 21.33792 17.31066 17.98376 15.44308 13.10355 17.23122 21.68941 27.43671 19.7447 4.927158 13.00727 35.98633 57.84093 82.12866 109.5733 129.6705 152.7478 264.7473 313.6929 326.2731 319.0519 283.4642 278.556 338.7074 363.6668 394.1673 396.634 387.957 389.6888 388.4772 393.2039 257.3204 129.8453 125.3519 134.4578 132.6471 123.271 99.20204 77.38275 59.38024 -9999 -9999 -9999 -9999 -9999 -9999 -9999 -9999
11.32145 3.864658 16.9934 29.72862 35.55635 42.58649 53.9002 61.96181 47.89518 32.13316 20.62161 11.2408 7.488738 29.91726 45.34341 47.97155 55.43316 45.86317 13.20955 10.02557 15.44223 23.23259 14.34756 6.181061 4.006663 4.220051 4.370019 4.474493 4.160153 6.052158 17.10346 8.263167 4.373541 19.26714 39.59309 62.16882 89.1331 109.2133 131.6206 157.2498 230.0966 257.3889 272.7412 295.6391 281.136 264.4217 237.0776 234.1549 -9999 406.4219 385.1243 407.8897 406.5559 410.8387 340.2648 143.8076 143.7096 151.2477 152.5385 138.0287 106.9312 84.4614 75.42879 -9999 -9999 -9999 -9999 -9999 -9999 -9999 -9999
21.90172 5.323986 8.784995 14.9908 19.95908 31.27279 46.87006 54.40588 45.17574 30.27961 17.68449 8.943085 6.209709 33.57335 37.95876 19.09642 6.404791 6.612818 9.7961 18.45778 27.97913 17.97868 4.52351 8.522971 15.19829 15.37538 17.60431 19.28683 13.56678 9.936041 7.658313 7.500762 14.03874 33.35987 48.77691 67.20413 89.49792 112.2209 136.9743 182.5092 231.7202 237.0655 246.0035 257.4357 278.9102 256.9627 -9999 -9999 -9999 -9999 -9999 -9999 424.1458 428.0107 436.5138 317.9849 165.5035 169.0134 171.1595 137.3801 107.0947 89.66689 72.30033 -9999 -9999 -9999 -9999 -9999 -9999 -9999 -9999
33.76031 15.69737 7.839531 3.443243 8.978777 25.12008 42.80451 42.27031 31.93164 22.79556 9.010027 3.680299 10.94032 21.41856 32.1455 6.675318 9.509645 24.13065 33.44382 33.65039 30.00756 9.937565 5.976175 20.11533 31.84211 36.72079 35.61863 36.31441 30.3033 26.2961 22.41092 24.5363 37.50226 62.96562 64.0135 74.82254 91.70242 118.3385 155.8655 186.6549 214.3107 221.9578 231.3435 245.3191 261.1769 232.5387 -9999 -9999 -9999 -9999 -9999 -9999 377.0509 448.5083 452.3696 460.9674 419.9198 221.5842 185.7083 146.0196 110.6202 94.15769 80.89338 -9999 -9999 -9999 -9999 -9999 -9999 -9999 -9999
45.24905 36.48887 37.5882 19.06317 6.327507 22.57979 35.08567 34.09655 19.58392 9.428301 8.486359 5.27941 4.782932 6.468973 10.77871 6.852857 16.54334 40.94613 42.64411 25.7132 16.97846 6.073986 13.9875 29.85353 44.07739 55.79865 61.58304 57.98693 48.43389 42.4764 40.89137 53.14119 81.04579 86.34779 85.92892 93.13342 101.3922 126.8241 152.4485 178.1231 195.8756 207.1747 223.4539 240.2792 258.7904 212.1169 -9999 -9999 -9999 -9999 -9999 -9999 -9999 440.9631 475.965 476.6906 499.8625 494.533 422.1034 343.7976 121.7768 111.5696 98.53773 -9999 -9999 -9999 -9999 -9999 -9999 -9999 -9999
