04_184A004/downslope_distance.asc
ncols 172
nrows 237
xllcorner 610032
yllcorner 6876144
cellsize 16
nodata_value -9999
[rows 93 to 123 of 237, columns 71 to 141 of 172]
60.03947 57.93332 56.65651 25.58852 4.467291 11.93297 25.20302 27.94959 12.40111 3.8691 4.757044 5.875381 8.150191 10.12967 8.857838 21.59372 27.71121 31.21029 20.99277 11.12897 4.941784 9.218434 23.32412 36.91923 54.03472 66.71384 78.57305 85.74209 77.52644 63.2947 70.81512 103.1327 105.4677 104.1809 105.5695 112.8031 118.4052 129.5885 148.4185 169.227 184.4217 203.6975 225.4306 244.7399 261.2659 222.981 -9999 -9999 -9999 -9999 -9999 -9999 -9999 429.8465 494.8456 499.7151 517.1555 516.7532 493.5674 477.4218 342.4174 -9999 -9999 -9999 -9999 -9999 -9999 -9999 -9999 -9999 -9999
77.95413 78.84376 70.91232 39.66641 15.38487 4.166434 16.23972 27.94131 17.87253 7.466753 12.84956 12.05368 4.947684 18.65701 24.52205 31.15407 36.82694 21.62827 8.790738 4.512786 12.43128 26.06615 33.9344 46.7128 60.70934 76.96194 91.98859 103.3869 113.4026 97.3429 104.4261 127.2636 126.2116 123.5968 134.5396 139.8795 136.9378 143.1324 157.1271 169.57 186.5898 206.3928 229.4002 254.0119 291.3965 333.1236 -9999 -9999 -9999 -9999 -9999 -9999 -9999 456.6297 514.7344 531.1535 542.5423 529.2963 498.3435 475.0013 456.1826 -9999 -9999 -9999 -9999 -9999 -9999 -9999 -9999 -9999 -9999
102.3784 98.46737 77.77292 51.63316 32.52548 3.846352 15.19791 31.22478 30.56752 17.77564 5.36542 6.675318 6.102095 22.29924 38.1053 45.16457 33.66628 17.24632 4.024969 15.46644 26.80657 38.29277 50.14417 61.32101 69.70817 84.28031 100.3208 118.3362 133.3911 141.4264 118.322 145.1853 140.9233 154.6984 161.4157 158.6597 157.3721 165.9618 176.6068 183.549 195.358 209.8308 231.3594 255.4579 290.6507 315.3423 351.9174 231.2891 -9999 -9999 -9999 -9999 -9999 -9999 543.1037 575.9307 557.1075 540.3942 523.5347 492.2299 459.938 -9999 -9999 -9999 -9999 -9999 -9999 -9999 -9999 -9999 -9999
119.4579 116.4822 84.69601 64.87993 50.47307 8.498002 13.20787 29.69553 36.63522 22.02402 11.76837 10.81548 12.65003 25.61127 41.39106 43.52507 32.09182 15.8547 4.18474 19.65172 40.96051 52.02974 62.93015 80.58539 84.65554 94.42245 109.8335 127.7751 145.0855 161.6733 182.5147 181.1493 160.7165 182.234 181.8603 178.3767 177.4167 186.2169 198.5301 204.1535 211.6159 222.8292 239.3207 261.6174 286.4889 308.9733 343.5446 219.6031 -9999 -9999 -9999 -9999 -9999 -9999 -9999 467.6937 475.4387 534.7938 516.7536 499.2278 480.094 -9999 -9999 -9999 -9999 -9999 -9999 -9999 -9999 -9999 -9999
95.38158 94.22159 76.86314 70.05455 30.36279 7.961771 9.142228 24.92691 37.33129 33.97621 27.48528 26.57843 27.89949 35.27745 42.01197 32.6922 21.06761 10.4224 4.814182 20.49026 41.991 63.3845 75.98849 94.13225 101.0635 106.5858 118.0669 134.8582 156.7595 175.9663 187.6161 203.292 212.2494 215.8602 201.0355 200.2625 198.3669 200.4982 213.3561 229.8229 233.2818 244.5783 251.3366 267.4731 286.3498 309.1245 336.7032 206.3604 -9999 -9999 -9999 -9999 -9999 -9999 -9999 -9999 -9999 -9999 469.1376 516.3857 509.461 -9999 -9999 -9999 -9999 -9999 -9999 -9999 -9999 -9999 -9999
70.46486 69.50959 59.08735 57.52377 31.37405 12.50267 4.728395 16.27028 29.0165 42.05518 43.40892 42.57843 43.89949 47.79293 36.43785 21.40492 9.82773 5.6191 13.75305 26.64106 42.60521 60.03802 78.13206 98.87566 117.1919 132.666 134.2535 150.817 172.9576 205.4295 224.4684 235.2421 249.9694 226.0968 223.5746 225.1149 224.2663 225.8048 227.6709 237.3991 260.9325 267.5379 269.2247 281.4084 293.27 308.5265 331.4482 87.86781 -9999 -9999 -9999 -9999 -9999 -9999 -9999 -9999 -9999 -9999 -9999 -9999 -9999 -9999 -9999 -9999 -9999 -9999 -9999 -9999 -9999 -9999 -9999
46.26076 39.1507 34.22408 30.68747 34.54363 20.0094 6.540357 6.723415 20.78154 36.72792 51.65708 58.10432 57.5631 46.66444 30.65685 14.55828 4.3691 17.42224 28.81079 38.32977 49.50775 65.42641 81.89852 107.0814 167.1358 171.0464 157.9121 180.9677 197.7179 215.4498 234.0588 256.7655 275.2552 335.5614 346.2903 258.3289 252.501 254.677 249.4048 248.5385 261.3804 286.0258 290.1608 302.5024 308.7142 317.978 334.735 -9999 -9999 -9999 -9999 -9999 -9999 -9999 -9999 -9999 -9999 -9999 -9999 -9999 -9999 -9999 -9999 -9999 -9999 -9999 -9999 -9999 -9999 -9999 -9999
28.36456 16.23934 4.259264 8.259107 16.20349 21.27916 12.7987 4.302158 17.62132 33.62132 49.62132 65.62132 67.29312 51.38909 35.38909 19.58195 7.031631 24.40187 48.25924 57.76283 62.10731 72.99424 89.29808 153.3758 199.6778 181.2666 176.2434 189.8113 207.7838 226.6294 243.6168 257.845 324.5599 390.6189 -9999 347.5539 288.5455 278.7671 269.9857 267.1589 270.5629 286.074 317.1407 323.5005 326.7649 332.797 -9999 -9999 -9999 -9999 -9999 -9999 -9999 -9999 -9999 -9999 -9999 -9999 -9999 -9999 -9999 -9999 -9999 -9999 -9999 -9999 -9999 -9999 -9999 -9999 -9999
4.053459 4.352633 6.449367 10.47012 4.347653 8.255585 4.556981 9.557203 23.84502 39.2132 55.2132 70.79715 65.90768 49.55038 33.21529 17.19975 5.09007 18.22916 49.30489 73.53471 84.23913 84.957 95.96449 156.1383 209.6856 210.0389 190.7715 203.7927 218.8345 238.6101 263.1724 336.7956 405.7238 378.6213 -9999 -9999 309.9939 293.7928 293.2283 291.193 290.8799 293.632 321.6217 341.5462 344.6812 271.0422 -9999 -9999 -9999 -9999 -9999 -9999 -9999 -9999 -9999 -9999 -9999 -9999 -9999 -9999 -9999 -9999 -9999 -9999 -9999 -9999 -9999 -9999 -9999 -9999 -9999
13.4126 18.56793 19.91558 21.31339 16.89727 7.198065 9.916119 20.11019 32.15873 46.47244 61.84062 71.58126 63.15673 48.04975 31.9639 16.05758 4.327126 15.33731 32.06218 60.24667 94.9725 108.4645 108.6284 131.6374 231.1342 246.2942 270.3646 215.3797 231.1847 256.351 270.1987 346.0524 400.9026 390.5173 -9999 -9999 -9999 -9999 330.1849 315.1556 312.2129 311.8442 319.5458 358.0535 295.1443 77.22679 -9999 -9999 -9999 -9999 -9999 -9999 -9999 -9999 -9999 -9999 -9999 -9999 -9999 -9999 -9999 -9999 -9999 -9999 -9999 -9999 -9999 -9999 -9999 -9999 -9999
29.17462 34.19039 35.89949 37.07304 28.4632 22.03553 24.74623 32.53059 42.73761 54.78615 67.1161 60.38272 50.31718 40.63078 25.91374 9.780553 5.86818 21.14797 37.85806 72.4844 99.3897 116.448 129.1363 179.7896 277.3516 384.3693 385.4773 377.083 358.7657 384.8547 394.1256 353.5039 388.5378 378.194 371.0311 298.3827 -9999 -9999 -9999 -9999 336.8239 332.7131 332.5805 302.6924 97.78298 132.4185 -9999 -9999 -9999 -9999 -9999 -9999 -9999 -9999 -9999 -9999 -9999 -9999 -9999 -9999 -9999 -9999 -9999 -9999 -9999 -9999 -9999 -9999 -9999 -9999 -9999
45.17462 50.32764 51.89949 51.88047 44.04163 38.03553 40.72792 47.37365 55.15801 65.58577 66.55455 51.06711 37.75531 27.6759 17.80819 5.266847 11.13503 27.32405 48.36263 73.78624 89.66959 107.4363 134.2819 235.7324 405.9751 398.7607 376.4499 357.9126 354.8808 354.7634 338.6708 347.0559 362.6384 360.3656 359.308 265.0329 -9999 -9999 -9999 291.1813 354.6522 355.8599 300.3973 125.6214 118.1494 165.4183 -9999 -9999 -9999 -9999 -9999 -9999 -9999 -9999 -9999 -9999 -9999 -9999 -9999 -9999 -9999 -9999 -9999 -9999 -9999 -9999 -9999 -9999 -9999 -9999 -9999
61.17462 67.02463 67.89321 66.70122 60.04163 54.03553 56.72792 63.35534 70.00106 73.44151 60.38478 44.38478 28.43969 15.12789 5.768529 5.716753 17.44353 33.27678 51.7469 81.26632 94.79082 118.7096 144.8289 204.3338 406.4378 398.7141 370.5081 349.8756 333.5537 319.2123 322.366 342.2312 341.9447 345.2537 357.6761 247.9038 -9999 -9999 -9999 -9999 294.4949 265.0395 189.5651 132.0282 202.5144 171.5644 -9999 -9999 -9999 -9999 -9999 -9999 -9999 -9999 -9999 -9999 -9999 -9999 -9999 -9999 -9999 -9999 -9999 -9999 -9999 -9999 -9999 -9999 -9999 -9999 -9999
77.17462 83.69849 84.53014 82.66904 76.04163 70.03553 72.72792 79.35534 83.61182 71.45049 55.3007 39.31066 23.31066 7.365578 7.243561 18.15784 27.87374 40.03173 55.43745 87.90318 106.6513 122.8291 142.5183 159.8235 270.2397 335.787 331.1863 327.7422 319.2962 302.3798 316.0394 320.5792 320.5463 348.5582 388.3967 340.8324 -9999 -9999 -9999 -9999 219.8295 165.5691 147.4928 191.8285 225.194 202.8665 -9999 -9999 -9999 -9999 -9999 -9999 -9999 -9999 -9999 -9999 -9999 -9999 -9999 -9999 -9999 -9999 -9999 -9999 -9999 -9999 -9999 -9999 -9999 -9999 -9999
93.17462 99.69849 102.2912 98.66904 92.04163 86.03554 88.72792 93.07003 82.66147 66.66904 51.04957 38.46749 31.56577 18.58814 6.572526 22.73833 39.13024 52.71524 63.31908 82.96299 121.8929 129.3654 143.3884 160.6896 213.112 271.4662 273.0624 282.9127 298.0762 279.6011 281.7709 298.7828 321.1193 357.5069 374.2822 394.0578 -9999 -9999 -9999 -9999 -9999 -9999 -9999 -9999 203.6212 189.3022 -9999 -9999 -9999 -9999 -9999 -9999 -9999 -9999 -9999 -9999 -9999 -9999 -9999 -9999 -9999 -9999 -9999 -9999 -9999 -9999 -9999 -9999 -9999 -9999 -9999
109.1746 115.6985 120.1355 114.669 108.0416 102.0355 102.4654 92.04163 76.04163 60.04163 44.04163 28.44436 17.13065 14.85768 12.83547 13.23896 33.94674 54.32263 77.47558 92.68758 110.6815 141.0534 151.7799 167.9596 232.7786 250.4193 259.8679 275.5252 286.8516 273.6268 253.2998 266.0842 307.783 327.1091 366.3963 375.1721 -9999 -9999 -9999 -9999 -9999 -9999 -9999 -9999 -9999 -9999 167.7529 -9999 -9999 -9999 -9999 -9999 -9999 -9999 -9999 -9999 -9999 -9999 -9999 -9999 -9999 -9999 -9999 -9999 -9999 -9999 -9999 -9999 -9999 -9999 -9999
125.1746 131.6985 136.1974 130.6691 124.0416 115.3588 102.0355 86.03554 70.03553 54.03553 38.03553 22.03553 6.669956 3.700825 3.503522 13.55314 31.71168 50.3186 69.71809 85.28265 104.9628 124.9233 142.0783 160.5364 215.2434 242.1792 249.8366 252.1898 268.2528 273.2651 244.6775 226.2369 209.9606 221.5638 308.5624 258.0224 -9999 -9999 -9999 -9999 -9999 -9999 -9999 -9999 -9999 -9999 -9999 -9999 -9999 -9999 -9999 -9999 -9999 -9999 -9999 -9999 -9999 -9999 -9999 -9999 -9999 -9999 -9999 -9999 -9999 -9999 -9999 -9999 -9999 -9999 -9999
136.3767 142.5181 148.9275 146.6691 136.4976 119.8995 103.8995 87.8995 71.8995 55.89949 39.89949 23.89949 8.482299 6.007425 14.42186 21.23757 34.33008 51.56568 68.94741 86.23425 108.0283 126.4397 140.7904 157.3313 192.8667 223.8461 230.5218 241.4198 257.9179 278.5432 252.2274 214.3687 194.5953 188.36 182.1951 -9999 -9999 -9999 -9999 -9999 -9999 -9999 -9999 -9999 -9999 -9999 -9999 -9999 -9999 -9999 -9999 -9999 -9999 -9999 -9999 -9999 -9999 -9999 -9999 -9999 -9999 -9999 -9999 -9999 -9999 -9999 -9999 -9999 -9999 -9999 -9999
122.4038 129.7068 137.1557 147.0151 142.2971 126.5269 110.5269 94.52691 78.52691 62.52691 46.52691 31.02669 17.56707 5.351175 9.102857 22.49217 36.5159 54.31882 70.92259 91.28333 107.6852 126.3195 145.6315 166.1341 187.084 205.7706 221.7169 238.8562 256.1046 281.2954 272.6422 218.5172 200.0647 174.4014 -9999 -9999 -9999 -9999 -9999 -9999 -9999 -9999 -9999 -9999 -9999 -9999 -9999 -9999 -9999 -9999 -9999 -9999 -9999 -9999 -9999 -9999 -9999 -9999 -9999 -9999 -9999 -9999 -9999 -9999 -9999 -9999 -9999 -9999 -9999 -9999 -9999
107.0794 114.3453 124.2844 132.8125 141.352 133.1543 117.1543 101.1543 85.15433 69.15433 53.65411 40.23738 27.21987 13.65654 4.144068 11.48636 27.30391 44.09334 64.17926 81.32409 102.8458 116.7439 126.063 166.2187 205.149 223.8134 236.7514 254.4845 273.6392 310.5947 336.5428 258.3794 218.9725 177.0776 -9999 -9999 -9999 -9999 -9999 -9999 -9999 -9999 -9999 -9999 -9999 -9999 -9999 -9999 -9999 -9999 -9999 -9999 -9999 -9999 -9999 -9999 -9999 -9999 -9999 -9999 -9999 -9999 -9999 -9999 -9999 -9999 -9999 -9999 -9999 -9999 -9999
91.71785 101.6386 110.1637 119.3422 129.5141 137.6331 123.7817 107.7817 91.78175 76.28152 62.8648 49.84728 36.30004 24.98979 10.4836 5.202507 19.12675 36.98458 51.12643 58.91425 80.6088 109.9794 126.2084 173.6676 225.7637 233.7108 285.0975 309.6062 310.1551 325.9204 322.3284 283.6148 238.3466 165.1143 -9999 -9999 -9999 -9999 -9999 -9999 -9999 -9999 -9999 -9999 -9999 -9999 -9999 -9999 -9999 -9999 -9999 -9999 -9999 -9999 -9999 -9999 -9999 -9999 -9999 -9999 -9999 -9999 -9999 -9999 -9999 -9999 -9999 -9999 -9999 -9999 -9999
79.01122 87.53625 96.71478 106.7727 117.8762 130.756 130.1126 114.7891 99.04206 85.5083 72.4747 59.053 48.30664 33.44376 18.17875 6.391689 5.669417 15.15248 26.831 41.35987 58.24598 92.64693 132.1837 148.8864 262.3937 297.8412 288.1385 285.8701 302.1093 298.5934 252.4872 254.6446 270.639 194.8304 -9999 -9999 -9999 -9999 -9999 -9999 -9999 -9999 -9999 -9999 -9999 -9999 -9999 -9999 -9999 -9999 -9999 -9999 -9999 -9999 -9999 -9999 -9999 -9999 -9999 -9999 -9999 -9999 -9999 -9999 -9999 -9999 -9999 -9999 -9999 -9999 -9999
64.90884 74.08736 84.14532 95.24879 107.8243 116.792 125.076 121.8366 108.2045 95.10212 82.63301 71.57507 56.18377 41.1843 28.57716 18.37773 10.12913 5.061422 15.74975 25.54255 37.2364 60.20981 90.18168 150.4377 238.7335 296.0686 278.0511 267.1569 270.609 244.088 232.0409 240.1658 263.6192 237.2367 181.2002 -9999 -9999 -9999 -9999 -9999 -9999 -9999 -9999 -9999 -9999 -9999 -9999 -9999 -9999 -9999 -9999 -9999 -9999 -9999 -9999 -9999 -9999 -9999 -9999 -9999 -9999 -9999 -9999 -9999 -9999 -9999 -9999 -9999 -9999 -9999 -9999
51.45994 61.51791 72.62137 85.19688 94.16462 102.8868 112.2765 122.6555 118.3878 108.2756 94.81118 78.81118 64.01752 51.80684 41.00515 32.82977 21.54769 14.37713 4.840451 13.31815 27.89848 38.81115 53.53891 78.3589 103.8921 126.1177 225.7974 244.8936 226.4185 216.2811 216.5614 232.2771 265.3925 274.6745 239.6871 220.4276 132.6174 -9999 -9999 -9999 -9999 -9999 -9999 -9999 -9999 -9999 -9999 -9999 -9999 -9999 -9999 -9999 -9999 -9999 -9999 -9999 -9999 -9999 -9999 -9999 -9999 -9999 -9999 -9999 -9999 -9999 -9999 -9999 -9999 -9999 -9999
38.89049 49.99395 62.56946 71.5372 80.25938 89.64907 101.3905 112.0653 124.5449 117.4386 101.4386 86.64494 74.86417 64.22723 55.45718 44.17511 37.13491 22.04677 16.30819 8.799621 17.49569 32.34661 43.8911 51.32584 62.303 76.23244 108.2542 235.1288 221.0015 202.4725 196.7906 227.8553 250.9035 219.1178 207.8368 219.8396 226.0173 180.6571 -9999 -9999 -9999 -9999 -9999 -9999 -9999 -9999 -9999 -9999 -9999 -9999 -9999 -9999 -9999 -9999 -9999 -9999 -9999 -9999 -9999 -9999 -9999 -9999 -9999 -9999 -9999 -9999 -9999 -9999 -9999 -9999 -9999
27.36654 39.94205 48.90978 57.63196 67.02165 78.76306 89.4379 101.2708 114.8787 121.7615 109.2724 97.49158 87.82118 78.53282 66.80252 59.76233 44.67419 38.90213 29.41999 25.81178 12.88823 21.27348 26.67367 36.9219 49.24909 61.49342 76.87651 171.5537 220.1278 197.8751 174.9288 177.3887 190.2527 183.2855 184.3469 199.043 229.577 230.792 170.8546 -9999 -9999 -9999 -9999 -9999 -9999 -9999 -9999 -9999 -9999 -9999 -9999 -9999 -9999 -9999 -9999 -9999 -9999 -9999 -9999 -9999 -9999 -9999 -9999 -9999 -9999 -9999 -9999 -9999 -9999 -9999 -9999
17.18595 26.28237 35.00455 44.39424 56.13564 66.81049 78.64342 92.18568 104.1529 118.9532 120.359 110.4486 101.6602 89.60986 82.38974 67.30161 61.52955 52.04741 49.63021 37.71518 15.03858 5.697526 14.21498 25.36577 36.92466 49.21102 68.36848 100.5396 170.0412 163.8017 156.3483 145.8972 151.4163 163.5167 170.808 198.4477 224.053 239.4646 241.6303 -9999 -9999 -9999 -9999 -9999 -9999 -9999 -9999 -9999 -9999 -9999 -9999 -9999 -9999 -9999 -9999 -9999 -9999 -9999 -9999 -9999 -9999 -9999 -9999 -9999 -9999 -9999 -9999 -9999 -9999 -9999 -9999
4.872622 12.37713 21.76682 33.50822 44.18307 56.016 69.55827 81.52547 96.61018 112.777 124.6443 123.7671 113.344 105.0172 89.92902 84.15697 74.67483 72.25763 60.34259 37.7468 21.32672 8.741181 4.403871 13.67484 26.33805 43.23738 62.16131 70.06518 84.9866 114.6354 121.3429 123.2109 127.3971 143.443 170.5674 201.5592 222.3972 236.9805 252.2801 241.1393 -9999 -9999 -9999 -9999 -9999 -9999 -9999 -9999 -9999 -9999 -9999 -9999 -9999 -9999 -9999 -9999 -9999 -9999 -9999 -9999 -9999 -9999 -9999 -9999 -9999 -9999 -9999 -9999 -9999 -9999 -9999
11.27687 3.9329 10.86472 21.55565 33.38859 46.93085 58.89805 73.98276 90.14957 103.4209 111.5261 123.1538 127.5353 112.5564 106.7844 97.30225 94.88505 82.97001 60.37422 43.95414 31.30388 19.80175 8.370242 5.277031 19.58316 39.25562 48.2897 56.41368 67.55801 76.64976 99.2267 102.3391 116.8514 134.2067 179.9657 192.1683 212.8711 232.2509 253.1575 268.057 190.5875 -9999 -9999 -9999 -9999 -9999 -9999 -9999 -9999 -9999 -9999 -9999 -9999 -9999 -9999 -9999 -9999 -9999 -9999 -9999 -9999 -9999 -9999 -9999 -9999 -9999 -9999 -9999 -9999 -9999 -9999
27.10591 13.15172 4.11726 10.75045 24.29271 36.27063 51.35534 67.52216 80.79348 88.89869 100.9014 116.1304 136.6786 129.4225 119.9297 117.5125 105.5974 83.00164 66.58155 53.93129 42.42916 30.56047 17.57551 4.858376 15.67684 26.90584 31.41073 65.30347 51.11063 59.59347 73.75928 85.19431 104.211 115.0768 157.1564 180.3794 209.8241 234.7868 246.5402 198.6609 197.4474 216.4386 232.1585 224.2395 145.7179 -9999 -9999 -9999 -9999 -9999 -9999 -9999 -9999 -9999 -9999 -9999 -9999 -9999 -9999 -9999 -9999 -9999 -9999 -9999 -9999 -9999 -9999 -9999 -9999 -9999 -9999
46.83919 28.22186 12.27427 3.944544 13.64321 28.72792 44.9554 58.1964 66.27127 78.27394 93.50294 108.9538 146.7654 154.989 140.1399 128.2248 105.6291 89.20897 76.55872 65.12775 52.17574 38.47158 22.5533 6.720813 5.307519 7.962692 27.26092 38.3856 35.23909 45.1824 58.04198 72.92793 85.41245 99.41084 126.7205 140.7414 148.7697 194.2167 170.3619 173.9772 173.5858 204.5271 243.5248 252.8589 255.205 -9999 -9999 -9999 -9999 -9999 -9999 -9999 -9999 -9999 -9999 -9999 -9999 -9999 -9999 -9999 -9999 -9999 -9999 -9999 -9999 -9999 -9999 -9999 -9999 -9999 -9999
