04_184A004/flow_acc.asc
ncols 172
nrows 237
xllcorner 610032
yllcorner 6876144
cellsize 16
nodata_value -9999
[rows 66 to 98 of 237, columns 74 to 147 of 172]
16 16 1066.288 23.82222 25.6 22.4 28.8 33.42222 17.77778 16 16 151.7717 468.7874 488.0627 60.69184 60.51556 40.10667 28.44444 43.37778 16 16 16 16 48511.66 48572.23 20.5037 51.66881 28.54365 42.5553 38.20187 153.7345 21.33333 1229.883 16 197.1719 16 1915.192 16 10683.02 16 520.6755 16 96 16 1416.071 18.12139 73.7293 57.59315 62.97372 67.15417 124.2274 351.9142 495.5164 367.2362 313.5496 244.2535 185.4578 91.13284 16 -9999 -9999 -9999 -9999 -9999 -9999 -9999 -9999 -9999 -9999 -9999 -9999 -9999 -9999 -9999
16 16 1105.652 16 53.04889 32.71111 39.78271 57.76593 24.69136 27.73333 20.26667 16 16 104.9225 656.1899 953.7617 208.7822 141.3926 101.357 56.17778 16 16 16 16 16 48622 48661.76 48758.73 48843.55 16 34.26301 197.9063 16 1277.883 16 2160.364 16 11411.69 16 600.6755 16 128 16 1448.071 16 67.87564 47.73136 46.48296 39.76691 42.18469 48.20543 38.99259 108.7526 103.3771 27.61481 31.28889 43.02222 16 -9999 -9999 -9999 -9999 -9999 -9999 -9999 -9999 -9999 -9999 -9999 -9999 -9999 -9999 -9999 -9999
16 16 1146.541 24.53333 79.42321 68.78902 46.91771 65.13233 54.92587 24.01185 35.8163 32.45037 16 16 16 986.2874 29.15556 16 16 23.11111 16 16 48 16 16 16 16 16 16 48891.55 48932.8 48990.07 178.7229 16 3483.402 16 20048.66 16 696.6755 16 32 16 1464.071 16 113.8801 16 21.68889 30.57778 27.02222 29.15556 28.08889 30.22222 30.93333 134.4 17.77778 16 16 16 -9999 -9999 -9999 -9999 -9999 -9999 -9999 -9999 -9999 -9999 -9999 -9999 -9999 -9999 -9999 -9999
1391.96 1416.493 1442.093 2690.941 33.6496 81.73174 74.65931 80.99205 67.71781 34.67588 72.72876 42.47124 17.06667 31.28889 909.411 152.7993 18.84444 16 29.51111 63.64444 16 16 16 78.93333 50.91555 16 16 16 16 16 20.62222 60.8158 49253.41 16 23598.55 20093.81 16 8604.964 16 48 16 16 16 1705.997 41.38316 39.38765 26.31111 16 16 16 16 16 16 36.26667 82.13333 16 16 16 16 27.37778 -9999 -9999 -9999 -9999 -9999 -9999 -9999 -9999 -9999 -9999 -9999 -9999 -9999 -9999
16 16 43.90213 212.4454 3054.764 3275.901 39.3977 81.11855 83.12879 43.74071 121.7619 36.81583 21.68889 38.24988 951.4277 159.3594 32.99556 30.90173 146.4731 48.35556 16 25.95555 22.04445 130.8445 206.1827 232.5728 177.0421 35.2 17.42222 16 16 18.48889 16 72899.96 16 96.35555 16 16 8588.964 16 16 16 1874.863 104.8662 54.66256 39.54126 25.77225 18.32296 17.42222 16 16 16 16 16 16 24.17778 22.4 35.2 22.4 28.44444 16 -9999 -9999 -9999 -9999 -9999 -9999 -9999 -9999 -9999 -9999 -9999 -9999 -9999
24.40691 34.98315 112.5952 138.282 52.14025 23.71161 3366.416 3560.379 47.88783 147.4301 61.62376 31.54446 44.48887 47.4499 755.9993 447.2182 411.8914 345.5382 57.33136 20.97778 16 16 89.6 16.35556 37.30173 98.52049 239.8134 161.5679 130.1888 44.18617 27.02222 16 27.73333 16 73060.32 16 64 29.51111 16 8540.964 16 1954.863 32 16 88.8662 56.48187 41.83511 33.81728 30.57778 34.87605 32.35556 16 16 16 16 23.82222 39.82222 87.11111 138.8247 65.17377 29.90617 16 -9999 -9999 -9999 -9999 -9999 -9999 -9999 -9999 -9999 -9999 -9999 -9999
95.05975 144.4855 114.2227 30.22222 21.68889 26.31111 26.24 22.24988 3847.084 62.56017 33.16655 48.40742 71.23069 436.1418 703.6215 549.2084 22.08395 61.09235 65.76198 31.28889 16 16 16 16 25.6 37.61778 38.7696 255.8134 98.57917 140.4026 70.39456 32.81383 73824.41 16 73684.25 37.06778 16 16 100.8108 104.5159 8357.402 16 16 16 116.7866 116.2923 105.5077 93.82472 89.93694 79.89729 43.02222 17.06667 46.93333 16 16 16 16 23.11111 38.59753 265.4736 323.5555 20.26667 16 -9999 -9999 -9999 -9999 -9999 -9999 -9999 -9999 -9999 -9999 -9999
16 27.37778 24.32 16 16 16 40.17778 64.84009 3958.384 28.52958 46.31845 61.05756 294.124 645.4538 905.5128 43.21975 28.44444 19.55556 49.06667 16 16 18.84444 16 16 16 16 43.40464 123.2941 283.0935 231.5813 87.76133 73989.48 16 73760.41 16 570.8674 76.01675 43.07936 46.94784 30.90742 34.58539 6334.581 16 273.6101 204.4211 188.4211 164.3503 143.4379 91.53409 39.03491 22.3921 31.64444 54.04445 25.24444 24.17778 35.91111 19.91111 16 16 19.91111 30.93333 391.8222 25.24444 -9999 -9999 -9999 -9999 -9999 -9999 -9999 -9999 -9999 -9999 -9999
16 28.8 41.77383 16 16 16 22.36828 194.505 4192.058 16 86.74147 222.5728 226.2462 1498.427 30.32494 17.42222 16 16 16 16 16 34.13334 67.46074 30.22222 32.35556 22.04445 23.82222 42.04279 139.672 241.9749 74518.67 16 29.86667 16 44.1567 139.6494 344.2691 67.51884 58.02719 27.95141 31.17037 34.25185 6242.7 6145.752 1260.74 2546.058 122.4266 83.96149 84.56467 65.68718 46.94123 16 55.63259 55.6563 39.10321 45.00543 38.58173 37.30963 16 16 16 16 439.8222 -9999 -9999 -9999 -9999 -9999 -9999 -9999 -9999 -9999 -9999 -9999
16 23.82222 38.08395 79.77789 133.3283 158.5727 171.0489 22.04445 44.86321 4305.478 4641.358 21.02769 1036.38 728.0699 19.09728 16 16 16 16 16 24.17778 51.2 80.09482 158.2159 161.6865 106.5591 93.59521 67.27731 65.14649 118.4262 75044.76 16 92.9088 72.63235 44.50835 42.23504 273.9276 185.2229 56.76598 19.91901 22.75556 32 53.53437 67.24859 4470.636 2606.257 2515.792 97.91282 59.82695 45.39347 24.17778 58.43806 61.75289 46.92017 73.10538 43.00326 16 64.53096 71.09373 20.26667 16 16 16 -9999 -9999 -9999 -9999 -9999 -9999 -9999 -9999 -9999 -9999 -9999
16 16 28.44444 60.52433 61.7295 16 16 25.95555 27.99407 22.86143 30.39921 4888.235 6668.685 16 37.94173 39.11111 37.33333 32.71111 16 16 23.82222 16 16 35.20632 98.86432 141.5727 145.1909 140.8462 150.124 75410.46 16 429.9588 47.22837 32.14661 21.82321 34.67232 53.12931 389.197 27.5358 22.04445 16 16 39.78271 85.19101 217.8314 510.8287 4605.156 66.47911 31.82623 16 16 93.65007 72.0956 73.73391 85.76073 53.97944 16 16 161.9832 37.28593 20.62222 16 16 -9999 -9999 -9999 -9999 -9999 -9999 -9999 -9999 -9999 -9999 -9999
32 16 16 24.88889 16 95.86283 16 16 23.46667 38.11555 82.83331 96.61636 16 6768.703 6872.663 21.88642 66.63111 41.22074 31.28889 22.75556 36.64593 28.42074 22.75556 18.13333 17.56473 92.54875 136.6293 166.4944 66.07864 75746.92 143.613 16 257.8216 55.11913 24.17778 23.82222 30.29883 56.27843 324.4224 25.95555 16 16 28.44444 89.27271 173.7371 261.0448 1428.438 3371.101 41.04691 28.08889 26.15445 125.8365 83.6897 75.52165 127.9377 52.79086 34.13334 49.46331 165.4724 54.02232 16 20.26667 36.97778 -9999 -9999 -9999 -9999 -9999 -9999 -9999 -9999 -9999 -9999 -9999
17.42222 32 16 54.4 16 148.1295 23.11111 16 16 46.00889 67.63931 29.51111 30.57778 34.08593 18.18074 7019.894 22.41212 75.83974 45.01333 16 16 81.06667 16 44.39704 28.49185 27.31949 75.95287 82.79655 76027.49 16.71111 176.8475 205.0923 164.0737 76.67262 38.49976 16 22.18784 39.39254 57.25726 229.7422 16 16 52.32818 78.54198 118.5864 248.7051 957.1965 974.5525 2792.703 32.27388 87.40062 124.9509 70.15952 133.2785 102.3272 65.67647 55.58399 161.8685 121.5026 32 36.26667 16 16 -9999 -9999 -9999 -9999 -9999 -9999 -9999 -9999 -9999 -9999 -9999
54.18667 20.26667 16 80 16 18.48889 199.3295 19.91111 16 19.2 16 16 16 16.35556 40.88889 44.8 7111.425 7230.265 42.76148 41.24445 16 88.05926 34.96296 41.77646 52.69491 32.46196 24.4994 76247.23 20.97778 16 55.9266 154.3588 127.1763 64.82897 54.45203 26.64445 25.31389 17.45383 40.74667 68.73284 116.3326 49.1989 62.54198 16 229.1993 193.0547 1347.162 433.6247 16 2738.187 2706.187 83.13048 107.5121 151.7067 143.0728 46.87999 40.70399 226.4695 115.9238 57.24445 32 16 16 -9999 -9999 -9999 -9999 -9999 -9999 -9999 -9999 -9999 -9999 -9999
77.94252 29.22667 77.15556 65.77778 16 16 242.6678 27.06173 16 16 27.73333 20.97778 16 16 16 16 29.15556 76.38123 7400.188 28.21531 74.87473 59.05119 43.19342 41.4085 69.91575 63.94209 76381.02 19.00247 27.02222 16 30.41164 107.0433 76.5571 59.33353 47.42321 34.30733 19.95834 16.35556 31.64444 48 83.26598 62.24794 38.01884 213.1993 70.52835 177.544 988.6019 678.856 16 16 16 2428.686 56.74788 192.1826 151.0775 70.24711 16 304.2955 112.077 50.46519 40.88889 35.91111 16 16 16 -9999 -9999 -9999 -9999 -9999 -9999 -9999 -9999 -9999
47.53084 33.14568 76.00988 88.17778 41.6 16 16 293.5517 24.53333 16 52.66173 43.33827 16 16 16 16 18.84444 18.09383 16 7559.101 35.68373 86.08278 28.4781 16 46.36623 71.93259 76531.25 69.79439 53.79439 47.24299 29.5039 64.85239 55.36711 52.62222 42.31111 31.42321 22.26568 16 32 45.86666 40.1237 49.54239 74.87054 188.752 111.176 188.8798 377.2372 1082.02 32 16 16 52.97778 2212.228 2149.65 1833.076 1576.367 123.8318 273.6569 106.9273 67.35012 52.68543 35.09728 37.33333 16 16 -9999 -9999 -9999 -9999 -9999 -9999 -9999 -9999 -9999
35.15084 97.69877 16 68.90667 114.9156 21.33333 16 309.5372 67.21456 24.88889 78.29246 50.77421 34.13334 29.86667 30.93333 16 16 16 23.82222 16 7709.042 19.8259 16 83063.89 16 76635.19 16 42.31517 65.78793 53.3903 39.12938 31.98293 36.52267 33.28 28.8 26.31111 21.68889 16 29.86667 35.01827 41.92799 59.03954 84.43433 67.24562 129.1364 168.0414 320.1604 271.7382 794.2817 20.26667 16 16 42.66667 49.87259 127.3685 21.11819 1356.352 936.7247 35.4567 90.82153 69.05521 64.7076 40.21729 35.55556 16 -9999 -9999 -9999 -9999 -9999 -9999 -9999 -9999 -9999
368501.8 26.31111 16 16 209.7778 16 16 241.3256 184.4928 55.04927 125.9285 16 16 70.04444 55.51407 32.6637 26.31111 22.4 24.17778 16 16 7736.937 83119.82 16 82941.05 16 16 55.47276 60.16231 48.27623 32.27623 20.92658 18.47467 18.56 19.2 16 16 16 29.51111 33.82518 44.55506 38.5328 48.8124 70.14006 106.7891 185.1104 299.1212 205.4471 469.4959 265.6917 16 16 16 29.86667 115.1593 174.1063 207.9556 29.8945 496.3547 270.9613 133.1725 85.71938 86.28938 73.6 -9999 -9999 -9999 -9999 -9999 -9999 -9999 -9999 -9999 -9999
30.57778 368654.7 368734.7 368825.7 369083.5 369131.5 16 402.0461 168.3281 60.05522 126.2507 39.11111 20.97778 58.02667 95.83092 51.63878 28.41969 36.59062 45.32148 27.28296 91000.76 90952.76 16 16 96 6177.862 6123.106 6065.862 45.25912 38.87434 36.76234 23.35763 20.69333 23.46667 22.4 16 16 16 20.62222 29.28988 35.52658 38.89491 55.37052 53.98579 107.0043 248.466 179.4382 181.9118 192.5204 428.6917 41.6 16 16 32.35556 128.1632 159.2261 156.3131 155.2818 54.11157 18.69081 16 203.694 52.63627 -9999 -9999 -9999 -9999 -9999 -9999 -9999 -9999 -9999 -9999 -9999
16.71111 63.28889 48 59.02222 32 16 369618.5 154.4031 216.3451 192.3377 156.8835 110.8148 56.02765 76.96944 176.7711 97.442 50.49588 24.84168 91189.95 91092.04 16 46.93333 17.06667 16.71111 47.28889 32 32 16 5872.968 57.87059 50.36867 68.08582 51.28691 33.77778 25.6 32 16 16 16 24.17778 35.34222 49.77146 51.68719 82.72414 51.33801 223.0658 67.67545 210.4 174.2775 311.8822 110.9731 16 16 62.17054 75.78502 195.9216 169.2105 35.53949 24.21728 18.76543 29.34431 321.196 -9999 -9999 -9999 -9999 -9999 -9999 -9999 -9999 -9999 -9999 -9999 -9999
16 32 32 43.02222 16 36.97778 16 370037.2 16 110.3276 26.8879 18.84444 29.15556 35.63457 33.2958 245.3143 113.442 91297.29 16 16 16 16 16 16 16 16 16 16 16 5740.317 69.39262 29.56186 46.12741 52.62222 41.6 29.15556 35.2 22.04445 16 23.82222 43.06963 64.54887 83.23761 75.7243 189.8376 38.76346 36.65699 110.9164 173.1753 310.345 89.26162 46.91771 44.39276 59.78502 102.758 182.7561 52.26374 23.11111 24.88889 48.79012 77.68581 -9999 -9999 -9999 -9999 -9999 -9999 -9999 -9999 -9999 -9999 -9999 -9999 -9999
16 16 16 27.02222 20.97778 23.11111 77.27407 370167 50.32413 117.4389 36.75654 16 16 25.24444 30.93333 23.82222 91695.87 16 16 16 16 16 16 16 16 16 16 16 32 5632.538 79.95535 77.21051 55.75901 43.73333 45.15556 53.49311 25.79753 32.51358 27.73333 16 17.58815 29.67967 28.27899 101.4592 30.93333 23.82222 48.92445 59.73509 51.85405 388.5062 81.33279 40.92049 47.32127 74.56953 138.9186 66.35705 34.78913 16 32 56.05926 210.5815 -9999 -9999 -9999 -9999 -9999 -9999 -9999 -9999 -9999 -9999 -9999 -9999 -9999
16 16 16 16 16 40.88889 36.5037 30.22222 370397 47.03886 46.41185 29.15556 16 16 16 16 16 463775.1 463823.1 16 32 32 32 32 32 32 32 16 16 5504.583 126.6495 95.52673 99.68967 91.86835 69.49311 39.85997 16 16 50.36247 61.85999 20.97778 16 68.39251 16 16 16 30.93333 33.06667 40.3358 319.3568 113.8916 29.51111 41.45462 68.11338 98.24255 44.98945 29.15556 16 28.08889 67.85229 -9999 -9999 -9999 -9999 -9999 -9999 -9999 -9999 -9999 -9999 -9999 -9999 -9999 -9999
23.46667 40.53333 16 16 16 16 16 16 16 370559.2 36.78815 18.84444 16 16 16 22.04445 372015.2 16 16 464617.5 734.3467 698.4355 587.6624 478.8662 382.8088 284.7513 197.1198 16 16 5345.934 4508.74 141.703 82.36154 86.82544 72.82392 40.17778 32 16 16 83.52781 60.13244 88.71911 83.25993 102.1044 16 -9999 16 16 31.28889 61.56636 330.2401 16 31.81827 52.78815 59.33037 42.01876 16 16 54.62914 89.84845 -9999 -9999 -9999 -9999 -9999 -9999 -9999 -9999 -9999 -9999 -9999 -9999 -9999 -9999
78.19852 33.80148 32 16 16 16 24.53333 17.09037 16 370607.2 16 16 30.93333 33.06667 16 25.95555 371961.2 16 16 464693.1 43.56525 62.77318 60.79614 48.05742 50.05748 39.63154 51.15874 65.96108 97.16063 127.025 581.0082 4340.422 135.4401 80.32465 48.86123 39.46667 24.17778 23.82222 91.39755 40.13026 16 16 16 -9999 -9999 -9999 -9999 -9999 -9999 24.88889 56.1554 278.051 27.37778 36.62222 26.31111 31.64444 22.04445 60.08889 61.70864 79.07745 -9999 -9999 -9999 -9999 -9999 -9999 -9999 -9999 -9999 -9999 -9999 -9999 -9999 -9999
346963.6 46.57778 34.48889 16 16 32 23.46667 62.90963 370735.2 16 16 16 71.82222 16 371855.2 371887.2 16 16 16 464820.6 73.41961 62.02181 50.38617 30.26963 42.57185 36.66963 31.10716 46.09639 47.42731 75.73632 119.8129 848.4926 3833.113 82.92275 45.81926 40.17778 20.23506 66.05301 99.22629 54.02332 18.84444 16 16 -9999 -9999 -9999 -9999 -9999 -9999 16 16.35556 125.1655 153.5742 32 16 16 32 41.6 63.07745 57.3959 -9999 -9999 -9999 -9999 -9999 -9999 -9999 -9999 -9999 -9999 -9999 -9999 -9999 -9999
17.42222 346771.6 46.93333 16 16 34.84444 45.86666 16 370783.2 16 16 16 371710.2 371758.2 16 16 16 16 465411.4 64.81236 42.81581 57.41961 69.03271 48.35556 35.67407 25.83704 28.32593 25.31643 34.48274 70.02882 79.86445 97.27562 850.8215 4142.772 33.85679 48.21368 67.44202 140.1796 70.02332 65.35901 43.37778 16 16 -9999 -9999 -9999 -9999 -9999 -9999 -9999 16 67.23476 147.8605 16 16 16 16 16.35556 38.69867 23.78524 -9999 -9999 -9999 -9999 -9999 -9999 -9999 -9999 -9999 -9999 -9999 -9999 -9999 -9999
16 346674.2 16 16 16 47.28889 257.4222 285.8667 371088.7 16 16 371583.2 16 16 16 16 16 466176.4 692.0611 796.6577 76.24913 43.09684 31.86121 48.82916 41.6 29.51111 18.48889 17.73827 35.08148 44.69728 70.02074 61.4623 115.2846 158.9723 4085.788 3566.944 304.3055 180.9129 88.75053 30.23802 31.28889 16 16 -9999 -9999 -9999 -9999 -9999 -9999 -9999 18.84444 56.71506 114.8286 16 16.35556 48 67.91111 56.74667 -9999 -9999 -9999 -9999 -9999 -9999 -9999 -9999 -9999 -9999 -9999 -9999 -9999 -9999 -9999 -9999
52.90667 19.09096 346554.2 16 16 32 84.97778 16 16 371423.9 371487.2 30.93333 17.06667 16 16.71111 16 466302.1 32.64 44.86169 361.5638 724.3593 54.96012 34.11082 21.0994 28.68411 28.8 16 19.55556 28.44444 34.13334 45.86666 67.50024 76.62257 103.0994 103.0808 400.7986 3184.948 122.5107 58.31884 41.72642 18.48889 16 16 -9999 -9999 -9999 -9999 -9999 -9999 -9999 16 16 71.09531 16 16 16 43.37778 103.2533 -9999 -9999 -9999 -9999 -9999 -9999 -9999 -9999 -9999 -9999 -9999 -9999 -9999 -9999 -9999 -9999
34.77333 50.52681 346506.2 32 16 16.71111 48.71111 16 16 285.1555 31.28889 16 16 16 47.28889 466447.2 49.06622 45.09972 27.73333 20.50195 428.5377 611.6598 75.65576 46.60207 39.34552 32.82963 21.33333 16 16 32 32 43.87556 85.84876 70.30849 64.26729 118.6298 397.5078 2876.96 68.91088 34.48889 24.17778 23.82222 32 16 16 -9999 -9999 -9999 -9999 -9999 -9999 16 50.47309 24.90469 16 16 16.71111 168.9047 -9999 -9999 -9999 -9999 -9999 -9999 -9999 -9999 -9999 -9999 -9999 -9999 -9999 -9999 -9999 -9999
32 51.91111 346407.7 32 16 16 17.42222 30.57778 207.2889 31.28889 16.71111 16 16 16 16 466547.5 69.85838 67.63544 46.76741 16 20.25877 850.2448 119.5787 60.60188 35.85844 34.37037 26.66667 16 16 16 24.17778 55.46667 47.85848 58.09708 55.12533 90.29689 135.585 426.1899 2594.409 90.47967 57.82387 49.22469 32 17.42222 16 -9999 -9999 -9999 -9999 -9999 -9999 -9999 17.42222 16 62.94913 118.0602 152.9047 16 -9999 -9999 -9999 -9999 -9999 -9999 -9999 -9999 -9999 -9999 -9999 -9999 -9999 -9999 -9999 -9999
16 36.97778 346307.8 16 17.06667 16 16 16.71111 93.62963 34.37037 16 16 16 32 466861.9 173.9082 49.99988 37.73963 35.54765 30.57778 17.42222 37.68889 748.8475 59.1373 46.21854 20.78815 35.91111 32 16 16 39.46667 30.90173 43.05383 54.4 92.87111 29.11605 169.6293 242.6028 397.9206 2174.603 1770.93 63.39336 31.48642 27.89136 22.04445 -9999 -9999 -9999 -9999 -9999 -9999 -9999 -9999 -9999 -9999 16 16 16 -9999 -9999 -9999 -9999 -9999 -9999 -9999 -9999 -9999 -9999 -9999 -9999 -9999 -9999 -9999 -9999
16 20.26667 32 346186.5 30.93333 16 16 16 39.11111 24.88889 16 16 32.71111 467092.3 133.6324 189.2792 177.6088 41.16016 39.44296 31.64444 16 16 16 722.5364 63.5175 65.84889 28.08889 16 16 16 16.35556 27.05383 38.4 58.66667 59.02222 153.6293 104.6423 322.8366 214.3947 61.36889 292.9538 1773.684 1636.182 38.06376 43.75704 -9999 -9999 -9999 -9999 -9999 -9999 -9999 -9999 -9999 -9999 -9999 -9999 -9999 -9999 -9999 -9999 -9999 -9999 -9999 -9999 -9999 -9999 -9999 -9999 -9999 -9999 -9999 -9999 -9999
