04_184A004/flow_acc.asc
ncols 172
nrows 237
xllcorner 610032
yllcorner 6876144
cellsize 16
nodata_value -9999
[rows 66 to 98 of 237, columns 0 to 73 of 172]
-9999 -9999 -9999 -9999 -9999 -9999 -9999 -9999 -9999 -9999 -9999 -9999 -9999 -9999 -9999 -9999 -9999 -9999 -9999 -9999 -9999 -9999 -9999 69.03822 65.62344 61.55325 50.84444 29.0344 59.7379 1109.096 1148.563 30.93333 25.6 16 16 16 16 -9999 -9999 -9999 -9999 -9999 -9999 -9999 -9999 -9999 -9999 -9999 -9999 -9999 -9999 -9999 -9999 -9999 -9999 -9999 -9999 -9999 -9999 -9999 -9999 -9999 -9999 -9999 -9999 -9999 -9999 -9999 -9999 16 29.15556 20.95407 1093.246 16
-9999 -9999 -9999 -9999 -9999 -9999 -9999 -9999 -9999 -9999 -9999 -9999 -9999 -9999 -9999 -9999 -9999 -9999 -9999 -9999 -9999 -9999 27.80445 53.1437 38.51852 44.8 22.4 20.14815 46.4482 64.36662 16.71111 1206.59 1266.979 37.33333 38.4 17.77778 18.48889 37.68889 32 23.82222 -9999 -9999 -9999 -9999 -9999 -9999 -9999 -9999 -9999 -9999 -9999 -9999 -9999 -9999 -9999 -9999 -9999 -9999 -9999 -9999 -9999 -9999 -9999 -9999 -9999 -9999 -9999 -9999 -9999 16 18.84444 36.91457 1159.118 16
-9999 -9999 -9999 -9999 -9999 -9999 -9999 -9999 -9999 -9999 -9999 -9999 -9999 -9999 -9999 -9999 -9999 -9999 -9999 -9999 -9999 -9999 -9999 29.15556 16 32 26.66667 47.52592 41.34716 16 16 25.24444 66.47308 1352.296 1267.674 42.97482 21.34123 52.01383 41.14173 24.53333 29.23457 -9999 -9999 -9999 -9999 -9999 -9999 -9999 -9999 -9999 -9999 -9999 -9999 -9999 -9999 -9999 -9999 -9999 -9999 -9999 -9999 -9999 -9999 -9999 -9999 -9999 -9999 -9999 -9999 -9999 16 45.51111 53.28593 1279.936
-9999 -9999 -9999 -9999 -9999 -9999 -9999 -9999 -9999 -9999 -9999 -9999 -9999 -9999 -9999 -9999 -9999 -9999 -9999 -9999 -9999 -9999 -9999 16 16 16 21.33333 28.32593 34.88395 16 16 16 16 16 240.2611 1600.711 56.45713 68.90895 34.28521 55.47544 30.29246 16 -9999 -9999 -9999 -9999 -9999 -9999 -9999 -9999 -9999 -9999 -9999 -9999 -9999 -9999 -9999 -9999 -9999 -9999 -9999 -9999 -9999 -9999 -9999 -9999 -9999 -9999 -9999 -9999 -9999 16 36.62222 61.53481
-9999 -9999 -9999 -9999 -9999 -9999 -9999 -9999 -9999 -9999 -9999 -9999 -9999 -9999 -9999 -9999 -9999 -9999 -9999 -9999 -9999 -9999 -9999 -9999 16 16 17.06667 16 25.44197 67.23951 31.64444 16 16 16 53.57739 29.97816 1683.576 1794.787 44.95196 101.7158 43.07421 16 -9999 -9999 -9999 -9999 -9999 -9999 -9999 -9999 -9999 -9999 -9999 -9999 -9999 -9999 -9999 -9999 -9999 -9999 -9999 -9999 -9999 -9999 -9999 -9999 -9999 -9999 -9999 -9999 -9999 -9999 23.46667 16
-9999 -9999 -9999 -9999 -9999 -9999 -9999 -9999 -9999 -9999 -9999 -9999 -9999 -9999 -9999 -9999 -9999 -9999 -9999 -9999 -9999 -9999 -9999 27.73333 23.46667 16 30.93333 37.68889 67.76186 71.11023 54.43161 22.4 23.11111 24.88889 16.55309 16 27.73333 42.33482 1909.755 132.8699 40.66918 16 -9999 -9999 -9999 -9999 -9999 -9999 -9999 -9999 -9999 -9999 -9999 -9999 -9999 -9999 -9999 -9999 -9999 -9999 -9999 -9999 -9999 -9999 -9999 -9999 -9999 -9999 -9999 -9999 -9999 -9999 -9999 -9999
-9999 -9999 -9999 -9999 -9999 -9999 -9999 -9999 -9999 -9999 -9999 -9999 -9999 -9999 -9999 -9999 -9999 -9999 -9999 -9999 -9999 -9999 39.51407 54.35259 34.25185 35.43704 52.89877 109.734 94.63933 16 66.80283 75.80655 16 16 16 16 16 30.93333 48.81488 2108.343 55.76542 20.97778 -9999 -9999 -9999 -9999 -9999 -9999 -9999 -9999 -9999 -9999 -9999 -9999 -9999 -9999 -9999 -9999 -9999 -9999 -9999 -9999 -9999 -9999 -9999 -9999 -9999 -9999 -9999 -9999 -9999 -9999 -9999 -9999
-9999 -9999 -9999 -9999 -9999 -9999 -9999 -9999 -9999 -9999 -9999 -9999 -9999 -9999 -9999 -9999 -9999 -9999 -9999 -9999 -9999 47.3758 42.34272 55.85857 79.70818 174.4027 223.6581 389.2358 281.0615 90.62505 41.26885 71.87103 16 25.6 29.51111 39.11111 17.77778 16 16 16 2176.26 156.9745 -9999 -9999 -9999 -9999 -9999 -9999 -9999 -9999 -9999 -9999 -9999 -9999 -9999 -9999 -9999 -9999 -9999 -9999 -9999 -9999 -9999 -9999 -9999 -9999 -9999 -9999 -9999 -9999 -9999 -9999 -9999 -9999
-9999 -9999 -9999 22.4 16 16 16 16 16 16 -9999 -9999 -9999 -9999 -9999 -9999 -9999 -9999 -9999 -9999 112.1923 63.27888 16 63.16946 278.8 145.2247 258.1912 17.06667 16 105.2689 59.41938 23.98567 101.746 45.86666 38.95309 61.66914 24.2963 53.33333 32 28.44444 28.56296 2547.99 -9999 -9999 -9999 -9999 -9999 -9999 -9999 -9999 -9999 -9999 -9999 -9999 -9999 -9999 -9999 -9999 -9999 -9999 -9999 -9999 -9999 -9999 -9999 -9999 -9999 -9999 -9999 -9999 -9999 -9999 -9999 -9999
-9999 -9999 -9999 48 16 16 16 16 16 16 16 16 -9999 -9999 -9999 -9999 -9999 -9999 -9999 137.4093 196.1433 72.72031 73.5544 795.7986 724.6191 447.1114 90.48475 34.48889 16 16 16 16 52.25839 232.1895 79.40038 16 16 16 106.6667 133.3333 170.1926 16 -9999 -9999 -9999 -9999 -9999 -9999 -9999 -9999 -9999 -9999 -9999 -9999 -9999 -9999 -9999 -9999 -9999 -9999 -9999 -9999 -9999 -9999 -9999 -9999 -9999 -9999 -9999 -9999 -9999 -9999 -9999 -9999
-9999 -9999 29.86667 55.82222 86.37753 51.09728 25.24444 31.28889 25.24444 30.22222 23.82222 24.17778 -9999 -9999 -9999 -9999 -9999 -9999 -9999 1528.44 30.54406 47.0563 811.7986 16 16 100.0323 87.94074 60.44444 32 16 16 16 25.6 69.25891 343.5899 16 16 32 28.8 16 16 16 -9999 -9999 -9999 -9999 -9999 -9999 -9999 -9999 -9999 -9999 -9999 -9999 -9999 -9999 -9999 -9999 -9999 -9999 -9999 -9999 -9999 -9999 -9999 -9999 -9999 -9999 -9999 -9999 -9999 -9999 -9999 -9999
-9999 -9999 133.3613 164.3732 20.54198 28.90272 41.72642 46.80692 18.01481 44.20741 39.82222 34.26765 21.91012 -9999 -9999 -9999 -9999 24.53333 71.54778 37.1574 1672.448 2138.21 441.9415 36.97778 116.0323 16 16 16 19.2 48 17.06667 16 16 25.24444 370.1046 119.5442 28.44444 16 39.04 58.02667 30.93333 16 16 16 -9999 -9999 -9999 -9999 -9999 -9999 -9999 -9999 -9999 -9999 -9999 -9999 -9999 -9999 -9999 -9999 -9999 -9999 -9999 -9999 -9999 -9999 -9999 -9999 -9999 -9999 -9999 -9999 -9999 -9999
-9999 -9999 92.60142 56.96737 359.2438 396.4391 474.9481 66.81723 63.81037 16 90.08987 16 16 16 16 16 16 23.46667 50.10963 38.75555 27.37778 20.62222 2629.013 121.2936 64.27742 32.71111 32 109.0054 82.84444 16 16 23.11111 27.73333 16 16 441.5566 107.1934 38.32099 38.55645 121.4436 16 17.77778 30.22222 16 -9999 -9999 -9999 -9999 -9999 -9999 -9999 -9999 -9999 -9999 -9999 -9999 -9999 -9999 -9999 -9999 -9999 -9999 -9999 -9999 -9999 -9999 -9999 -9999 -9999 -9999 -9999 -9999 -9999 46.57778
-9999 -9999 45.55852 65.56445 60.5656 40.10403 95.24886 674.3106 85.50347 24.88889 112.4899 36.97778 35.2 17.42222 31.28889 32.71111 16 16 16 16 16 16 28.8 2784.876 89.33111 53.08839 131.849 43.99408 25.95555 16 16 29.86667 66.84444 21.68889 26.31111 242.8943 546.8425 664.6637 87.06971 102.3599 16 48.98766 55.19012 23.82222 -9999 -9999 -9999 -9999 -9999 -9999 -9999 -9999 -9999 -9999 -9999 -9999 -9999 -9999 -9999 -9999 -9999 -9999 -9999 -9999 -9999 -9999 -9999 -9999 -9999 -9999 -9999 -9999 66.52312 49.88049
-9999 29.55852 41.6 22.4 54.23407 50.86025 31.9475 32.33572 733.9672 1082.376 1223.192 46.90963 49.20099 45.85086 63.31259 32 16 16 16 19.91111 16 16 16 1653.839 1305.942 167.3728 61.94048 34.02272 16 16 16 62.38815 90.14519 31.90519 45.75605 18.33877 53.78357 31.64444 724.397 836.3556 974.2711 1013.536 889.9865 51.28691 24.88889 -9999 -9999 -9999 29.44 -9999 -9999 -9999 -9999 -9999 -9999 -9999 -9999 -9999 -9999 252.7251 1252.579 32.35556 16 16 -9999 -9999 -9999 -9999 -9999 -9999 -9999 227.51 28.19301 65.72897
-9999 16 16 16 47.64444 16.35556 19.2 42.45333 148.7689 73.24733 26.90761 1495.141 1586.587 1679.391 56.8931 54.4 33.06667 16 16 60.44444 19.55556 16 36.97778 2290.301 790.6098 108.0184 99.3815 36.49545 28.08889 19.91111 16 78.9228 118.7492 64.60278 57.72519 16 16 16 16 16 16 24.17778 349.8134 1300.881 38.04445 16 -9999 28.44444 44.44444 16 -9999 -9999 -9999 -9999 -9999 -9999 -9999 -9999 159.5211 204.8505 1016.759 31.64444 16 16 16 16 16 27.02222 419.9585 16 -9999 368004.1 368084.8 143.224
-9999 -9999 16 16 16 16 28.8 83.3949 37.31226 49.08422 122.3805 62.53037 23.46667 28.32593 1859.828 62.29333 48.07111 24.17778 20.97778 72.69136 50.33086 28.8 2346.479 808.032 16 16 243.3991 58.49132 39.56938 35.41333 24.53333 94.9228 16 212.1798 76.89737 32 16 16 16 16 32 63.28889 34.11753 87.96761 1364.881 16 16 19.55556 16 16 16 -9999 -9999 -9999 -9999 -9999 -9999 16 19.2 62.51699 868.9151 28.44444 16 16 56.88889 25.95555 22.04445 380.5392 16 16 348987 16 16 368304.2
-9999 -9999 16 16 16 16 40.17778 21.29383 16 110.6173 39.46667 37.33333 23.11111 26.78518 1885.351 19.20474 60.86637 34.80494 39.55358 81.79621 53.65377 2266.207 725.6266 395.7476 16 16 18.48889 294.4939 80.53984 52.56533 90.5423 69.92124 62.70263 192.5792 96.0176 54.04445 32 16 39.11111 16 16 16.71111 16 25.24444 1492.56 51.11923 40.3358 35.04198 16 16 32 20.62222 -9999 -9999 -9999 -9999 -9999 -9999 22.75556 29.33728 66.11753 743.1096 16 16 69.96543 134.0128 321.517 16 16 348918.7 16 16 16.71111 31.28889
-9999 384.7025 16 53.33333 56.17778 16 23.82222 54.20247 94.61729 19.91111 16 16 16 1712.711 3665.818 16 43.05172 59.86941 119.9329 93.07235 59.62465 16 3435.581 31.64444 32 16 16.41086 263.1288 364.0363 190.3722 115.9441 71.72625 89.05255 221.309 94.02735 72.38321 41.24445 55.11111 24.88889 16 16 16 16 25.24444 38.43951 1599.468 51.04198 16 32 22.4 57.6 16 16 -9999 -9999 -9999 -9999 16 40.53333 45.72445 115.9597 697.1584 16 16 39.11111 58.58765 69.78445 26.98198 31.19498 348870.7 32 16 16 17.42222
-9999 431.2975 832 866.4889 877.9457 16 16 23.11111 16 16 16 22.4 1680 16 16 3756.869 16 16 18.66086 114.6115 218.59 16 16 3541.537 20.62222 27.37778 28.39932 647.1767 16 18.57654 16 30.34525 156.4967 293.3938 108.1349 65.79095 69.54667 58.03457 16 16 58.66667 21.33333 16 22.75556 21.04889 1650.742 61.591 39.46667 38.04445 35.41333 98.06223 27.37778 16 -9999 -9999 -9999 16 91.32247 190.8685 229.6336 163.8609 416.9561 16 16 39.11111 41.20494 30.8868 68.37743 655.4547 348791.5 16 17.06667 16 16
-9999 57.95555 21.33333 33.77778 1024 18.13333 48 30.93333 16 20.62222 27.37778 1625.6 16 16 16 16 5732.549 16 30.514 20.14686 21.09385 234.59 16 16 3639.721 33.03959 27.35973 675.2656 30.64422 23.84343 16 50.20715 528.2357 47.23897 107.5161 133.4595 133.5892 39.60538 17.42222 30.57778 64.35555 50.13334 42.05827 48.6795 16 16 1742.716 60.41817 56.34686 79.97918 174.2159 20.62222 16 16 39.82222 25.94765 16 81.06667 73.17333 16 36.74074 367.6444 16 16 16 30.93333 60.43549 659.5563 115.2891 20.98182 347967.8 46.93333 16 16
-9999 -9999 -9999 32 1072.356 16 16 49.06667 46.93333 1503.273 1556.622 16 16 16 32 1911.68 16 5821.375 16 57.2407 16 16 250.59 16 3670.576 16 16 749.2695 16 16 87.84343 16 16 691.0847 190.0767 108.0281 46.37481 23.35605 52.56691 20.07704 84.81185 79.43497 91.35925 43.80883 16 16 29.51111 1838.035 436.921 300.873 118.4 144 125.1556 16 16 16 65.06667 16 40.17778 87.46667 108.4602 189.469 68.46086 16 16 36.4563 635.4982 31.62775 28.02271 52.07793 347887.8 16 32 16
-9999 -9999 -9999 16 47.64444 1162.297 1240.864 1361.067 1409.067 16 16 16 20.62222 1664.008 1831.68 16 16 21.68889 5891.6 56.7045 16 5462.279 5414.279 5115.689 4805.562 1333.113 1285.113 16 215.8434 183.8434 31.28889 16 16.71111 31.28889 992.4628 122.3904 24.8234 17.16815 75.42957 28.04622 106.1075 171.3475 62.17162 31.24148 18.13333 16 16 2317.844 16 16 16 16 16 64 16 16 32.35556 16 32 34.84444 67.53976 66.79388 37.61778 18.84444 50.84444 474.509 135.6244 16 23.46667 34.96296 41.71852 347727 31.28889 33.77778
-9999 -9999 -9999 -9999 16 56.81778 28.51556 23.46667 16 16 1527.119 1548.452 1603.919 35.31471 91.82405 16 16 20.97778 16 11506.58 5542.279 16 32 32 32 16 16 471.8434 61.51111 16 16.71111 16 16 16 16 1117.522 336520.8 336569.9 336677.4 336721.4 56.08506 337137.7 66.58376 28.49185 29.86667 16 19.2 2362.644 25.95555 27.73333 63.28889 20.97778 16 16 16 16 34.48889 16 16 16 23.46667 35.2 21.33333 18.84444 37.23062 492.8871 26.66667 16 16 37.33333 38.28148 22.4 347587.1 30.93333
-9999 -9999 -9999 16 16 19.91111 16 16 16.35556 1499.03 16 16 16 68.83292 23.81696 16 21.33333 66.04642 11556.45 16 16 16 16 16 16 16 46.93333 160.3556 16 32 16 16 16 16 16 335319.2 16 16 16 16 336785.4 16 337285.7 337360.1 19.2 28.8 1190.271 1243.761 69.57037 90.31111 16 27.02222 16 16 16 16 28.44444 78.93333 27.73333 16 16 16 32 53.68889 101.0567 121.975 231.399 48 16 16 16 29.86667 347506.3 16
-9999 -9999 34.48889 34.84444 16 16 16 16 1401.254 35.97221 29.4479 16 38.04445 23.45086 17.8353 279.939 388.8443 12077.58 16 16 16 16 16 16 16 16 17.77778 47.28889 48 16 16 47.28889 16.71111 16 335269.1 16 16 16 16 16 16 16 33.42222 46.57778 337697.8 337806 339675.6 665.9924 86.24197 20.97778 21.40444 43.30667 27.37778 37.33333 25.6 16 16 16 143.8657 28.08889 16 16 16 23.46667 56.24222 87.74508 70.66554 77.23457 32 16 16 27.73333 27.09333 347389.7
-9999 -9999 702.1564 803.2362 963.2801 1008.724 1109.439 1242.748 73.07662 54.85037 16.35556 16 27.02222 82.58836 291.4386 160.9017 146.4424 190.3149 12363.27 12484.67 12532.67 16 47.28889 32.71111 16 16 16 16 16 16 16 112 16 16 335220.8 16 32 208 109.4874 39.46667 16 16 32 51.06664 204.9334 63.37668 16 340432.3 340551.3 34.46519 46.2317 38.03496 52.33778 43.11704 45.29778 42.03457 24.88889 16 193.7778 25.6 16 16 16 16 37.92856 82.7944 28.44444 36.26667 19.91111 16 16 27.73333 311.5971 98.42958
-9999 -9999 37.9707 71.55727 106.722 60.05623 55.48598 48.38207 84.18134 31.64444 16 16 115.4289 192.4692 106.2078 42.40171 47.40899 64.17228 54.82007 89.40122 55.77148 12840.95 12936.95 31.28889 32.71111 16 16 16 16 32 64 16 142.5778 334692.4 334741.1 432 366.2222 46.57778 50.51259 56.53333 16 16 32 68.99937 123.0006 47.37668 16 42.64864 95.64326 340797.2 340869.6 53.1968 96.40138 67.04671 58.03457 33.69876 16 16 244.6222 26.31111 16 25.24444 30.57778 50.67852 55.41663 16 16 16 16 29.15556 137.9824 266.4581 80.35081 16
-9999 -9999 22.99259 55.77481 81.36691 52.17185 43.33827 16.35556 45.65333 34.70222 16 32.07972 84.23978 94.23497 45.11191 31.26518 39.26123 45.36004 52.41734 70.41079 135.7011 108.9372 107.0777 13199.37 13264.08 16 32 17.06667 30.93333 16 16 334468.8 334517.1 16 32 32 46.93333 34.48889 32 32 32 16 20.48 60.97383 78.54617 31.37668 22.94431 83.3476 44.07245 55.73352 109.4955 341144.3 341295.1 341436.2 22.73975 48.6479 29.15556 143.3126 166.9294 52.06914 16 20.4879 57.24445 77.32148 94.74371 16 16 16 16 58.46914 91.78864 43.47259 55.6563 21.54667
-9999 -9999 -9999 34.13334 47.28889 31.28889 26.31111 16 16 19.2 16 42.56397 41.75553 75.18208 22.89665 24.53333 32.71111 38.95467 48.8611 79.3472 118.6432 120.7618 59.14698 56.7919 192.9594 13888.35 14097.18 14216.18 14318.73 14401.25 334341.1 16 16 16 16 16 16 16 16 16 16 16 22.4 38.04445 51.55556 22.32099 35.26479 60.15526 35.38489 97.84415 80.05215 16 38.4 46.57778 341665.5 341762.2 341950.7 142.1244 108.8741 17.77778 16 16 16 16 30.57778 148.5511 30.57778 16 46.22222 60.99753 25.6 20.26667 41.6 25.6
-9999 -9999 -9999 16 16 16 16 16.71111 32.71111 83.93472 67.93472 48.27819 51.97298 72.43743 19.39683 16 16 42.88 69.52741 81.6493 94.47267 46.92462 58.94024 22.16158 223.8476 339.6134 160.8278 85.93407 55.62322 52.7504 31.32927 319890.3 319830.2 16 16 16 16 16 16 16 16 16 16 16 32 17.77778 39.04 32.30815 47.9763 63.50222 34.41778 20.97778 32 49.80148 94.19852 32 16 342204.8 342346.2 22.87407 36.62222 37.68889 16 16 16 185.0548 16 46.57778 25.02321 16 16 16 16 16
-9999 -9999 -9999 -9999 -9999 -9999 -9999 -9999 45.89827 217.5074 79.65306 32.90876 23.77794 43.75092 59.06243 25.47621 26.88 41.52784 53.99809 56.01501 61.02588 34.30111 30.80789 195.1791 285.043 88.68295 103.6668 55.75684 57.51758 40.3358 25.16543 30.65679 42.31111 319755.9 31.28889 32.71111 23.46667 40.53333 32 32 32 16 16 16 16 16 22.04445 27.73333 36.62222 25.6 16 16 32 40.53333 39.46667 16 32.71111 47.28889 16 342470.4 36.93827 45.55062 35.2 16 16 222.7437 16 16 85.33334 16 16 16 16 16
-9999 -9999 -9999 -9999 -9999 -9999 -9999 -9999 347.3443 50.54804 23.43802 41.83885 -9999 -9999 -9999 -9999 -9999 31.12296 43.44889 41.43407 32.942 33.31775 44.94861 353.0562 64.36044 77.60345 68.27148 47.08046 38.47561 27.37778 20.62222 16 16 184.8441 319505.3 16 78.19852 49.80148 48 48 30.22222 27.37778 36.62222 17.77778 16 16 16 16 16 16 16 16 16 16 16 16 16 16 32.71111 31.28889 342634.7 342719.7 31.28889 37.33333 23.11111 254.7437 16 16 34.60741 113.3458 107.4443 33.77778 26.66667 16
