04_184A004/flow_acc.asc
ncols 172
nrows 237
xllcorner 610032
yllcorner 6876144
cellsize 16
nodata_value -9999
[rows 99 to 131 of 237, columns 74 to 147 of 172]
16 16 16 23.82222 346090.5 33.65926 24.88889 16 16 16 16 32 31.28889 467170.8 62.47338 28.48603 110.4268 152.9978 29.38469 16.35556 16 16 16 639.9377 101.2448 77.28988 75.37778 43.37778 16 16 16 22.4 42.66667 27.37778 40.41481 76.71309 383.5458 190.9281 16 39.46667 93.91292 107.5917 59.98166 1566.003 -9999 -9999 -9999 -9999 -9999 -9999 -9999 -9999 -9999 -9999 -9999 -9999 -9999 -9999 -9999 -9999 -9999 -9999 -9999 -9999 -9999 -9999 -9999 -9999 -9999 -9999 -9999 -9999 -9999 -9999
16 16 16 16 346024.8 156.2696 72.50963 36.62222 16 16 32 48 467341.1 27.02222 16 46.47338 33.05127 81.02832 113.4901 24.17778 16 28.8 166.7556 339.9373 136.193 98.15177 75.4726 68.62222 48 16 16 -9999 16 36.62222 42.78519 33.42222 50.46302 463.0449 16 16 86.72448 60.01748 58.21101 -9999 -9999 -9999 -9999 -9999 -9999 -9999 -9999 -9999 -9999 -9999 -9999 -9999 -9999 -9999 -9999 -9999 -9999 -9999 -9999 -9999 -9999 -9999 -9999 -9999 -9999 -9999 -9999 -9999 -9999 -9999
344924.6 344972.6 16 16 345836.6 34.07118 46.60148 27.37778 16 16 27.02222 43.02222 16 467446.9 41.88445 38.82667 23.46667 17.80148 60.67685 83.15417 16 50.23078 68.52477 103.4498 126.4417 59.24925 29.06074 16 16 16 16 -9999 -9999 16 17.42222 16 37.76527 158.0068 269.7359 60.05957 23.99605 40.61428 36.31846 -9999 -9999 -9999 -9999 -9999 -9999 -9999 -9999 -9999 -9999 -9999 -9999 -9999 -9999 -9999 -9999 -9999 -9999 -9999 -9999 -9999 -9999 -9999 -9999 -9999 -9999 -9999 -9999 -9999 -9999 -9999
32 16 345588.4 345690.5 48 32 16 16 16 19.2 20.97778 16 16 467587.9 80.84743 37.85323 24.53333 16 20.26667 28.1837 35.8163 37.57037 47.76296 16 33.72234 72.5005 55.14272 38.04445 16 32 16 -9999 -9999 -9999 -9999 21.76527 129.2068 32 174.2438 104.3516 16.35556 36.57323 121.883 -9999 -9999 -9999 -9999 -9999 -9999 -9999 -9999 -9999 -9999 -9999 -9999 -9999 -9999 -9999 -9999 -9999 -9999 -9999 -9999 -9999 -9999 -9999 -9999 -9999 -9999 -9999 -9999 -9999 -9999 -9999
16 45.46514 522.3815 54.1121 32 32 16 16 16 28.8 50.56 36.97778 467950.4 213.1146 165.3446 105.3898 32.94025 23.82222 16 16 20.26667 27.73333 25.6 16 16 44.62898 44.04148 29.51111 16 16 64 16 16 -9999 -9999 -9999 -9999 111.6976 48.71111 86.18667 16 73.93185 40.47802 -9999 -9999 -9999 -9999 -9999 -9999 -9999 -9999 -9999 -9999 -9999 -9999 -9999 -9999 -9999 -9999 -9999 -9999 -9999 -9999 -9999 -9999 -9999 -9999 -9999 -9999 -9999 -9999 -9999 -9999 -9999
23.13069 142.5252 284.6214 91.68153 32 16 16 16 32 32 29.44 468362.7 103.0544 182.4817 179.6729 104.4122 63.03763 37.45185 19.91111 16 16 16 37.68889 62.60148 131.2085 45.53071 28.46025 28.44444 16 16 104.5333 23.46667 16 -9999 -9999 -9999 95.69765 32 32 38.89778 47.18617 28.44444 23.46667 -9999 -9999 -9999 -9999 -9999 -9999 -9999 -9999 -9999 -9999 -9999 -9999 -9999 -9999 -9999 -9999 -9999 -9999 -9999 -9999 -9999 -9999 -9999 -9999 -9999 -9999 -9999 -9999 -9999 -9999 -9999
42.64561 157.2742 164.327 69.52454 37.05679 16 16 27.37778 46.60148 50.07118 468506.2 16 205.7202 133.9078 141.0091 219.8766 284.1821 40.55704 28.8 16 16 16 16.71111 23.79852 60.78841 268.2806 48.24617 38.95309 26.66667 66.5126 104.5096 16 20.26667 -9999 -9999 -9999 -9999 16 16 19.91111 19.23951 16 16 -9999 -9999 -9999 -9999 -9999 -9999 -9999 -9999 -9999 -9999 -9999 -9999 -9999 -9999 -9999 -9999 -9999 -9999 -9999 -9999 -9999 -9999 -9999 -9999 -9999 -9999 -9999 -9999 -9999 -9999 -9999
70.51501 119.3374 100.8241 48.85333 22.75556 16 16 36.62222 75.67012 163.1173 468701.3 16 25.95555 36.62222 38.75555 28.8 20.26667 218.1689 61.98518 37.33333 16 16 16 18.48889 24.62815 37.89169 375.4577 150.3511 97.97457 126.8448 38.96731 16 16 -9999 -9999 -9999 -9999 16 16 29.15556 66.44938 16 16 -9999 -9999 -9999 -9999 -9999 -9999 -9999 -9999 -9999 -9999 -9999 -9999 -9999 -9999 -9999 -9999 -9999 -9999 -9999 -9999 -9999 -9999 -9999 -9999 -9999 -9999 -9999 -9999 -9999 -9999 -9999
67.03407 81.15042 60.88849 29.51111 16 16 17.77778 23.11111 28.83951 17.92263 468735.2 23.82222 16 16 16 16 16 16 113.3037 57.24445 32 16 16 29.51111 16 16 31.28889 742.9847 157.5191 31.58692 42.22483 35.55556 27.21185 -9999 -9999 -9999 -9999 -9999 -9999 -9999 -9999 108.7605 16 -9999 -9999 -9999 -9999 -9999 -9999 -9999 -9999 -9999 -9999 -9999 -9999 -9999 -9999 -9999 -9999 -9999 -9999 -9999 -9999 -9999 -9999 -9999 -9999 -9999 -9999 -9999 -9999 -9999 -9999 -9999
51.72148 48.56889 34.84444 16 16 22.4 34.70222 26.66667 16 18.48889 16 468926.3 22.4 16 16 16 16 16 16 17.42222 16 16 45.86666 63.64444 16 16 16 775.6801 40.71883 55.61738 163.4184 116.7008 52.47643 -9999 -9999 -9999 -9999 -9999 -9999 -9999 -9999 -9999 -9999 16 -9999 -9999 -9999 -9999 -9999 -9999 -9999 -9999 -9999 -9999 -9999 -9999 -9999 -9999 -9999 -9999 -9999 -9999 -9999 -9999 -9999 -9999 -9999 -9999 -9999 -9999 -9999 -9999 -9999 -9999
35.2 21.33333 16 16 29.51111 48.55309 68.44664 87.2071 46.54254 29.51111 470054.3 1073.983 603.3279 434.6082 22.75556 55.98499 45.74025 16.35556 16 19.91111 30.93333 29.15556 109.9536 46.49086 33.06667 16 16 33.95161 904.5419 167.9878 20.26667 16 16 -9999 -9999 -9999 -9999 -9999 -9999 -9999 -9999 -9999 -9999 -9999 -9999 -9999 -9999 -9999 -9999 -9999 -9999 -9999 -9999 -9999 -9999 -9999 -9999 -9999 -9999 -9999 -9999 -9999 -9999 -9999 -9999 -9999 -9999 -9999 -9999 -9999 -9999 -9999 -9999 -9999
16 17.42222 36.14025 57.56664 86.88523 128.1713 190.991 311.1385 574.6213 470815.6 16 16 562.8765 585.4897 899.6509 798.9275 340.1055 341.0252 715.3066 681.5526 616.7466 33.49333 268.8142 135.6287 85.54667 47.64444 16 25.24444 39.25333 1141.816 37.68889 16 -9999 -9999 -9999 -9999 -9999 -9999 -9999 -9999 -9999 -9999 -9999 -9999 -9999 -9999 -9999 -9999 -9999 -9999 -9999 -9999 -9999 -9999 -9999 -9999 -9999 -9999 -9999 -9999 -9999 -9999 -9999 -9999 -9999 -9999 -9999 -9999 -9999 -9999 -9999 -9999 -9999 -9999
16 30.57778 48.83753 69.61954 93.64042 122.9744 162.4631 175.8766 94.56955 77.15556 471007.3 23.74836 49.81091 138.3174 172.0088 184.7473 584.1251 489.4578 16 16 16 530.4178 190.1369 157.4298 70.96889 32.35556 16 16 20.62222 40.53333 1244.927 -9999 -9999 -9999 -9999 -9999 -9999 -9999 -9999 -9999 -9999 -9999 -9999 -9999 -9999 -9999 -9999 -9999 -9999 -9999 -9999 -9999 -9999 -9999 -9999 -9999 -9999 -9999 -9999 -9999 -9999 -9999 -9999 -9999 -9999 -9999 -9999 -9999 -9999 -9999 -9999 -9999 -9999 -9999
16 16 27.02222 42.41383 55.49213 72.36236 69.61929 64 64 82.63017 72.5485 471190.8 29.08078 45.27963 39.92677 30.76298 24.60497 64.53728 64.35555 48.35556 27.63062 55.46667 16 31.81827 32.35556 29.44 28.8 16 16 16 24.88889 -9999 -9999 -9999 -9999 -9999 -9999 -9999 -9999 -9999 -9999 -9999 -9999 -9999 -9999 -9999 -9999 -9999 -9999 -9999 -9999 -9999 -9999 -9999 -9999 -9999 -9999 -9999 -9999 -9999 -9999 -9999 -9999 -9999 -9999 -9999 -9999 -9999 -9999 -9999 -9999 -9999 -9999 -9999
18.48889 16 16 22.4 37.04889 37.53876 48 48 64 59.17867 57.73745 471319.1 71.44518 37.36018 53.56524 46.09354 35.05075 42.8642 71.11111 31.64444 16.35556 16 23.46667 34.7582 22.81402 43.80444 26.66667 16 16 16 23.11111 -9999 -9999 -9999 -9999 -9999 -9999 -9999 -9999 -9999 -9999 -9999 -9999 -9999 -9999 -9999 -9999 -9999 -9999 -9999 -9999 -9999 -9999 -9999 -9999 -9999 -9999 -9999 -9999 -9999 -9999 -9999 -9999 -9999 -9999 -9999 -9999 -9999 -9999 -9999 -9999 -9999 -9999 -9999
35.78469 19.2 16 16 17.42222 32 32 48 43.17867 41.73745 54.53986 139.7078 471652 58.85219 31.36451 30.79921 58.9915 50.76543 35.55556 32 16 16 26.31111 154.4446 79.18301 30.22222 24.53333 32 16 16 16 -9999 -9999 -9999 -9999 -9999 -9999 -9999 -9999 -9999 -9999 -9999 -9999 -9999 -9999 -9999 -9999 -9999 -9999 -9999 -9999 -9999 -9999 -9999 -9999 -9999 -9999 -9999 -9999 -9999 -9999 -9999 -9999 -9999 -9999 -9999 -9999 -9999 -9999 -9999 -9999 -9999 -9999 -9999
43.46259 33.28 16 16 16 16 32 31.36 44.54558 86.71468 132.544 91.68071 77.15556 471903.6 64.22394 74.99149 47.58738 16.79012 20.97778 16 16 16 30.22222 214.716 20.02963 24.17778 39.46667 49.42222 37.33333 18.13333 16 16 -9999 -9999 -9999 -9999 -9999 -9999 -9999 -9999 -9999 -9999 -9999 -9999 -9999 -9999 -9999 -9999 -9999 -9999 -9999 -9999 -9999 -9999 -9999 -9999 -9999 -9999 -9999 -9999 -9999 -9999 -9999 -9999 -9999 -9999 -9999 -9999 -9999 -9999 -9999 -9999 -9999 -9999
54.10918 32 32 16 16 16 25.6 42.16889 66.73698 68.36921 64 64 85.666 137.819 472200.3 106.3397 43.3651 36.97778 16 16 16 16 26.31111 34.12543 272.4082 41.89498 67.31062 108.4307 47.62074 38.89778 32.35556 16 16 16 -9999 -9999 -9999 -9999 -9999 -9999 -9999 -9999 -9999 -9999 -9999 -9999 -9999 -9999 -9999 -9999 -9999 -9999 -9999 -9999 -9999 -9999 -9999 -9999 -9999 -9999 -9999 -9999 -9999 -9999 -9999 -9999 -9999 -9999 -9999 -9999 -9999 -9999 -9999 -9999
48 48 32 32 16 16 22.4 37.04889 37.53876 48 48 64 127.485 56.9077 59.02938 472456.7 102.7274 53.30173 33.42222 31.28889 16.71111 16 21.68889 16 16 304.4082 478.9923 151.4265 91.40222 87.84119 26.66667 22.75556 46.57778 16 16 -9999 -9999 -9999 -9999 -9999 -9999 -9999 -9999 -9999 -9999 -9999 -9999 -9999 -9999 -9999 -9999 -9999 -9999 -9999 -9999 -9999 -9999 -9999 -9999 -9999 -9999 -9999 -9999 -9999 -9999 -9999 -9999 -9999 -9999 -9999 -9999 -9999 -9999 -9999
64 48 48 32 16 16 16 17.42222 32 32 48 64.73338 87.65936 43.02938 60.57789 80 472755.5 58.404 39.6405 37.76 28.19951 33.96741 42.12148 16 16 16 16.35556 712.8264 49.18445 21.33333 38.75555 22.21037 60.63408 28.08889 16 16 -9999 -9999 -9999 -9999 -9999 -9999 -9999 -9999 -9999 -9999 -9999 -9999 -9999 -9999 -9999 -9999 -9999 -9999 -9999 -9999 -9999 -9999 -9999 -9999 -9999 -9999 -9999 -9999 -9999 -9999 -9999 -9999 -9999 -9999 -9999 -9999 -9999 -9999
64 64 48 32 32 17.42222 16 16 16 32 35.32344 67.0497 45.04898 44.57789 64 80 80 473010.2 49.56445 42.12851 56.23396 58.12148 32 32 16 16 16 21.34914 792.2331 28.27852 58.4723 60.31697 56.87888 56.67556 16 16 -9999 -9999 -9999 -9999 -9999 -9999 -9999 -9999 -9999 -9999 -9999 -9999 -9999 -9999 -9999 -9999 -9999 -9999 -9999 -9999 -9999 -9999 -9999 -9999 -9999 -9999 -9999 -9999 -9999 -9999 -9999 -9999 -9999 -9999 -9999 -9999 -9999 -9999
80 64 48 48 38.20247 43.02222 16 16 16 16 37.38864 42.46124 32.15012 48 64 64 80 77.05284 473215.8 141.309 80.52148 48 48 30.57778 33.42222 16 16 27.37778 830.2106 67.03902 84.5928 54.18332 79.1355 88.70242 38.75555 20.26667 16 -9999 -9999 -9999 -9999 -9999 -9999 -9999 -9999 -9999 -9999 -9999 -9999 -9999 -9999 -9999 -9999 -9999 -9999 -9999 -9999 -9999 -9999 -9999 -9999 -9999 -9999 -9999 -9999 -9999 -9999 -9999 -9999 -9999 -9999 -9999 -9999 -9999
83.55556 64 64 69.24993 67.71358 19.55556 32 16 16 16 22.04445 25.95555 32 48 48 64 61.05284 45.25933 42.62682 473467.6 93.15556 64 45.21877 45.58222 32.57679 20.62222 27.37778 35.22371 896.2308 162.5031 49.83386 63.51337 221.8692 111.3935 49.67506 31.28889 16 16 -9999 -9999 -9999 -9999 -9999 -9999 -9999 -9999 -9999 -9999 -9999 -9999 -9999 -9999 -9999 -9999 -9999 -9999 -9999 -9999 -9999 -9999 -9999 -9999 -9999 -9999 -9999 -9999 -9999 -9999 -9999 -9999 -9999 -9999 -9999 -9999
77.15556 91.45266 129.1232 78.97196 22.08395 48 32 32 16 16 16 16 32 32 48 45.05284 29.25933 26.62683 16 16 473666.3 45.14098 73.60825 43.21747 42.36712 31.22568 47.47325 931.7996 178.5031 33.71871 54.10802 16 333.9914 89.91816 67.29482 44.08889 32 16 16 22.75556 16 16 -9999 -9999 -9999 -9999 -9999 -9999 -9999 -9999 -9999 -9999 -9999 -9999 -9999 -9999 -9999 -9999 -9999 -9999 -9999 -9999 -9999 -9999 -9999 -9999 -9999 -9999 -9999 -9999 -9999 -9999 -9999 -9999
304382.9 187.6137 51.09865 27.77811 64 48 48 32 33.28 28.8 16 16 16 32 29.05284 21.30963 36.78516 69.92221 155.3728 350.2818 474132.3 76.52234 61.73911 56.692 40.72966 60.05447 638.6472 478.2088 84.58135 82.8462 32 349.9914 41.97636 16 52.44049 52.26667 29.86667 34.13334 38.75555 25.24444 16 16 -9999 -9999 -9999 -9999 -9999 -9999 -9999 -9999 -9999 -9999 -9999 -9999 -9999 -9999 -9999 -9999 -9999 -9999 -9999 -9999 -9999 -9999 -9999 -9999 -9999 -9999 -9999 -9999 -9999 -9999 -9999 -9999
304087.8 16 43.77811 80 64 64 48 55.77481 58.45333 19.2 16 16 16 20.97778 34.13334 63.67429 104.1145 156.2637 191.6883 99.67516 164.2627 474523.4 474635.1 79.40646 44.02542 317.6801 863.205 100.5814 95.16415 43.85983 373.8136 21.59685 64.11284 72.70716 35.74519 25.95555 41.78963 67.36241 38.47901 39.83012 33.06667 16 16 -9999 -9999 -9999 -9999 -9999 -9999 -9999 -9999 -9999 -9999 -9999 -9999 -9999 -9999 -9999 -9999 -9999 -9999 -9999 -9999 -9999 -9999 -9999 -9999 -9999 -9999 -9999 -9999 -9999 -9999 -9999
750.9166 302894.2 92.44444 83.55556 80 64 89.97926 81.92 20.26667 32 32 16 16 27.02222 42.41383 64.34151 82.17393 88.87508 64 155.1586 62.77839 71.55049 155.39 474966.8 285.3752 841.7661 218.2645 122.4602 39.55734 171.3288 267.9405 63.60143 54.37987 93.28391 58.35325 61.25037 66.89605 64.95975 55.83012 44.65778 28.08889 35.91111 16 16 16 -9999 -9999 -9999 -9999 -9999 -9999 -9999 -9999 -9999 -9999 -9999 -9999 -9999 -9999 -9999 -9999 -9999 -9999 -9999 -9999 -9999 -9999 -9999 -9999 -9999 -9999 -9999 -9999 -9999
193.2696 77.04493 302561.8 92.44444 93.95879 156.0485 90.12464 22.30519 48 48 32 16 16 16 34.84444 43.88346 54.61421 48 85.69762 100.2394 49.06723 145.8732 66.13863 66.12275 475501 476455.8 259.7183 44.12967 153.0688 299.857 92.41222 87.34025 42.94868 87.52218 179.3288 101.9517 57.86295 83.7609 81.22785 38.47111 46.35654 39.61679 35.55556 16 16 16 -9999 -9999 -9999 -9999 -9999 -9999 -9999 -9999 -9999 -9999 -9999 -9999 -9999 -9999 -9999 -9999 -9999 -9999 -9999 -9999 -9999 -9999 -9999 -9999 -9999 -9999 -9999 -9999
85.84443 242.8825 279.3196 301847.6 217.7007 56.0554 27.8961 64 64 48 32 33.42222 16 16 19.55556 33.73827 32 54.14898 77.74324 55.11206 72.57196 107.4399 50.12275 65.35 101.4262 186.174 477042.9 477256.1 189.2507 222.6969 111.7801 41.83334 197.0604 209.492 49.98391 32.71597 109.2649 144.7461 62.63161 69.77212 55.61679 34.96296 59.43309 36.62222 32 16 16 -9999 -9999 -9999 -9999 -9999 -9999 -9999 -9999 -9999 -9999 -9999 -9999 -9999 -9999 -9999 -9999 -9999 -9999 -9999 -9999 -9999 -9999 -9999 -9999 -9999 -9999 -9999
114.7538 408.5994 42.27481 301520 16 43.8961 80 80 64 48 54.20247 43.02222 16 16 16 16 33.28 43.82077 56.97861 44.32399 85.86426 56.87125 49.35 77.51111 178.0891 63.92249 61.31949 56.52134 477733.5 157.3963 220.6439 338.5386 225.8607 74.85477 21.08915 129.1722 303.6372 81.4895 71.8177 64.20122 50.96296 75.43309 37.15951 35.2 42.31111 34.48889 16 16 16 16 -9999 -9999 -9999 -9999 -9999 -9999 -9999 -9999 -9999 -9999 -9999 -9999 -9999 -9999 -9999 -9999 -9999 -9999 -9999 -9999 -9999 -9999 -9999 -9999
417.1232 29.55917 124.4733 58.36857 301262.8 90.66666 101.3333 80 64 85.24993 67.71358 19.55556 32 16 16 16 19.2 37.1279 36.40099 51.07042 61.17083 37.51875 61.51111 107.3205 102.691 41.36619 44.47465 42.41111 16 478143.6 250.3943 116.3826 16 16 1155.127 1058.753 255.0103 65.47441 48.81396 92.56036 131.3578 58.18838 41.03111 52.4958 55.74321 48.50568 32.35556 33.77778 16 16 -9999 -9999 -9999 -9999 -9999 -9999 -9999 -9999 -9999 -9999 -9999 -9999 -9999 -9999 -9999 -9999 -9999 -9999 -9999 -9999 -9999 -9999 -9999 -9999
286.1252 122.0325 42.36857 36.40889 56.88889 301019 90.66666 94.89122 143.3683 78.97196 22.08395 48 32 34.62321 29.51111 16 16 22.04445 30.08 43.78074 34.5837 45.51111 73.87549 87.22531 42.27698 28.47465 26.41111 16 16.71111 16 478702.9 215.3997 266.2253 1171.127 16 19.55556 489.2869 589.6423 221.9803 190.5703 64.80992 48.82489 76.70203 50.68467 89.36105 42.71425 51.02617 28.08889 40.53333 16 16 -9999 -9999 -9999 -9999 -9999 -9999 -9999 -9999 -9999 -9999 -9999 -9999 -9999 -9999 -9999 -9999 -9999 -9999 -9999 -9999 -9999 -9999 -9999
132.1882 91.27583 22.4 40.88889 85.888 28.2349 300696.8 202.664 52.85358 27.77811 64 48 56.98634 57.26815 18.48889 17.06667 16 16 20.62222 29.86667 29.51111 51.16208 60.42074 43.79496 20.04854 36.03846 72.63128 173.4376 429.0054 479312.9 16 1051.727 952.9013 32 35.55556 16 16 38.77926 312.0325 154.0735 78.1676 53.49877 101.3826 101.9231 62.86063 64.75835 42.84049 56.53333 36.22716 39.82222 16 16 -9999 -9999 -9999 -9999 -9999 -9999 -9999 -9999 -9999 -9999 -9999 -9999 -9999 -9999 -9999 -9999 -9999 -9999 -9999 -9999 -9999 -9999
