04_184A004/flow_acc.asc
ncols 172
nrows 237
xllcorner 610032
yllcorner 6876144
cellsize 16
nodata_value -9999
[rows 33 to 65 of 237, columns 74 to 147 of 172]
7970.979 54.91112 52.25496 114.6814 53.05133 84.68989 60.91279 60.9885 58.55074 57.27394 53.44395 48.71111 38.68444 36.16395 36.44049 18.13333 25.24444 22.75556 16 16 874.1779 70.41245 152.7568 157.0524 79.77992 61.96251 39.56073 16 16 30.00412 96.75766 137.0779 93.33471 84.11761 215.3065 169.6207 582.1293 27.73333 28.08889 47.47062 50.97876 51.90058 17.11671 31.13186 39.52185 -9999 -9999 -9999 -9999 -9999 -9999 -9999 -9999 -9999 -9999 -9999 -9999 -9999 -9999 -9999 -9999 -9999 -9999 -9999 -9999 -9999 -9999 -9999 -9999 -9999 -9999 -9999 -9999 -9999
8059.367 98.30523 200.6453 177.2224 150.7633 134.1709 81.98046 59.05693 74.53526 74.8571 68.07072 54.68444 42.52023 46.69823 41.46006 40.3279 42.16889 37.56247 16 16 35.2 916.7782 148.0717 285.4177 77.68534 45.69234 29.86667 27.73333 20.26667 16 28.00165 46.2688 122.0489 204.2616 352.5195 485.282 618.2086 42.50074 37.84691 110.4956 26.19575 27.53346 56.36712 68.90442 68.01508 56.80905 -9999 -9999 -9999 -9999 -9999 -9999 -9999 -9999 -9999 -9999 -9999 -9999 -9999 -9999 -9999 -9999 -9999 -9999 -9999 -9999 -9999 -9999 -9999 -9999 -9999 -9999 -9999 -9999
8470.067 313.8719 288.9858 234.5213 181.668 144.5952 148.8881 134.93 91.83624 72.65738 61.88651 48.1264 47.1486 70.50484 62.95336 64.44212 53.56247 29.51111 18.48889 16 16 51.2 1021.621 407.2576 76.52031 42.54815 38.18667 31.00444 26.80889 29.51111 18.48889 30.93421 37.96821 71.80907 119.5831 164.8416 721.0895 474.5637 36.18502 139.3024 30.61265 42.30975 16 33.53643 65.09274 108.2988 181.1078 191.1359 -9999 -9999 -9999 -9999 -9999 -9999 -9999 -9999 -9999 -9999 -9999 -9999 -9999 -9999 -9999 -9999 -9999 -9999 -9999 -9999 -9999 -9999 -9999 -9999 -9999 -9999
172.1965 226.7369 83.64868 139.7955 185.6933 155.2909 130.8933 120.4528 114.546 87.2876 66.19735 63.1486 66.13677 74.14008 89.87094 85.31499 45.51111 29.55852 25.19704 27.73333 23.82222 33.28 512.1516 846.0222 254.3423 79.71555 38.0476 37.46766 41.44672 34.36247 27.5042 22.98469 35.24796 25.28112 16 167.7327 893.7176 480.7296 152.3694 43.86049 35.72815 69.19425 21.33333 26.66667 29.0912 16 22.04445 42.17467 38.49316 -9999 -9999 -9999 -9999 -9999 -9999 -9999 -9999 -9999 -9999 -9999 -9999 -9999 -9999 -9999 -9999 -9999 -9999 -9999 -9999 -9999 -9999 -9999 -9999 -9999
86.54036 148.5822 159.3043 77.89775 40.15636 91.73032 109.8507 86.39181 54.79449 96.18551 74.9387 79.19736 81.54659 109.4153 82.76108 84.00812 49.60395 41.19704 25.24444 34.48889 32.94025 50.98508 476.4228 129.3072 1031.703 144.2679 67.06013 45.95214 45.40264 42.11832 38.00336 29.79082 31.46018 54.5323 31.73047 62.7021 1492.585 48.04864 182.9895 45.24032 120.9224 16 16 39.46667 38.51852 45.0912 25.95555 19.91901 35.03372 40.91287 -9999 -9999 -9999 -9999 -9999 -9999 -9999 -9999 -9999 -9999 -9999 -9999 -9999 -9999 -9999 -9999 -9999 -9999 -9999 -9999 -9999 -9999 -9999 -9999
184.3224 102.5962 107.302 56.15636 105.6919 113.2424 62.07563 51.312 95.08586 127.5847 121.2326 82.8928 104.0143 118.0261 118.344 62.72379 55.57149 46.11793 38.52642 31.3284 42.3522 105.3347 500.8902 105.0783 61.85345 1149.098 106.6298 72.73307 37.17506 45.01484 54.00336 45.79081 34.17699 58.36708 55.55084 82.39634 1544.941 41.62594 215.075 45.15487 145.4557 23.46667 16 29.86667 60.11259 69.88152 89.90868 30.41975 23.64524 29.66169 45.66169 62.59274 -9999 -9999 -9999 -9999 -9999 -9999 -9999 -9999 -9999 -9999 -9999 -9999 -9999 -9999 -9999 -9999 -9999 -9999 -9999 -9999 -9999 -9999
181.8142 103.1804 82.63125 91.15866 147.1931 90.65812 55.90934 97.1323 193.3998 100.0592 105.1025 140.7179 111.6719 126.3555 108.0991 73.31983 58.27974 61.67503 45.76694 55.12881 98.9409 554.3425 121.0783 16 16 336.764 1032.535 94.04909 49.70207 43.00891 60.40276 70.37384 51.19456 54.91138 74.95851 94.30303 1512.418 118.8898 242.4889 137.9498 87.42625 32.68741 20.62222 27.37778 41.22074 66.76174 110.539 57.95739 39.65981 29.50886 20.59027 30.18441 121.9711 -9999 -9999 -9999 -9999 -9999 -9999 -9999 -9999 -9999 -9999 -9999 -9999 -9999 -9999 -9999 -9999 -9999 -9999 -9999 -9999 -9999
101.6046 127.9629 83.16995 144.8308 137.3306 80.23521 130.8527 172.8783 168.1594 154.9602 143.6141 137.3682 157.3391 100.077 97.04855 69.85135 70.9856 69.85425 76.97669 119.6221 554.4998 161.7157 26.31111 21.68889 16 28.44444 1018.176 478.2772 74.15511 49.45137 65.66449 95.54824 116.3483 23.32152 44.31766 140.1789 1444.356 235.7177 220.7684 228.5837 90.48371 24.71664 18.29136 47.71556 49.22943 95.84457 135.4406 16 73.95738 73.49996 98.08523 120.4911 273.7707 -9999 -9999 -9999 -9999 -9999 -9999 -9999 -9999 -9999 -9999 -9999 -9999 -9999 -9999 -9999 -9999 -9999 -9999 -9999 -9999 -9999
213.8721 84.66933 131.9921 125.6461 144.7565 128.3887 187.435 255.1029 154.4326 160.1368 181.4777 157.5915 98.28557 91.4822 70.16364 87.95812 100.4033 83.91845 121.2222 607.8287 218.2875 40.55704 28.83951 26.60346 28.8 35.00247 1046.818 398.6218 162.7401 88.52185 52.48027 197.6138 96.19714 18.59128 20.92418 130.1555 1236.901 503.9216 258.7177 275.3875 110.171 20.94333 20.47122 57.38913 87.50588 175.9301 85.22517 20.97778 27.02222 68.59192 32.33332 44.74073 50.79835 -9999 -9999 -9999 -9999 -9999 -9999 -9999 -9999 -9999 -9999 -9999 -9999 -9999 -9999 -9999 -9999 -9999 -9999 -9999 -9999 -9999
55.51236 157.9512 178.1963 116.3899 114.2095 190.6031 290.1992 294.3729 210.2441 191.9728 148.4624 88.07608 93.25164 84.80228 86.32142 107.2394 123.6624 193.6549 687.9848 287.6165 77.93363 51.09886 40.2387 18.36475 32 49.80148 1183.118 308.3226 73.86314 160.22 100.1657 280.2747 68.81367 28.80733 29.01949 139.5985 937.5226 614.5986 394.8955 375.7746 167.474 26.23896 23.73357 75.92426 262.2716 128.5921 16 23.92494 44.66568 91.4285 20.57279 19.59259 16 -9999 -9999 -9999 -9999 -9999 -9999 -9999 -9999 -9999 -9999 -9999 -9999 -9999 -9999 -9999 -9999 -9999 -9999 -9999 -9999 -9999
36807.32 37254.86 114.2848 130.2095 58.35624 260.9799 503.8282 462.5511 230.3636 145.968 78.4117 78.16776 97.96525 105.5503 137.2498 150.848 202.2407 722.4464 231.3758 54.24239 58.98088 58.37428 29.05938 21.30537 43.02222 47.53857 1222.358 125.6258 242.6007 165.2122 108.5816 370.0011 82.68031 37.76553 39.86047 132.8378 981.4424 234.5239 640.2365 424.8995 319.9982 39.32352 29.18532 131.6138 377.7224 31.28889 16.71111 37.26661 54.39087 104.1712 45.56305 38.7928 29.51111 -9999 -9999 -9999 -9999 -9999 -9999 -9999 -9999 -9999 -9999 -9999 -9999 -9999 -9999 -9999 -9999 -9999 -9999 -9999 -9999 -9999
141.2141 16 37609.6 53.60736 415.24 139.158 1011.952 392.6056 265.5614 181.443 128.5685 81.31017 131.3987 220.8343 235.2496 204.758 735.8747 221.4696 70.92174 74.10745 60.76966 36.66445 21.68143 138.1847 91.264 16 178.9811 1134.003 190.823 224.2058 136.7396 500.537 69.64548 47.8909 39.03049 97.77292 869.0488 394.696 523.3957 540.8768 342.7563 129.176 44.3661 278.7097 292.1507 35.57926 30.85085 73.92654 38.96503 99.33694 111.7074 25.48269 25.18123 -9999 -9999 -9999 -9999 -9999 -9999 -9999 -9999 -9999 -9999 -9999 -9999 -9999 -9999 -9999 -9999 -9999 -9999 -9999 -9999 -9999
46.83796 78.24393 37.90329 38184.13 37.6468 1786.829 803.8531 646.9073 655.5845 639.5845 606.4421 545.2698 426.2905 328.144 377.9996 743.2247 319.281 141.951 105.5588 71.41559 61.07612 87.53051 160.2292 16 16 40.53333 119.683 740.3092 786.1813 56.39011 252.6066 690.9564 71.91113 62.70951 49.82643 33.38185 328.1374 951.5172 496.3047 648.371 345.8998 142.9578 216.4221 364.1125 167.983 47.26599 56.95372 84.51186 114.1289 68.41331 113.3401 31.16903 31.10874 -9999 -9999 -9999 -9999 -9999 -9999 -9999 -9999 -9999 -9999 -9999 -9999 -9999 -9999 -9999 -9999 -9999 -9999 -9999 -9999 -9999
75.70208 39.42593 54.19226 38.891 40164.9 16 16 36.62661 25.08642 17.77778 16 275.9601 336.1075 259.5998 576.5042 348.137 164.8826 143.8188 139.81 142.8726 141.1822 130.5593 31.3442 22.04445 16 16 24.17778 87.5137 1001.059 870.2192 47.32784 791.8185 210.7478 63.38052 65.65386 52.27249 189.0337 648.9009 833.2008 743.3565 440.6626 125.3455 322.2693 477.1494 65.70696 60.00388 80.8333 114.2367 130.0862 99.25251 84.13026 56.81783 22.22175 -9999 -9999 -9999 -9999 -9999 -9999 -9999 -9999 -9999 -9999 -9999 -9999 -9999 -9999 -9999 -9999 -9999 -9999 -9999 -9999 -9999
55.48247 38.75555 54.21827 101.4003 62.91205 40349.51 52.62661 16 24.69136 30.22222 291.9601 120.5668 79.45772 297.8465 668.6546 162.853 128.9687 128.1711 129.3706 140.2641 131.3528 66.74857 50.5363 25.95555 16 16 25.6 22.22617 33.78094 850.6282 1736.847 1646.361 1029.595 108.3614 82.30453 69.24812 162.9314 410.6717 777.6142 487.4222 941.1589 298.1124 485.0073 406.7939 86.15889 59.40834 83.32413 172.8213 136.7936 102.2507 121.4264 24.8887 29.33305 -9999 -9999 -9999 -9999 -9999 -9999 -9999 -9999 -9999 -9999 -9999 -9999 -9999 -9999 -9999 -9999 -9999 -9999 -9999 -9999 -9999
32 32.35556 77.49679 131.9402 132.6604 91.3724 40547.59 41.27956 47.25377 129.6541 267.3249 123.4092 164.7119 856.7437 153.5203 93.38122 127.0816 110.8718 106.3924 95.3438 71.66241 60.96119 36.83556 30.22222 17.77778 16 30.22222 45.98518 29.64227 24.56332 20.36681 371.9688 1521.984 1577.004 256.6263 99.41362 98.09989 363.4535 739.5684 396.1669 723.5616 1015.082 700.4373 332.614 93.50459 92.12399 108.6512 195.8518 132.8967 198.7769 18.21233 42.58744 51.78878 63.85007 -9999 -9999 -9999 -9999 -9999 -9999 -9999 -9999 -9999 -9999 -9999 -9999 -9999 -9999 -9999 -9999 -9999 -9999 -9999 -9999
32 65.21503 78.60522 43.13499 32.11085 48.70216 49.31702 40703.06 57.95112 205.7722 260.4905 166.9222 606.9117 465.3389 217.9388 92.24895 96.39843 175.327 139.7151 81.29243 63.65367 43.75019 33.46173 33.77778 16 21.33333 26.66667 44.44444 54.76346 55.33344 43.5743 35.51403 276.1912 1116.582 2357.72 246.5782 16 37.79998 295.6493 808.1282 887.8664 1287.883 1023.317 288.0871 238.0063 179.5074 224.8775 77.86321 206.1696 114.0585 24.49909 66.64348 72.50276 -9999 -9999 -9999 -9999 -9999 -9999 -9999 -9999 -9999 -9999 -9999 -9999 -9999 -9999 -9999 -9999 -9999 -9999 -9999 -9999 -9999
24.88889 35.51605 46.96441 24.16627 27.32709 40.40176 54.30933 49.79247 41097.14 262.4813 191.2393 421.9584 697.1298 219.4095 61.09948 35.27969 100.9111 254.9447 180.3547 115.1826 69.44038 58.23737 49.77778 32 16 23.58519 29.74815 34.37037 58.46914 61.60417 74.90749 65.14465 47.56803 234.8059 570.8209 2797.887 20.97778 27.02222 48.75998 259.0894 872.21 1970.035 1802.35 815.2068 398.2001 190.9047 76.56028 120.3523 152.8627 117.7603 52.82644 68.09422 -9999 -9999 -9999 -9999 -9999 -9999 -9999 -9999 -9999 -9999 -9999 -9999 -9999 -9999 -9999 -9999 -9999 -9999 -9999 -9999 -9999 -9999
23.11111 31.66815 16.70374 24.53747 37.2658 39.18761 45.60842 61.60842 41694.88 177.491 308.3003 438.7666 591.1669 132.0297 44.56998 52.51914 223.4924 443.4851 176.1365 93.80149 67.60437 63.89729 50.84444 32 36.44049 19.14469 16 53.38601 42.73251 65.37394 75.36884 128.5442 53.63913 35.02721 77.51967 469.5253 2988.11 19.26321 43.02222 139.608 3042.486 1822.261 16 16 16 29.61072 132.4395 110.038 196.6419 109.3274 56.46296 -9999 -9999 -9999 -9999 -9999 -9999 -9999 -9999 -9999 -9999 -9999 -9999 -9999 -9999 -9999 -9999 -9999 -9999 -9999 -9999 -9999 -9999 -9999
135.8222 152.9047 175.6049 194.1066 257.2346 273.2346 311.7555 331.3641 25.94421 42423.25 288.2163 545.7971 318.2838 132.5187 66.01438 206.1413 564.3646 88.37125 109.6304 100.2266 93.13733 73.17985 71.20824 58.61856 30.89032 20.25438 25.24444 50.04174 43.99905 56.83329 72.65741 107.9123 137.9281 36.26367 41.68662 33.22659 337.8773 3057.294 27.12985 195.5278 4885.099 28.08889 19.2 16 16 19.29008 145.3291 203.537 252.0358 69.2338 49.63004 -9999 -9999 -9999 -9999 -9999 -9999 -9999 -9999 -9999 -9999 -9999 -9999 -9999 -9999 -9999 -9999 -9999 -9999 -9999 -9999 -9999 -9999 -9999
16 18.84444 28.1442 96.39805 150.8584 168.9072 162.3862 223.7448 248.589 62.58061 43525.87 122.0946 301.8107 102.7699 177.8264 662.8211 69.02275 131.9282 55.53259 75.11446 78.25189 75.45773 58.51775 40.71225 34.00389 22.73839 36.75654 48.24912 36.72589 74.74725 85.82939 108.3389 144.0498 95.51942 41.10215 56.76025 40.36617 308.827 3087.763 3698.036 1454.091 35.2 28.8 16 16 41.85938 54.49653 618.0351 247.6569 22.61734 59.0127 -9999 -9999 -9999 -9999 -9999 -9999 -9999 -9999 -9999 -9999 -9999 -9999 -9999 -9999 -9999 -9999 -9999 -9999 -9999 -9999 -9999 -9999 -9999
16.35556 31.9921 112 91.70173 30.73141 55.32595 110.1761 140.9135 190.5571 190.0244 113.3565 44168.68 36.55399 200.9601 415.1281 396.1889 146.2199 113.0576 97.78968 93.87475 76.36618 64.11459 46.76037 41.69183 34.41801 34.35012 55.61648 63.83281 44.56458 62.5094 105.2721 117.8362 136.9289 110.7492 81.23619 60.92969 62.47363 52.77806 1010.997 7569.721 51.2 32.64 36.33778 31.28889 24.53333 29.02292 1069.043 78.50153 16 116.6503 -9999 -9999 -9999 -9999 -9999 -9999 -9999 -9999 -9999 -9999 -9999 -9999 -9999 -9999 -9999 -9999 -9999 -9999 -9999 -9999 -9999 -9999 -9999 -9999
47.64444 64.0079 25.95555 35.25531 47.89482 67.24062 63.7046 94.37759 112.6797 146.0348 89.55562 54.56709 44573.82 274.3019 260.8682 376.1362 183.0899 179.9039 128.2887 86.00912 57.31829 67.89164 55.90067 48.45855 46.57568 54.78523 93.48401 85.96375 18.97097 49.33834 103.6555 117.7778 124.4889 166.3522 105.5932 89.11382 63.80148 72.36961 58.22245 8651.955 17.13778 43.56267 81.0556 48.18173 1195.765 1143.631 44.45673 273.1737 148.6503 -9999 -9999 -9999 -9999 -9999 -9999 -9999 -9999 -9999 -9999 -9999 -9999 -9999 -9999 -9999 -9999 -9999 -9999 -9999 -9999 -9999 -9999 -9999 -9999 -9999
16 16 22.04445 26.28741 37.02993 48.28529 78.37759 54.73413 66.66043 69.96758 86.77596 97.05601 59.59192 45247.93 191.5302 277.636 297.4965 227.0128 119.2128 82.42884 50.70017 64.09831 78.53095 55.3416 63.54745 92.70947 110.4636 76.62894 73.34831 94.31752 41.33802 16 133.7778 192.2429 184.568 109.2098 90.46577 65.72878 75.5039 8721.002 24.37847 57.67332 399.8034 1219.587 16 16 33.69876 49.73827 50.25185 -9999 -9999 -9999 -9999 -9999 -9999 -9999 -9999 -9999 -9999 -9999 -9999 -9999 -9999 -9999 -9999 -9999 -9999 -9999 -9999 -9999 -9999 -9999 -9999 -9999
31.64444 16 16 16 32 53.68889 60.10469 50.66043 34.71012 33.02453 67.18733 72.6532 63.34277 65.91451 45871.79 141.6096 463.5054 292.7749 218.4931 70.37107 21.69763 77.89095 113.1773 90.15776 121.0031 131.8552 49.85821 91.3896 97.27001 93.97753 38.04694 30.93333 46.79507 132.8656 244.6449 185.3263 135.4611 75.38382 90.39526 2976.692 5846.253 63.85667 1409.416 34.13334 16 16 24.88889 29.86667 30.93333 -9999 -9999 -9999 -9999 -9999 -9999 -9999 -9999 -9999 -9999 -9999 -9999 -9999 -9999 -9999 -9999 -9999 -9999 -9999 -9999 -9999 -9999 -9999 -9999 -9999
50.96296 26.66667 23.46667 16 16 17.06667 16 22.75556 25.53679 54.81069 35.86019 48.39217 74.87176 72.78771 21.77889 46766.61 251.9178 57.45487 58.29592 135.9512 119.9512 81.44933 135.1452 125.0862 169.4393 111.4854 63.26764 87.6035 119.2425 95.35881 53.20146 47.77882 59.6754 119.507 124.59 229.8351 204.1882 116.6987 122.1755 1517.474 5305.006 2140.077 1458.275 68.78815 32 16 16 16 16 -9999 -9999 -9999 -9999 -9999 -9999 -9999 -9999 -9999 -9999 -9999 -9999 -9999 -9999 -9999 -9999 -9999 -9999 -9999 -9999 -9999 -9999 -9999 -9999 -9999
58.32428 48.30815 24.3437 32 16 16 16 25.24444 31.70765 17.40923 27.35562 49.77879 49.3921 52.00998 90.25781 46950.42 26.2142 41.72993 16 16 16 16 16 212.2984 301.3987 103.5778 51.14869 86.0828 159.1205 107.3661 71.08395 63.51017 71.69704 58.49138 140.083 149.7046 239.5659 216.9551 156.6095 775.7396 4479.879 3616.294 1670.619 119.6099 39.46667 16 16 16 16 -9999 -9999 -9999 -9999 -9999 -9999 -9999 -9999 -9999 -9999 -9999 -9999 -9999 -9999 -9999 -9999 -9999 -9999 -9999 -9999 -9999 -9999 -9999 -9999 -9999
251.7371 75.76968 16 44.44444 48.71111 18.84444 16 16 16 16 29.15556 19.88741 37.73524 60.05727 77.55482 17.54068 47069.2 23.11111 27.37778 32 36.62222 16 16 103.3817 477.4591 105.7675 53.50904 129.8665 165.7483 123.3332 82.34502 100.2226 66.98456 31.5977 121.1528 120.438 165.7089 301.2658 244.1618 451.0963 4113.184 4428.717 1686.619 139.1181 24.53333 32 32 16 16 -9999 -9999 -9999 -9999 -9999 -9999 -9999 -9999 -9999 -9999 -9999 -9999 -9999 -9999 -9999 -9999 -9999 -9999 -9999 -9999 -9999 -9999 -9999 -9999 -9999
16 344.2179 38.20247 84.92247 42.53234 37.00938 20.62222 33.06667 30.93333 16 16 32 33.77778 34.96296 34.66535 64.01534 47180.96 23.30074 51.35456 99.87213 43.25136 23.46667 16 116.2642 507.2433 16 121.7675 191.084 241.6267 136.6088 105.183 110.3137 71.07619 35.66079 119.4746 123.2307 121.4235 253.0037 340.7186 553.9094 2575.314 5998.587 16 1885.115 18.84444 105.2365 44.08889 32 16 16 -9999 -9999 -9999 -9999 -9999 -9999 -9999 -9999 -9999 -9999 -9999 -9999 -9999 -9999 -9999 -9999 -9999 -9999 -9999 -9999 -9999 -9999 -9999 -9999
61.86666 350.4019 375.9197 291.2207 150.2657 106.4365 29.25827 43.18815 49.42222 29.51111 16 16 16 22.04445 24.81778 25.92711 16 47319.61 106.9946 18.88342 16 29.55852 697.4156 539.6937 16 16 35.2 124.9154 564.8381 794.0744 91.48092 111.6052 68.12254 61.1049 99.84927 148.7656 146.0405 71.09453 1184.064 16 1217.813 1389.501 7931.702 16 248.6756 111.439 91.52 76.8 32 16 16 -9999 -9999 -9999 -9999 -9999 -9999 -9999 -9999 -9999 -9999 -9999 -9999 -9999 -9999 -9999 -9999 -9999 -9999 -9999 -9999 -9999 -9999 -9999
16 809.1897 16 48.64 25.24444 22.75556 16 28.44444 141.6454 40.92049 30.57778 33.42222 16 16 16 16 32 16 47493.49 16 25.95555 753.2853 16 16 16 41.95555 47.44691 62.01767 54.58877 16 1026.127 33.36081 17.51383 94.83829 118.2997 71.47182 310.8061 16 1254.615 16 16 10571.02 16 280.6756 16 16 33.39852 24.53333 32 32 16 16 16 16 16 16 16 16.71111 20.4563 -9999 -9999 -9999 -9999 -9999 -9999 -9999 -9999 -9999 -9999 -9999 -9999 -9999 -9999 -9999
16 16 905.9088 19.55556 16 16 16 19.55556 34.25185 205.982 95.19682 55.6642 33.06667 35.91111 24.17778 16 16 16 16 47567.45 149.9174 647.1013 16 16 16 22.04445 50.08593 62.10177 50.50098 70.58877 1131.749 16 16 30.78946 104.5157 205.7715 16 1613.421 16 16 10619.02 16 312.6756 16 32 16 1260.862 23.11111 47.28889 53.33333 32 25.24444 33.06667 32 27.37778 30.57778 16 16 16 -9999 -9999 -9999 -9999 -9999 -9999 -9999 -9999 -9999 -9999 -9999 -9999 -9999 -9999 -9999
16 120.2626 901.2412 24.17778 16 16 16 16 17.3037 35.58716 234.3359 249.9806 85.05855 43.13284 43.73333 34.84444 25.6 16 16 16 47646.74 48324.41 48451.22 25.24444 20.26667 27.73333 35.27901 54.31765 71.36314 115.6623 16 1174.416 18.13333 51.76139 159.317 16 1877.503 16 16 10651.02 16 344.6756 16 64 16 1381.95 31.35817 1169.271 1101.118 987.1097 758.4713 411.5848 89.89393 44.51556 34.42568 39.10321 31.64444 31.64444 -9999 -9999 -9999 -9999 -9999 -9999 -9999 -9999 -9999 -9999 -9999 -9999 -9999 -9999 -9999 -9999
