04_184A004/ika.asc
ncols 172
nrows 237
xllcorner 610032
yllcorner 6876144
cellsize 16
nodata_value -9999
[rows 148 to 184 of 237, columns 82 to 163 of 172]
22 -9999 -9999 -9999 -9999 -9999 -9999 -9999 -9999 -9999 -9999 -9999 -9999 -9999 -9999 -9999 -9999 -9999 -9999 -9999 -9999 -9999 -9999 -9999 -9999 -9999 -9999 -9999 -9999 -9999 -9999 -9999 -9999 -9999 -9999 -9999 -9999 -9999 -9999 -9999 -9999 -9999 -9999 -9999 -9999 -9999 65 65 3 3 3 28 28 28 28 27 27 27 27 27 27 27 27 27 27 -9999 33 -9999 -9999 -9999 -9999 -9999 -9999 -9999 -9999 -9999 -9999 -9999 -9999 -9999 -9999 -9999
-9999 -9999 -9999 -9999 -9999 -9999 -9999 -9999 -9999 -9999 -9999 -9999 -9999 -9999 -9999 -9999 -9999 -9999 -9999 -9999 -9999 -9999 -9999 -9999 -9999 -9999 -9999 -9999 -9999 -9999 -9999 -9999 -9999 -9999 -9999 -9999 -9999 -9999 -9999 -9999 -9999 -9999 -9999 -9999 -9999 -9999 -9999 -9999 -9999 -9999 -9999 -9999 65 65 65 27 27 27 27 26 26 26 27 27 27 27 27 -9999 -9999 -9999 -9999 -9999 -9999 -9999 -9999 -9999 -9999 -9999 -9999 -9999 -9999 -9999
-9999 -9999 -9999 -9999 -9999 -9999 -9999 -9999 -9999 -9999 -9999 -9999 -9999 -9999 -9999 -9999 -9999 -9999 -9999 -9999 -9999 -9999 -9999 -9999 -9999 -9999 -9999 -9999 -9999 -9999 -9999 -9999 -9999 -9999 -9999 -9999 -9999 -9999 -9999 -9999 -9999 -9999 -9999 -9999 -9999 -9999 -9999 -9999 -9999 -9999 -9999 -9999 65 65 -9999 65 26 26 26 26 26 26 27 27 27 27 27 -9999 -9999 -9999 -9999 -9999 -9999 -9999 -9999 -9999 -9999 -9999 -9999 -9999 -9999 -9999
-9999 -9999 -9999 -9999 -9999 -9999 -9999 -9999 -9999 -9999 -9999 -9999 -9999 -9999 -9999 -9999 -9999 -9999 -9999 -9999 -9999 -9999 -9999 -9999 -9999 -9999 -9999 -9999 -9999 -9999 -9999 -9999 -9999 -9999 -9999 -9999 -9999 -9999 -9999 -9999 -9999 -9999 -9999 -9999 -9999 -9999 -9999 -9999 -9999 -9999 -9999 -9999 -9999 -9999 -9999 -9999 65 26 26 26 26 27 27 27 27 27 27 -9999 -9999 -9999 -9999 -9999 -9999 -9999 -9999 -9999 -9999 -9999 -9999 -9999 -9999 -9999
37 -9999 -9999 -9999 -9999 -9999 -9999 -9999 -9999 -9999 -9999 -9999 -9999 -9999 -9999 -9999 -9999 -9999 -9999 -9999 -9999 -9999 -9999 -9999 -9999 -9999 -9999 -9999 -9999 -9999 -9999 -9999 -9999 -9999 -9999 -9999 -9999 -9999 -9999 -9999 -9999 -9999 -9999 -9999 -9999 -9999 -9999 -9999 -9999 -9999 -9999 -9999 -9999 -9999 -9999 -9999 -9999 65 65 65 65 27 27 27 27 -9999 -9999 -9999 -9999 -9999 -9999 -9999 -9999 -9999 -9999 -9999 -9999 -9999 -9999 -9999 -9999 -9999
37 41 41 62 62 -9999 -9999 -9999 -9999 -9999 -9999 -9999 -9999 -9999 -9999 -9999 -9999 -9999 -9999 -9999 -9999 -9999 -9999 -9999 -9999 -9999 -9999 -9999 -9999 -9999 -9999 -9999 -9999 -9999 -9999 -9999 -9999 -9999 -9999 -9999 -9999 -9999 -9999 -9999 -9999 -9999 -9999 -9999 -9999 -9999 -9999 -9999 -9999 -9999 -9999 -9999 -9999 -9999 65 65 65 65 27 27 27 27 -9999 -9999 -9999 -9999 -9999 -9999 -9999 -9999 -9999 -9999 -9999 -9999 -9999 -9999 -9999 -9999
37 41 41 62 62 62 -9999 -9999 -9999 -9999 -9999 -9999 -9999 -9999 -9999 -9999 -9999 -9999 -9999 -9999 -9999 -9999 -9999 -9999 -9999 -9999 -9999 -9999 -9999 -9999 -9999 -9999 -9999 -9999 -9999 -9999 -9999 -9999 -9999 -9999 -9999 -9999 -9999 -9999 -9999 -9999 -9999 -9999 -9999 -9999 -9999 -9999 -9999 -9999 -9999 -9999 -9999 -9999 -9999 65 65 65 65 65 27 27 27 -9999 -9999 -9999 -9999 -9999 -9999 -9999 -9999 -9999 -9999 -9999 -9999 -9999 -9999 -9999
41 41 62 62 62 62 62 62 62 62 -9999 -9999 -9999 -9999 -9999 -9999 -9999 -9999 -9999 -9999 -9999 -9999 -9999 -9999 -9999 -9999 99 91 -9999 -9999 -9999 -9999 -9999 -9999 -9999 -9999 -9999 -9999 -9999 -9999 -9999 -9999 -9999 -9999 -9999 -9999 -9999 -9999 -9999 -9999 -9999 -9999 -9999 -9999 -9999 -9999 -9999 -9999 -9999 65 -9999 65 65 65 65 27 70 70 58 -9999 -9999 -9999 -9999 -9999 -9999 -9999 -9999 -9999 -9999 -9999 -9999 -9999
41 41 62 62 62 62 62 62 62 62 62 -9999 -9999 -9999 -9999 -9999 -9999 -9999 -9999 -9999 -9999 -9999 -9999 -9999 -9999 73 20 23 12 12 12 12 12 12 12 12 12 12 12 -9999 -9999 -9999 -9999 -9999 -9999 -9999 -9999 -9999 -9999 -9999 -9999 -9999 -9999 -9999 -9999 -9999 -9999 -9999 -9999 -9999 -9999 -9999 65 65 65 70 70 70 70 -9999 -9999 -9999 -9999 -9999 -9999 -9999 -9999 -9999 -9999 -9999 -9999 -9999
41 33 62 62 62 62 62 62 62 62 62 62 -9999 -9999 -9999 -9999 112 92 92 103 94 92 49 34 28 39 45 17 12 12 12 12 12 12 12 12 12 12 12 12 12 12 -9999 -9999 -9999 -9999 -9999 -9999 -9999 -9999 -9999 -9999 -9999 -9999 -9999 -9999 -9999 -9999 -9999 -9999 -9999 -9999 -9999 65 52 65 70 70 70 -9999 -9999 -9999 -9999 -9999 -9999 -9999 -9999 -9999 -9999 -9999 -9999 -9999
33 33 33 62 62 62 62 62 62 62 62 62 -9999 11 11 11 38 50 -9999 -9999 59 34 14 -9999 15 61 34 -9999 12 12 12 12 12 12 12 12 12 12 12 12 12 12 12 12 -9999 -9999 -9999 -9999 -9999 -9999 -9999 -9999 -9999 -9999 -9999 -9999 -9999 -9999 -9999 -9999 -9999 -9999 -9999 65 52 52 52 70 70 70 -9999 -9999 -9999 -9999 -9999 -9999 -9999 -9999 -9999 -9999 -9999 -9999
33 33 33 33 33 33 62 62 62 62 62 33 11 11 11 11 11 47 -9999 -9999 52 38 28 13 45 53 -9999 -9999 12 12 12 12 12 12 12 12 12 12 12 12 12 12 12 12 12 -9999 -9999 -9999 -9999 -9999 -9999 -9999 -9999 -9999 -9999 -9999 -9999 -9999 -9999 -9999 -9999 -9999 -9999 -9999 52 52 52 52 52 70 -9999 -9999 -9999 -9999 -9999 -9999 -9999 -9999 -9999 -9999 -9999 -9999
33 33 33 33 33 33 33 33 62 62 33 11 11 11 11 11 11 10 10 10 -9999 28 24 24 24 8 -9999 4 12 12 12 12 12 12 12 12 12 12 12 12 12 12 12 12 12 12 12 -9999 -9999 -9999 -9999 -9999 -9999 -9999 -9999 -9999 -9999 -9999 -9999 -9999 -9999 -9999 -9999 -9999 -9999 -9999 52 52 52 52 -9999 -9999 -9999 -9999 -9999 -9999 -9999 -9999 -9999 -9999 -9999 -9999
30 30 30 30 30 30 33 33 33 33 11 11 11 11 11 11 11 10 10 10 10 10 10 -9999 -9999 12 12 12 12 12 12 12 12 12 12 12 12 12 12 12 12 12 12 12 12 12 12 12 12 -9999 -9999 -9999 -9999 -9999 -9999 -9999 -9999 -9999 -9999 -9999 -9999 -9999 -9999 -9999 -9999 -9999 52 52 52 52 52 52 -9999 -9999 -9999 -9999 -9999 -9999 -9999 -9999 -9999 -9999
30 30 30 30 30 30 30 30 33 42 11 11 11 11 11 11 11 10 10 10 10 10 10 10 10 -9999 12 12 12 12 12 12 12 12 12 12 12 12 12 12 12 12 12 12 12 12 12 12 12 12 -9999 -9999 -9999 -9999 -9999 -9999 -9999 -9999 -9999 -9999 -9999 -9999 -9999 -9999 -9999 -9999 -9999 52 52 52 52 52 52 52 52 52 52 68 68 68 -9999 -9999
30 30 33 33 33 33 33 33 33 33 11 11 11 11 11 11 11 10 10 10 10 10 10 10 10 10 -9999 12 12 12 12 12 12 12 12 12 12 12 12 12 12 12 12 12 12 12 12 12 12 12 12 -9999 -9999 -9999 -9999 -9999 -9999 -9999 -9999 90 -9999 -9999 -9999 -9999 -9999 -9999 -9999 -9999 52 52 52 52 52 52 52 52 52 68 68 68 -9999 -9999
30 30 33 33 33 33 33 33 33 33 33 33 38 11 11 11 11 11 10 10 10 10 10 10 10 10 10 -9999 12 12 12 12 12 12 12 12 12 12 12 12 12 12 12 12 12 12 12 12 12 12 60 97 93 -9999 -9999 -9999 -9999 -9999 -9999 101 113 -9999 -9999 -9999 -9999 -9999 -9999 -9999 -9999 -9999 52 52 52 52 52 52 68 68 68 68 -9999 -9999
54 54 54 54 54 54 54 54 54 54 33 33 33 11 11 11 11 11 11 11 10 10 10 10 10 10 10 -9999 12 12 12 12 12 12 12 12 12 12 12 12 12 12 12 12 12 12 12 12 12 12 34 53 86 -9999 -9999 -9999 -9999 -9999 -9999 100 80 88 -9999 -9999 -9999 -9999 -9999 -9999 -9999 -9999 -9999 -9999 52 52 52 52 68 68 68 68 -9999 -9999
54 54 54 54 54 54 54 54 54 54 54 54 33 11 11 11 11 11 11 11 10 10 10 10 10 10 10 10 -9999 12 12 12 12 12 12 12 12 12 12 12 12 12 12 12 12 12 12 12 12 11 18 23 39 40 92 -9999 -9999 -9999 -9999 68 90 99 -9999 -9999 -9999 -9999 -9999 -9999 -9999 -9999 -9999 -9999 -9999 52 52 52 68 68 68 68 -9999 -9999
26 54 54 54 54 54 54 54 54 54 54 54 80 80 80 84 11 11 11 11 11 10 10 10 10 10 10 10 10 10 -9999 12 12 12 12 12 12 12 12 12 12 12 12 12 12 12 12 12 12 10 12 17 27 52 43 47 -9999 -9999 121 75 81 93 -9999 -9999 -9999 -9999 -9999 -9999 -9999 -9999 -9999 -9999 -9999 -9999 52 68 68 50 50 50 -9999 -9999
26 26 26 26 26 26 54 54 54 54 26 26 80 80 80 80 80 11 11 11 10 10 10 10 10 10 10 10 10 10 6 -9999 12 12 12 12 12 12 12 12 12 12 12 12 12 12 12 12 12 15 14 15 15 28 35 26 50 54 51 46 50 75 -9999 -9999 -9999 -9999 -9999 -9999 -9999 -9999 -9999 -9999 -9999 -9999 -9999 68 50 50 50 50 50 68
26 26 26 26 26 26 26 26 26 26 26 80 80 80 80 80 80 62 11 11 10 10 10 10 10 10 10 10 10 -9999 10 10 10 2 -9999 6 12 12 12 12 12 12 12 12 12 12 12 12 14 17 18 16 18 15 16 13 16 24 22 49 43 68 98 99 97 -9999 -9999 -9999 -9999 -9999 -9999 -9999 -9999 -9999 -9999 -9999 50 50 50 50 50 50
26 26 26 26 26 26 26 26 26 26 80 80 80 80 80 80 62 62 62 11 11 10 10 10 10 10 10 10 -9999 10 10 10 10 10 10 10 -9999 -9999 12 12 12 12 12 12 12 12 12 13 14 20 21 21 21 18 14 13 14 16 27 52 34 48 64 90 63 85 -9999 -9999 -9999 -9999 -9999 -9999 -9999 -9999 -9999 -9999 74 74 50 50 50 50
26 26 26 26 26 26 26 82 82 82 82 80 82 82 80 80 62 62 62 62 11 11 11 11 10 10 10 10 10 10 10 10 10 10 10 10 10 10 -9999 12 12 12 12 12 12 12 12 12 14 19 16 16 19 15 17 22 15 16 20 50 49 50 52 47 51 49 116 -9999 101 96 -9999 -9999 -9999 -9999 -9999 -9999 -9999 74 74 74 50 50
26 26 26 26 26 26 82 82 82 82 82 82 82 82 82 62 62 62 62 62 62 11 11 11 11 10 10 10 10 10 10 10 10 10 10 10 10 10 10 10 -9999 12 12 12 12 12 9 52 54 17 14 18 42 30 26 31 22 23 34 46 48 70 50 48 61 49 45 47 65 72 102 91 -9999 106 -9999 -9999 -9999 74 74 74 74 74
26 26 26 26 26 18 82 82 82 82 82 82 82 82 82 62 62 62 62 62 62 11 11 11 11 10 10 10 12 10 10 10 10 10 10 10 10 10 10 10 10 -9999 -9999 12 12 12 23 49 43 14 14 28 29 26 37 41 45 43 43 69 58 86 72 47 90 36 46 44 32 54 57 57 73 101 -9999 -9999 -9999 -9999 -9999 74 74 74
26 26 26 26 18 18 82 82 82 82 82 82 82 62 62 62 62 62 62 62 62 59 11 11 11 10 10 10 -9999 12 12 10 10 10 10 10 10 10 10 10 10 10 10 -9999 12 13 59 49 58 38 47 54 56 61 60 35 49 64 68 62 46 79 78 60 52 67 50 58 49 71 80 58 53 77 -9999 -9999 -9999 -9999 -9999 74 74 74
26 26 26 18 18 18 18 18 82 82 82 62 62 62 62 62 62 62 62 62 62 11 11 11 11 10 10 10 -9999 12 12 12 10 10 10 10 10 10 10 10 10 10 10 10 10 -9999 41 65 87 47 66 69 69 56 64 42 71 88 75 62 41 52 47 50 58 57 72 51 56 55 78 84 56 -9999 -9999 -9999 -9999 -9999 -9999 -9999 62 62
26 26 18 18 18 18 18 18 18 18 18 62 62 62 62 62 62 62 62 62 62 11 11 11 11 11 10 10 -9999 -9999 12 12 12 12 10 10 10 10 10 10 10 10 10 10 39 41 -9999 72 100 90 62 53 61 48 52 72 84 58 64 60 31 53 45 65 45 47 57 71 60 80 51 65 64 -9999 -9999 -9999 -9999 -9999 -9999 -9999 62 62
26 26 18 18 18 18 18 18 18 18 18 18 18 62 62 15 15 15 15 15 15 50 11 11 11 11 10 10 10 3 -9999 12 12 12 12 10 10 10 10 10 10 10 10 10 55 52 -9999 62 48 64 59 51 63 64 68 51 43 52 58 42 42 118 66 58 62 70 48 83 75 60 58 64 -9999 -9999 -9999 -9999 -9999 -9999 -9999 -9999 62 62
18 18 18 18 18 18 18 18 18 16 15 15 15 15 15 15 15 15 15 15 15 33 11 11 11 11 10 10 10 11 12 12 12 12 12 12 10 10 10 10 10 10 10 21 70 50 43 31 62 83 58 56 61 76 38 71 51 77 61 46 48 49 77 65 78 63 51 64 95 59 53 84 -9999 -9999 -9999 -9999 -9999 -9999 -9999 -9999 62 62
18 18 18 14 14 16 16 16 16 16 16 15 15 15 15 15 15 15 15 15 15 15 41 11 11 11 10 10 10 12 12 12 12 12 12 12 12 10 10 10 10 10 10 40 41 43 42 -9999 24 48 71 50 32 41 71 46 38 39 76 60 59 61 62 67 68 45 61 55 49 64 47 77 -9999 -9999 -9999 -9999 -9999 -9999 -9999 -9999 62 62
14 14 14 14 14 16 16 16 16 16 16 16 15 15 15 15 15 15 15 15 15 15 15 32 11 11 11 10 10 12 12 12 12 12 12 12 12 12 12 10 10 10 48 44 60 53 56 30 -9999 48 51 44 -9999 -9999 49 46 47 45 67 69 50 65 73 81 63 41 60 39 65 42 45 94 -9999 -9999 -9999 -9999 -9999 -9999 -9999 -9999 62 62
14 14 14 14 14 16 16 16 16 16 16 16 15 15 15 15 15 15 15 15 15 15 15 33 11 11 11 10 10 12 12 12 12 12 12 12 12 12 12 12 12 10 41 71 56 41 50 48 60 76 -9999 18 52 36 52 47 55 51 -9999 59 54 93 69 87 44 35 56 55 76 67 47 48 94 -9999 -9999 -9999 -9999 -9999 -9999 -9999 62 62
14 14 14 14 14 14 16 16 16 16 16 16 15 15 15 15 15 15 15 15 15 15 15 15 33 11 11 11 10 12 12 12 12 12 12 12 12 12 12 12 12 40 79 73 55 66 55 74 55 49 47 46 -9999 -9999 37 52 -9999 62 89 63 48 -9999 60 73 49 55 45 52 59 59 43 79 89 92 95 105 87 -9999 -9999 -9999 62 62
26 26 14 14 14 14 14 16 16 16 16 38 38 15 15 15 15 15 15 15 15 15 15 15 15 15 11 11 12 12 12 12 12 12 12 12 12 12 12 12 12 48 58 52 38 68 55 41 57 56 44 39 48 -9999 -9999 57 90 58 56 63 59 48 -9999 30 50 54 59 67 47 57 58 87 45 45 78 102 74 51 -9999 62 62 62
26 26 26 26 14 14 14 14 16 16 38 38 38 38 15 15 15 15 15 15 15 15 15 15 15 11 11 11 11 12 12 12 12 12 12 12 12 12 12 12 12 26 51 51 31 75 68 87 83 76 86 81 44 71 92 80 53 70 73 75 88 64 56 -9999 -9999 76 78 57 52 61 63 65 53 60 58 59 82 51 -9999 -9999 -9999 -9999
