04_184A004/ika.asc
ncols 172
nrows 237
xllcorner 610032
yllcorner 6876144
cellsize 16
nodata_value -9999
[rows 37 to 73 of 237, columns 82 to 163 of 172]
9 9 9 9 3 3 3 59 59 59 65 65 65 65 65 65 65 65 65 65 65 65 65 53 53 65 65 65 65 65 -9999 36 36 36 36 36 -9999 8 -9999 -9999 -9999 -9999 -9999 -9999 -9999 -9999 -9999 -9999 -9999 -9999 -9999 -9999 -9999 -9999 -9999 -9999 -9999 -9999 -9999 -9999 -9999 -9999 -9999 -9999 -9999 -9999 -9999 -9999 -9999 -9999 -9999 -9999 -9999 -9999 -9999 -9999 -9999 -9999 -9999 -9999 -9999 -9999
3 9 9 3 3 3 59 59 59 59 59 65 65 65 65 65 65 65 65 65 65 53 53 53 53 53 65 65 65 65 -9999 36 36 36 36 36 36 -9999 -9999 -9999 -9999 -9999 -9999 -9999 -9999 -9999 -9999 -9999 -9999 -9999 -9999 -9999 -9999 -9999 -9999 -9999 -9999 -9999 -9999 -9999 -9999 -9999 -9999 -9999 -9999 -9999 -9999 -9999 -9999 -9999 -9999 -9999 -9999 -9999 -9999 -9999 -9999 -9999 -9999 -9999 -9999 -9999
3 3 3 3 59 59 59 59 59 59 59 65 65 65 65 65 65 65 65 65 65 53 53 53 53 53 53 53 65 65 -9999 36 36 36 36 36 36 -9999 -9999 -9999 -9999 -9999 -9999 -9999 -9999 -9999 -9999 -9999 -9999 -9999 -9999 -9999 -9999 -9999 -9999 -9999 -9999 -9999 -9999 -9999 -9999 -9999 -9999 -9999 -9999 -9999 -9999 -9999 -9999 -9999 -9999 -9999 -9999 -9999 -9999 -9999 -9999 -9999 -9999 -9999 -9999 -9999
3 3 3 33 59 59 59 59 59 59 59 59 65 65 65 65 65 65 65 65 65 65 53 53 53 53 53 65 65 -9999 64 64 64 36 36 36 -9999 -9999 -9999 -9999 -9999 -9999 -9999 -9999 -9999 -9999 -9999 -9999 -9999 -9999 -9999 -9999 -9999 -9999 -9999 -9999 -9999 -9999 -9999 -9999 -9999 -9999 -9999 -9999 -9999 -9999 -9999 -9999 -9999 -9999 -9999 -9999 -9999 -9999 -9999 -9999 -9999 -9999 -9999 -9999 -9999 -9999
3 3 33 33 59 59 59 59 59 59 59 59 59 65 65 65 65 65 65 65 65 53 53 53 53 53 65 65 -9999 64 64 64 64 36 36 36 -9999 -9999 -9999 -9999 -9999 -9999 -9999 -9999 -9999 -9999 -9999 -9999 -9999 -9999 -9999 -9999 -9999 -9999 -9999 -9999 -9999 -9999 -9999 -9999 -9999 -9999 -9999 -9999 -9999 -9999 -9999 -9999 -9999 -9999 -9999 -9999 -9999 -9999 -9999 -9999 -9999 -9999 -9999 -9999 -9999 -9999
3 33 33 33 33 33 59 59 59 59 59 59 59 59 65 65 65 65 65 65 56 53 53 53 53 53 53 -9999 64 64 64 64 64 64 36 36 -9999 -9999 -9999 -9999 -9999 -9999 -9999 -9999 -9999 -9999 -9999 -9999 -9999 -9999 -9999 -9999 -9999 -9999 -9999 -9999 -9999 -9999 -9999 -9999 -9999 -9999 -9999 -9999 -9999 -9999 -9999 -9999 -9999 -9999 -9999 -9999 -9999 -9999 -9999 -9999 -9999 -9999 -9999 -9999 -9999 -9999
11 33 33 33 33 33 59 59 59 59 59 59 59 59 59 65 65 65 65 65 56 56 56 56 53 53 -9999 64 64 64 64 64 64 36 36 -9999 -9999 -9999 -9999 -9999 -9999 -9999 -9999 -9999 -9999 -9999 -9999 -9999 -9999 -9999 -9999 -9999 -9999 -9999 -9999 -9999 -9999 -9999 -9999 -9999 -9999 -9999 -9999 -9999 -9999 -9999 -9999 -9999 -9999 -9999 -9999 -9999 -9999 -9999 -9999 -9999 -9999 -9999 -9999 -9999 -9999 -9999
11 11 33 33 33 33 59 59 59 59 59 59 59 59 59 65 65 65 56 56 56 56 56 65 65 -9999 64 64 64 64 64 64 64 30 30 -9999 -9999 -9999 -9999 -9999 -9999 -9999 -9999 -9999 -9999 -9999 -9999 -9999 -9999 -9999 -9999 -9999 -9999 -9999 -9999 -9999 -9999 -9999 -9999 -9999 -9999 -9999 -9999 -9999 -9999 -9999 -9999 -9999 -9999 -9999 -9999 -9999 -9999 -9999 -9999 -9999 -9999 -9999 -9999 -9999 -9999 -9999
11 11 33 33 33 33 33 59 59 59 59 59 56 56 59 59 65 65 56 56 65 65 65 65 65 57 64 64 64 64 64 64 30 30 30 30 -9999 -9999 -9999 -9999 -9999 -9999 -9999 -9999 -9999 -9999 -9999 -9999 -9999 -9999 -9999 -9999 -9999 -9999 -9999 -9999 -9999 -9999 -9999 -9999 -9999 -9999 -9999 -9999 -9999 -9999 -9999 -9999 -9999 -9999 -9999 -9999 -9999 -9999 -9999 -9999 -9999 -9999 -9999 -9999 -9999 -9999
11 11 11 33 33 33 59 59 59 59 59 59 56 56 56 56 56 56 56 56 65 65 65 65 41 64 64 64 64 64 64 30 30 30 3 3 3 -9999 -9999 -9999 -9999 -9999 -9999 -9999 -9999 -9999 -9999 -9999 -9999 -9999 -9999 -9999 -9999 -9999 -9999 -9999 -9999 -9999 -9999 -9999 -9999 -9999 -9999 -9999 -9999 -9999 -9999 -9999 -9999 -9999 -9999 -9999 -9999 -9999 -9999 -9999 -9999 -9999 -9999 -9999 -9999 -9999
11 11 11 11 33 33 59 59 59 59 59 59 56 56 56 56 56 56 56 65 65 65 65 65 29 64 64 64 64 64 30 30 30 3 3 3 3 3 3 -9999 -9999 -9999 -9999 -9999 5 -9999 -9999 -9999 -9999 -9999 -9999 -9999 -9999 -9999 -9999 -9999 -9999 -9999 -9999 -9999 -9999 -9999 -9999 -9999 -9999 -9999 -9999 -9999 -9999 -9999 -9999 -9999 -9999 -9999 -9999 -9999 -9999 -9999 -9999 -9999 -9999 -9999
11 11 11 11 11 33 33 59 59 59 59 56 56 56 56 56 56 56 56 65 65 65 3 3 3 64 64 64 30 30 30 30 30 3 3 3 3 3 36 36 -9999 -9999 6 -9999 -9999 -9999 -9999 -9999 -9999 -9999 -9999 -9999 -9999 -9999 -9999 -9999 -9999 -9999 -9999 -9999 -9999 -9999 -9999 -9999 -9999 -9999 -9999 -9999 -9999 -9999 -9999 -9999 -9999 -9999 -9999 -9999 -9999 -9999 -9999 -9999 -9999 -9999
30 30 30 11 30 33 33 59 59 56 56 56 56 56 56 56 56 56 56 56 3 3 3 3 3 -9999 64 64 30 30 30 30 30 3 3 3 3 3 36 36 36 36 4 -9999 -9999 -9999 -9999 -9999 -9999 -9999 -9999 -9999 -9999 -9999 -9999 -9999 -9999 -9999 -9999 -9999 -9999 -9999 -9999 -9999 -9999 -9999 -9999 -9999 -9999 -9999 -9999 -9999 -9999 -9999 -9999 -9999 -9999 -9999 -9999 -9999 -9999 -9999
30 30 30 30 30 30 9 9 9 56 56 56 56 56 56 56 56 56 56 3 3 3 3 3 3 -9999 64 64 30 30 30 30 30 3 3 3 3 3 36 36 36 -9999 -9999 -9999 -9999 -9999 -9999 -9999 -9999 -9999 -9999 -9999 -9999 -9999 -9999 -9999 -9999 -9999 -9999 -9999 -9999 -9999 -9999 -9999 -9999 -9999 -9999 -9999 -9999 -9999 -9999 -9999 -9999 -9999 -9999 -9999 -9999 -9999 -9999 -9999 -9999 -9999
56 30 30 30 30 9 9 9 9 9 56 37 37 37 37 37 37 37 37 3 3 3 3 3 3 3 -9999 64 30 30 30 30 30 3 3 47 47 3 36 36 -9999 -9999 -9999 -9999 -9999 -9999 -9999 -9999 -9999 -9999 -9999 -9999 -9999 -9999 -9999 -9999 -9999 -9999 -9999 -9999 -9999 -9999 -9999 -9999 -9999 -9999 -9999 -9999 -9999 -9999 -9999 -9999 -9999 -9999 -9999 -9999 -9999 -9999 -9999 -9999 -9999 -9999
56 30 30 30 9 9 9 9 9 9 9 37 37 37 37 37 37 37 37 37 3 3 3 3 3 3 7 3 3 3 30 47 47 47 47 47 47 47 33 -9999 -9999 -9999 -9999 -9999 -9999 -9999 -9999 -9999 -9999 -9999 -9999 -9999 -9999 -9999 -9999 -9999 -9999 -9999 -9999 -9999 -9999 -9999 -9999 -9999 -9999 -9999 -9999 -9999 -9999 -9999 -9999 -9999 -9999 -9999 -9999 -9999 -9999 -9999 -9999 -9999 -9999 -9999
56 30 30 30 30 30 9 9 9 9 9 37 37 37 37 37 37 37 37 37 53 53 3 3 3 3 3 -9999 3 3 47 47 47 47 47 47 47 33 33 33 -9999 -9999 -9999 -9999 -9999 -9999 -9999 -9999 -9999 -9999 -9999 -9999 -9999 -9999 -9999 -9999 -9999 -9999 -9999 -9999 -9999 -9999 -9999 -9999 -9999 -9999 -9999 -9999 -9999 -9999 -9999 -9999 -9999 -9999 -9999 -9999 -9999 -9999 -9999 -9999 -9999 -9999
29 30 30 30 30 30 30 9 9 9 37 37 37 37 37 37 37 53 53 53 53 53 3 3 3 3 3 -9999 3 3 47 47 47 47 47 47 31 31 31 33 33 33 -9999 -9999 -9999 -9999 -9999 -9999 -9999 -9999 -9999 -9999 -9999 -9999 -9999 -9999 -9999 -9999 -9999 -9999 -9999 -9999 -9999 -9999 -9999 -9999 -9999 -9999 -9999 -9999 -9999 -9999 -9999 -9999 -9999 -9999 -9999 -9999 -9999 -9999 -9999 -9999
29 29 30 30 30 30 30 30 9 9 9 37 37 37 37 37 37 53 53 53 3 3 3 3 3 3 3 -9999 3 3 3 47 47 47 47 31 31 31 31 31 33 -9999 -9999 -9999 -9999 -9999 -9999 -9999 -9999 -9999 -9999 -9999 -9999 -9999 -9999 -9999 -9999 -9999 -9999 -9999 -9999 -9999 -9999 -9999 -9999 -9999 -9999 -9999 -9999 -9999 -9999 -9999 -9999 -9999 -9999 -9999 -9999 -9999 -9999 -9999 -9999 -9999
29 29 29 30 30 30 30 30 30 9 9 9 37 37 37 37 37 53 53 3 3 3 3 3 3 3 3 -9999 3 3 3 47 47 47 47 76 76 76 31 31 31 -9999 -9999 -9999 -9999 -9999 -9999 -9999 -9999 -9999 -9999 -9999 -9999 -9999 -9999 -9999 -9999 -9999 -9999 -9999 -9999 -9999 -9999 -9999 -9999 -9999 -9999 -9999 -9999 -9999 -9999 -9999 -9999 -9999 -9999 -9999 -9999 -9999 -9999 -9999 -9999 -9999
29 29 29 29 30 30 30 30 30 9 9 9 9 37 37 37 53 3 3 3 3 3 3 3 3 3 3 3 3 3 3 3 47 47 76 76 95 76 76 31 31 -9999 -9999 -9999 -9999 -9999 -9999 -9999 -9999 -9999 -9999 -9999 -9999 -9999 -9999 -9999 -9999 -9999 -9999 -9999 -9999 -9999 -9999 -9999 -9999 -9999 -9999 -9999 -9999 -9999 -9999 -9999 -9999 -9999 -9999 -9999 -9999 -9999 -9999 -9999 -9999 -9999
29 29 29 29 30 30 30 30 9 9 9 9 9 9 37 37 53 3 3 3 3 3 3 3 3 3 -9999 3 3 3 3 3 47 76 76 76 95 95 76 76 31 -9999 -9999 -9999 -9999 -9999 -9999 -9999 -9999 -9999 -9999 -9999 -9999 -9999 -9999 -9999 -9999 -9999 -9999 -9999 -9999 -9999 -9999 -9999 -9999 -9999 -9999 -9999 -9999 -9999 -9999 -9999 -9999 -9999 -9999 -9999 -9999 -9999 -9999 -9999 -9999 -9999
32 -9999 29 29 29 29 29 29 9 9 9 9 56 56 56 56 53 3 3 3 3 5 -9999 -9999 -9999 3 3 3 3 3 3 3 47 76 76 76 95 95 95 76 76 -9999 -9999 -9999 -9999 -9999 -9999 -9999 -9999 -9999 -9999 -9999 -9999 -9999 -9999 -9999 -9999 -9999 -9999 -9999 -9999 -9999 -9999 -9999 -9999 -9999 -9999 -9999 -9999 -9999 -9999 -9999 -9999 -9999 -9999 -9999 -9999 -9999 -9999 -9999 -9999 -9999
32 32 -9999 29 29 29 29 29 9 9 9 56 56 56 56 56 56 -9999 -9999 -9999 43 3 3 3 3 3 3 3 3 47 47 47 76 76 4 4 4 95 95 95 76 -9999 -9999 -9999 -9999 -9999 -9999 -9999 -9999 -9999 -9999 -9999 -9999 -9999 -9999 -9999 -9999 -9999 -9999 -9999 -9999 -9999 -9999 -9999 -9999 -9999 -9999 -9999 -9999 -9999 -9999 -9999 -9999 -9999 -9999 -9999 -9999 -9999 -9999 -9999 -9999 -9999
32 32 32 -9999 28 29 29 29 29 9 9 9 52 -9999 -9999 -9999 56 43 43 43 43 3 3 3 3 3 3 3 47 47 47 76 4 4 4 4 4 4 95 95 95 76 -9999 -9999 -9999 -9999 -9999 -9999 -9999 -9999 -9999 -9999 -9999 -9999 -9999 -9999 -9999 -9999 -9999 -9999 -9999 -9999 -9999 -9999 -9999 -9999 -9999 -9999 -9999 -9999 -9999 -9999 -9999 -9999 -9999 -9999 -9999 -9999 -9999 -9999 -9999 -9999
32 32 32 -9999 32 -9999 -9999 -9999 -9999 -9999 -9999 23 56 56 56 56 56 43 43 31 31 31 31 3 47 47 3 47 47 47 47 4 4 4 4 4 4 4 95 95 95 95 95 -9999 -9999 -9999 -9999 -9999 -9999 -9999 -9999 -9999 -9999 -9999 -9999 -9999 -9999 -9999 -9999 -9999 -9999 -9999 -9999 -9999 -9999 -9999 -9999 -9999 -9999 -9999 -9999 -9999 -9999 -9999 -9999 -9999 -9999 -9999 -9999 -9999 -9999 -9999
32 32 -9999 32 32 32 32 13 13 13 13 13 56 56 13 13 43 43 43 31 31 31 31 47 47 47 47 47 47 47 4 4 4 4 4 4 4 4 95 95 95 95 95 95 76 31 31 31 31 31 31 -9999 -9999 -9999 -9999 -9999 -9999 -9999 -9999 -9999 -9999 -9999 -9999 -9999 -9999 -9999 -9999 -9999 -9999 -9999 -9999 -9999 -9999 -9999 -9999 -9999 -9999 -9999 -9999 -9999 -9999 -9999
32 -9999 32 32 32 32 13 13 13 13 13 13 13 13 13 13 43 43 43 31 31 31 31 31 47 47 47 25 25 4 4 4 4 4 4 4 4 4 4 87 87 95 95 95 95 31 31 31 31 31 7 -9999 -9999 -9999 -9999 -9999 -9999 -9999 -9999 -9999 -9999 -9999 -9999 -9999 -9999 -9999 -9999 -9999 -9999 -9999 -9999 -9999 -9999 -9999 -9999 -9999 -9999 -9999 -9999 -9999 -9999 -9999
32 10 32 32 32 32 13 13 13 48 13 13 13 13 13 13 43 43 43 31 31 31 31 31 47 47 25 25 25 4 4 4 4 4 4 4 4 4 4 87 87 87 87 87 87 31 31 31 65 65 -9999 -9999 -9999 -9999 -9999 -9999 -9999 -9999 -9999 -9999 -9999 -9999 -9999 -9999 -9999 -9999 -9999 -9999 -9999 -9999 -9999 -9999 -9999 -9999 -9999 -9999 -9999 -9999 -9999 -9999 -9999 -9999
-9999 9 9 9 9 9 9 9 48 48 48 48 13 13 48 43 43 43 27 31 31 31 31 31 25 25 25 25 4 4 4 4 4 4 4 4 4 4 87 87 87 87 87 65 65 65 65 65 65 65 -9999 -9999 -9999 -9999 -9999 -9999 -9999 -9999 -9999 -9999 -9999 -9999 -9999 -9999 -9999 -9999 -9999 -9999 -9999 -9999 -9999 -9999 -9999 -9999 -9999 -9999 -9999 -9999 -9999 -9999 -9999 -9999
9 9 9 9 9 9 9 9 9 48 48 48 48 48 48 43 43 43 27 27 31 31 31 31 25 25 25 4 4 4 4 4 4 4 4 4 4 87 87 87 87 87 65 65 65 65 65 87 65 65 -9999 -9999 -9999 -9999 -9999 -9999 -9999 -9999 -9999 -9999 -9999 -9999 -9999 -9999 -9999 -9999 -9999 -9999 -9999 -9999 -9999 -9999 -9999 -9999 -9999 -9999 -9999 -9999 -9999 -9999 -9999 -9999
9 9 9 9 9 9 9 9 9 9 48 48 48 48 48 48 43 43 27 27 27 27 31 25 25 25 25 4 4 4 4 4 4 4 4 4 4 87 87 87 87 87 87 87 87 65 87 87 65 65 -9999 -9999 -9999 -9999 -9999 -9999 -9999 -9999 -9999 -9999 -9999 -9999 -9999 -9999 -9999 -9999 -9999 -9999 -9999 -9999 -9999 -9999 -9999 -9999 -9999 -9999 -9999 -9999 -9999 -9999 -9999 -9999
9 9 9 9 9 9 9 9 9 48 48 48 48 48 48 48 48 27 27 27 27 27 27 27 25 25 4 4 4 4 4 4 4 4 4 4 87 87 87 87 87 87 87 87 87 87 87 87 65 65 40 40 -9999 -9999 -9999 -9999 -9999 -9999 -9999 -9999 -9999 -9999 -9999 -9999 -9999 -9999 -9999 -9999 -9999 -9999 -9999 -9999 -9999 -9999 -9999 -9999 -9999 -9999 -9999 -9999 -9999 -9999
9 9 9 9 9 9 9 9 9 48 48 48 48 48 48 48 48 27 27 27 27 27 27 27 60 4 4 4 4 4 4 4 4 4 4 45 87 87 87 87 87 87 87 87 87 87 87 87 56 30 40 40 40 -9999 -9999 -9999 -9999 -9999 -9999 -9999 -9999 -9999 -9999 -9999 -9999 -9999 -9999 -9999 -9999 -9999 -9999 -9999 -9999 -9999 -9999 -9999 -9999 -9999 -9999 -9999 -9999 -9999
9 9 9 2 2 2 2 9 9 48 27 27 48 48 48 48 48 48 27 27 27 27 27 60 60 4 4 4 4 4 4 4 4 4 45 45 45 87 87 87 87 87 87 56 56 87 87 56 56 -9999 40 40 40 40 -9999 -9999 -9999 -9999 -9999 -9999 -9999 -9999 -9999 -9999 -9999 -9999 -9999 -9999 -9999 -9999 -9999 -9999 -9999 -9999 -9999 -9999 -9999 -9999 -9999 -9999 -9999 -9999
62 9 62 62 2 2 28 9 9 48 27 27 27 48 48 48 48 27 27 27 27 27 60 60 4 4 4 44 44 44 44 44 44 45 45 45 45 87 87 87 87 87 87 56 56 56 56 56 56 -9999 40 40 40 40 40 -9999 -9999 -9999 -9999 -9999 -9999 -9999 -9999 -9999 -9999 -9999 -9999 -9999 -9999 -9999 -9999 -9999 -9999 -9999 -9999 -9999 -9999 -9999 -9999 -9999 -9999 -9999
62 62 62 62 62 28 28 9 9 9 27 27 27 27 27 27 27 27 27 27 27 27 60 60 4 4 4 44 44 44 44 44 44 45 45 45 45 45 87 87 87 87 56 56 56 56 56 56 56 -9999 9 9 40 40 40 -9999 -9999 -9999 -9999 -9999 -9999 -9999 -9999 -9999 -9999 -9999 -9999 -9999 -9999 -9999 -9999 -9999 -9999 -9999 -9999 -9999 -9999 -9999 -9999 -9999 -9999 -9999
