04_184A004/ika.asc
ncols 172
nrows 237
xllcorner 610032
yllcorner 6876144
cellsize 16
nodata_value -9999
[rows 74 to 110 of 237, columns 0 to 81 of 172]
-9999 -9999 -9999 41 41 37 37 37 37 37 -9999 -9999 -9999 -9999 -9999 -9999 -9999 -9999 -9999 -9999 27 27 27 27 27 27 27 27 40 40 40 40 40 40 40 40 40 40 40 40 40 40 -9999 -9999 -9999 -9999 -9999 -9999 -9999 -9999 -9999 -9999 -9999 -9999 -9999 -9999 -9999 -9999 -9999 -9999 -9999 -9999 -9999 -9999 -9999 -9999 -9999 -9999 -9999 -9999 -9999 -9999 -9999 -9999 6 6 6 17 17 17 17 62
-9999 -9999 -9999 41 41 41 41 37 37 37 37 37 -9999 -9999 -9999 -9999 -9999 -9999 -9999 25 25 27 27 27 27 27 27 27 40 40 40 40 40 40 40 40 40 40 40 40 40 40 -9999 -9999 -9999 -9999 -9999 -9999 -9999 -9999 -9999 -9999 -9999 -9999 -9999 -9999 -9999 -9999 -9999 -9999 -9999 -9999 -9999 -9999 -9999 -9999 -9999 -9999 -9999 -9999 -9999 -9999 -9999 -9999 6 6 6 6 17 17 17 17
-9999 -9999 41 41 41 41 41 41 41 37 37 37 -9999 -9999 -9999 -9999 -9999 -9999 -9999 25 25 27 27 27 27 27 40 40 40 40 40 40 40 40 40 40 40 40 40 40 40 40 -9999 -9999 -9999 -9999 -9999 -9999 -9999 -9999 -9999 -9999 -9999 -9999 -9999 -9999 -9999 -9999 -9999 -9999 -9999 -9999 -9999 -9999 -9999 -9999 -9999 -9999 -9999 -9999 -9999 -9999 -9999 -9999 0 0 0 0 0 17 17 17
-9999 -9999 41 40 40 41 41 41 41 41 37 37 37 -9999 -9999 -9999 -9999 48 48 25 27 27 27 27 27 40 40 40 40 40 40 40 40 40 40 40 40 40 40 40 40 40 40 40 -9999 -9999 -9999 -9999 -9999 -9999 -9999 -9999 -9999 -9999 -9999 -9999 -9999 -9999 -9999 -9999 -9999 -9999 -9999 -9999 -9999 -9999 -9999 -9999 -9999 -9999 -9999 -9999 -9999 -9999 0 0 0 0 0 62 62 62
-9999 -9999 41 41 41 41 41 41 41 41 41 41 37 37 37 48 48 48 48 27 27 27 27 27 27 40 40 40 40 40 40 40 40 40 40 40 40 40 40 40 40 40 40 40 -9999 -9999 -9999 -9999 -9999 -9999 -9999 -9999 -9999 -9999 -9999 -9999 -9999 -9999 -9999 -9999 -9999 -9999 -9999 -9999 -9999 -9999 -9999 -9999 -9999 -9999 -9999 -9999 -9999 0 0 0 0 0 0 62 62 62
-9999 -9999 41 41 41 41 41 41 41 41 41 41 41 41 37 48 48 48 48 27 27 27 27 27 27 40 40 40 40 40 40 40 40 40 40 40 40 40 40 40 40 40 40 40 -9999 -9999 -9999 -9999 -9999 -9999 -9999 -9999 -9999 -9999 -9999 -9999 -9999 -9999 -9999 -9999 -9999 -9999 -9999 -9999 -9999 -9999 -9999 -9999 -9999 -9999 -9999 -9999 0 0 0 0 0 0 0 62 62 62
-9999 -9999 41 41 41 41 41 41 64 64 64 64 41 41 41 48 48 48 48 27 27 27 27 27 40 40 40 40 40 40 40 40 40 40 40 40 40 40 40 40 40 40 40 40 40 -9999 -9999 -9999 40 -9999 -9999 -9999 -9999 -9999 -9999 -9999 -9999 -9999 -9999 40 40 40 -9999 -9999 -9999 -9999 -9999 -9999 -9999 -9999 -9999 30 0 0 0 0 0 0 0 0 62 62
-9999 -9999 41 41 41 41 41 64 64 64 64 64 64 41 41 41 48 48 48 30 27 27 27 27 40 40 40 40 40 40 40 40 40 40 40 40 40 40 40 40 40 40 40 40 40 40 -9999 40 40 40 -9999 -9999 -9999 -9999 -9999 -9999 -9999 -9999 -9999 -9999 -9999 42 42 42 42 42 42 28 28 28 -9999 30 -9999 0 0 0 0 0 0 0 0 62
-9999 -9999 41 41 41 41 41 64 76 64 64 64 64 64 64 41 41 48 48 30 27 27 27 40 40 40 40 40 40 40 40 40 40 40 40 40 40 40 40 40 40 40 40 40 40 40 40 40 40 40 40 -9999 -9999 -9999 -9999 -9999 -9999 47 42 42 42 42 42 42 42 42 28 28 28 28 28 -9999 -9999 -9999 0 0 0 0 0 0 0 62
-9999 -9999 60 41 41 41 41 64 76 76 76 64 64 76 64 64 64 41 30 30 30 30 30 30 40 40 40 40 40 40 40 40 40 40 40 40 40 40 40 40 40 40 40 40 40 40 40 40 40 40 40 -9999 -9999 -9999 -9999 -9999 -9999 -9999 42 42 42 42 42 42 42 28 28 28 28 -9999 -9999 -9999 -9999 -9999 0 0 0 0 0 0 0 62
-9999 42 -9999 41 41 41 76 76 76 76 76 76 76 76 76 64 64 64 64 30 30 30 30 30 30 40 40 40 40 40 40 40 40 40 40 40 40 40 40 40 40 40 40 40 40 40 40 40 40 40 40 -9999 40 -9999 -9999 -9999 -9999 -9999 42 42 42 42 42 42 42 28 28 28 28 -9999 -9999 -9999 -9999 -9999 -9999 0 0 0 0 0 0 62
-9999 42 43 41 41 76 76 76 76 76 76 76 76 76 76 76 76 64 64 64 64 30 30 30 30 40 30 30 30 30 30 30 40 40 40 40 40 40 40 40 40 40 40 40 40 40 40 40 40 40 40 40 40 -9999 -9999 -9999 40 -9999 42 42 42 42 42 42 42 28 28 28 28 28 -9999 -9999 -9999 -9999 -9999 -9999 -9999 -9999 -9999 -9999 -9999 11
-9999 42 42 -9999 76 76 76 76 76 76 76 76 76 76 76 76 76 64 64 64 64 64 30 30 30 30 30 30 30 30 30 30 -9999 30 30 30 40 40 40 40 40 40 40 40 40 40 40 40 40 40 40 40 40 40 40 40 40 -9999 42 42 42 42 42 42 42 28 28 28 28 28 28 -9999 -9999 -9999 -9999 -9999 -9999 -9999 -9999 -9999 -9999 11
-9999 -9999 -9999 -9999 76 76 76 76 76 76 76 76 76 76 76 76 76 64 64 64 64 64 64 49 49 49 49 49 49 49 -9999 -9999 -9999 -9999 30 30 40 40 40 40 40 40 40 40 40 40 40 40 40 40 40 40 40 40 40 40 40 42 42 42 42 42 42 42 42 28 28 28 28 28 28 -9999 -9999 -9999 -9999 -9999 -9999 -9999 -9999 -9999 -9999 -9999
-9999 -9999 -9999 42 76 76 76 76 76 76 76 76 76 76 76 76 76 64 64 64 64 64 -9999 -9999 49 49 -9999 -9999 42 -9999 -9999 -9999 -9999 -9999 -9999 40 40 40 40 40 40 40 40 40 40 40 40 40 40 40 40 40 40 40 40 40 40 40 72 42 42 42 42 42 42 28 28 42 28 28 28 -9999 -9999 -9999 -9999 -9999 -9999 -9999 -9999 -9999 -9999 -9999
-9999 -9999 -9999 -9999 -9999 76 76 76 76 76 76 76 76 76 76 76 76 76 76 76 -9999 -9999 -9999 -9999 -9999 -9999 -9999 -9999 -9999 -9999 -9999 -9999 -9999 -9999 -9999 -9999 40 40 -9999 40 40 40 40 40 40 40 40 40 40 40 40 40 40 40 40 40 40 40 -9999 42 42 42 42 42 42 42 42 42 28 28 28 28 -9999 -9999 -9999 -9999 -9999 -9999 -9999 -9999 -9999 -9999
-9999 -9999 -9999 61 -9999 76 76 76 76 76 76 76 76 76 76 76 76 76 76 -9999 -9999 -9999 -9999 -9999 -9999 -9999 -9999 -9999 98 -9999 -9999 -9999 -9999 -9999 -9999 -9999 -9999 -9999 -9999 -9999 -9999 -9999 -9999 40 40 40 40 40 40 11 11 11 11 40 40 40 40 40 -9999 42 42 42 42 42 42 42 42 42 42 42 28 28 69 -9999 -9999 -9999 -9999 -9999 -9999 -9999 -9999 -9999
-9999 -9999 61 61 61 -9999 76 76 76 76 76 76 76 76 76 76 76 -9999 -9999 -9999 -9999 -9999 -9999 -9999 -9999 -9999 -9999 -9999 -9999 -9999 -9999 -9999 -9999 -9999 -9999 -9999 -9999 -9999 -9999 -9999 -9999 -9999 -9999 -9999 -9999 -9999 -9999 40 11 11 11 11 11 11 11 40 40 40 -9999 42 42 42 42 42 42 42 42 42 42 42 28 69 69 69 -9999 -9999 -9999 -9999 -9999 -9999 -9999 -9999
-9999 -9999 61 61 61 -9999 76 76 76 76 76 76 76 76 76 76 76 76 -9999 -9999 -9999 -9999 -9999 -9999 -9999 -9999 -9999 -9999 -9999 -9999 -9999 -9999 -9999 -9999 86 101 -9999 -9999 -9999 -9999 -9999 -9999 -9999 -9999 -9999 -9999 -9999 -9999 -9999 11 11 11 11 11 11 11 11 40 -9999 42 42 42 42 42 42 42 42 42 42 42 42 11 11 11 69 -9999 -9999 -9999 -9999 -9999 -9999 -9999
-9999 -9999 61 61 61 61 76 76 76 76 76 76 76 76 76 76 76 76 76 76 76 76 -9999 -9999 -9999 -9999 -9999 -9999 -9999 -9999 -9999 121 -9999 110 -9999 -9999 -9999 -9999 -9999 -9999 -9999 -9999 -9999 -9999 -9999 -9999 -9999 -9999 -9999 -9999 -9999 11 11 11 11 11 11 11 -9999 42 42 42 42 42 42 42 42 42 42 42 11 11 11 11 11 -9999 -9999 -9999 -9999 -9999 55 75
-9999 -9999 44 44 44 44 -9999 76 76 76 25 25 76 76 76 76 76 76 76 76 76 76 76 -9999 -9999 -9999 -9999 -9999 -9999 -9999 -9999 -9999 -9999 -9999 -9999 -9999 -9999 -9999 -9999 -9999 -9999 -9999 -9999 -9999 -9999 -9999 -9999 -9999 -9999 -9999 -9999 -9999 -9999 -9999 11 11 11 11 -9999 -9999 42 42 -9999 21 42 42 42 42 42 11 11 11 11 11 11 11 -9999 -9999 -9999 -9999 -9999 99
-9999 -9999 -9999 44 44 44 39 79 79 79 25 25 25 25 25 25 25 25 76 76 76 76 76 76 76 76 -9999 -9999 -9999 -9999 -9999 -9999 -9999 -9999 -9999 -9999 -9999 -9999 -9999 -9999 -9999 -9999 -9999 -9999 -9999 -9999 -9999 -9999 -9999 -9999 -9999 -9999 -9999 -9999 -9999 -9999 -9999 11 11 63 63 -9999 57 13 13 11 11 11 11 11 11 11 11 11 11 11 69 -9999 -9999 -9999 -9999 89
-9999 -9999 -9999 44 44 44 44 -9999 79 76 25 25 25 25 25 25 25 25 25 25 76 76 76 76 76 76 62 62 62 62 62 62 -9999 -9999 -9999 -9999 -9999 -9999 -9999 -9999 -9999 -9999 -9999 -9999 -9999 -9999 -9999 -9999 -9999 -9999 -9999 -9999 -9999 -9999 -9999 -9999 -9999 -9999 63 63 63 63 -9999 -9999 11 11 11 11 11 11 11 11 11 11 11 11 69 -9999 -9999 -9999 -9999 -9999
-9999 -9999 -9999 -9999 -9999 -9999 -9999 -9999 79 76 76 25 25 25 25 25 25 25 25 25 25 76 76 76 76 76 62 62 62 62 62 62 62 -9999 -9999 -9999 -9999 -9999 -9999 -9999 -9999 -9999 -9999 -9999 -9999 -9999 -9999 -9999 -9999 -9999 -9999 -9999 -9999 -9999 -9999 -9999 -9999 -9999 -9999 -9999 63 63 25 54 11 11 11 11 11 11 11 11 11 11 11 11 69 -9999 -9999 -9999 -9999 -9999
-9999 -9999 -9999 -9999 -9999 -9999 -9999 -9999 -9999 25 25 25 -9999 -9999 -9999 -9999 -9999 25 25 25 25 25 25 76 76 76 62 62 62 62 62 62 62 62 -9999 -9999 -9999 -9999 -9999 -9999 -9999 -9999 -9999 -9999 -9999 -9999 -9999 -9999 -9999 -9999 -9999 -9999 -9999 -9999 -9999 -9999 -9999 -9999 -9999 -9999 -9999 34 48 48 69 11 11 11 11 11 11 11 11 11 11 11 69 -9999 -9999 -9999 -9999 -9999
-9999 -9999 -9999 -9999 -9999 -9999 -9999 -9999 -9999 -9999 -9999 -9999 -9999 -9999 -9999 -9999 -9999 25 25 25 25 25 25 27 76 76 76 27 62 62 62 62 62 62 80 80 -9999 -9999 -9999 -9999 -9999 -9999 -9999 -9999 -9999 -9999 -9999 -9999 -9999 -9999 -9999 -9999 -9999 -9999 -9999 -9999 -9999 -9999 -9999 -9999 -9999 -9999 -9999 -9999 -9999 69 69 11 11 11 11 11 11 11 11 69 69 69 -9999 -9999 -9999 -9999
-9999 -9999 -9999 -9999 -9999 -9999 -9999 -9999 -9999 -9999 -9999 -9999 -9999 -9999 -9999 -9999 -9999 -9999 25 25 25 25 27 27 27 27 27 27 27 62 62 62 80 80 80 80 80 -9999 -9999 -9999 -9999 -9999 -9999 -9999 -9999 -9999 -9999 -9999 -9999 -9999 -9999 -9999 -9999 -9999 -9999 -9999 -9999 -9999 -9999 -9999 -9999 -9999 -9999 -9999 -9999 -9999 -9999 -9999 -9999 69 69 69 69 69 69 69 69 69 -9999 -9999 -9999 -9999
-9999 -9999 -9999 -9999 -9999 -9999 -9999 -9999 -9999 -9999 -9999 -9999 -9999 -9999 -9999 -9999 -9999 -9999 25 25 25 25 25 27 27 27 27 27 27 27 62 62 80 80 80 80 80 80 -9999 -9999 -9999 -9999 -9999 -9999 -9999 -9999 -9999 -9999 -9999 -9999 -9999 -9999 -9999 -9999 -9999 -9999 -9999 -9999 -9999 -9999 -9999 -9999 -9999 -9999 -9999 -9999 -9999 -9999 -9999 -9999 69 69 -9999 -9999 -9999 69 69 69 -9999 -9999 -9999 -9999
-9999 -9999 -9999 -9999 -9999 -9999 -9999 -9999 -9999 -9999 -9999 -9999 -9999 -9999 -9999 -9999 -9999 -9999 -9999 -9999 -9999 25 25 72 72 27 27 27 27 38 38 62 80 80 80 80 80 80 80 80 -9999 -9999 -9999 -9999 -9999 -9999 -9999 -9999 -9999 -9999 -9999 -9999 -9999 52 52 -9999 -9999 -9999 -9999 -9999 -9999 -9999 -9999 -9999 -9999 -9999 -9999 -9999 -9999 -9999 -9999 -9999 -9999 -9999 -9999 -9999 -9999 -9999 -9999 -9999 -9999 -9999
-9999 -9999 -9999 -9999 -9999 -9999 -9999 -9999 -9999 -9999 -9999 -9999 -9999 -9999 -9999 -9999 -9999 -9999 -9999 -9999 -9999 25 72 72 72 27 27 27 27 38 38 38 80 80 80 80 80 80 80 80 80 -9999 -9999 -9999 -9999 -9999 -9999 -9999 -9999 -9999 -9999 -9999 52 52 52 52 4 -9999 -9999 -9999 -9999 -9999 -9999 -9999 -9999 -9999 -9999 -9999 -9999 -9999 -9999 -9999 -9999 -9999 -9999 -9999 -9999 -9999 -9999 -9999 -9999 -9999
-9999 -9999 -9999 -9999 -9999 -9999 -9999 -9999 -9999 -9999 -9999 -9999 -9999 -9999 -9999 -9999 -9999 -9999 -9999 -9999 -9999 -9999 -9999 -9999 -9999 -9999 27 27 27 38 38 38 38 38 38 80 80 80 80 80 80 80 -9999 -9999 -9999 -9999 -9999 -9999 -9999 -9999 -9999 -9999 52 52 65 65 4 4 4 -9999 -9999 -9999 -9999 -9999 -9999 -9999 -9999 -9999 -9999 -9999 -9999 -9999 -9999 -9999 -9999 -9999 -9999 -9999 -9999 -9999 -9999 -9999
-9999 -9999 -9999 -9999 -9999 -9999 -9999 -9999 -9999 -9999 -9999 -9999 -9999 -9999 -9999 -9999 -9999 -9999 -9999 -9999 -9999 -9999 -9999 -9999 -9999 -9999 27 27 38 38 38 38 38 38 38 29 29 29 80 80 80 80 80 -9999 -9999 -9999 -9999 -9999 -9999 -9999 65 65 65 65 65 65 4 4 4 4 -9999 -9999 -9999 -9999 -9999 -9999 -9999 -9999 -9999 -9999 -9999 -9999 -9999 -9999 -9999 -9999 -9999 -9999 -9999 -9999 -9999 -9999
-9999 -9999 -9999 -9999 -9999 -9999 -9999 -9999 -9999 -9999 -9999 -9999 -9999 -9999 -9999 -9999 -9999 -9999 -9999 -9999 -9999 -9999 -9999 -9999 -9999 -9999 27 27 27 27 27 38 38 38 29 29 29 29 80 80 80 80 80 85 85 -9999 -9999 -9999 -9999 -9999 -9999 65 65 65 65 4 4 4 4 4 4 -9999 -9999 -9999 -9999 -9999 -9999 -9999 -9999 -9999 -9999 -9999 -9999 -9999 -9999 -9999 -9999 -9999 -9999 -9999 -9999 -9999
-9999 -9999 -9999 -9999 -9999 -9999 -9999 -9999 -9999 -9999 -9999 -9999 -9999 -9999 -9999 -9999 -9999 -9999 -9999 -9999 -9999 -9999 -9999 -9999 -9999 -9999 -9999 27 27 27 27 27 29 29 29 29 29 29 85 85 85 85 85 85 85 85 -9999 -9999 -9999 -9999 -9999 -9999 -9999 65 65 4 4 4 4 4 4 -9999 -9999 -9999 -9999 -9999 -9999 -9999 -9999 -9999 -9999 -9999 -9999 -9999 -9999 -9999 -9999 -9999 -9999 -9999 -9999 -9999
-9999 -9999 -9999 -9999 -9999 -9999 -9999 -9999 -9999 -9999 -9999 -9999 -9999 -9999 -9999 -9999 -9999 -9999 -9999 -9999 -9999 -9999 -9999 -9999 -9999 -9999 -9999 -9999 27 27 27 29 29 29 29 29 29 29 29 85 85 85 85 85 85 85 85 42 42 42 42 42 42 42 65 46 46 4 4 4 4 4 -9999 -9999 -9999 -9999 -9999 -9999 -9999 -9999 -9999 -9999 -9999 -9999 -9999 -9999 -9999 -9999 -9999 -9999 -9999 -9999
-9999 -9999 -9999 -9999 -9999 -9999 -9999 -9999 -9999 -9999 -9999 -9999 -9999 -9999 -9999 -9999 -9999 -9999 -9999 -9999 -9999 -9999 -9999 -9999 -9999 -9999 -9999 -9999 -9999 -9999 27 27 29 29 29 29 29 29 29 85 85 85 85 85 85 85 42 42 42 42 42 42 42 38 46 46 46 46 46 -9999 -9999 -9999 -9999 -9999 -9999 -9999 -9999 -9999 -9999 -9999 -9999 -9999 -9999 -9999 -9999 -9999 -9999 -9999 -9999 -9999 -9999 -9999
-9999 -9999 -9999 -9999 -9999 -9999 -9999 -9999 -9999 -9999 -9999 -9999 -9999 -9999 -9999 -9999 -9999 -9999 -9999 -9999 -9999 -9999 -9999 -9999 -9999 -9999 -9999 -9999 -9999 -9999 -9999 27 27 27 29 29 29 29 29 85 85 85 85 85 85 85 31 31 42 31 42 42 42 62 63 80 46 46 46 -9999 -9999 -9999 -9999 -9999 -9999 -9999 -9999 -9999 -9999 -9999 -9999 -9999 -9999 -9999 -9999 -9999 -9999 -9999 -9999 -9999 -9999 -9999
