04_184A004/ika.asc
ncols 172
nrows 237
xllcorner 610032
yllcorner 6876144
cellsize 16
nodata_value -9999
[rows 185 to 221 of 237, columns 82 to 163 of 172]
-9999 26 26 26 26 26 26 26 26 38 38 38 38 38 38 15 15 15 15 15 15 15 15 15 15 15 35 11 11 12 12 12 12 12 12 12 12 12 12 12 12 12 22 29 31 45 61 63 83 75 45 43 38 48 45 49 67 56 66 61 71 87 74 46 63 -9999 -9999 50 34 40 49 52 42 47 49 -9999 -9999 -9999 -9999 -9999 -9999 -9999
-9999 -9999 -9999 26 26 26 26 26 26 38 38 38 38 39 39 38 15 15 15 15 15 15 15 15 15 15 29 11 11 11 12 12 12 12 12 12 12 12 12 12 12 12 12 12 7 49 70 70 79 62 50 50 50 30 27 34 26 43 39 39 45 60 49 51 52 38 50 -9999 -9999 36 53 44 -9999 -9999 -9999 -9999 -9999 -9999 -9999 -9999 -9999 -9999
-9999 -9999 -9999 -9999 61 61 26 26 38 38 38 38 38 39 39 38 38 38 38 15 39 15 15 15 15 15 15 11 11 11 12 12 12 12 12 12 12 12 12 12 12 12 12 12 12 26 66 76 74 69 60 35 47 21 35 27 29 24 22 19 26 33 68 66 46 49 64 77 67 45 -9999 -9999 -9999 -9999 -9999 -9999 -9999 -9999 -9999 -9999 -9999 -9999
-9999 -9999 -9999 -9999 -9999 -9999 61 61 61 61 61 61 38 39 39 39 39 38 38 39 39 39 15 15 15 15 15 15 11 11 12 12 12 12 12 12 12 12 12 12 12 12 12 12 12 12 10 71 85 57 32 18 24 22 45 27 24 25 16 19 22 21 46 61 44 53 65 65 70 54 43 -9999 -9999 -9999 -9999 -9999 -9999 -9999 -9999 -9999 -9999 -9999
-9999 -9999 -9999 -9999 -9999 -9999 -9999 61 61 61 61 61 61 39 39 39 39 39 39 39 39 39 39 15 15 15 15 15 11 11 11 12 12 12 12 12 12 12 12 12 12 12 12 12 12 12 10 10 41 39 28 31 21 19 21 19 26 18 17 19 22 22 36 48 46 56 44 56 37 71 87 -9999 -9999 -9999 -9999 -9999 -9999 -9999 -9999 -9999 -9999 -9999
-9999 -9999 -9999 -9999 -9999 -9999 -9999 -9999 -9999 61 61 61 61 39 39 39 39 39 39 39 39 39 39 15 15 15 15 15 11 11 11 11 12 12 12 12 12 12 12 12 12 12 12 12 12 10 10 10 10 10 43 45 22 25 24 17 23 18 22 21 22 19 34 39 43 46 55 47 48 52 46 -9999 -9999 -9999 -9999 -9999 -9999 -9999 -9999 -9999 -9999 -9999
-9999 -9999 -9999 -9999 -9999 -9999 -9999 -9999 -9999 -9999 61 61 61 39 39 39 39 39 39 39 39 39 39 15 15 15 15 39 11 11 11 11 11 12 12 12 12 12 12 12 12 12 12 12 12 10 10 10 10 10 10 21 26 29 21 17 16 17 20 26 27 25 26 41 47 33 41 48 65 41 48 -9999 -9999 -9999 -9999 -9999 -9999 -9999 -9999 -9999 -9999 -9999
-9999 -9999 -9999 -9999 -9999 -9999 -9999 -9999 -9999 -9999 -9999 -9999 61 39 39 39 39 39 39 39 39 39 39 15 15 15 15 11 11 11 11 11 11 12 12 12 12 12 12 12 12 12 12 12 11 10 10 10 10 10 10 11 42 35 24 19 16 17 26 26 19 30 34 37 44 42 42 57 58 45 47 -9999 -9999 -9999 -9999 -9999 -9999 -9999 -9999 -9999 -9999 -9999
-9999 -9999 -9999 -9999 -9999 -9999 -9999 -9999 -9999 -9999 -9999 -9999 -9999 -9999 61 39 39 39 39 39 39 39 39 39 15 15 11 11 11 11 11 11 11 11 11 11 11 11 11 11 12 11 11 11 11 10 10 10 10 10 10 11 11 11 33 22 17 17 26 22 21 19 22 44 56 51 56 66 56 51 52 -9999 -9999 -9999 -9999 -9999 -9999 -9999 -9999 -9999 -9999 -9999
-9999 -9999 -9999 -9999 -9999 -9999 -9999 -9999 -9999 -9999 -9999 -9999 -9999 -9999 -9999 -9999 39 39 39 39 39 39 39 39 39 15 31 11 11 11 11 11 11 11 11 11 11 11 11 11 11 11 11 11 10 10 10 10 10 10 10 11 11 11 11 34 19 18 27 28 24 26 29 29 45 33 43 37 52 52 43 -9999 -9999 -9999 -9999 -9999 -9999 -9999 -9999 -9999 -9999 -9999
-9999 -9999 -9999 -9999 -9999 -9999 -9999 -9999 -9999 -9999 -9999 -9999 -9999 -9999 -9999 -9999 -9999 39 39 39 39 39 39 39 39 39 46 11 11 11 11 11 11 11 11 11 11 11 11 11 11 11 11 11 10 10 10 10 10 10 52 52 11 11 11 11 11 19 22 19 21 29 33 27 68 29 42 50 49 48 45 -9999 -9999 -9999 -9999 -9999 -9999 -9999 -9999 -9999 -9999 -9999
-9999 -9999 -9999 -9999 -9999 -9999 -9999 -9999 -9999 -9999 -9999 -9999 -9999 -9999 -9999 -9999 -9999 -9999 -9999 54 54 54 54 39 39 39 39 11 11 11 11 11 11 11 11 11 11 11 11 11 11 11 11 11 10 10 10 10 10 52 52 52 11 11 11 11 11 11 14 17 17 25 25 26 33 46 69 82 57 58 49 -9999 -9999 -9999 -9999 -9999 -9999 -9999 -9999 -9999 -9999 -9999
-9999 -9999 -9999 -9999 -9999 -9999 -9999 -9999 -9999 -9999 -9999 -9999 -9999 -9999 -9999 -9999 -9999 -9999 -9999 -9999 -9999 54 54 54 54 39 39 39 72 11 11 11 11 11 11 11 11 11 11 11 11 11 11 11 10 10 10 10 52 0 0 52 52 11 11 11 11 11 11 11 14 16 16 19 43 61 85 91 86 71 85 -9999 -9999 -9999 -9999 -9999 -9999 -9999 -9999 -9999 -9999 -9999
-9999 -9999 -9999 -9999 -9999 -9999 -9999 -9999 -9999 -9999 -9999 -9999 -9999 -9999 -9999 -9999 -9999 -9999 -9999 -9999 -9999 -9999 -9999 54 54 54 54 54 39 39 39 10 83 62 48 37 57 11 11 11 11 11 11 11 10 10 10 10 52 0 0 0 52 11 11 11 11 11 11 11 11 13 13 16 27 80 56 72 87 92 71 -9999 -9999 -9999 -9999 -9999 -9999 -9999 -9999 -9999 -9999 -9999
-9999 -9999 -9999 -9999 -9999 -9999 -9999 -9999 -9999 -9999 -9999 -9999 -9999 -9999 -9999 -9999 -9999 -9999 -9999 -9999 -9999 -9999 -9999 -9999 -9999 54 54 54 54 54 54 54 10 10 10 10 10 11 11 11 11 11 11 11 10 10 10 10 52 0 0 0 52 11 11 11 11 11 11 11 11 11 11 15 25 60 58 76 91 74 48 -9999 -9999 -9999 -9999 -9999 -9999 -9999 -9999 -9999 -9999 -9999
-9999 -9999 -9999 -9999 -9999 -9999 -9999 -9999 -9999 -9999 -9999 -9999 -9999 -9999 -9999 -9999 -9999 -9999 -9999 -9999 -9999 -9999 -9999 -9999 -9999 5 -9999 54 54 54 54 54 54 10 10 10 10 10 10 11 11 11 11 11 10 10 10 11 52 52 0 0 52 11 11 11 11 11 11 11 11 11 11 11 16 43 56 60 67 -9999 -9999 -9999 -9999 -9999 -9999 -9999 -9999 -9999 -9999 -9999 -9999 -9999
-9999 -9999 -9999 -9999 -9999 -9999 -9999 -9999 -9999 -9999 -9999 -9999 -9999 -9999 -9999 -9999 -9999 -9999 -9999 -9999 -9999 -9999 -9999 -9999 -9999 -9999 58 -9999 -9999 54 54 54 54 54 54 54 10 10 10 10 10 30 11 11 11 11 11 11 11 52 0 0 52 11 11 11 11 11 11 11 11 11 11 11 11 11 59 66 -9999 -9999 -9999 -9999 -9999 -9999 -9999 -9999 -9999 -9999 -9999 -9999 -9999 -9999
-9999 -9999 -9999 -9999 -9999 -9999 -9999 -9999 -9999 -9999 -9999 -9999 -9999 -9999 -9999 -9999 -9999 -9999 -9999 -9999 -9999 -9999 -9999 -9999 -9999 -9999 -9999 -9999 58 -9999 54 54 54 54 54 54 54 54 54 10 10 10 10 11 11 11 11 11 11 52 0 0 0 52 11 11 11 11 11 11 11 11 11 11 11 11 11 -9999 -9999 -9999 -9999 -9999 -9999 -9999 -9999 -9999 -9999 -9999 -9999 -9999 -9999 -9999
-9999 -9999 -9999 -9999 -9999 -9999 -9999 -9999 -9999 -9999 -9999 -9999 -9999 -9999 -9999 -9999 -9999 -9999 -9999 -9999 -9999 -9999 -9999 -9999 -9999 -9999 -9999 -9999 -9999 58 -9999 54 54 54 54 54 54 54 54 54 10 10 10 10 25 11 11 11 11 11 0 0 0 52 11 11 11 11 11 11 11 11 11 11 11 11 11 -9999 -9999 -9999 -9999 -9999 -9999 -9999 -9999 -9999 -9999 -9999 -9999 -9999 -9999 -9999
-9999 -9999 -9999 -9999 -9999 -9999 -9999 -9999 -9999 -9999 -9999 -9999 -9999 -9999 -9999 -9999 -9999 -9999 -9999 -9999 -9999 -9999 -9999 -9999 -9999 -9999 -9999 -9999 -9999 -9999 -9999 -9999 54 54 54 54 54 54 54 54 54 10 10 10 28 11 11 11 11 11 0 0 0 0 52 11 11 11 11 11 11 11 11 11 11 11 11 -9999 -9999 -9999 -9999 -9999 -9999 -9999 -9999 -9999 -9999 -9999 -9999 -9999 -9999 -9999
-9999 -9999 -9999 -9999 -9999 -9999 -9999 -9999 -9999 -9999 -9999 -9999 -9999 -9999 -9999 -9999 -9999 -9999 -9999 -9999 -9999 -9999 -9999 -9999 -9999 -9999 -9999 -9999 -9999 -9999 -9999 -9999 -9999 54 54 54 54 54 54 54 54 10 10 11 11 11 11 11 11 11 11 0 0 0 52 52 11 11 11 11 11 11 11 11 11 11 11 -9999 -9999 -9999 -9999 -9999 -9999 -9999 -9999 -9999 -9999 -9999 -9999 -9999 -9999 -9999
-9999 -9999 -9999 -9999 -9999 -9999 -9999 -9999 -9999 -9999 -9999 -9999 -9999 -9999 -9999 -9999 -9999 -9999 -9999 -9999 -9999 -9999 -9999 -9999 -9999 -9999 -9999 -9999 -9999 -9999 -9999 -9999 -9999 -9999 54 54 54 54 54 54 34 34 11 11 11 11 11 11 11 11 11 52 0 0 52 52 11 11 11 11 11 11 11 11 11 11 11 -9999 -9999 -9999 -9999 -9999 -9999 -9999 -9999 -9999 -9999 -9999 -9999 -9999 -9999 -9999
-9999 -9999 -9999 -9999 -9999 -9999 -9999 -9999 -9999 -9999 -9999 -9999 -9999 -9999 -9999 -9999 -9999 -9999 -9999 -9999 -9999 -9999 -9999 -9999 -9999 -9999 -9999 -9999 -9999 -9999 -9999 -9999 -9999 -9999 58 -9999 54 54 54 34 34 45 11 11 11 17 17 17 17 11 11 11 52 52 52 52 11 11 11 11 11 11 11 11 11 11 11 -9999 -9999 -9999 -9999 -9999 -9999 -9999 -9999 -9999 -9999 -9999 -9999 -9999 -9999 -9999
-9999 -9999 -9999 -9999 -9999 -9999 -9999 -9999 -9999 -9999 -9999 -9999 -9999 -9999 -9999 -9999 -9999 -9999 -9999 -9999 -9999 -9999 -9999 -9999 -9999 -9999 -9999 -9999 -9999 -9999 -9999 -9999 -9999 -9999 -9999 24 -9999 54 34 34 34 32 17 17 17 17 17 17 17 17 11 11 11 52 52 11 11 11 11 11 11 11 11 11 11 11 11 -9999 -9999 -9999 -9999 -9999 -9999 -9999 -9999 -9999 -9999 -9999 -9999 -9999 -9999 -9999
-9999 -9999 -9999 -9999 -9999 -9999 -9999 -9999 -9999 -9999 -9999 -9999 -9999 -9999 -9999 -9999 -9999 -9999 -9999 -9999 -9999 -9999 -9999 -9999 -9999 -9999 -9999 -9999 -9999 -9999 -9999 -9999 -9999 -9999 -9999 24 24 -9999 34 34 34 34 17 17 17 17 17 17 17 17 19 19 11 52 11 11 11 11 11 11 11 11 11 23 23 23 23 -9999 -9999 -9999 -9999 -9999 -9999 -9999 -9999 -9999 -9999 -9999 -9999 -9999 -9999 -9999
-9999 -9999 -9999 -9999 -9999 -9999 -9999 -9999 -9999 -9999 -9999 -9999 -9999 -9999 -9999 -9999 -9999 -9999 -9999 -9999 -9999 -9999 -9999 -9999 -9999 -9999 -9999 -9999 -9999 -9999 -9999 -9999 -9999 -9999 24 24 24 24 -9999 34 34 28 17 17 17 17 17 61 17 17 19 19 19 19 19 19 11 11 11 11 11 11 23 23 23 23 23 -9999 -9999 -9999 -9999 -9999 -9999 -9999 -9999 -9999 -9999 -9999 -9999 -9999 -9999 -9999
-9999 -9999 -9999 -9999 -9999 -9999 -9999 -9999 -9999 -9999 -9999 -9999 -9999 -9999 -9999 -9999 -9999 -9999 -9999 -9999 -9999 -9999 -9999 -9999 -9999 -9999 -9999 -9999 -9999 -9999 -9999 -9999 -9999 24 24 24 24 24 24 38 34 17 17 17 17 17 61 61 61 17 19 19 19 19 19 19 19 19 11 11 11 23 23 23 23 23 23 -9999 -9999 -9999 -9999 -9999 -9999 -9999 -9999 -9999 -9999 -9999 -9999 -9999 -9999 -9999
-9999 -9999 -9999 -9999 -9999 -9999 -9999 -9999 -9999 -9999 -9999 -9999 -9999 -9999 -9999 -9999 -9999 -9999 -9999 -9999 -9999 -9999 -9999 -9999 -9999 -9999 -9999 -9999 -9999 -9999 -9999 -9999 -9999 24 24 24 24 24 24 42 29 17 17 17 17 61 61 61 61 61 19 19 19 19 19 19 19 19 23 23 23 23 23 23 23 23 23 -9999 -9999 -9999 -9999 -9999 -9999 -9999 -9999 -9999 -9999 -9999 -9999 -9999 -9999 -9999
-9999 -9999 -9999 -9999 -9999 -9999 -9999 -9999 -9999 -9999 -9999 -9999 -9999 -9999 -9999 -9999 -9999 -9999 -9999 -9999 -9999 -9999 -9999 -9999 -9999 -9999 -9999 -9999 -9999 -9999 -9999 -9999 24 24 24 24 24 24 24 17 17 -9999 17 17 61 61 61 61 61 61 61 19 19 19 19 19 23 23 23 23 23 23 23 23 23 23 23 23 -9999 -9999 -9999 -9999 -9999 -9999 -9999 -9999 -9999 -9999 -9999 -9999 -9999 -9999
-9999 -9999 -9999 -9999 -9999 -9999 -9999 -9999 -9999 -9999 -9999 -9999 -9999 -9999 -9999 -9999 -9999 -9999 -9999 -9999 -9999 -9999 -9999 -9999 -9999 -9999 -9999 -9999 -9999 -9999 -9999 24 24 24 24 24 24 24 56 17 17 17 17 -9999 -9999 61 61 61 61 61 61 61 61 19 19 19 23 23 23 23 23 23 23 23 23 23 23 23 -9999 -9999 -9999 -9999 -9999 -9999 -9999 -9999 -9999 -9999 -9999 -9999 -9999 -9999
-9999 -9999 -9999 -9999 -9999 -9999 -9999 -9999 -9999 -9999 -9999 -9999 -9999 -9999 -9999 -9999 -9999 -9999 -9999 -9999 -9999 -9999 -9999 -9999 -9999 -9999 -9999 -9999 -9999 -9999 24 24 24 24 24 24 24 24 77 64 17 17 17 49 49 45 -9999 61 61 61 61 -9999 -9999 19 19 19 23 23 23 23 23 23 23 23 11 11 11 -9999 -9999 -9999 -9999 -9999 -9999 -9999 -9999 -9999 -9999 -9999 -9999 -9999 -9999 -9999
-9999 -9999 -9999 -9999 -9999 -9999 -9999 -9999 -9999 -9999 -9999 -9999 -9999 -9999 -9999 -9999 -9999 -9999 -9999 -9999 -9999 -9999 -9999 -9999 -9999 -9999 -9999 -9999 -9999 -9999 24 24 24 24 24 24 24 75 76 70 59 28 49 49 49 49 49 49 -9999 -9999 -9999 61 61 -9999 19 23 23 23 23 23 23 23 23 23 11 11 11 -9999 -9999 -9999 -9999 -9999 -9999 -9999 -9999 -9999 -9999 -9999 -9999 -9999 -9999 -9999
-9999 -9999 -9999 -9999 -9999 -9999 -9999 -9999 -9999 -9999 -9999 -9999 -9999 -9999 -9999 -9999 -9999 -9999 -9999 -9999 -9999 -9999 -9999 -9999 -9999 -9999 -9999 -9999 -9999 24 24 24 24 24 55 81 69 75 70 65 69 81 29 49 49 49 49 49 49 21 16 -9999 61 61 19 19 23 23 23 23 23 23 45 45 11 11 11 -9999 -9999 -9999 -9999 -9999 -9999 -9999 -9999 -9999 -9999 -9999 -9999 -9999 -9999 -9999
-9999 -9999 -9999 -9999 -9999 -9999 -9999 -9999 -9999 -9999 -9999 -9999 -9999 -9999 -9999 -9999 -9999 -9999 -9999 -9999 -9999 -9999 -9999 -9999 -9999 -9999 -9999 -9999 -9999 -9999 62 66 75 75 70 78 70 75 70 69 61 63 62 41 49 49 21 21 21 21 21 21 21 27 19 19 19 11 45 45 45 45 45 45 45 11 11 -9999 -9999 -9999 -9999 -9999 -9999 -9999 -9999 -9999 -9999 -9999 -9999 -9999 -9999 -9999
-9999 -9999 -9999 -9999 -9999 -9999 -9999 -9999 -9999 -9999 -9999 -9999 -9999 -9999 -9999 -9999 -9999 -9999 -9999 -9999 -9999 -9999 -9999 -9999 -9999 -9999 -9999 -9999 -9999 -9999 68 70 76 79 78 72 62 77 81 76 68 77 70 77 47 49 21 21 21 21 21 21 21 21 20 19 19 11 11 45 45 45 45 45 45 11 11 -9999 -9999 -9999 -9999 -9999 -9999 -9999 -9999 -9999 -9999 -9999 -9999 -9999 -9999 -9999
-9999 -9999 -9999 -9999 -9999 -9999 -9999 -9999 -9999 -9999 -9999 -9999 -9999 -9999 -9999 -9999 -9999 -9999 -9999 -9999 -9999 -9999 -9999 -9999 -9999 -9999 -9999 -9999 -9999 -9999 -9999 63 59 59 52 74 62 65 69 76 69 71 79 82 94 43 21 21 21 21 21 36 36 21 21 18 19 11 11 11 45 45 45 45 11 11 11 -9999 -9999 -9999 -9999 -9999 -9999 -9999 -9999 -9999 -9999 -9999 -9999 -9999 -9999 -9999
-9999 -9999 -9999 -9999 -9999 -9999 -9999 -9999 -9999 -9999 -9999 -9999 -9999 -9999 -9999 -9999 -9999 -9999 -9999 -9999 -9999 -9999 -9999 -9999 -9999 -9999 -9999 -9999 -9999 -9999 -9999 -9999 68 59 67 66 69 71 76 77 69 69 74 77 75 84 30 21 21 21 36 36 36 21 21 21 47 14 11 11 11 11 11 11 11 11 -9999 -9999 -9999 -9999 -9999 -9999 -9999 -9999 -9999 -9999 -9999 -9999 -9999 -9999 -9999 -9999
