04_184A004/keskipituus.asc
ncols 172
nrows 237
xllcorner 610032
yllcorner 6876144
cellsize 16
nodata_value -9999
[rows 36 to 71 of 237, columns 81 to 161 of 172]
45 45 45 45 45 4 4 4 4 221 228 228 228 228 228 228 228 228 228 228 228 228 228 228 228 228 228 228 228 228 228 -9999 189 189 189 189 -9999 -9999 8 26 38 11 -9999 -9999 -9999 -9999 -9999 -9999 -9999 -9999 -9999 -9999 -9999 -9999 -9999 -9999 -9999 -9999 -9999 -9999 -9999 -9999 -9999 -9999 -9999 -9999 -9999 -9999 -9999 -9999 -9999 -9999 -9999 -9999 -9999 -9999 -9999 -9999 -9999 -9999 -9999
4 45 45 45 45 4 4 4 221 221 221 228 228 228 228 228 228 228 228 228 228 228 228 228 233 233 228 228 228 228 228 -9999 189 189 189 189 189 -9999 10 -9999 -9999 -9999 -9999 -9999 -9999 -9999 -9999 -9999 -9999 -9999 -9999 -9999 -9999 -9999 -9999 -9999 -9999 -9999 -9999 -9999 -9999 -9999 -9999 -9999 -9999 -9999 -9999 -9999 -9999 -9999 -9999 -9999 -9999 -9999 -9999 -9999 -9999 -9999 -9999 -9999 -9999
4 4 45 45 4 4 4 221 221 221 221 221 228 228 228 228 228 228 228 228 228 228 233 233 233 233 233 228 228 228 228 -9999 189 189 189 189 189 189 -9999 -9999 -9999 -9999 -9999 -9999 -9999 -9999 -9999 -9999 -9999 -9999 -9999 -9999 -9999 -9999 -9999 -9999 -9999 -9999 -9999 -9999 -9999 -9999 -9999 -9999 -9999 -9999 -9999 -9999 -9999 -9999 -9999 -9999 -9999 -9999 -9999 -9999 -9999 -9999 -9999 -9999 -9999
4 4 4 4 4 221 221 221 221 221 221 221 228 228 228 228 228 228 228 228 228 228 233 233 233 233 233 233 233 228 228 -9999 189 189 189 189 189 189 -9999 -9999 -9999 -9999 -9999 -9999 -9999 -9999 -9999 -9999 -9999 -9999 -9999 -9999 -9999 -9999 -9999 -9999 -9999 -9999 -9999 -9999 -9999 -9999 -9999 -9999 -9999 -9999 -9999 -9999 -9999 -9999 -9999 -9999 -9999 -9999 -9999 -9999 -9999 -9999 -9999 -9999 -9999
4 4 4 4 159 221 221 221 221 221 221 221 221 228 228 228 228 228 228 228 228 228 228 233 233 233 233 233 228 228 -9999 227 227 227 189 189 189 -9999 -9999 -9999 -9999 -9999 -9999 -9999 -9999 -9999 -9999 -9999 -9999 -9999 -9999 -9999 -9999 -9999 -9999 -9999 -9999 -9999 -9999 -9999 -9999 -9999 -9999 -9999 -9999 -9999 -9999 -9999 -9999 -9999 -9999 -9999 -9999 -9999 -9999 -9999 -9999 -9999 -9999 -9999 -9999
4 4 4 159 159 221 221 221 221 221 221 221 221 221 228 228 228 228 228 228 228 228 233 233 233 233 233 228 228 -9999 227 227 227 227 189 189 189 -9999 -9999 -9999 -9999 -9999 -9999 -9999 -9999 -9999 -9999 -9999 -9999 -9999 -9999 -9999 -9999 -9999 -9999 -9999 -9999 -9999 -9999 -9999 -9999 -9999 -9999 -9999 -9999 -9999 -9999 -9999 -9999 -9999 -9999 -9999 -9999 -9999 -9999 -9999 -9999 -9999 -9999 -9999 -9999
4 4 159 159 159 159 159 221 221 221 221 221 221 221 221 228 228 228 228 228 228 217 233 233 233 233 233 233 -9999 227 227 227 227 227 227 189 189 -9999 -9999 -9999 -9999 -9999 -9999 -9999 -9999 -9999 -9999 -9999 -9999 -9999 -9999 -9999 -9999 -9999 -9999 -9999 -9999 -9999 -9999 -9999 -9999 -9999 -9999 -9999 -9999 -9999 -9999 -9999 -9999 -9999 -9999 -9999 -9999 -9999 -9999 -9999 -9999 -9999 -9999 -9999 -9999
4 52 159 159 159 159 159 221 221 221 221 221 221 221 221 221 228 228 228 228 228 217 217 217 217 233 233 -9999 227 227 227 227 227 227 189 189 -9999 -9999 -9999 -9999 -9999 -9999 -9999 -9999 -9999 -9999 -9999 -9999 -9999 -9999 -9999 -9999 -9999 -9999 -9999 -9999 -9999 -9999 -9999 -9999 -9999 -9999 -9999 -9999 -9999 -9999 -9999 -9999 -9999 -9999 -9999 -9999 -9999 -9999 -9999 -9999 -9999 -9999 -9999 -9999 -9999
52 52 52 159 159 159 159 221 221 221 221 221 221 221 221 221 228 228 228 217 217 217 217 217 228 228 -9999 227 227 227 227 227 227 227 123 123 -9999 -9999 -9999 -9999 -9999 -9999 -9999 -9999 -9999 -9999 -9999 -9999 -9999 -9999 -9999 -9999 -9999 -9999 -9999 -9999 -9999 -9999 -9999 -9999 -9999 -9999 -9999 -9999 -9999 -9999 -9999 -9999 -9999 -9999 -9999 -9999 -9999 -9999 -9999 -9999 -9999 -9999 -9999 -9999 -9999
52 52 52 159 159 159 159 159 221 221 221 221 221 217 217 221 221 228 228 217 217 228 228 228 228 228 216 227 227 227 227 227 227 123 123 123 123 -9999 -9999 -9999 -9999 -9999 -9999 -9999 -9999 -9999 -9999 -9999 -9999 -9999 -9999 -9999 -9999 -9999 -9999 -9999 -9999 -9999 -9999 -9999 -9999 -9999 -9999 -9999 -9999 -9999 -9999 -9999 -9999 -9999 -9999 -9999 -9999 -9999 -9999 -9999 -9999 -9999 -9999 -9999 -9999
52 52 52 52 159 159 159 221 221 221 221 221 221 217 217 217 217 217 217 217 217 228 228 228 228 167 227 227 227 227 227 227 123 123 123 4 4 4 -9999 -9999 -9999 -9999 -9999 -9999 -9999 -9999 -9999 -9999 -9999 -9999 -9999 -9999 -9999 -9999 -9999 -9999 -9999 -9999 -9999 -9999 -9999 -9999 -9999 -9999 -9999 -9999 -9999 -9999 -9999 -9999 -9999 -9999 -9999 -9999 -9999 -9999 -9999 -9999 -9999 -9999 -9999
52 52 52 52 52 159 159 221 221 221 221 221 221 217 217 217 217 217 217 217 228 228 228 228 228 84 227 227 227 227 227 123 123 123 4 4 4 4 4 4 -9999 -9999 -9999 -9999 -9999 5 -9999 -9999 -9999 -9999 -9999 -9999 -9999 -9999 -9999 -9999 -9999 -9999 -9999 -9999 -9999 -9999 -9999 -9999 -9999 -9999 -9999 -9999 -9999 -9999 -9999 -9999 -9999 -9999 -9999 -9999 -9999 -9999 -9999 -9999 -9999
52 52 52 52 52 52 159 159 221 221 221 221 217 217 217 217 217 217 217 217 228 228 228 7 7 7 227 227 227 123 123 123 123 123 4 4 4 4 4 180 180 -9999 -9999 10 -9999 -9999 -9999 -9999 -9999 -9999 -9999 -9999 -9999 -9999 -9999 -9999 -9999 -9999 -9999 -9999 -9999 -9999 -9999 -9999 -9999 -9999 -9999 -9999 -9999 -9999 -9999 -9999 -9999 -9999 -9999 -9999 -9999 -9999 -9999 -9999 -9999
124 124 124 124 52 124 159 159 221 221 217 217 217 217 217 217 217 217 217 217 217 7 7 7 7 7 -9999 227 227 123 123 123 123 123 4 4 4 4 4 180 180 180 180 5 -9999 -9999 -9999 -9999 -9999 -9999 -9999 -9999 -9999 -9999 -9999 -9999 -9999 -9999 -9999 -9999 -9999 -9999 -9999 -9999 -9999 -9999 -9999 -9999 -9999 -9999 -9999 -9999 -9999 -9999 -9999 -9999 -9999 -9999 -9999 -9999 -9999
124 124 124 124 124 124 124 44 44 44 217 217 217 217 217 217 217 217 217 217 7 7 7 7 7 7 -9999 227 227 123 123 123 123 123 4 4 4 4 4 180 180 180 -9999 -9999 -9999 -9999 -9999 -9999 -9999 -9999 -9999 -9999 -9999 -9999 -9999 -9999 -9999 -9999 -9999 -9999 -9999 -9999 -9999 -9999 -9999 -9999 -9999 -9999 -9999 -9999 -9999 -9999 -9999 -9999 -9999 -9999 -9999 -9999 -9999 -9999 -9999
218 218 124 124 124 124 44 44 44 44 44 217 174 174 174 174 174 174 174 174 7 7 7 7 7 7 7 -9999 227 123 123 123 123 123 4 4 186 186 4 180 180 -9999 -9999 -9999 -9999 -9999 -9999 -9999 -9999 -9999 -9999 -9999 -9999 -9999 -9999 -9999 -9999 -9999 -9999 -9999 -9999 -9999 -9999 -9999 -9999 -9999 -9999 -9999 -9999 -9999 -9999 -9999 -9999 -9999 -9999 -9999 -9999 -9999 -9999 -9999 -9999
218 218 126 126 126 44 44 44 44 44 44 44 174 174 174 174 174 174 174 174 174 7 7 7 7 7 7 11 8 8 8 123 186 186 186 186 186 186 186 142 -9999 -9999 -9999 -9999 -9999 -9999 -9999 -9999 -9999 -9999 -9999 -9999 -9999 -9999 -9999 -9999 -9999 -9999 -9999 -9999 -9999 -9999 -9999 -9999 -9999 -9999 -9999 -9999 -9999 -9999 -9999 -9999 -9999 -9999 -9999 -9999 -9999 -9999 -9999 -9999 -9999
218 218 126 126 126 126 126 44 44 44 44 44 174 174 174 174 174 174 174 174 174 209 209 8 8 8 8 8 -9999 8 8 186 186 186 186 186 186 186 142 142 142 -9999 -9999 -9999 -9999 -9999 -9999 -9999 -9999 -9999 -9999 -9999 -9999 -9999 -9999 -9999 -9999 -9999 -9999 -9999 -9999 -9999 -9999 -9999 -9999 -9999 -9999 -9999 -9999 -9999 -9999 -9999 -9999 -9999 -9999 -9999 -9999 -9999 -9999 -9999 -9999
218 126 126 126 126 126 126 126 44 44 44 174 174 174 174 174 174 174 209 209 209 209 209 8 8 8 8 8 -9999 8 8 186 186 186 186 186 186 119 119 119 142 142 142 -9999 -9999 -9999 -9999 -9999 -9999 -9999 -9999 -9999 -9999 -9999 -9999 -9999 -9999 -9999 -9999 -9999 -9999 -9999 -9999 -9999 -9999 -9999 -9999 -9999 -9999 -9999 -9999 -9999 -9999 -9999 -9999 -9999 -9999 -9999 -9999 -9999 -9999
126 126 126 126 126 126 126 126 126 44 44 44 174 174 174 174 174 174 209 209 209 8 8 8 8 8 8 8 -9999 8 8 8 186 186 186 186 119 119 119 119 119 142 -9999 -9999 -9999 -9999 -9999 -9999 -9999 -9999 -9999 -9999 -9999 -9999 -9999 -9999 -9999 -9999 -9999 -9999 -9999 -9999 -9999 -9999 -9999 -9999 -9999 -9999 -9999 -9999 -9999 -9999 -9999 -9999 -9999 -9999 -9999 -9999 -9999 -9999 -9999
126 126 126 126 126 126 126 126 126 126 44 44 44 174 174 174 174 174 209 209 8 8 8 8 8 8 8 8 -9999 8 8 8 186 186 186 186 240 240 240 119 119 119 -9999 -9999 -9999 -9999 -9999 -9999 -9999 -9999 -9999 -9999 -9999 -9999 -9999 -9999 -9999 -9999 -9999 -9999 -9999 -9999 -9999 -9999 -9999 -9999 -9999 -9999 -9999 -9999 -9999 -9999 -9999 -9999 -9999 -9999 -9999 -9999 -9999 -9999 -9999
126 126 126 126 126 126 126 126 126 126 44 44 44 44 174 174 174 209 8 8 8 8 8 8 8 8 8 8 8 8 8 8 8 186 186 240 240 133 240 240 119 119 -9999 -9999 -9999 -9999 -9999 -9999 -9999 -9999 -9999 -9999 -9999 -9999 -9999 -9999 -9999 -9999 -9999 -9999 -9999 -9999 -9999 -9999 -9999 -9999 -9999 -9999 -9999 -9999 -9999 -9999 -9999 -9999 -9999 -9999 -9999 -9999 -9999 -9999 -9999
-9999 126 126 126 126 126 126 126 126 44 44 44 44 44 44 174 174 209 8 8 8 8 8 8 8 8 8 -9999 8 8 8 8 8 186 240 240 240 133 133 240 240 119 -9999 -9999 -9999 -9999 -9999 -9999 -9999 -9999 -9999 -9999 -9999 -9999 -9999 -9999 -9999 -9999 -9999 -9999 -9999 -9999 -9999 -9999 -9999 -9999 -9999 -9999 -9999 -9999 -9999 -9999 -9999 -9999 -9999 -9999 -9999 -9999 -9999 -9999 -9999
154 154 -9999 126 126 126 126 126 126 44 44 44 44 221 221 221 221 209 8 8 8 8 6 -9999 -9999 -9999 8 8 8 8 8 8 8 186 240 240 240 133 133 133 240 240 -9999 -9999 -9999 -9999 -9999 -9999 -9999 -9999 -9999 -9999 -9999 -9999 -9999 -9999 -9999 -9999 -9999 -9999 -9999 -9999 -9999 -9999 -9999 -9999 -9999 -9999 -9999 -9999 -9999 -9999 -9999 -9999 -9999 -9999 -9999 -9999 -9999 -9999 -9999
154 154 154 -9999 126 126 126 126 126 44 44 44 221 221 221 221 221 221 -9999 -9999 -9999 180 8 8 8 8 8 8 8 8 186 186 186 240 240 9 9 9 133 133 133 240 -9999 -9999 -9999 -9999 -9999 -9999 -9999 -9999 -9999 -9999 -9999 -9999 -9999 -9999 -9999 -9999 -9999 -9999 -9999 -9999 -9999 -9999 -9999 -9999 -9999 -9999 -9999 -9999 -9999 -9999 -9999 -9999 -9999 -9999 -9999 -9999 -9999 -9999 -9999
200 154 154 154 -9999 99 126 126 126 126 44 44 44 209 -9999 -9999 -9999 221 180 180 180 180 8 8 8 8 8 8 8 186 186 186 240 9 9 9 9 9 9 133 133 133 240 -9999 -9999 -9999 -9999 -9999 -9999 -9999 -9999 -9999 -9999 -9999 -9999 -9999 -9999 -9999 -9999 -9999 -9999 -9999 -9999 -9999 -9999 -9999 -9999 -9999 -9999 -9999 -9999 -9999 -9999 -9999 -9999 -9999 -9999 -9999 -9999 -9999 -9999
154 154 154 154 -9999 154 -9999 -9999 -9999 -9999 -9999 -9999 79 221 221 221 221 221 180 180 126 126 126 126 8 186 186 8 186 186 186 186 9 9 9 9 9 9 9 133 133 133 133 133 -9999 -9999 -9999 -9999 -9999 -9999 -9999 -9999 -9999 -9999 -9999 -9999 -9999 -9999 -9999 -9999 -9999 -9999 -9999 -9999 -9999 -9999 -9999 -9999 -9999 -9999 -9999 -9999 -9999 -9999 -9999 -9999 -9999 -9999 -9999 -9999 -9999
154 154 154 -9999 154 154 154 154 59 59 59 59 59 221 221 59 59 180 180 180 126 126 126 126 186 186 186 186 186 186 186 9 9 9 9 9 9 9 9 133 133 133 133 133 133 240 119 119 119 119 119 119 -9999 -9999 -9999 -9999 -9999 -9999 -9999 -9999 -9999 -9999 -9999 -9999 -9999 -9999 -9999 -9999 -9999 -9999 -9999 -9999 -9999 -9999 -9999 -9999 -9999 -9999 -9999 -9999 -9999
154 154 -9999 154 154 154 154 59 59 59 59 59 59 59 59 59 59 180 180 180 126 126 126 126 126 186 186 186 108 108 9 9 9 9 9 9 9 9 9 9 255 255 133 133 133 133 119 119 119 119 119 8 -9999 -9999 -9999 -9999 -9999 -9999 -9999 -9999 -9999 -9999 -9999 -9999 -9999 -9999 -9999 -9999 -9999 -9999 -9999 -9999 -9999 -9999 -9999 -9999 -9999 -9999 -9999 -9999 -9999
154 154 24 154 154 154 154 59 59 59 186 59 59 59 59 59 59 180 180 180 126 126 126 126 126 186 186 108 108 108 9 9 9 9 9 9 9 9 9 9 255 255 255 255 255 255 119 119 119 225 225 -9999 -9999 -9999 -9999 -9999 -9999 -9999 -9999 -9999 -9999 -9999 -9999 -9999 -9999 -9999 -9999 -9999 -9999 -9999 -9999 -9999 -9999 -9999 -9999 -9999 -9999 -9999 -9999 -9999 -9999
154 -9999 40 40 40 40 40 40 40 186 186 186 186 59 59 186 180 180 180 114 126 126 126 126 126 108 108 108 108 9 9 9 9 9 9 9 9 9 9 255 255 255 255 255 225 225 225 225 225 225 225 -9999 -9999 -9999 -9999 -9999 -9999 -9999 -9999 -9999 -9999 -9999 -9999 -9999 -9999 -9999 -9999 -9999 -9999 -9999 -9999 -9999 -9999 -9999 -9999 -9999 -9999 -9999 -9999 -9999 -9999
-9999 40 40 40 40 40 40 40 40 40 186 186 186 186 186 186 180 180 180 114 114 126 126 126 126 108 108 108 9 9 9 9 9 9 9 9 9 9 255 255 255 255 255 225 225 225 225 225 255 225 225 -9999 -9999 -9999 -9999 -9999 -9999 -9999 -9999 -9999 -9999 -9999 -9999 -9999 -9999 -9999 -9999 -9999 -9999 -9999 -9999 -9999 -9999 -9999 -9999 -9999 -9999 -9999 -9999 -9999 -9999
40 40 40 40 40 40 40 40 40 40 40 186 186 186 186 186 186 180 180 114 114 114 114 126 108 108 108 108 9 9 9 9 9 9 9 9 9 9 255 255 255 255 255 255 255 255 225 255 255 225 225 -9999 -9999 -9999 -9999 -9999 -9999 -9999 -9999 -9999 -9999 -9999 -9999 -9999 -9999 -9999 -9999 -9999 -9999 -9999 -9999 -9999 -9999 -9999 -9999 -9999 -9999 -9999 -9999 -9999 -9999
40 40 40 40 40 40 40 40 40 40 186 186 186 186 186 186 186 186 114 114 114 114 114 114 114 108 108 9 9 9 9 9 9 9 9 9 9 255 255 255 255 255 255 255 255 255 255 255 255 225 225 192 192 -9999 -9999 -9999 -9999 -9999 -9999 -9999 -9999 -9999 -9999 -9999 -9999 -9999 -9999 -9999 -9999 -9999 -9999 -9999 -9999 -9999 -9999 -9999 -9999 -9999 -9999 -9999 -9999
40 40 40 40 40 40 40 40 40 40 186 186 186 186 186 186 186 186 114 114 114 114 114 114 114 191 9 9 9 9 9 9 9 9 9 9 166 255 255 255 255 255 255 255 255 255 255 255 255 229 119 192 192 192 -9999 -9999 -9999 -9999 -9999 -9999 -9999 -9999 -9999 -9999 -9999 -9999 -9999 -9999 -9999 -9999 -9999 -9999 -9999 -9999 -9999 -9999 -9999 -9999 -9999 -9999 -9999
214 40 40 40 2 2 2 2 40 40 186 114 114 186 186 186 186 186 186 114 114 114 114 114 191 191 9 9 9 9 9 9 9 9 9 166 166 166 255 255 255 255 255 255 229 229 255 255 229 229 -9999 192 192 192 192 -9999 -9999 -9999 -9999 -9999 -9999 -9999 -9999 -9999 -9999 -9999 -9999 -9999 -9999 -9999 -9999 -9999 -9999 -9999 -9999 -9999 -9999 -9999 -9999 -9999 -9999
