04_184A004/keskipituus.asc
ncols 172
nrows 237
xllcorner 610032
yllcorner 6876144
cellsize 16
nodata_value -9999
[rows 72 to 107 of 237, columns 0 to 80 of 172]
-9999 -9999 -9999 -9999 -9999 -9999 -9999 -9999 -9999 -9999 -9999 -9999 -9999 -9999 -9999 -9999 -9999 -9999 -9999 -9999 -9999 -9999 154 154 154 154 154 154 154 154 152 152 152 152 152 152 152 152 152 152 152 152 -9999 -9999 -9999 -9999 -9999 -9999 -9999 -9999 -9999 -9999 -9999 -9999 -9999 -9999 -9999 -9999 -9999 -9999 -9999 -9999 -9999 -9999 -9999 -9999 -9999 -9999 -9999 -9999 -9999 -9999 -9999 -9999 -9999 74 74 74 74 74 214
-9999 -9999 -9999 -9999 -9999 -9999 -9999 -9999 -9999 -9999 -9999 -9999 -9999 -9999 -9999 -9999 -9999 -9999 -9999 -9999 -9999 116 116 116 116 116 116 116 154 152 152 152 152 152 152 152 152 152 152 152 152 152 -9999 -9999 -9999 -9999 -9999 -9999 -9999 -9999 -9999 -9999 -9999 -9999 -9999 -9999 -9999 -9999 -9999 -9999 -9999 -9999 -9999 -9999 -9999 -9999 -9999 -9999 -9999 -9999 -9999 -9999 -9999 -9999 17 17 17 74 74 74 214
-9999 -9999 -9999 148 148 141 141 141 141 141 -9999 -9999 -9999 -9999 -9999 -9999 -9999 -9999 -9999 -9999 116 116 116 116 116 116 116 116 152 152 152 152 152 152 152 152 152 152 152 152 152 152 -9999 -9999 -9999 -9999 -9999 -9999 -9999 -9999 -9999 -9999 -9999 -9999 -9999 -9999 -9999 -9999 -9999 -9999 -9999 -9999 -9999 -9999 -9999 -9999 -9999 -9999 -9999 -9999 -9999 -9999 -9999 -9999 17 17 17 74 74 74 74
-9999 -9999 -9999 148 148 148 148 141 141 141 141 141 -9999 -9999 -9999 -9999 -9999 -9999 -9999 96 96 116 116 116 116 116 116 116 152 152 152 152 152 152 152 152 152 152 152 152 152 152 -9999 -9999 -9999 -9999 -9999 -9999 -9999 -9999 -9999 -9999 -9999 -9999 -9999 -9999 -9999 -9999 -9999 -9999 -9999 -9999 -9999 -9999 -9999 -9999 -9999 -9999 -9999 -9999 -9999 -9999 -9999 -9999 17 17 17 17 74 74 74
-9999 -9999 148 148 148 148 148 148 148 141 141 141 -9999 -9999 -9999 -9999 -9999 -9999 -9999 96 96 116 116 116 116 116 152 152 152 152 152 152 152 152 152 152 152 152 152 152 152 152 -9999 -9999 -9999 -9999 -9999 -9999 -9999 -9999 -9999 -9999 -9999 -9999 -9999 -9999 -9999 -9999 -9999 -9999 -9999 -9999 -9999 -9999 -9999 -9999 -9999 -9999 -9999 -9999 -9999 -9999 -9999 -9999 0 0 0 0 0 74 74
-9999 -9999 148 108 108 148 148 148 148 148 141 141 141 -9999 -9999 -9999 -9999 163 163 96 116 116 116 116 116 152 152 152 152 152 152 152 152 152 152 152 152 152 152 152 152 152 152 152 -9999 -9999 -9999 -9999 -9999 -9999 -9999 -9999 -9999 -9999 -9999 -9999 -9999 -9999 -9999 -9999 -9999 -9999 -9999 -9999 -9999 -9999 -9999 -9999 -9999 -9999 -9999 -9999 -9999 -9999 0 0 0 0 0 214 214
-9999 -9999 148 148 148 148 148 148 148 148 148 148 141 141 141 163 163 163 163 116 116 116 116 116 116 152 152 152 152 152 152 152 152 152 152 152 152 152 152 152 152 152 152 152 -9999 -9999 -9999 -9999 -9999 -9999 -9999 -9999 -9999 -9999 -9999 -9999 -9999 -9999 -9999 -9999 -9999 -9999 -9999 -9999 -9999 -9999 -9999 -9999 -9999 -9999 -9999 -9999 -9999 0 0 0 0 0 0 214 214
-9999 -9999 148 148 148 148 148 148 148 148 148 148 148 148 141 163 163 163 163 116 116 116 116 116 116 152 152 152 152 152 152 152 152 152 152 152 152 152 152 152 152 152 152 152 -9999 -9999 -9999 -9999 -9999 -9999 -9999 -9999 -9999 -9999 -9999 -9999 -9999 -9999 -9999 -9999 -9999 -9999 -9999 -9999 -9999 -9999 -9999 -9999 -9999 -9999 -9999 -9999 0 0 0 0 0 0 0 214 214
-9999 -9999 148 148 148 148 148 148 211 211 211 211 148 148 148 163 163 163 163 116 116 116 116 116 152 152 152 152 152 152 152 152 152 152 152 152 152 152 152 152 152 152 152 152 152 -9999 -9999 -9999 152 -9999 -9999 -9999 -9999 -9999 -9999 -9999 -9999 -9999 -9999 152 152 152 -9999 -9999 -9999 -9999 -9999 -9999 -9999 -9999 -9999 118 0 0 0 0 0 0 0 0 214
-9999 -9999 148 148 148 148 148 211 211 211 211 211 211 148 148 148 163 163 163 124 116 116 116 116 152 152 152 152 152 152 152 152 152 152 152 152 152 152 152 152 152 152 152 152 152 152 -9999 152 152 152 -9999 -9999 -9999 -9999 -9999 -9999 -9999 -9999 -9999 -9999 -9999 151 151 151 151 151 151 115 115 115 -9999 118 -9999 0 0 0 0 0 0 0 0
-9999 -9999 148 148 148 148 148 211 239 211 211 211 211 211 211 148 148 163 163 124 116 116 116 152 152 152 152 152 152 152 152 152 152 152 152 152 152 152 152 152 152 152 152 152 152 152 152 152 152 152 152 -9999 -9999 -9999 -9999 -9999 -9999 173 151 151 151 151 151 151 151 151 115 115 115 115 115 -9999 -9999 -9999 0 0 0 0 0 0 0
-9999 -9999 173 148 148 148 148 211 239 239 239 211 211 239 211 211 211 148 124 124 124 124 124 124 152 152 152 152 152 152 152 152 152 152 152 152 152 152 152 152 152 152 152 152 152 152 152 152 152 152 152 -9999 -9999 -9999 -9999 -9999 -9999 -9999 151 151 151 151 151 151 151 115 115 115 115 -9999 -9999 -9999 -9999 -9999 0 0 0 0 0 0 0
-9999 155 -9999 148 148 148 239 239 239 239 239 239 239 239 239 211 211 211 211 124 124 124 124 124 124 152 152 152 152 152 152 152 152 152 152 152 152 152 152 152 152 152 152 152 152 152 152 152 152 152 152 -9999 152 -9999 -9999 -9999 -9999 -9999 151 151 151 151 151 151 151 115 115 115 115 -9999 -9999 -9999 -9999 -9999 -9999 0 0 0 0 0 0
-9999 155 174 148 148 239 239 239 239 239 239 239 239 239 239 239 239 211 211 211 211 124 124 124 124 152 124 124 124 124 124 124 152 152 152 152 152 152 152 152 152 152 152 152 152 152 152 152 152 152 152 152 152 -9999 -9999 -9999 152 -9999 151 151 151 151 151 151 151 115 115 115 115 115 -9999 -9999 -9999 -9999 -9999 -9999 -9999 -9999 -9999 -9999 -9999
-9999 155 155 -9999 239 239 239 239 239 239 239 239 239 239 239 239 239 211 211 211 211 211 124 124 124 124 124 124 124 124 124 124 -9999 124 124 124 152 152 152 152 152 152 152 152 152 152 152 152 152 152 152 152 152 152 152 152 152 -9999 151 151 151 151 151 151 151 115 115 115 115 115 115 -9999 -9999 -9999 -9999 -9999 -9999 -9999 -9999 -9999 -9999
-9999 -9999 -9999 -9999 239 239 239 239 239 239 239 239 239 239 239 239 239 211 211 211 211 211 211 184 184 184 184 184 184 184 -9999 -9999 -9999 -9999 124 124 152 152 152 152 152 152 152 152 152 152 152 152 152 152 152 152 152 152 152 152 152 123 151 151 151 151 151 151 151 115 115 115 115 115 115 -9999 -9999 -9999 -9999 -9999 -9999 -9999 -9999 -9999 -9999
-9999 -9999 -9999 155 239 239 239 239 239 239 239 239 239 239 239 239 239 211 211 211 211 211 -9999 -9999 184 184 -9999 -9999 174 -9999 -9999 -9999 -9999 -9999 -9999 152 152 152 152 152 152 152 152 152 152 152 152 152 152 152 152 152 152 152 152 152 152 152 167 151 151 151 151 151 151 115 115 151 115 115 115 -9999 -9999 -9999 -9999 -9999 -9999 -9999 -9999 -9999 -9999
-9999 -9999 -9999 -9999 -9999 239 239 239 239 239 239 239 239 239 239 239 239 239 239 239 -9999 -9999 -9999 -9999 -9999 -9999 -9999 -9999 -9999 -9999 -9999 -9999 -9999 -9999 -9999 -9999 152 152 -9999 152 152 152 152 152 152 152 152 152 152 152 152 152 152 152 152 152 152 152 -9999 151 151 151 151 151 151 151 151 151 115 115 115 115 -9999 -9999 -9999 -9999 -9999 -9999 -9999 -9999 -9999
-9999 -9999 -9999 217 -9999 239 239 239 239 239 239 239 239 239 239 239 239 239 239 -9999 -9999 -9999 -9999 -9999 -9999 -9999 -9999 -9999 197 -9999 -9999 -9999 -9999 -9999 -9999 -9999 -9999 -9999 -9999 -9999 -9999 -9999 -9999 152 152 152 152 152 152 47 47 47 47 152 152 152 152 152 -9999 151 151 151 151 151 151 151 151 151 151 151 115 115 205 -9999 -9999 -9999 -9999 -9999 -9999 -9999 -9999
-9999 -9999 217 217 217 -9999 239 239 239 239 239 239 239 239 239 239 239 -9999 -9999 -9999 -9999 -9999 -9999 -9999 -9999 -9999 -9999 -9999 -9999 -9999 -9999 -9999 -9999 -9999 -9999 -9999 -9999 -9999 -9999 -9999 -9999 -9999 -9999 -9999 -9999 -9999 -9999 152 47 47 47 47 47 47 47 152 152 152 -9999 151 151 151 151 151 151 151 151 151 151 151 115 205 205 205 -9999 -9999 -9999 -9999 -9999 -9999 -9999
-9999 -9999 217 217 217 -9999 239 239 239 239 239 239 239 239 239 239 239 239 -9999 -9999 -9999 -9999 -9999 -9999 -9999 -9999 -9999 -9999 -9999 -9999 -9999 -9999 -9999 -9999 221 216 -9999 -9999 -9999 -9999 -9999 -9999 -9999 -9999 -9999 -9999 -9999 -9999 -9999 47 47 47 47 47 47 47 47 152 -9999 151 151 151 151 151 151 151 151 151 151 151 151 46 46 46 205 -9999 -9999 -9999 -9999 -9999 -9999
-9999 -9999 217 217 217 217 239 239 239 239 239 239 239 239 239 239 239 239 239 239 239 239 -9999 -9999 -9999 -9999 -9999 -9999 -9999 -9999 -9999 194 -9999 188 -9999 -9999 -9999 -9999 -9999 -9999 -9999 -9999 -9999 -9999 -9999 -9999 -9999 -9999 -9999 -9999 -9999 47 47 47 47 47 47 47 -9999 151 151 151 151 151 151 151 151 151 151 151 46 46 46 46 46 -9999 -9999 -9999 -9999 -9999 101
-9999 -9999 173 173 173 173 -9999 239 239 239 121 121 239 239 239 239 239 239 239 239 239 239 239 -9999 -9999 -9999 -9999 -9999 -9999 -9999 -9999 -9999 -9999 -9999 -9999 -9999 -9999 -9999 -9999 -9999 -9999 -9999 -9999 -9999 -9999 -9999 -9999 -9999 -9999 -9999 -9999 -9999 -9999 -9999 47 47 47 47 -9999 -9999 151 151 -9999 71 151 151 151 151 151 46 46 46 46 46 46 46 -9999 -9999 -9999 -9999 -9999
-9999 -9999 -9999 173 173 173 123 130 130 130 121 121 121 121 121 121 121 121 239 239 239 239 239 239 239 239 -9999 -9999 -9999 -9999 -9999 -9999 -9999 -9999 -9999 -9999 -9999 -9999 -9999 -9999 -9999 -9999 -9999 -9999 -9999 -9999 -9999 -9999 -9999 -9999 -9999 -9999 -9999 -9999 -9999 -9999 -9999 47 47 208 208 -9999 143 25 23 46 46 46 46 46 46 46 46 46 46 46 205 -9999 -9999 -9999 -9999
-9999 -9999 -9999 173 173 173 173 -9999 130 239 121 121 121 121 121 121 121 121 121 121 239 239 239 239 239 239 202 202 202 202 202 202 -9999 -9999 -9999 -9999 -9999 -9999 -9999 -9999 -9999 -9999 -9999 -9999 -9999 -9999 -9999 -9999 -9999 -9999 -9999 -9999 -9999 -9999 -9999 -9999 -9999 -9999 208 208 208 208 -9999 -9999 46 46 46 46 46 46 46 46 46 46 46 46 205 -9999 -9999 -9999 -9999
-9999 -9999 -9999 -9999 -9999 -9999 -9999 -9999 130 239 239 121 121 121 121 121 121 121 121 121 121 239 239 239 239 239 202 202 202 202 202 202 202 -9999 -9999 -9999 -9999 -9999 -9999 -9999 -9999 -9999 -9999 -9999 -9999 -9999 -9999 -9999 -9999 -9999 -9999 -9999 -9999 -9999 -9999 -9999 -9999 -9999 -9999 -9999 208 208 81 135 46 46 46 46 46 46 46 46 46 46 46 46 205 -9999 -9999 -9999 -9999
-9999 -9999 -9999 -9999 -9999 -9999 -9999 -9999 -9999 121 121 121 -9999 -9999 -9999 -9999 -9999 121 121 121 121 121 121 239 239 239 202 202 202 202 202 202 202 202 -9999 -9999 -9999 -9999 -9999 -9999 -9999 -9999 -9999 -9999 -9999 -9999 -9999 -9999 -9999 -9999 -9999 -9999 -9999 -9999 -9999 -9999 -9999 -9999 -9999 -9999 -9999 89 125 154 205 46 46 46 46 46 46 46 46 46 46 46 205 -9999 -9999 -9999 -9999
-9999 -9999 -9999 -9999 -9999 -9999 -9999 -9999 -9999 -9999 -9999 -9999 -9999 -9999 -9999 -9999 -9999 121 121 121 121 121 121 129 239 239 239 129 202 202 202 202 202 202 239 239 -9999 -9999 -9999 -9999 -9999 -9999 -9999 -9999 -9999 -9999 -9999 -9999 -9999 -9999 -9999 -9999 -9999 -9999 -9999 -9999 -9999 -9999 -9999 -9999 -9999 -9999 -9999 -9999 -9999 205 205 46 46 46 46 46 46 46 46 205 205 205 -9999 -9999 -9999
-9999 -9999 -9999 -9999 -9999 -9999 -9999 -9999 -9999 -9999 -9999 -9999 -9999 -9999 -9999 -9999 -9999 -9999 121 121 121 121 129 129 129 129 129 129 129 202 202 202 239 239 239 239 239 -9999 -9999 -9999 -9999 -9999 -9999 -9999 -9999 -9999 -9999 -9999 -9999 -9999 -9999 -9999 -9999 -9999 -9999 -9999 -9999 -9999 -9999 -9999 -9999 -9999 -9999 -9999 -9999 -9999 -9999 -9999 -9999 205 205 205 205 205 205 205 205 205 -9999 -9999 -9999
-9999 -9999 -9999 -9999 -9999 -9999 -9999 -9999 -9999 -9999 -9999 -9999 -9999 -9999 -9999 -9999 -9999 -9999 121 121 121 121 121 129 129 129 129 129 129 129 202 202 239 239 239 239 239 239 -9999 -9999 -9999 -9999 -9999 -9999 -9999 -9999 -9999 -9999 -9999 -9999 -9999 -9999 -9999 -9999 -9999 -9999 -9999 -9999 -9999 -9999 -9999 -9999 -9999 -9999 -9999 -9999 -9999 -9999 -9999 -9999 205 205 -9999 -9999 -9999 205 205 205 -9999 -9999 -9999
-9999 -9999 -9999 -9999 -9999 -9999 -9999 -9999 -9999 -9999 -9999 -9999 -9999 -9999 -9999 -9999 -9999 -9999 -9999 -9999 -9999 121 121 219 219 129 129 129 129 154 154 202 239 239 239 239 239 239 239 239 -9999 -9999 -9999 -9999 -9999 -9999 -9999 -9999 -9999 -9999 -9999 -9999 -9999 161 161 -9999 -9999 -9999 -9999 -9999 -9999 -9999 -9999 -9999 -9999 -9999 -9999 -9999 -9999 -9999 -9999 -9999 -9999 -9999 -9999 -9999 -9999 -9999 -9999 -9999 -9999
-9999 -9999 -9999 -9999 -9999 -9999 -9999 -9999 -9999 -9999 -9999 -9999 -9999 -9999 -9999 -9999 -9999 -9999 -9999 -9999 -9999 121 219 219 219 129 129 129 129 154 154 154 239 239 239 239 239 239 239 239 239 -9999 -9999 -9999 -9999 -9999 -9999 -9999 -9999 -9999 -9999 -9999 161 161 161 161 6 -9999 -9999 -9999 -9999 -9999 -9999 -9999 -9999 -9999 -9999 -9999 -9999 -9999 -9999 -9999 -9999 -9999 -9999 -9999 -9999 -9999 -9999 -9999 -9999
-9999 -9999 -9999 -9999 -9999 -9999 -9999 -9999 -9999 -9999 -9999 -9999 -9999 -9999 -9999 -9999 -9999 -9999 -9999 -9999 -9999 -9999 -9999 -9999 -9999 -9999 129 129 129 154 154 154 154 154 154 239 239 239 239 239 239 239 -9999 -9999 -9999 -9999 -9999 -9999 -9999 -9999 -9999 -9999 161 161 181 181 6 6 6 -9999 -9999 -9999 -9999 -9999 -9999 -9999 -9999 -9999 -9999 -9999 -9999 -9999 -9999 -9999 -9999 -9999 -9999 -9999 -9999 -9999 -9999
-9999 -9999 -9999 -9999 -9999 -9999 -9999 -9999 -9999 -9999 -9999 -9999 -9999 -9999 -9999 -9999 -9999 -9999 -9999 -9999 -9999 -9999 -9999 -9999 -9999 -9999 129 129 154 154 154 154 154 154 154 121 121 121 239 239 239 239 239 -9999 -9999 -9999 -9999 -9999 -9999 -9999 181 181 181 181 181 181 6 6 6 6 -9999 -9999 -9999 -9999 -9999 -9999 -9999 -9999 -9999 -9999 -9999 -9999 -9999 -9999 -9999 -9999 -9999 -9999 -9999 -9999 -9999
-9999 -9999 -9999 -9999 -9999 -9999 -9999 -9999 -9999 -9999 -9999 -9999 -9999 -9999 -9999 -9999 -9999 -9999 -9999 -9999 -9999 -9999 -9999 -9999 -9999 -9999 129 129 129 129 129 154 154 154 121 121 121 121 239 239 239 239 239 250 250 -9999 -9999 -9999 -9999 -9999 -9999 181 181 181 181 6 6 6 6 6 6 -9999 -9999 -9999 -9999 -9999 -9999 -9999 -9999 -9999 -9999 -9999 -9999 -9999 -9999 -9999 -9999 -9999 -9999 -9999 -9999
-9999 -9999 -9999 -9999 -9999 -9999 -9999 -9999 -9999 -9999 -9999 -9999 -9999 -9999 -9999 -9999 -9999 -9999 -9999 -9999 -9999 -9999 -9999 -9999 -9999 -9999 -9999 129 129 129 129 129 121 121 121 121 121 121 250 250 250 250 250 250 250 250 -9999 -9999 -9999 -9999 -9999 -9999 -9999 181 181 6 6 6 6 6 6 -9999 -9999 -9999 -9999 -9999 -9999 -9999 -9999 -9999 -9999 -9999 -9999 -9999 -9999 -9999 -9999 -9999 -9999 -9999 -9999
