04_184A004/keskipituus.asc
ncols 172
nrows 237
xllcorner 610032
yllcorner 6876144
cellsize 16
nodata_value -9999
[rows 180 to 215 of 237, columns 81 to 161 of 172]
46 46 46 46 46 46 41 41 41 41 41 41 41 36 36 36 36 36 36 36 36 36 36 36 85 39 39 39 46 46 54 54 54 54 54 54 54 54 54 54 45 45 45 120 95 104 111 119 99 -9999 195 130 143 -9999 -9999 166 178 157 111 190 115 108 189 221 209 194 136 129 131 181 134 166 198 -9999 -9999 -9999 -9999 -9999 -9999 -9999 -9999
46 46 46 46 46 46 41 41 41 41 41 41 41 36 36 36 36 36 36 36 36 36 36 36 90 39 39 39 46 46 54 54 54 54 54 54 54 54 54 54 54 54 45 145 153 101 74 126 120 134 113 -9999 61 127 91 173 187 153 142 -9999 200 171 185 197 183 138 113 173 178 193 188 170 167 202 -9999 -9999 -9999 -9999 -9999 -9999 -9999
121 46 46 46 46 46 46 41 41 41 41 41 41 36 36 36 36 36 36 36 36 36 36 36 36 94 39 39 39 46 54 54 54 54 54 54 54 54 54 54 54 54 125 193 138 113 84 117 141 93 70 63 56 -9999 -9999 139 183 -9999 158 219 177 119 -9999 168 160 163 172 168 189 195 164 152 178 190 201 215 221 190 -9999 -9999 -9999
121 121 121 46 46 46 46 46 41 41 41 41 163 163 36 36 36 36 36 36 36 36 36 36 36 36 36 61 61 54 54 54 54 54 54 54 54 54 54 54 54 23 159 178 110 89 82 105 73 90 88 83 65 121 -9999 -9999 135 200 162 162 150 179 184 -9999 94 146 185 182 191 164 195 185 198 154 166 205 221 176 195 -9999 190
-9999 121 121 121 121 46 46 46 46 41 41 163 163 163 163 36 36 36 36 36 36 36 36 36 36 36 61 61 61 61 54 54 54 54 54 54 54 54 54 54 54 54 94 113 133 92 145 131 129 125 132 130 138 165 195 196 170 150 200 218 177 207 151 181 -9999 -9999 185 193 187 180 204 186 178 177 177 182 182 197 195 -9999 -9999
-9999 -9999 121 121 121 121 121 121 121 121 163 163 163 163 163 163 36 36 36 36 36 36 36 36 36 36 36 105 61 61 54 54 54 54 54 54 54 54 54 54 54 54 54 69 100 111 113 96 110 112 120 74 104 147 167 172 170 172 185 192 177 194 207 175 163 173 -9999 -9999 156 118 144 171 172 161 179 173 -9999 -9999 -9999 -9999 -9999
-9999 -9999 -9999 -9999 121 121 121 121 121 121 163 163 163 163 159 159 163 36 36 36 36 36 36 36 36 36 36 65 61 61 61 54 54 54 54 54 54 54 54 54 54 54 54 54 54 14 129 95 112 123 84 79 87 176 92 90 112 96 149 131 134 161 184 154 166 191 142 194 -9999 -9999 128 170 157 -9999 -9999 -9999 -9999 -9999 -9999 -9999 -9999
-9999 -9999 -9999 -9999 -9999 194 194 121 121 163 163 163 163 163 159 159 163 163 163 163 36 159 36 36 36 36 36 36 61 61 61 54 54 54 54 54 54 54 54 54 54 54 54 54 54 54 78 81 138 149 116 87 80 109 64 86 75 93 78 72 64 86 123 178 172 179 177 165 183 163 163 -9999 -9999 -9999 -9999 -9999 -9999 -9999 -9999 -9999 -9999
-9999 -9999 -9999 -9999 -9999 -9999 -9999 194 194 194 194 194 194 163 159 159 159 159 163 163 159 159 159 36 36 36 36 36 36 61 61 54 54 54 54 54 54 54 54 54 54 54 54 54 54 54 54 46 120 172 118 78 49 85 69 120 77 83 89 59 58 69 77 161 161 166 183 195 189 194 174 141 -9999 -9999 -9999 -9999 -9999 -9999 -9999 -9999 -9999
-9999 -9999 -9999 -9999 -9999 -9999 -9999 -9999 194 194 194 194 194 194 159 159 159 159 159 159 159 159 159 159 36 36 36 36 36 61 61 61 54 54 54 54 54 54 54 54 54 54 54 54 54 54 54 46 46 94 91 90 97 68 70 65 57 101 65 51 58 72 66 134 172 166 190 175 188 116 194 168 -9999 -9999 -9999 -9999 -9999 -9999 -9999 -9999 -9999
-9999 -9999 -9999 -9999 -9999 -9999 -9999 -9999 -9999 -9999 194 194 194 194 159 159 159 159 159 159 159 159 159 159 36 36 36 36 36 61 61 61 61 54 54 54 54 54 54 54 54 54 54 54 54 54 46 46 46 46 46 128 120 63 73 74 45 70 68 70 72 66 58 114 139 158 174 194 188 167 171 147 -9999 -9999 -9999 -9999 -9999 -9999 -9999 -9999 -9999
-9999 -9999 -9999 -9999 -9999 -9999 -9999 -9999 -9999 -9999 -9999 194 194 194 159 159 159 159 159 159 159 159 159 159 36 36 36 36 93 61 61 61 61 61 54 54 54 54 54 54 54 54 54 54 54 54 46 46 46 46 46 46 61 71 86 70 58 40 52 86 101 75 68 77 143 176 140 138 174 188 137 158 -9999 -9999 -9999 -9999 -9999 -9999 -9999 -9999 -9999
-9999 -9999 -9999 -9999 -9999 -9999 -9999 -9999 -9999 -9999 -9999 -9999 -9999 194 159 159 159 159 159 159 159 159 159 159 36 36 36 36 61 61 61 61 61 61 54 54 54 54 54 54 54 54 54 54 54 61 46 46 46 46 46 46 52 125 89 71 62 39 52 100 107 53 90 85 137 166 171 131 185 188 150 163 -9999 -9999 -9999 -9999 -9999 -9999 -9999 -9999 -9999
-9999 -9999 -9999 -9999 -9999 -9999 -9999 -9999 -9999 -9999 -9999 -9999 -9999 -9999 -9999 194 159 159 159 159 159 159 159 159 159 36 36 61 61 61 61 61 61 61 61 61 61 61 61 61 61 54 61 61 61 61 46 46 46 46 46 46 52 52 52 110 67 46 50 87 88 75 51 80 118 203 161 157 158 189 180 170 -9999 -9999 -9999 -9999 -9999 -9999 -9999 -9999 -9999
-9999 -9999 -9999 -9999 -9999 -9999 -9999 -9999 -9999 -9999 -9999 -9999 -9999 -9999 -9999 -9999 -9999 159 159 159 159 159 159 159 159 159 36 88 61 61 61 61 61 61 61 61 61 61 61 61 61 61 61 61 61 46 46 46 46 46 46 46 52 52 52 52 109 50 51 90 101 78 89 88 85 169 124 133 124 180 182 141 -9999 -9999 -9999 -9999 -9999 -9999 -9999 -9999 -9999
-9999 -9999 -9999 -9999 -9999 -9999 -9999 -9999 -9999 -9999 -9999 -9999 -9999 -9999 -9999 -9999 -9999 -9999 159 159 159 159 159 159 159 159 159 130 61 61 61 61 61 61 61 61 61 61 61 61 61 61 61 61 61 46 46 46 46 46 46 153 153 52 52 52 63 63 41 64 56 70 121 100 84 205 113 124 182 196 169 158 -9999 -9999 -9999 -9999 -9999 -9999 -9999 -9999 -9999
-9999 -9999 -9999 -9999 -9999 -9999 -9999 -9999 -9999 -9999 -9999 -9999 -9999 -9999 -9999 -9999 -9999 -9999 -9999 -9999 165 165 165 165 159 159 159 159 61 61 61 61 61 61 61 61 61 61 61 61 61 61 61 61 61 46 46 46 46 46 153 153 153 52 52 52 63 63 63 30 44 41 84 78 91 120 148 185 228 187 191 185 -9999 -9999 -9999 -9999 -9999 -9999 -9999 -9999 -9999
-9999 -9999 -9999 -9999 -9999 -9999 -9999 -9999 -9999 -9999 -9999 -9999 -9999 -9999 -9999 -9999 -9999 -9999 -9999 -9999 -9999 -9999 165 165 165 165 159 159 159 152 61 61 61 61 61 61 61 61 61 61 61 61 61 61 61 46 46 46 46 153 0 0 153 153 52 52 63 63 63 63 63 30 34 45 45 138 195 216 218 205 180 198 -9999 -9999 -9999 -9999 -9999 -9999 -9999 -9999 -9999
-9999 -9999 -9999 -9999 -9999 -9999 -9999 -9999 -9999 -9999 -9999 -9999 -9999 -9999 -9999 -9999 -9999 -9999 -9999 -9999 -9999 -9999 -9999 -9999 165 165 165 165 165 159 159 159 36 191 150 112 78 113 61 61 61 61 61 61 61 46 46 46 46 153 0 0 0 153 52 52 52 63 63 63 63 63 25 29 40 83 206 200 211 197 205 195 -9999 -9999 -9999 -9999 -9999 -9999 -9999 -9999 -9999
-9999 -9999 -9999 -9999 -9999 -9999 -9999 -9999 -9999 -9999 -9999 -9999 -9999 -9999 -9999 -9999 -9999 -9999 -9999 -9999 -9999 -9999 -9999 -9999 -9999 -9999 165 165 165 165 165 165 165 36 36 36 36 36 61 61 61 61 61 61 61 46 46 46 46 153 0 0 0 153 52 52 52 63 63 63 63 63 63 63 38 99 173 203 218 210 201 168 -9999 -9999 -9999 -9999 -9999 -9999 -9999 -9999 -9999
-9999 -9999 -9999 -9999 -9999 -9999 -9999 -9999 -9999 -9999 -9999 -9999 -9999 -9999 -9999 -9999 -9999 -9999 -9999 -9999 -9999 -9999 -9999 -9999 -9999 -9999 13 -9999 165 165 165 165 165 165 36 36 36 36 36 36 61 61 61 61 61 46 46 46 61 153 153 0 0 153 52 52 52 52 63 63 63 63 63 63 63 50 169 178 190 183 -9999 -9999 -9999 -9999 -9999 -9999 -9999 -9999 -9999 -9999 -9999
-9999 -9999 -9999 -9999 -9999 -9999 -9999 -9999 -9999 -9999 -9999 -9999 -9999 -9999 -9999 -9999 -9999 -9999 -9999 -9999 -9999 -9999 -9999 -9999 -9999 -9999 -9999 181 -9999 -9999 165 165 165 165 165 165 165 36 36 36 36 36 76 61 61 61 61 61 61 61 153 0 0 153 52 52 52 52 63 63 63 63 63 63 63 63 63 216 205 -9999 -9999 -9999 -9999 -9999 -9999 -9999 -9999 -9999 -9999 -9999 -9999
-9999 -9999 -9999 -9999 -9999 -9999 -9999 -9999 -9999 -9999 -9999 -9999 -9999 -9999 -9999 -9999 -9999 -9999 -9999 -9999 -9999 -9999 -9999 -9999 -9999 -9999 -9999 -9999 -9999 181 -9999 165 165 165 165 165 165 165 165 165 36 36 36 36 61 61 61 61 61 61 153 0 0 0 153 52 52 52 52 63 63 63 63 63 63 63 63 63 -9999 -9999 -9999 -9999 -9999 -9999 -9999 -9999 -9999 -9999 -9999 -9999 -9999
-9999 -9999 -9999 -9999 -9999 -9999 -9999 -9999 -9999 -9999 -9999 -9999 -9999 -9999 -9999 -9999 -9999 -9999 -9999 -9999 -9999 -9999 -9999 -9999 -9999 -9999 -9999 -9999 -9999 -9999 181 -9999 165 165 165 165 165 165 165 165 165 36 36 36 36 62 61 61 61 61 61 0 0 0 153 52 52 52 52 63 63 63 63 63 63 63 63 63 -9999 -9999 -9999 -9999 -9999 -9999 -9999 -9999 -9999 -9999 -9999 -9999 -9999
-9999 -9999 -9999 -9999 -9999 -9999 -9999 -9999 -9999 -9999 -9999 -9999 -9999 -9999 -9999 -9999 -9999 -9999 -9999 -9999 -9999 -9999 -9999 -9999 -9999 -9999 -9999 -9999 -9999 -9999 -9999 -9999 -9999 165 165 165 165 165 165 165 165 165 36 36 36 73 61 61 61 61 61 0 0 0 0 153 52 52 52 52 63 63 63 63 63 63 63 63 -9999 -9999 -9999 -9999 -9999 -9999 -9999 -9999 -9999 -9999 -9999 -9999 -9999
-9999 -9999 -9999 -9999 -9999 -9999 -9999 -9999 -9999 -9999 -9999 -9999 -9999 -9999 -9999 -9999 -9999 -9999 -9999 -9999 -9999 -9999 -9999 -9999 -9999 -9999 -9999 -9999 -9999 -9999 -9999 -9999 -9999 -9999 165 165 165 165 165 165 165 165 36 36 61 61 61 61 61 61 61 61 0 0 0 153 153 52 52 52 63 63 63 63 63 63 63 63 -9999 -9999 -9999 -9999 -9999 -9999 -9999 -9999 -9999 -9999 -9999 -9999 -9999
-9999 -9999 -9999 -9999 -9999 -9999 -9999 -9999 -9999 -9999 -9999 -9999 -9999 -9999 -9999 -9999 -9999 -9999 -9999 -9999 -9999 -9999 -9999 -9999 -9999 -9999 -9999 -9999 -9999 -9999 -9999 -9999 -9999 -9999 -9999 165 165 165 165 165 165 136 136 61 61 61 61 61 61 61 61 61 153 0 0 153 153 52 52 52 52 63 63 63 63 63 63 63 -9999 -9999 -9999 -9999 -9999 -9999 -9999 -9999 -9999 -9999 -9999 -9999 -9999
-9999 -9999 -9999 -9999 -9999 -9999 -9999 -9999 -9999 -9999 -9999 -9999 -9999 -9999 -9999 -9999 -9999 -9999 -9999 -9999 -9999 -9999 -9999 -9999 -9999 -9999 -9999 -9999 -9999 -9999 -9999 -9999 -9999 -9999 -9999 181 -9999 165 165 165 136 136 145 61 61 61 75 75 75 75 61 61 61 153 153 153 153 52 52 52 52 63 63 63 63 63 63 63 -9999 -9999 -9999 -9999 -9999 -9999 -9999 -9999 -9999 -9999 -9999 -9999 -9999
-9999 -9999 -9999 -9999 -9999 -9999 -9999 -9999 -9999 -9999 -9999 -9999 -9999 -9999 -9999 -9999 -9999 -9999 -9999 -9999 -9999 -9999 -9999 -9999 -9999 -9999 -9999 -9999 -9999 -9999 -9999 -9999 -9999 -9999 -9999 -9999 89 -9999 165 136 136 136 118 75 75 75 75 75 75 75 75 61 61 61 153 153 52 52 52 52 52 63 63 63 63 63 63 63 -9999 -9999 -9999 -9999 -9999 -9999 -9999 -9999 -9999 -9999 -9999 -9999 -9999
-9999 -9999 -9999 -9999 -9999 -9999 -9999 -9999 -9999 -9999 -9999 -9999 -9999 -9999 -9999 -9999 -9999 -9999 -9999 -9999 -9999 -9999 -9999 -9999 -9999 -9999 -9999 -9999 -9999 -9999 -9999 -9999 -9999 -9999 -9999 -9999 89 89 -9999 136 136 136 136 75 75 75 75 75 75 75 75 83 83 61 153 52 52 52 52 52 52 52 52 52 88 88 88 88 -9999 -9999 -9999 -9999 -9999 -9999 -9999 -9999 -9999 -9999 -9999 -9999 -9999
-9999 -9999 -9999 -9999 -9999 -9999 -9999 -9999 -9999 -9999 -9999 -9999 -9999 -9999 -9999 -9999 -9999 -9999 -9999 -9999 -9999 -9999 -9999 -9999 -9999 -9999 -9999 -9999 -9999 -9999 -9999 -9999 -9999 -9999 -9999 89 89 89 89 -9999 136 136 78 75 75 75 75 75 197 75 75 83 83 83 83 83 83 52 52 52 52 52 52 88 88 88 88 88 -9999 -9999 -9999 -9999 -9999 -9999 -9999 -9999 -9999 -9999 -9999 -9999 -9999
-9999 -9999 -9999 -9999 -9999 -9999 -9999 -9999 -9999 -9999 -9999 -9999 -9999 -9999 -9999 -9999 -9999 -9999 -9999 -9999 -9999 -9999 -9999 -9999 -9999 -9999 -9999 -9999 -9999 -9999 -9999 -9999 -9999 -9999 89 89 89 89 89 89 87 136 75 75 75 75 75 197 197 197 75 83 83 83 83 83 83 83 83 52 52 52 88 88 88 88 88 88 -9999 -9999 -9999 -9999 -9999 -9999 -9999 -9999 -9999 -9999 -9999 -9999 -9999
-9999 -9999 -9999 -9999 -9999 -9999 -9999 -9999 -9999 -9999 -9999 -9999 -9999 -9999 -9999 -9999 -9999 -9999 -9999 -9999 -9999 -9999 -9999 -9999 -9999 -9999 -9999 -9999 -9999 -9999 -9999 -9999 -9999 -9999 89 89 89 89 89 89 109 50 75 75 75 75 197 197 197 197 197 83 83 83 83 83 83 83 83 88 88 88 88 88 88 88 88 88 -9999 -9999 -9999 -9999 -9999 -9999 -9999 -9999 -9999 -9999 -9999 -9999 -9999
-9999 -9999 -9999 -9999 -9999 -9999 -9999 -9999 -9999 -9999 -9999 -9999 -9999 -9999 -9999 -9999 -9999 -9999 -9999 -9999 -9999 -9999 -9999 -9999 -9999 -9999 -9999 -9999 -9999 -9999 -9999 -9999 -9999 89 89 89 89 89 89 89 75 75 -9999 75 75 197 197 197 197 197 197 197 83 83 83 83 83 88 88 88 88 88 88 88 88 88 88 88 88 -9999 -9999 -9999 -9999 -9999 -9999 -9999 -9999 -9999 -9999 -9999 -9999
-9999 -9999 -9999 -9999 -9999 -9999 -9999 -9999 -9999 -9999 -9999 -9999 -9999 -9999 -9999 -9999 -9999 -9999 -9999 -9999 -9999 -9999 -9999 -9999 -9999 -9999 -9999 -9999 -9999 -9999 -9999 -9999 89 89 89 89 89 89 89 159 75 75 75 75 -9999 -9999 197 197 197 197 197 197 197 197 83 83 83 88 88 88 88 88 88 88 88 88 88 88 88 -9999 -9999 -9999 -9999 -9999 -9999 -9999 -9999 -9999 -9999 -9999 -9999
-9999 -9999 -9999 -9999 -9999 -9999 -9999 -9999 -9999 -9999 -9999 -9999 -9999 -9999 -9999 -9999 -9999 -9999 -9999 -9999 -9999 -9999 -9999 -9999 -9999 -9999 -9999 -9999 -9999 -9999 -9999 89 89 89 89 89 89 89 89 196 193 75 75 75 188 188 174 -9999 197 197 197 197 -9999 -9999 83 83 83 88 88 88 88 88 88 88 88 54 54 54 -9999 -9999 -9999 -9999 -9999 -9999 -9999 -9999 -9999 -9999 -9999 -9999 -9999
