04_184A004/keskilapimitta.asc
ncols 172
nrows 237
xllcorner 610032
yllcorner 6876144
cellsize 16
nodata_value -9999
[rows 144 to 179 of 237, columns 83 to 165 of 172]
23 23 23 -9999 -9999 -9999 -9999 -9999 -9999 -9999 -9999 -9999 -9999 -9999 -9999 -9999 -9999 -9999 -9999 -9999 -9999 -9999 -9999 -9999 -9999 -9999 -9999 -9999 -9999 -9999 -9999 -9999 -9999 0 0 0 0 0 13 13 13 13 13 13 13 13 13 15 15 15 15 15 15 14 14 -9999 -9999 16 16 16 16 16 16 16 16 16 -9999 -9999 -9999 -9999 -9999 -9999 -9999 -9999 -9999 -9999 -9999 -9999 -9999 -9999 -9999 -9999 -9999
18 18 18 18 -9999 -9999 -9999 -9999 -9999 -9999 -9999 -9999 -9999 -9999 -9999 -9999 -9999 -9999 -9999 -9999 -9999 -9999 -9999 -9999 -9999 -9999 -9999 -9999 -9999 -9999 -9999 -9999 -9999 -9999 -9999 -9999 0 0 0 0 0 0 0 13 13 13 13 15 15 15 15 15 15 15 14 14 14 -9999 -9999 16 16 16 16 16 16 16 16 16 -9999 -9999 -9999 -9999 -9999 -9999 -9999 -9999 -9999 -9999 -9999 -9999 -9999 -9999 -9999
18 18 18 -9999 -9999 -9999 -9999 -9999 -9999 -9999 -9999 -9999 -9999 -9999 -9999 -9999 -9999 -9999 -9999 -9999 -9999 -9999 -9999 -9999 -9999 -9999 -9999 -9999 -9999 -9999 -9999 -9999 -9999 -9999 -9999 -9999 -9999 -9999 -9999 0 0 0 0 0 0 13 13 15 15 15 15 15 15 15 15 14 14 14 14 14 -9999 16 16 16 16 16 16 16 -9999 -9999 -9999 -9999 -9999 -9999 -9999 -9999 -9999 -9999 -9999 -9999 -9999 -9999 -9999
17 -9999 -9999 -9999 -9999 -9999 -9999 -9999 -9999 -9999 -9999 -9999 -9999 -9999 -9999 -9999 -9999 -9999 -9999 -9999 -9999 -9999 -9999 -9999 -9999 -9999 -9999 -9999 -9999 -9999 -9999 -9999 -9999 -9999 -9999 -9999 -9999 -9999 -9999 -9999 -9999 0 0 24 0 24 0 0 0 0 15 15 15 15 15 14 14 14 14 14 14 14 -9999 16 16 16 16 -9999 -9999 -9999 -9999 -9999 -9999 -9999 -9999 -9999 -9999 -9999 -9999 -9999 -9999 -9999 -9999
-9999 -9999 -9999 -9999 -9999 -9999 -9999 -9999 -9999 -9999 -9999 -9999 -9999 -9999 -9999 -9999 -9999 -9999 -9999 -9999 -9999 -9999 -9999 -9999 -9999 -9999 -9999 -9999 -9999 -9999 -9999 -9999 -9999 -9999 -9999 -9999 -9999 -9999 -9999 -9999 -9999 -9999 -9999 -9999 -9999 24 24 0 0 0 15 15 15 15 14 14 14 14 14 14 14 14 14 14 -9999 16 -9999 -9999 -9999 -9999 -9999 -9999 -9999 -9999 -9999 -9999 -9999 -9999 -9999 -9999 -9999 -9999 -9999
-9999 -9999 -9999 -9999 -9999 -9999 -9999 -9999 -9999 -9999 -9999 -9999 -9999 -9999 -9999 -9999 -9999 -9999 -9999 -9999 -9999 -9999 -9999 -9999 -9999 -9999 -9999 -9999 -9999 -9999 -9999 -9999 -9999 -9999 -9999 -9999 -9999 -9999 -9999 -9999 -9999 -9999 -9999 -9999 -9999 -9999 -9999 -9999 -9999 -9999 -9999 24 24 24 14 14 14 14 14 14 14 14 14 14 14 14 -9999 -9999 -9999 -9999 -9999 -9999 -9999 -9999 -9999 -9999 -9999 -9999 -9999 -9999 -9999 -9999 -9999
-9999 -9999 -9999 -9999 -9999 -9999 -9999 -9999 -9999 -9999 -9999 -9999 -9999 -9999 -9999 -9999 -9999 -9999 -9999 -9999 -9999 -9999 -9999 -9999 -9999 -9999 -9999 -9999 -9999 -9999 -9999 -9999 -9999 -9999 -9999 -9999 -9999 -9999 -9999 -9999 -9999 -9999 -9999 -9999 -9999 -9999 -9999 -9999 -9999 -9999 -9999 24 24 -9999 24 14 14 14 14 14 14 14 14 14 14 14 -9999 -9999 -9999 -9999 -9999 -9999 -9999 -9999 -9999 -9999 -9999 -9999 -9999 -9999 -9999 -9999 -9999
-9999 -9999 -9999 -9999 -9999 -9999 -9999 -9999 -9999 -9999 -9999 -9999 -9999 -9999 -9999 -9999 -9999 -9999 -9999 -9999 -9999 -9999 -9999 -9999 -9999 -9999 -9999 -9999 -9999 -9999 -9999 -9999 -9999 -9999 -9999 -9999 -9999 -9999 -9999 -9999 -9999 -9999 -9999 -9999 -9999 -9999 -9999 -9999 -9999 -9999 -9999 -9999 -9999 -9999 -9999 24 14 14 14 14 14 14 14 14 14 14 -9999 -9999 -9999 -9999 -9999 -9999 -9999 -9999 -9999 -9999 -9999 -9999 -9999 -9999 -9999 -9999 -9999
-9999 -9999 -9999 -9999 -9999 -9999 -9999 -9999 -9999 -9999 -9999 -9999 -9999 -9999 -9999 -9999 -9999 -9999 -9999 -9999 -9999 -9999 -9999 -9999 -9999 -9999 -9999 -9999 -9999 -9999 -9999 -9999 -9999 -9999 -9999 -9999 -9999 -9999 -9999 -9999 -9999 -9999 -9999 -9999 -9999 -9999 -9999 -9999 -9999 -9999 -9999 -9999 -9999 -9999 -9999 -9999 24 24 24 24 14 14 14 14 -9999 -9999 -9999 -9999 -9999 -9999 -9999 -9999 -9999 -9999 -9999 -9999 -9999 -9999 -9999 -9999 -9999 -9999 -9999
20 20 26 26 -9999 -9999 -9999 -9999 -9999 -9999 -9999 -9999 -9999 -9999 -9999 -9999 -9999 -9999 -9999 -9999 -9999 -9999 -9999 -9999 -9999 -9999 -9999 -9999 -9999 -9999 -9999 -9999 -9999 -9999 -9999 -9999 -9999 -9999 -9999 -9999 -9999 -9999 -9999 -9999 -9999 -9999 -9999 -9999 -9999 -9999 -9999 -9999 -9999 -9999 -9999 -9999 -9999 24 24 24 24 14 14 14 14 -9999 -9999 -9999 -9999 -9999 -9999 -9999 -9999 -9999 -9999 -9999 -9999 -9999 -9999 -9999 -9999 -9999 -9999
20 20 26 26 26 -9999 -9999 -9999 -9999 -9999 -9999 -9999 -9999 -9999 -9999 -9999 -9999 -9999 -9999 -9999 -9999 -9999 -9999 -9999 -9999 -9999 -9999 -9999 -9999 -9999 -9999 -9999 -9999 -9999 -9999 -9999 -9999 -9999 -9999 -9999 -9999 -9999 -9999 -9999 -9999 -9999 -9999 -9999 -9999 -9999 -9999 -9999 -9999 -9999 -9999 -9999 -9999 -9999 24 24 24 24 24 14 14 14 -9999 -9999 -9999 -9999 -9999 -9999 -9999 -9999 -9999 -9999 -9999 -9999 -9999 -9999 -9999 -9999 -9999
20 26 26 26 26 26 26 26 26 -9999 -9999 -9999 -9999 -9999 -9999 -9999 -9999 -9999 -9999 -9999 -9999 -9999 -9999 -9999 -9999 28 29 -9999 -9999 -9999 -9999 -9999 -9999 -9999 -9999 -9999 -9999 -9999 -9999 -9999 -9999 -9999 -9999 -9999 -9999 -9999 -9999 -9999 -9999 -9999 -9999 -9999 -9999 -9999 -9999 -9999 -9999 -9999 24 -9999 24 24 24 24 14 29 29 23 -9999 -9999 -9999 -9999 -9999 -9999 -9999 -9999 -9999 -9999 -9999 -9999 -9999 -9999 -9999
20 26 26 26 26 26 26 26 26 26 -9999 -9999 -9999 -9999 -9999 -9999 -9999 -9999 -9999 -9999 -9999 -9999 -9999 -9999 25 7 7 6 6 6 6 6 6 6 6 6 6 6 -9999 -9999 -9999 -9999 -9999 -9999 -9999 -9999 -9999 -9999 -9999 -9999 -9999 -9999 -9999 -9999 -9999 -9999 -9999 -9999 -9999 -9999 -9999 24 24 24 29 29 29 29 -9999 -9999 -9999 -9999 -9999 -9999 -9999 -9999 -9999 -9999 -9999 -9999 -9999 -9999 -9999
16 26 26 26 26 26 26 26 26 26 26 -9999 -9999 -9999 -9999 28 24 24 27 32 28 20 16 13 16 19 5 6 6 6 6 6 6 6 6 6 6 6 6 6 6 -9999 -9999 -9999 -9999 -9999 -9999 -9999 -9999 -9999 -9999 -9999 -9999 -9999 -9999 -9999 -9999 -9999 -9999 -9999 -9999 -9999 24 21 24 29 29 29 -9999 -9999 -9999 -9999 -9999 -9999 -9999 -9999 -9999 -9999 -9999 -9999 -9999 -9999 -9999
16 16 26 26 26 26 26 26 26 26 26 -9999 3 3 3 13 14 -9999 -9999 18 14 5 -9999 4 20 12 -9999 6 6 6 6 6 7 7 7 6 6 6 6 6 6 6 6 -9999 -9999 -9999 -9999 -9999 -9999 -9999 -9999 -9999 -9999 -9999 -9999 -9999 -9999 -9999 -9999 -9999 -9999 -9999 24 21 21 21 29 29 29 -9999 -9999 -9999 -9999 -9999 -9999 -9999 -9999 -9999 -9999 -9999 -9999 -9999 -9999
16 16 16 16 16 26 26 26 26 26 16 3 3 3 3 3 14 -9999 -9999 16 15 10 3 19 18 -9999 -9999 6 6 6 6 7 7 7 7 7 6 6 6 6 6 6 6 6 -9999 -9999 -9999 -9999 -9999 -9999 -9999 -9999 -9999 -9999 -9999 -9999 -9999 -9999 -9999 -9999 -9999 -9999 -9999 21 21 21 21 21 29 -9999 -9999 -9999 -9999 -9999 -9999 -9999 -9999 -9999 -9999 -9999 -9999 -9999 -9999
16 16 16 16 16 16 16 26 26 16 3 3 3 3 3 3 7 7 7 -9999 7 6 6 8 0 -9999 0 5 6 6 6 7 7 7 7 7 6 6 6 6 6 6 6 6 6 6 -9999 -9999 -9999 -9999 -9999 -9999 -9999 -9999 -9999 -9999 -9999 -9999 -9999 -9999 -9999 -9999 -9999 -9999 -9999 21 21 21 21 -9999 -9999 -9999 -9999 -9999 -9999 -9999 -9999 -9999 -9999 -9999 -9999 -9999 -9999
14 14 14 14 14 16 16 16 16 3 3 3 3 3 3 3 7 7 7 7 7 7 -9999 -9999 5 5 5 5 5 6 7 7 7 7 7 7 6 6 6 6 6 6 6 6 6 6 6 6 -9999 -9999 -9999 -9999 -9999 -9999 -9999 -9999 -9999 -9999 -9999 -9999 -9999 -9999 -9999 -9999 -9999 21 21 21 21 21 21 -9999 -9999 -9999 -9999 -9999 -9999 -9999 -9999 -9999 -9999 -9999 -9999
14 14 14 14 14 14 14 16 14 3 3 3 3 3 3 3 7 7 7 7 7 7 7 7 -9999 5 5 5 5 6 7 7 7 7 7 7 6 6 6 6 6 6 6 6 6 6 6 6 6 -9999 -9999 -9999 -9999 -9999 -9999 -9999 -9999 -9999 -9999 -9999 -9999 -9999 -9999 -9999 -9999 -9999 21 21 21 21 21 21 21 21 21 21 27 27 27 -9999 -9999 -9999 -9999
14 16 16 16 16 16 16 16 16 3 3 3 3 3 3 3 7 7 7 7 7 7 7 7 7 -9999 5 5 5 6 7 7 7 7 7 7 6 6 6 6 6 6 6 6 6 6 6 6 6 6 -9999 -9999 -9999 -9999 -9999 -9999 -9999 -9999 23 -9999 -9999 -9999 -9999 -9999 -9999 -9999 -9999 21 21 21 21 21 21 21 21 21 27 27 27 -9999 -9999 -9999 -9999
14 16 16 16 16 16 16 16 16 16 16 11 3 3 3 3 3 7 7 7 7 7 7 7 7 7 -9999 5 5 5 5 7 7 7 7 7 6 6 6 6 6 6 6 6 6 6 6 6 6 21 28 23 -9999 -9999 -9999 -9999 -9999 -9999 30 25 -9999 -9999 -9999 -9999 -9999 -9999 -9999 -9999 -9999 21 21 21 21 21 21 27 27 27 27 -9999 -9999 -9999 -9999
22 22 22 22 22 22 22 22 22 16 16 16 3 3 3 3 3 3 3 7 7 7 7 7 7 7 -9999 5 5 5 5 5 5 7 7 7 6 6 6 6 6 6 6 6 6 6 6 6 6 12 22 24 -9999 -9999 -9999 -9999 -9999 -9999 29 27 27 -9999 -9999 -9999 -9999 -9999 -9999 -9999 -9999 -9999 -9999 21 21 21 21 27 27 27 27 -9999 -9999 -9999 -9999
22 22 22 22 22 22 22 22 22 22 22 16 3 3 3 3 3 3 3 7 7 7 7 7 7 7 7 -9999 5 5 5 5 5 5 7 7 6 6 6 6 6 6 6 6 6 6 6 6 2 6 9 14 16 24 -9999 -9999 -9999 -9999 22 26 28 -9999 -9999 -9999 -9999 -9999 -9999 -9999 -9999 -9999 -9999 -9999 21 21 21 27 27 27 27 -9999 -9999 -9999 -9999
22 22 22 22 22 22 22 22 22 22 22 31 31 31 23 3 3 3 3 3 7 7 7 7 7 7 7 7 2 -9999 5 5 5 5 5 6 6 6 6 6 6 6 6 6 6 6 6 6 2 3 5 10 16 16 19 -9999 -9999 26 24 26 30 -9999 -9999 -9999 -9999 -9999 -9999 -9999 -9999 -9999 -9999 -9999 -9999 21 27 27 22 22 22 -9999 -9999 -9999 -9999
12 12 12 12 12 22 22 22 22 12 12 31 31 31 31 31 3 3 3 7 7 7 7 7 7 7 7 7 7 0 -9999 5 5 5 5 5 6 6 6 6 6 6 6 6 6 6 6 2 5 5 6 4 11 13 10 18 25 20 18 21 21 -9999 -9999 -9999 -9999 -9999 -9999 -9999 -9999 -9999 -9999 -9999 -9999 -9999 27 22 22 22 22 22 27 -9999 -9999
12 12 12 12 12 12 12 12 12 12 31 31 31 31 31 31 24 3 3 7 7 7 7 7 7 7 7 7 -9999 4 4 4 0 -9999 1 5 6 6 6 6 6 6 6 6 6 6 6 2 6 8 6 7 6 5 4 5 10 9 14 19 21 28 27 28 -9999 -9999 -9999 -9999 -9999 -9999 -9999 -9999 -9999 -9999 -9999 22 22 22 22 22 22 30 30
12 12 12 12 12 12 12 12 12 31 31 31 31 31 31 24 24 24 3 3 7 7 7 7 7 7 7 -9999 4 4 4 4 4 4 4 -9999 -9999 6 6 6 6 6 6 6 6 6 2 3 7 6 6 7 7 5 5 5 4 11 18 13 20 23 25 22 31 -9999 -9999 -9999 -9999 -9999 -9999 -9999 -9999 -9999 -9999 30 30 22 22 22 22 30 30
12 12 12 12 12 12 31 31 31 31 31 31 31 31 31 24 24 24 24 3 3 3 3 7 7 7 7 4 4 4 4 4 4 4 4 4 4 -9999 6 6 6 6 6 6 6 6 2 3 5 5 4 6 6 5 9 6 5 8 21 18 23 21 20 20 21 30 -9999 21 20 -9999 -9999 -9999 -9999 -9999 -9999 -9999 30 30 30 22 22 30 30
12 12 12 12 12 31 31 31 31 31 31 31 31 31 24 24 24 24 24 24 3 3 3 3 7 7 7 4 4 4 4 4 4 4 4 4 4 4 4 -9999 6 6 6 6 6 1 18 15 4 4 4 16 11 9 12 9 9 15 20 21 23 21 21 23 19 20 18 24 25 29 32 -9999 26 -9999 -9999 -9999 30 30 30 30 30 30 30
12 12 12 12 9 31 31 31 31 31 31 31 31 31 24 24 24 24 24 24 3 3 3 3 7 7 7 4 4 4 4 4 4 4 4 4 4 4 4 4 -9999 -9999 6 6 6 10 21 18 3 5 14 12 8 14 16 19 19 20 23 24 24 24 19 27 17 19 19 16 23 22 22 21 31 -9999 -9999 -9999 -9999 -9999 30 30 30 30 30
12 12 12 9 9 31 31 31 31 31 31 31 24 24 24 24 24 24 24 24 19 3 3 3 7 7 7 -9999 7 7 4 4 4 4 4 4 4 4 4 4 4 4 -9999 6 3 23 19 22 15 22 21 16 21 19 15 22 24 20 22 21 23 23 22 22 22 21 25 23 25 20 19 23 19 -9999 -9999 -9999 -9999 -9999 30 30 30 23 30
12 12 9 9 9 9 9 31 31 31 24 24 24 24 24 24 24 24 24 24 3 3 3 3 7 7 7 -9999 7 7 7 4 4 4 4 4 4 4 4 4 4 4 4 4 -9999 17 17 19 19 21 22 21 21 23 15 25 24 23 20 17 21 18 24 21 21 23 25 24 23 20 20 19 -9999 -9999 -9999 -9999 -9999 -9999 -9999 23 23 23 23
12 9 9 9 9 9 9 9 9 9 24 24 24 24 24 24 24 24 24 24 3 3 3 3 3 7 7 -9999 -9999 7 7 7 7 4 4 4 4 4 4 4 4 4 4 17 19 -9999 17 27 19 25 21 21 19 21 23 25 20 20 24 13 24 19 23 19 21 23 24 21 24 18 22 17 -9999 -9999 -9999 -9999 -9999 -9999 -9999 23 23 23 23
12 9 9 9 9 9 9 9 9 9 9 9 24 24 4 4 4 4 4 4 14 3 3 3 3 7 7 7 6 -9999 7 7 7 7 4 4 4 4 4 4 4 4 4 22 15 -9999 23 18 22 21 24 20 24 22 20 19 24 22 18 19 29 21 19 22 24 19 25 27 23 22 21 -9999 -9999 -9999 -9999 -9999 -9999 -9999 -9999 23 23 23 23
9 9 9 9 9 9 9 9 5 4 4 4 4 4 4 4 4 4 4 4 10 3 3 3 3 7 7 7 2 7 7 7 7 7 7 4 4 4 4 4 4 4 6 20 14 10 14 17 18 21 23 25 27 14 20 19 26 20 21 19 23 16 20 25 22 22 22 27 22 20 22 -9999 -9999 -9999 -9999 -9999 -9999 -9999 -9999 23 23 23 23
9 9 5 5 5 5 5 5 5 5 4 4 4 4 4 4 4 4 4 4 4 10 3 3 3 7 7 7 7 7 7 7 7 7 7 7 4 4 4 4 4 4 10 10 14 14 -9999 10 18 17 14 7 15 21 19 13 14 17 21 20 14 18 24 22 19 20 17 19 21 22 20 -9999 -9999 -9999 -9999 -9999 -9999 -9999 -9999 23 23 23 23
