04_184A004/keskipituus.asc
ncols 172
nrows 237
xllcorner 610032
yllcorner 6876144
cellsize 16
nodata_value -9999
[rows 144 to 179 of 237, columns 81 to 161 of 172]
189 189 189 189 189 -9999 -9999 -9999 -9999 -9999 -9999 -9999 -9999 -9999 -9999 -9999 -9999 -9999 -9999 -9999 -9999 -9999 -9999 -9999 -9999 -9999 -9999 -9999 -9999 -9999 -9999 -9999 -9999 -9999 -9999 7 7 7 7 7 127 127 127 127 127 127 127 127 127 153 153 153 153 153 153 125 125 -9999 -9999 139 139 139 139 139 139 139 139 139 -9999 -9999 -9999 -9999 -9999 -9999 -9999 -9999 -9999 -9999 -9999 -9999 -9999
141 141 141 141 141 141 -9999 -9999 -9999 -9999 -9999 -9999 -9999 -9999 -9999 -9999 -9999 -9999 -9999 -9999 -9999 -9999 -9999 -9999 -9999 -9999 -9999 -9999 -9999 -9999 -9999 -9999 -9999 -9999 -9999 -9999 -9999 -9999 7 7 7 7 7 7 7 127 127 127 127 153 153 153 153 153 153 153 125 125 125 -9999 -9999 139 139 139 139 139 139 139 139 139 -9999 -9999 -9999 -9999 -9999 -9999 -9999 -9999 -9999 -9999 -9999
84 141 141 141 141 -9999 -9999 -9999 -9999 -9999 -9999 -9999 -9999 -9999 -9999 -9999 -9999 -9999 -9999 -9999 -9999 -9999 -9999 -9999 -9999 -9999 -9999 -9999 -9999 -9999 -9999 -9999 -9999 -9999 -9999 -9999 -9999 -9999 -9999 -9999 -9999 7 7 7 7 7 7 127 127 153 153 153 153 153 153 153 153 125 125 125 125 125 -9999 139 139 139 139 139 139 139 -9999 -9999 -9999 -9999 -9999 -9999 -9999 -9999 -9999 -9999 -9999
84 84 142 -9999 -9999 -9999 -9999 -9999 -9999 -9999 -9999 -9999 -9999 -9999 -9999 -9999 -9999 -9999 -9999 -9999 -9999 -9999 -9999 -9999 -9999 -9999 -9999 -9999 -9999 -9999 -9999 -9999 -9999 -9999 -9999 -9999 -9999 -9999 -9999 -9999 -9999 -9999 -9999 7 7 194 7 194 7 7 7 7 153 153 153 153 153 125 125 125 125 125 125 125 -9999 139 139 139 139 -9999 -9999 -9999 -9999 -9999 -9999 -9999 -9999 -9999 -9999 -9999 -9999
84 84 -9999 -9999 -9999 -9999 -9999 -9999 -9999 -9999 -9999 -9999 -9999 -9999 -9999 -9999 -9999 -9999 -9999 -9999 -9999 -9999 -9999 -9999 -9999 -9999 -9999 -9999 -9999 -9999 -9999 -9999 -9999 -9999 -9999 -9999 -9999 -9999 -9999 -9999 -9999 -9999 -9999 -9999 -9999 -9999 -9999 194 194 7 7 7 153 153 153 153 125 125 125 125 125 125 125 125 125 125 -9999 139 -9999 -9999 -9999 -9999 -9999 -9999 -9999 -9999 -9999 -9999 -9999 -9999 -9999
-9999 -9999 -9999 -9999 -9999 -9999 -9999 -9999 -9999 -9999 -9999 -9999 -9999 -9999 -9999 -9999 -9999 -9999 -9999 -9999 -9999 -9999 -9999 -9999 -9999 -9999 -9999 -9999 -9999 -9999 -9999 -9999 -9999 -9999 -9999 -9999 -9999 -9999 -9999 -9999 -9999 -9999 -9999 -9999 -9999 -9999 -9999 -9999 -9999 -9999 -9999 -9999 -9999 194 194 194 125 125 125 125 105 105 105 125 125 125 125 125 -9999 -9999 -9999 -9999 -9999 -9999 -9999 -9999 -9999 -9999 -9999 -9999 -9999
-9999 -9999 -9999 -9999 -9999 -9999 -9999 -9999 -9999 -9999 -9999 -9999 -9999 -9999 -9999 -9999 -9999 -9999 -9999 -9999 -9999 -9999 -9999 -9999 -9999 -9999 -9999 -9999 -9999 -9999 -9999 -9999 -9999 -9999 -9999 -9999 -9999 -9999 -9999 -9999 -9999 -9999 -9999 -9999 -9999 -9999 -9999 -9999 -9999 -9999 -9999 -9999 -9999 194 194 -9999 194 105 105 105 105 105 105 125 125 125 125 125 -9999 -9999 -9999 -9999 -9999 -9999 -9999 -9999 -9999 -9999 -9999 -9999 -9999
84 -9999 -9999 -9999 -9999 -9999 -9999 -9999 -9999 -9999 -9999 -9999 -9999 -9999 -9999 -9999 -9999 -9999 -9999 -9999 -9999 -9999 -9999 -9999 -9999 -9999 -9999 -9999 -9999 -9999 -9999 -9999 -9999 -9999 -9999 -9999 -9999 -9999 -9999 -9999 -9999 -9999 -9999 -9999 -9999 -9999 -9999 -9999 -9999 -9999 -9999 -9999 -9999 -9999 -9999 -9999 -9999 194 105 105 105 105 125 125 125 125 125 125 -9999 -9999 -9999 -9999 -9999 -9999 -9999 -9999 -9999 -9999 -9999 -9999 -9999
84 142 -9999 -9999 -9999 -9999 -9999 -9999 -9999 -9999 -9999 -9999 -9999 -9999 -9999 -9999 -9999 -9999 -9999 -9999 -9999 -9999 -9999 -9999 -9999 -9999 -9999 -9999 -9999 -9999 -9999 -9999 -9999 -9999 -9999 -9999 -9999 -9999 -9999 -9999 -9999 -9999 -9999 -9999 -9999 -9999 -9999 -9999 -9999 -9999 -9999 -9999 -9999 -9999 -9999 -9999 -9999 -9999 194 194 194 194 125 125 125 125 -9999 -9999 -9999 -9999 -9999 -9999 -9999 -9999 -9999 -9999 -9999 -9999 -9999 -9999 -9999
142 142 156 156 213 213 -9999 -9999 -9999 -9999 -9999 -9999 -9999 -9999 -9999 -9999 -9999 -9999 -9999 -9999 -9999 -9999 -9999 -9999 -9999 -9999 -9999 -9999 -9999 -9999 -9999 -9999 -9999 -9999 -9999 -9999 -9999 -9999 -9999 -9999 -9999 -9999 -9999 -9999 -9999 -9999 -9999 -9999 -9999 -9999 -9999 -9999 -9999 -9999 -9999 -9999 -9999 -9999 -9999 194 194 194 194 125 125 125 125 -9999 -9999 -9999 -9999 -9999 -9999 -9999 -9999 -9999 -9999 -9999 -9999 -9999 -9999
142 142 156 156 213 213 213 -9999 -9999 -9999 -9999 -9999 -9999 -9999 -9999 -9999 -9999 -9999 -9999 -9999 -9999 -9999 -9999 -9999 -9999 -9999 -9999 -9999 -9999 -9999 -9999 -9999 -9999 -9999 -9999 -9999 -9999 -9999 -9999 -9999 -9999 -9999 -9999 -9999 -9999 -9999 -9999 -9999 -9999 -9999 -9999 -9999 -9999 -9999 -9999 -9999 -9999 -9999 -9999 -9999 194 194 194 194 194 125 125 125 -9999 -9999 -9999 -9999 -9999 -9999 -9999 -9999 -9999 -9999 -9999 -9999 -9999
142 156 156 213 213 213 213 213 213 213 213 -9999 -9999 -9999 -9999 -9999 -9999 -9999 -9999 -9999 -9999 -9999 -9999 -9999 -9999 -9999 -9999 216 227 -9999 -9999 -9999 -9999 -9999 -9999 -9999 -9999 -9999 -9999 -9999 -9999 -9999 -9999 -9999 -9999 -9999 -9999 -9999 -9999 -9999 -9999 -9999 -9999 -9999 -9999 -9999 -9999 -9999 -9999 -9999 194 -9999 194 194 194 194 125 220 220 188 -9999 -9999 -9999 -9999 -9999 -9999 -9999 -9999 -9999 -9999 -9999
142 156 156 213 213 213 213 213 213 213 213 213 -9999 -9999 -9999 -9999 -9999 -9999 -9999 -9999 -9999 -9999 -9999 -9999 -9999 -9999 201 70 65 52 52 52 52 52 52 52 52 52 52 52 -9999 -9999 -9999 -9999 -9999 -9999 -9999 -9999 -9999 -9999 -9999 -9999 -9999 -9999 -9999 -9999 -9999 -9999 -9999 -9999 -9999 -9999 -9999 194 194 194 220 220 220 220 -9999 -9999 -9999 -9999 -9999 -9999 -9999 -9999 -9999 -9999 -9999
156 156 148 213 213 213 213 213 213 213 213 213 213 -9999 -9999 -9999 -9999 231 190 188 226 246 226 175 138 104 137 168 43 52 52 52 52 52 52 52 52 52 52 52 52 52 52 -9999 -9999 -9999 -9999 -9999 -9999 -9999 -9999 -9999 -9999 -9999 -9999 -9999 -9999 -9999 -9999 -9999 -9999 -9999 -9999 -9999 194 171 194 220 220 220 -9999 -9999 -9999 -9999 -9999 -9999 -9999 -9999 -9999 -9999 -9999
156 148 148 148 213 213 213 213 213 213 213 213 213 -9999 39 39 39 114 107 -9999 -9999 151 123 50 -9999 38 168 105 -9999 52 52 52 52 52 52 52 52 52 52 52 52 52 52 52 52 -9999 -9999 -9999 -9999 -9999 -9999 -9999 -9999 -9999 -9999 -9999 -9999 -9999 -9999 -9999 -9999 -9999 -9999 -9999 194 171 171 171 220 220 220 -9999 -9999 -9999 -9999 -9999 -9999 -9999 -9999 -9999 -9999
148 148 148 148 148 148 148 213 213 213 213 213 148 39 39 39 39 39 123 -9999 -9999 120 125 85 30 166 150 -9999 -9999 52 52 52 52 52 52 52 52 52 52 52 52 52 52 52 52 52 -9999 -9999 -9999 -9999 -9999 -9999 -9999 -9999 -9999 -9999 -9999 -9999 -9999 -9999 -9999 -9999 -9999 -9999 -9999 171 171 171 171 171 220 -9999 -9999 -9999 -9999 -9999 -9999 -9999 -9999 -9999 -9999
148 148 148 148 148 148 148 148 148 213 213 148 39 39 39 39 39 39 46 46 46 -9999 60 51 51 73 8 -9999 3 45 52 52 52 52 52 52 52 52 52 52 52 52 52 52 52 52 52 52 -9999 -9999 -9999 -9999 -9999 -9999 -9999 -9999 -9999 -9999 -9999 -9999 -9999 -9999 -9999 -9999 -9999 -9999 -9999 171 171 171 171 -9999 -9999 -9999 -9999 -9999 -9999 -9999 -9999 -9999 -9999
122 122 122 122 122 122 122 148 148 148 148 39 39 39 39 39 39 39 46 46 46 46 46 46 -9999 -9999 45 45 45 45 45 52 52 52 52 52 52 52 52 52 52 52 52 52 52 52 52 52 52 52 -9999 -9999 -9999 -9999 -9999 -9999 -9999 -9999 -9999 -9999 -9999 -9999 -9999 -9999 -9999 -9999 -9999 171 171 171 171 171 171 -9999 -9999 -9999 -9999 -9999 -9999 -9999 -9999
122 122 122 122 122 122 122 122 122 148 145 39 39 39 39 39 39 39 46 46 46 46 46 46 46 46 -9999 45 45 45 45 52 52 52 52 52 52 52 52 52 52 52 52 52 52 52 52 52 52 52 52 -9999 -9999 -9999 -9999 -9999 -9999 -9999 -9999 -9999 -9999 -9999 -9999 -9999 -9999 -9999 -9999 -9999 171 171 171 171 171 171 171 171 171 171 215 215 215
122 122 122 148 148 148 148 148 148 148 148 39 39 39 39 39 39 39 46 46 46 46 46 46 46 46 46 -9999 45 45 45 52 52 52 52 52 52 52 52 52 52 52 52 52 52 52 52 52 52 52 52 52 -9999 -9999 -9999 -9999 -9999 -9999 -9999 -9999 201 -9999 -9999 -9999 -9999 -9999 -9999 -9999 -9999 171 171 171 171 171 171 171 171 171 215 215 215
122 122 122 148 148 148 148 148 148 148 148 148 148 100 39 39 39 39 39 46 46 46 46 46 46 46 46 46 -9999 45 45 45 45 52 52 52 52 52 52 52 52 52 52 52 52 52 52 52 52 52 52 183 236 207 -9999 -9999 -9999 -9999 -9999 -9999 241 193 -9999 -9999 -9999 -9999 -9999 -9999 -9999 -9999 -9999 171 171 171 171 171 171 215 215 215 215
198 198 198 198 198 198 198 198 198 198 198 148 148 148 39 39 39 39 39 39 39 46 46 46 46 46 46 46 -9999 45 45 45 45 45 45 52 52 52 52 52 52 52 52 52 52 52 52 52 52 52 52 109 166 215 -9999 -9999 -9999 -9999 -9999 -9999 247 217 223 -9999 -9999 -9999 -9999 -9999 -9999 -9999 -9999 -9999 -9999 171 171 171 171 215 215 215 215
116 198 198 198 198 198 198 198 198 198 198 198 198 148 39 39 39 39 39 39 39 46 46 46 46 46 46 46 46 -9999 45 45 45 45 45 45 52 52 52 52 52 52 52 52 52 52 52 52 52 52 22 50 75 123 141 213 -9999 -9999 -9999 -9999 188 218 218 -9999 -9999 -9999 -9999 -9999 -9999 -9999 -9999 -9999 -9999 -9999 171 171 171 215 215 215 215
116 116 198 198 198 198 198 198 198 198 198 198 198 241 241 241 194 39 39 39 39 39 46 46 46 46 46 46 46 46 24 -9999 45 45 45 45 45 52 52 52 52 52 52 52 52 52 52 52 52 52 20 30 43 91 136 152 148 -9999 -9999 208 191 200 245 -9999 -9999 -9999 -9999 -9999 -9999 -9999 -9999 -9999 -9999 -9999 -9999 171 215 215 176 176 176
116 116 116 116 116 116 116 198 198 198 198 116 116 241 241 241 241 241 39 39 39 46 46 46 46 46 46 46 46 46 46 6 -9999 45 45 45 45 45 52 52 52 52 52 52 52 52 52 52 52 25 40 41 52 32 92 111 90 161 212 180 163 183 184 -9999 -9999 -9999 -9999 -9999 -9999 -9999 -9999 -9999 -9999 -9999 -9999 -9999 215 176 176 176 176
116 116 116 116 116 116 116 116 116 116 116 116 241 241 241 241 241 241 189 39 39 46 46 46 46 46 46 46 46 46 -9999 45 45 45 4 -9999 13 45 52 52 52 52 52 52 52 52 52 52 52 28 55 76 50 62 50 37 29 41 82 79 114 159 177 225 233 232 -9999 -9999 -9999 -9999 -9999 -9999 -9999 -9999 -9999 -9999 -9999 176 176 176 176
116 116 116 116 116 116 116 116 116 116 116 241 241 241 241 241 241 189 189 189 39 39 46 46 46 46 46 46 46 -9999 45 45 45 45 45 45 45 -9999 -9999 52 52 52 52 52 52 52 52 52 22 28 65 72 73 71 64 40 39 43 35 100 151 122 165 187 196 186 262 -9999 -9999 -9999 -9999 -9999 -9999 -9999 -9999 -9999 -9999 234 234 176 176
116 116 116 116 116 116 116 116 244 244 244 244 241 244 244 241 241 189 189 189 189 39 39 39 39 46 46 46 46 45 45 45 45 45 45 45 45 45 45 -9999 52 52 52 52 52 52 52 52 24 30 53 46 45 63 53 48 75 55 51 70 180 164 185 184 166 177 176 236 -9999 161 156 -9999 -9999 -9999 -9999 -9999 -9999 -9999 234 234 234
116 116 116 116 116 116 116 244 244 244 244 244 244 244 244 244 189 189 189 189 189 189 39 39 39 39 46 46 46 45 45 45 45 45 45 45 45 45 45 45 45 -9999 52 52 52 52 52 19 150 121 42 33 47 134 94 76 107 82 78 133 162 176 191 182 168 199 145 162 151 192 200 230 255 -9999 218 -9999 -9999 -9999 234 234 234
116 116 116 116 116 116 84 244 244 244 244 244 244 244 244 244 189 189 189 189 189 189 39 39 39 39 46 46 46 34 45 45 45 45 45 45 45 45 45 45 45 45 -9999 -9999 52 52 52 88 177 146 29 40 136 109 68 119 138 167 165 175 191 206 194 196 168 203 142 161 164 134 191 188 193 190 240 -9999 -9999 -9999 -9999 -9999 234
116 116 116 116 116 84 84 244 244 244 244 244 244 244 189 189 189 189 189 189 189 189 169 39 39 39 46 46 46 -9999 54 54 45 45 45 45 45 45 45 45 45 45 45 45 -9999 52 28 212 157 175 134 182 171 139 174 169 123 187 202 172 195 170 204 185 187 177 188 173 207 196 202 161 167 180 169 -9999 -9999 -9999 -9999 -9999 234
116 116 116 116 84 84 84 84 84 244 244 244 189 189 189 189 189 189 189 189 189 189 39 39 39 39 46 46 46 -9999 54 54 54 45 45 45 45 45 45 45 45 45 45 45 45 45 -9999 149 126 157 172 184 194 192 189 195 135 208 204 192 181 144 182 157 197 183 180 177 204 192 191 173 160 156 -9999 -9999 -9999 -9999 -9999 -9999 -9999
116 116 116 84 84 84 84 84 84 84 84 84 189 189 189 189 189 189 189 189 189 189 39 39 39 39 39 46 46 -9999 -9999 54 54 54 54 45 45 45 45 45 45 45 45 45 45 159 164 -9999 117 213 156 206 167 192 165 177 203 216 176 182 209 105 189 158 187 164 180 185 189 171 211 155 179 162 -9999 -9999 -9999 -9999 -9999 -9999 -9999
116 116 116 84 84 84 84 84 84 84 84 84 84 84 189 189 36 36 36 36 36 36 115 39 39 39 39 46 46 46 52 -9999 54 54 54 54 45 45 45 45 45 45 45 45 45 189 113 -9999 183 163 193 180 196 161 200 191 180 167 196 192 160 143 217 181 156 188 200 169 208 205 192 185 176 -9999 -9999 -9999 -9999 -9999 -9999 -9999 -9999
84 84 84 84 84 84 84 84 84 84 41 36 36 36 36 36 36 36 36 36 36 36 86 39 39 39 39 46 46 46 32 54 54 54 54 54 54 45 45 45 45 45 45 45 55 158 114 87 118 130 141 180 195 215 218 127 169 172 210 164 165 164 186 129 170 209 182 190 184 208 193 177 193 -9999 -9999 -9999 -9999 -9999 -9999 -9999 -9999
84 84 84 84 46 46 41 41 41 41 41 41 36 36 36 36 36 36 36 36 36 36 36 84 39 39 39 46 46 46 54 54 54 54 54 54 54 54 45 45 45 45 45 45 82 85 110 105 -9999 88 134 122 100 58 131 160 166 120 124 131 184 182 124 156 209 192 158 167 136 161 174 169 178 -9999 -9999 -9999 -9999 -9999 -9999 -9999 -9999
