04_184A004/koivu.asc
ncols 172
nrows 237
xllcorner 610032
yllcorner 6876144
cellsize 16
nodata_value -9999
[rows 170 to 203 of 237, columns 76 to 151 of 172]
2.7 2.7 2.7 56.7 56.7 56.7 56.7 56.7 56.7 56.7 56.7 56.7 56.7 56.7 56.7 56.7 17.1 17.1 17.1 17.1 17.1 17.1 23.400000000000002 23.400000000000002 23.400000000000002 4.5 4.5 0 0 0 0 0 0 0 -9999 14.4 14.4 14.4 14.4 14.4 14.4 14.4 -9999 -9999 0 0 0 0 0 0 0 0 0 0 0 18 25 26 19 17 3 3 3 1 8 37 7 10 0 4 0 16 -9999 -9999 -9999 -9999
2.7 2.7 2.7 56.7 56.7 56.7 56.7 56.7 56.7 56.7 56.7 56.7 56.7 21.6 21.6 21.6 21.6 17.1 21.6 21.6 17.1 17.1 23.400000000000002 23.400000000000002 23.400000000000002 23.400000000000002 4.5 4.5 4.5 4.5 0 0 0 0 14.4 14.4 14.4 14.4 14.4 14.4 14.4 14.4 14.4 14.4 -9999 0 0 0 0 0 0 0 0 0 1 11 12 11 24 10 4 3 6 10 13 16 15 2 7 7 6 11 23 -9999 45 44
2.7 2.7 2.7 56.7 56.7 56.7 56.7 56.7 56.7 56.7 56.7 56.7 21.6 21.6 21.6 21.6 21.6 21.6 21.6 21.6 21.6 23.400000000000002 23.400000000000002 23.400000000000002 23.400000000000002 23.400000000000002 23.400000000000002 4.5 4.5 4.5 4.5 0 0 0 14.4 14.4 14.4 14.4 14.4 14.4 14.4 14.4 14.4 14.4 14.4 14.4 -9999 0 0 0 0 0 0 7 10 0 1 11 23 31 11 18 13 17 21 6 5 0 5 6 1 12 1 27 23 6
0 2.7 2.7 56.7 56.7 56.7 56.7 56.7 56.7 56.7 56.7 18.900000000000002 21.6 21.6 21.6 21.6 21.6 21.6 21.6 21.6 21.6 23.400000000000002 23.400000000000002 23.400000000000002 23.400000000000002 23.400000000000002 23.400000000000002 4.5 4.5 4.5 4.5 0 0 0 2 14.4 14.4 14.4 14.4 14.4 14.4 14.4 14.4 14.4 14.4 14.4 14.4 -9999 -9999 0 0 0 0 0 1 1 0 45 12 16 16 5 46 28 3 7 6 2 8 0 23 5 16 9 7 3
0 0 0 4.5 56.7 56.7 56.7 56.7 56.7 56.7 18.900000000000002 18.900000000000002 21.6 21.6 21.6 21.6 21.6 21.6 21.6 23.400000000000002 23.400000000000002 23.400000000000002 23.400000000000002 23.400000000000002 23.400000000000002 23.400000000000002 23.400000000000002 22 4.5 4.5 4.5 0 0 0 -9999 0 0 14.4 14.4 14.4 14.4 14.4 14.4 14.4 14.4 14.4 14.4 14.4 14.4 -9999 0 1 28 2 13 1 21 10 24 37 18 7 2 42 8 8 2 16 7 4 3 30 8 7 9 17
0 0 0 4.5 56.7 56.7 56.7 56.7 56.7 18.900000000000002 18.900000000000002 18.900000000000002 18.900000000000002 18.900000000000002 21.6 21.6 21.6 23.400000000000002 23.400000000000002 23.400000000000002 23.400000000000002 23.400000000000002 23.400000000000002 23.400000000000002 23.400000000000002 23.400000000000002 23.400000000000002 4.5 4.5 4.5 4.5 0 0 0 -9999 0 0 0 14.4 14.4 14.4 14.4 14.4 14.4 14.4 14.4 14.4 14.4 14.4 14.4 14.4 -9999 11 5 12 2 18 18 18 11 21 15 23 16 14 15 4 8 9 3 17 8 22 4 1 12
0 0 4.5 4.5 56.7 56.7 56.7 56.7 18.900000000000002 18.900000000000002 18.900000000000002 18.900000000000002 18.900000000000002 18.900000000000002 18.900000000000002 18.900000000000002 18.900000000000002 23.400000000000002 23.400000000000002 23.400000000000002 23.400000000000002 23.400000000000002 23.400000000000002 23.400000000000002 23.400000000000002 23.400000000000002 23.400000000000002 4.5 4.5 4.5 4.5 4.5 0 0 -9999 -9999 0 0 0 0 14.4 14.4 14.4 14.4 14.4 14.4 14.4 14.4 14.4 14.4 32 0 -9999 5 17 10 11 4 16 17 19 8 9 7 14 10 10 3 17 8 6 5 30 23 14 7
0 0 4.5 4.5 56.7 56.7 56.7 56.7 18.900000000000002 18.900000000000002 18.900000000000002 18.900000000000002 18.900000000000002 18.900000000000002 18.900000000000002 18.900000000000002 18.900000000000002 18.900000000000002 18.900000000000002 23.400000000000002 23.400000000000002 0 0 0 0 0 0 24 4.5 4.5 4.5 4.5 0 0 0 0 -9999 0 0 0 0 14.4 14.4 14.4 14.4 14.4 14.4 14.4 14.4 14.4 4 7 -9999 6 2 3 4 2 9 44 17 5 1 14 13 50 2 22 14 3 11 39 9 4 12 1
2.7 4.5 4.5 4.5 18.900000000000002 18.900000000000002 18.900000000000002 18.900000000000002 18.900000000000002 18.900000000000002 18.900000000000002 18.900000000000002 18.900000000000002 18.900000000000002 18.900000000000002 0 0 0 0 0 0 0 0 0 0 0 0 24 4.5 4.5 4.5 4.5 0 0 0 12 0 0 0 0 0 0 14.4 14.4 14.4 14.4 14.4 14.4 14.4 15 10 1 0 1 5 8 4 6 28 8 0 2 7 5 10 12 5 5 5 2 0 27 9 6 14 9
72 72 4.5 4.5 18.900000000000002 18.900000000000002 18.900000000000002 18.900000000000002 18.900000000000002 0 0 0 0 0 0 0 0 0 0 0 0 0 0 0 0 0 0 0 19 4.5 4.5 4.5 0 0 0 0 0 0 0 0 0 0 0 14.4 14.4 14.4 14.4 14.4 14.4 11 15 7 3 -9999 1 5 4 15 16 9 8 9 11 10 2 4 2 4 2 9 8 5 5 20 6 20
15 0 72 72 0 0 0 0 0 0 0 0 0 0 0 0 0 0 0 0 0 0 0 0 0 0 0 0 0 23 4.5 4.5 4.5 0 0 0 0 0 0 0 0 0 0 0 0 14.4 14.4 14.4 9 9 4 4 9 0 -9999 0 6 11 -9999 -9999 12 26 4 4 9 4 1 10 9 28 0 0 2 1 12 9
-9999 7.2 -9999 72 72 0 0 0 0 0 0 0 0 0 0 0 0 0 0 0 0 0 0 0 0 0 0 0 0 29 4.5 4.5 4.5 0 0 0 0 0 0 0 0 0 0 0 0 0 0 14.4 10 20 5 4 6 6 3 4 -9999 9 9 8 2 2 3 3 -9999 0 10 4 13 48 0 1 0 0 18 3
-9999 -9999 -9999 -9999 72 72 0 0 0 0 0 0 0 0 0 0 0 0 0 0 0 0 0 0 0 0 0 0 0 0 25 4.5 4.5 4.5 0 0 0 0 0 0 0 0 0 0 0 0 0 5 5 15 25 4 5 6 6 7 9 8 -9999 -9999 1 1 -9999 6 5 0 6 -9999 12 15 11 1 4 5 1 8
-9999 -9999 -9999 -9999 -9999 72 72 72 0 0 0 0 0 0 0 0 0 92.7 92.7 0 0 0 0 0 0 0 0 0 0 0 0 0 19.8 19.8 0 0 0 0 0 0 0 0 0 0 0 0 6 1 4 4 6 6 5 5 7 7 6 5 42 -9999 -9999 3 1 11 23 18 10 7 -9999 18 12 5 19 20 16 5
-9999 -9999 -9999 -9999 -9999 -9999 72 72 72 72 0 0 0 0 0 0 92.7 92.7 92.7 92.7 0 0 0 0 0 0 0 0 0 0 0 19.8 19.8 19.8 19.8 0 0 0 0 0 0 0 0 0 0 0 0 2 4 3 0 3 3 8 15 15 22 16 11 5 5 12 15 13 21 17 16 19 17 -9999 -9999 14 16 16 2 12
-9999 -9999 -9999 -9999 -9999 -9999 -9999 72 72 72 72 72 72 72 72 92.7 92.7 92.7 92.7 92.7 92.7 0 0 0 0 0 0 0 0 0 0 0 7 19.8 19.8 0 0 0 0 0 0 0 0 0 0 0 0 0 18 15 18 5 1 4 4 0 8 5 6 4 5 13 15 16 23 22 18 16 22 1 22 -9999 -9999 46 11 8
-9999 -9999 -9999 -9999 -9999 -9999 -9999 -9999 -9999 72 72 72 72 72 72 92.7 92.7 92.7 92.7 30.6 30.6 92.7 0 0 0 0 0 0 0 0 0 0 6 19.8 19.8 19.8 0 0 0 0 0 0 0 0 0 0 0 0 0 0 0 9 5 2 9 4 9 7 6 7 7 30 21 39 25 14 7 27 22 13 6 5 0 -9999 -9999 4
-9999 -9999 -9999 -9999 -9999 -9999 -9999 -9999 -9999 -9999 0 0 72 72 92.7 92.7 92.7 92.7 92.7 30.6 30.6 92.7 92.7 92.7 92.7 0 30.6 0 0 0 0 0 0 19.8 19.8 19.8 0 0 0 0 0 0 0 0 0 0 0 0 0 0 0 19 7 9 35 14 6 12 21 9 11 22 27 27 22 20 27 18 12 14 7 6 14 13 6 4
-9999 -9999 -9999 -9999 -9999 -9999 -9999 -9999 -9999 -9999 -9999 -9999 0 0 0 0 0 0 92.7 30.6 30.6 30.6 30.6 92.7 92.7 30.6 30.6 30.6 0 0 0 0 0 0 19.8 19.8 0 0 0 0 0 0 0 0 0 0 0 0 0 0 0 0 10.8 23 27 7 0 4 14 5 8 12 6 23 18 18 5 12 12 16 6 11 10 6 4 4
-9999 -9999 -9999 -9999 -9999 -9999 -9999 -9999 -9999 -9999 -9999 -9999 -9999 0 0 0 0 0 0 30.6 30.6 30.6 30.6 30.6 30.6 30.6 30.6 30.6 30.6 0 0 0 0 0 19.8 19.8 19.8 0 0 0 0 0 0 0 0 0 0 0 0 0 0 0 10.8 10.8 30 10 11 31 14 18 13 10 23 15 11 11 5 1 2 5 33 12 6 4 8 3
-9999 -9999 -9999 -9999 -9999 -9999 -9999 -9999 -9999 -9999 -9999 -9999 -9999 -9999 -9999 0 0 0 0 30.6 30.6 30.6 30.6 30.6 30.6 30.6 30.6 30.6 30.6 0 0 0 0 0 19.8 19.8 19.8 19.8 0 0 0 0 0 0 0 0 0 0 0 0 0 10.8 10.8 10.8 10.8 10.8 5 7 5 12 20 6 14 15 20 10 8 6 27 8 7 6 0 22 7 1
-9999 -9999 -9999 -9999 -9999 -9999 -9999 -9999 -9999 -9999 -9999 -9999 -9999 -9999 -9999 -9999 0 0 0 30.6 30.6 30.6 30.6 30.6 30.6 30.6 30.6 30.6 30.6 0 0 0 0 8 19.8 19.8 19.8 19.8 19.8 0 0 0 0 0 0 0 0 0 0 0 0 10.8 10.8 10.8 10.8 10.8 10.8 13 7 21 6 12 3 11 19 22 8 6 9 2 7 11 35 18 12 0
-9999 -9999 -9999 -9999 -9999 -9999 -9999 -9999 -9999 -9999 -9999 -9999 -9999 -9999 -9999 -9999 -9999 -9999 0 30.6 30.6 30.6 30.6 30.6 30.6 30.6 30.6 30.6 30.6 0 0 0 0 19.8 19.8 19.8 19.8 19.8 19.8 0 0 0 0 0 0 0 0 0 0 0 19.8 10.8 10.8 10.8 10.8 10.8 10.8 12.6 5 6 5 3 3 9 21 26 13 12 10 4 4 26 12 3 3 8
-9999 -9999 -9999 -9999 -9999 -9999 -9999 -9999 -9999 -9999 -9999 -9999 -9999 -9999 -9999 -9999 -9999 -9999 -9999 -9999 0 30.6 30.6 30.6 30.6 30.6 30.6 30.6 30.6 30.6 0 0 19.8 19.8 19.8 19.8 19.8 19.8 19.8 19.8 19.8 19.8 19.8 19.8 19.8 19.8 0 19.8 19.8 19.8 19.8 10.8 10.8 10.8 10.8 10.8 10.8 12.6 12.6 12.6 4 9 5 2 19 17 14 16 9 6 20 36 34 17 1 1
-9999 -9999 -9999 -9999 -9999 -9999 -9999 -9999 -9999 -9999 -9999 -9999 -9999 -9999 -9999 -9999 -9999 -9999 -9999 -9999 -9999 -9999 30.6 30.6 30.6 30.6 30.6 30.6 30.6 30.6 30.6 0 35 19.8 19.8 19.8 19.8 19.8 19.8 19.8 19.8 19.8 19.8 19.8 19.8 19.8 19.8 19.8 19.8 19.8 10.8 10.8 10.8 10.8 10.8 10.8 10.8 12.6 12.6 12.6 12.6 3 9 9 3 19 6 58 8 11 17 54 19 14 4 2
-9999 -9999 -9999 -9999 -9999 -9999 -9999 -9999 -9999 -9999 -9999 -9999 -9999 -9999 -9999 -9999 -9999 -9999 -9999 -9999 -9999 -9999 -9999 30.6 30.6 30.6 30.6 30.6 30.6 30.6 30.6 30.6 25 19.8 19.8 19.8 19.8 19.8 19.8 19.8 19.8 19.8 19.8 19.8 19.8 19.8 19.8 19.8 19.8 19.8 10.8 10.8 10.8 10.8 10.8 10.8 0 0 12.6 12.6 12.6 16.2 16.2 2 17 13 8 50 18 18 24 24 21 0 3 4
-9999 -9999 -9999 -9999 -9999 -9999 -9999 -9999 -9999 -9999 -9999 -9999 -9999 -9999 -9999 -9999 -9999 -9999 -9999 -9999 -9999 -9999 -9999 -9999 -9999 0 0 0 0 30.6 30.6 30.6 30.6 19.8 19.8 19.8 19.8 19.8 19.8 19.8 19.8 19.8 19.8 19.8 19.8 19.8 19.8 19.8 19.8 19.8 10.8 10.8 10.8 10.8 10.8 0 0 0 12.6 12.6 12.6 16.2 16.2 16.2 7 0 14 22 6 11 13 14 6 15 6 19
-9999 -9999 -9999 -9999 -9999 -9999 -9999 -9999 -9999 -9999 -9999 -9999 -9999 -9999 -9999 -9999 -9999 -9999 -9999 -9999 -9999 -9999 -9999 -9999 -9999 -9999 -9999 0 0 0 0 30.6 30.6 30.6 33 19.8 19.8 19.8 19.8 19.8 19.8 19.8 19.8 19.8 19.8 19.8 19.8 19.8 19.8 19.8 10.8 10.8 10.8 10.8 0 0 0 0 0 12.6 12.6 16.2 16.2 16.2 16.2 16.2 2 10 14 16 6 14 8 17 15 20
-9999 -9999 -9999 -9999 -9999 -9999 -9999 -9999 -9999 -9999 -9999 -9999 -9999 -9999 -9999 -9999 -9999 -9999 -9999 -9999 -9999 -9999 -9999 -9999 -9999 -9999 -9999 -9999 -9999 0 0 0 0 0 30.6 30.6 30.6 3.6 21 21 7 11 23 19.8 19.8 19.8 19.8 19.8 19.8 19.8 10.8 10.8 10.8 10.8 0 0 0 0 0 12.6 12.6 12.6 16.2 16.2 16.2 16.2 16.2 2 1 9 7 14 14 11 12 16
-9999 -9999 -9999 -9999 -9999 -9999 -9999 -9999 -9999 -9999 -9999 -9999 -9999 -9999 -9999 -9999 -9999 -9999 -9999 -9999 -9999 -9999 -9999 -9999 -9999 -9999 -9999 -9999 -9999 -9999 -9999 0 0 0 0 0 0 0 3.6 3.6 3.6 3.6 3.6 19.8 19.8 19.8 19.8 19.8 19.8 19.8 10.8 10.8 10.8 10.8 0 0 0 0 0 12.6 12.6 12.6 16.2 16.2 16.2 16.2 16.2 16.2 16.2 12 5 14 43 20 10 21
-9999 -9999 -9999 -9999 -9999 -9999 -9999 -9999 -9999 -9999 -9999 -9999 -9999 -9999 -9999 -9999 -9999 -9999 -9999 -9999 -9999 -9999 -9999 -9999 -9999 -9999 -9999 -9999 -9999 -9999 -9999 0 -9999 0 0 0 0 0 0 3.6 3.6 3.6 3.6 3.6 3.6 19.8 19.8 19.8 19.8 19.8 10.8 10.8 10.8 19.8 0 0 0 0 0 12.6 12.6 12.6 12.6 16.2 16.2 16.2 16.2 16.2 16.2 16.2 2 0 20 10 13 -9999
-9999 -9999 -9999 -9999 -9999 -9999 -9999 -9999 -9999 -9999 -9999 -9999 -9999 -9999 -9999 -9999 -9999 -9999 -9999 -9999 -9999 -9999 -9999 -9999 -9999 -9999 -9999 -9999 -9999 -9999 -9999 -9999 0 -9999 -9999 0 0 0 0 0 0 0 3.6 3.6 3.6 3.6 3.6 52 19.8 19.8 19.8 19.8 19.8 19.8 19.8 0 0 0 0 12.6 12.6 12.6 12.6 16.2 16.2 16.2 16.2 16.2 16.2 16.2 16.2 16.2 6 7 -9999 -9999
-9999 -9999 -9999 -9999 -9999 -9999 -9999 -9999 -9999 -9999 -9999 -9999 -9999 -9999 -9999 -9999 -9999 -9999 -9999 -9999 -9999 -9999 -9999 -9999 -9999 -9999 -9999 -9999 -9999 -9999 -9999 -9999 -9999 -9999 0 -9999 0 0 0 0 0 0 0 0 0 3.6 3.6 3.6 3.6 19.8 19.8 19.8 19.8 19.8 19.8 0 0 0 0 0 12.6 12.6 12.6 12.6 16.2 16.2 16.2 16.2 16.2 16.2 16.2 16.2 16.2 -9999 -9999 -9999
-9999 -9999 -9999 -9999 -9999 -9999 -9999 -9999 -9999 -9999 -9999 -9999 -9999 -9999 -9999 -9999 -9999 -9999 -9999 -9999 -9999 -9999 -9999 -9999 -9999 -9999 -9999 -9999 -9999 -9999 -9999 -9999 -9999 -9999 -9999 0 -9999 0 0 0 0 0 0 0 0 0 3.6 3.6 3.6 3.6 34 19.8 19.8 19.8 19.8 19.8 0 0 0 0 12.6 12.6 12.6 12.6 16.2 16.2 16.2 16.2 16.2 16.2 16.2 16.2 16.2 -9999 -9999 -9999
