04_184A004/koivu.asc
ncols 172
nrows 237
xllcorner 610032
yllcorner 6876144
cellsize 16
nodata_value -9999
[rows 68 to 101 of 237, columns 0 to 75 of 172]
-9999 -9999 -9999 -9999 -9999 -9999 -9999 -9999 -9999 -9999 -9999 -9999 -9999 -9999 -9999 -9999 -9999 -9999 -9999 -9999 -9999 -9999 -9999 60.300000000000004 60.300000000000004 60.300000000000004 60.300000000000004 60.300000000000004 60.300000000000004 60.300000000000004 60.300000000000004 60.300000000000004 30.6 30.6 30.6 30.6 30.6 30.6 20.7 20.7 20.7 -9999 -9999 -9999 -9999 -9999 -9999 -9999 -9999 -9999 -9999 -9999 -9999 -9999 -9999 -9999 -9999 -9999 -9999 -9999 -9999 -9999 -9999 -9999 -9999 -9999 -9999 -9999 -9999 -9999 14.4 14.4 14.4 14.4 14.4 14.4
-9999 -9999 -9999 -9999 -9999 -9999 -9999 -9999 -9999 -9999 -9999 -9999 -9999 -9999 -9999 -9999 -9999 -9999 -9999 -9999 -9999 -9999 -9999 60.300000000000004 60.300000000000004 60.300000000000004 60.300000000000004 60.300000000000004 60.300000000000004 60.300000000000004 60.300000000000004 60.300000000000004 30.6 30.6 30.6 30.6 30.6 30.6 30.6 30.6 30.6 20.7 -9999 -9999 -9999 -9999 -9999 -9999 -9999 -9999 -9999 -9999 -9999 -9999 -9999 -9999 -9999 -9999 -9999 -9999 -9999 -9999 -9999 -9999 -9999 -9999 -9999 -9999 -9999 -9999 -9999 14.4 14.4 14.4 14.4 14.4
-9999 -9999 -9999 -9999 -9999 -9999 -9999 -9999 -9999 -9999 -9999 -9999 -9999 -9999 -9999 -9999 -9999 -9999 -9999 -9999 -9999 -9999 -9999 -9999 60.300000000000004 60.300000000000004 60.300000000000004 60.300000000000004 60.300000000000004 60.300000000000004 60.300000000000004 60.300000000000004 30.6 30.6 30.6 30.6 30.6 30.6 30.6 30.6 30.6 30.6 -9999 -9999 -9999 -9999 -9999 -9999 -9999 -9999 -9999 -9999 -9999 -9999 -9999 -9999 -9999 -9999 -9999 -9999 -9999 -9999 -9999 -9999 -9999 -9999 -9999 -9999 -9999 -9999 -9999 -9999 14.4 14.4 14.4 14.4
-9999 -9999 -9999 -9999 -9999 -9999 -9999 -9999 -9999 -9999 -9999 -9999 -9999 -9999 -9999 -9999 -9999 -9999 -9999 -9999 -9999 -9999 -9999 60.300000000000004 60.300000000000004 60.300000000000004 60.300000000000004 60.300000000000004 60.300000000000004 60.300000000000004 60.300000000000004 30.6 30.6 30.6 30.6 30.6 30.6 30.6 30.6 30.6 30.6 30.6 -9999 -9999 -9999 -9999 -9999 -9999 -9999 -9999 -9999 -9999 -9999 -9999 -9999 -9999 -9999 -9999 -9999 -9999 -9999 -9999 -9999 -9999 -9999 -9999 -9999 -9999 -9999 -9999 -9999 -9999 -9999 -9999 14.4 -9999
-9999 -9999 -9999 -9999 -9999 -9999 -9999 -9999 -9999 -9999 -9999 -9999 -9999 -9999 -9999 -9999 -9999 -9999 -9999 -9999 -9999 -9999 60.300000000000004 60.300000000000004 60.300000000000004 60.300000000000004 60.300000000000004 60.300000000000004 60.300000000000004 60.300000000000004 30.6 30.6 30.6 30.6 30.6 30.6 30.6 30.6 30.6 30.6 30.6 30.6 -9999 -9999 -9999 -9999 -9999 -9999 -9999 -9999 -9999 -9999 -9999 -9999 -9999 -9999 -9999 -9999 -9999 -9999 -9999 -9999 -9999 -9999 -9999 -9999 -9999 -9999 -9999 -9999 -9999 -9999 -9999 -9999 -9999 12.6
-9999 -9999 -9999 -9999 -9999 -9999 -9999 -9999 -9999 -9999 -9999 -9999 -9999 -9999 -9999 -9999 -9999 -9999 -9999 -9999 -9999 12.6 12.6 12.6 12.6 12.6 12.6 12.6 60.300000000000004 30.6 30.6 30.6 30.6 30.6 30.6 30.6 30.6 30.6 30.6 30.6 30.6 30.6 -9999 -9999 -9999 -9999 -9999 -9999 -9999 -9999 -9999 -9999 -9999 -9999 -9999 -9999 -9999 -9999 -9999 -9999 -9999 -9999 -9999 -9999 -9999 -9999 -9999 -9999 -9999 -9999 -9999 -9999 -9999 -9999 1.8 1.8
-9999 -9999 -9999 16.2 16.2 10.8 10.8 10.8 10.8 10.8 -9999 -9999 -9999 -9999 -9999 -9999 -9999 -9999 -9999 -9999 12.6 12.6 12.6 12.6 12.6 12.6 12.6 12.6 30.6 30.6 30.6 30.6 30.6 30.6 30.6 30.6 30.6 30.6 30.6 30.6 30.6 30.6 -9999 -9999 -9999 -9999 -9999 -9999 -9999 -9999 -9999 -9999 -9999 -9999 -9999 -9999 -9999 -9999 -9999 -9999 -9999 -9999 -9999 -9999 -9999 -9999 -9999 -9999 -9999 -9999 -9999 -9999 -9999 -9999 1.8 1.8
-9999 -9999 -9999 16.2 16.2 16.2 16.2 10.8 10.8 10.8 10.8 10.8 -9999 -9999 -9999 -9999 -9999 -9999 -9999 9 9 12.6 12.6 12.6 12.6 12.6 12.6 12.6 30.6 30.6 30.6 30.6 30.6 30.6 30.6 30.6 30.6 30.6 30.6 30.6 30.6 30.6 -9999 -9999 -9999 -9999 -9999 -9999 -9999 -9999 -9999 -9999 -9999 -9999 -9999 -9999 -9999 -9999 -9999 -9999 -9999 -9999 -9999 -9999 -9999 -9999 -9999 -9999 -9999 -9999 -9999 -9999 -9999 -9999 1.8 1.8
-9999 -9999 16.2 16.2 16.2 16.2 16.2 16.2 16.2 10.8 10.8 10.8 -9999 -9999 -9999 -9999 -9999 -9999 -9999 9 9 12.6 12.6 12.6 12.6 12.6 30.6 30.6 30.6 30.6 30.6 30.6 30.6 30.6 30.6 30.6 30.6 30.6 30.6 30.6 30.6 30.6 -9999 -9999 -9999 -9999 -9999 -9999 -9999 -9999 -9999 -9999 -9999 -9999 -9999 -9999 -9999 -9999 -9999 -9999 -9999 -9999 -9999 -9999 -9999 -9999 -9999 -9999 -9999 -9999 -9999 -9999 -9999 -9999 0 0
-9999 -9999 16.2 31.5 31.5 16.2 16.2 16.2 16.2 16.2 10.8 10.8 10.8 -9999 -9999 -9999 -9999 0 0 9 12.6 12.6 12.6 12.6 12.6 30.6 30.6 30.6 30.6 30.6 30.6 30.6 30.6 30.6 30.6 30.6 30.6 30.6 30.6 30.6 30.6 30.6 30.6 30.6 -9999 -9999 -9999 -9999 -9999 -9999 -9999 -9999 -9999 -9999 -9999 -9999 -9999 -9999 -9999 -9999 -9999 -9999 -9999 -9999 -9999 -9999 -9999 -9999 -9999 -9999 -9999 -9999 -9999 -9999 0 0
-9999 -9999 16.2 16.2 16.2 16.2 16.2 16.2 16.2 16.2 16.2 16.2 10.8 10.8 10.8 0 0 0 0 12.6 12.6 12.6 12.6 12.6 12.6 30.6 30.6 30.6 30.6 30.6 30.6 30.6 30.6 30.6 30.6 30.6 30.6 30.6 30.6 30.6 30.6 30.6 30.6 30.6 -9999 -9999 -9999 -9999 -9999 -9999 -9999 -9999 -9999 -9999 -9999 -9999 -9999 -9999 -9999 -9999 -9999 -9999 -9999 -9999 -9999 -9999 -9999 -9999 -9999 -9999 -9999 -9999 -9999 0 0 0
-9999 -9999 16.2 16.2 16.2 16.2 16.2 16.2 16.2 16.2 16.2 16.2 16.2 16.2 10.8 0 0 0 0 12.6 12.6 12.6 12.6 12.6 12.6 30.6 30.6 30.6 30.6 30.6 30.6 30.6 30.6 30.6 30.6 30.6 30.6 30.6 30.6 30.6 30.6 30.6 30.6 30.6 -9999 -9999 -9999 -9999 -9999 -9999 -9999 -9999 -9999 -9999 -9999 -9999 -9999 -9999 -9999 -9999 -9999 -9999 -9999 -9999 -9999 -9999 -9999 -9999 -9999 -9999 -9999 -9999 0 0 0 0
-9999 -9999 16.2 16.2 16.2 16.2 16.2 16.2 24.3 24.3 24.3 24.3 16.2 16.2 16.2 0 0 0 0 12.6 12.6 12.6 12.6 12.6 30.6 30.6 30.6 30.6 30.6 30.6 30.6 30.6 30.6 30.6 30.6 30.6 30.6 30.6 30.6 30.6 30.6 30.6 30.6 30.6 30.6 -9999 -9999 -9999 30.6 -9999 -9999 -9999 -9999 -9999 -9999 -9999 -9999 -9999 -9999 30.6 30.6 30.6 -9999 -9999 -9999 -9999 -9999 -9999 -9999 -9999 -9999 17.1 0 0 0 0
-9999 -9999 16.2 16.2 16.2 16.2 16.2 24.3 24.3 24.3 24.3 24.3 24.3 16.2 16.2 16.2 0 0 0 23.400000000000002 12.6 12.6 12.6 12.6 30.6 30.6 30.6 30.6 30.6 30.6 30.6 30.6 30.6 30.6 30.6 30.6 30.6 30.6 30.6 30.6 30.6 30.6 30.6 30.6 30.6 30.6 -9999 30.6 30.6 30.6 -9999 -9999 -9999 -9999 -9999 -9999 -9999 -9999 -9999 -9999 -9999 10.8 10.8 10.8 10.8 10.8 10.8 19.8 19.8 19.8 -9999 17.1 -9999 0 0 0
-9999 -9999 16.2 16.2 16.2 16.2 16.2 24.3 24.3 24.3 24.3 24.3 24.3 24.3 24.3 16.2 16.2 0 0 23.400000000000002 12.6 12.6 12.6 30.6 30.6 30.6 30.6 30.6 30.6 30.6 30.6 30.6 30.6 30.6 30.6 30.6 30.6 30.6 30.6 30.6 30.6 30.6 30.6 30.6 30.6 30.6 30.6 30.6 30.6 30.6 30.6 -9999 -9999 -9999 -9999 -9999 -9999 10 10.8 10.8 10.8 10.8 10.8 10.8 10.8 10.8 19.8 19.8 19.8 19.8 19.8 -9999 -9999 -9999 0 0
-9999 -9999 8 16.2 16.2 16.2 16.2 24.3 24.3 24.3 24.3 24.3 24.3 24.3 24.3 24.3 24.3 16.2 23.400000000000002 23.400000000000002 23.400000000000002 23.400000000000002 23.400000000000002 23.400000000000002 30.6 30.6 30.6 30.6 30.6 30.6 30.6 30.6 30.6 30.6 30.6 30.6 30.6 30.6 30.6 30.6 30.6 30.6 30.6 30.6 30.6 30.6 30.6 30.6 30.6 30.6 30.6 -9999 -9999 -9999 -9999 -9999 -9999 -9999 10.8 10.8 10.8 10.8 10.8 10.8 10.8 19.8 19.8 19.8 19.8 -9999 -9999 -9999 -9999 -9999 0 0
-9999 23.400000000000002 -9999 16.2 16.2 16.2 24.3 24.3 24.3 24.3 24.3 24.3 24.3 24.3 24.3 24.3 24.3 24.3 24.3 23.400000000000002 23.400000000000002 23.400000000000002 23.400000000000002 23.400000000000002 23.400000000000002 30.6 30.6 30.6 30.6 30.6 30.6 30.6 30.6 30.6 30.6 30.6 30.6 30.6 30.6 30.6 30.6 30.6 30.6 30.6 30.6 30.6 30.6 30.6 30.6 30.6 30.6 -9999 30.6 -9999 -9999 -9999 -9999 -9999 10.8 10.8 10.8 10.8 10.8 10.8 10.8 19.8 19.8 19.8 19.8 -9999 -9999 -9999 -9999 -9999 -9999 0
-9999 23.400000000000002 1 16.2 16.2 24.3 24.3 24.3 24.3 24.3 24.3 24.3 24.3 24.3 24.3 24.3 24.3 24.3 24.3 24.3 24.3 23.400000000000002 23.400000000000002 23.400000000000002 23.400000000000002 30.6 23.400000000000002 23.400000000000002 23.400000000000002 23.400000000000002 23.400000000000002 23.400000000000002 30.6 30.6 30.6 30.6 30.6 30.6 30.6 30.6 30.6 30.6 30.6 30.6 30.6 30.6 30.6 30.6 30.6 30.6 30.6 30.6 30.6 -9999 -9999 -9999 30.6 -9999 10.8 10.8 10.8 10.8 10.8 10.8 10.8 19.8 19.8 19.8 19.8 19.8 -9999 -9999 -9999 -9999 -9999 -9999
-9999 23.400000000000002 23.400000000000002 -9999 24.3 24.3 24.3 24.3 24.3 24.3 24.3 24.3 24.3 24.3 24.3 24.3 24.3 24.3 24.3 24.3 24.3 24.3 23.400000000000002 23.400000000000002 23.400000000000002 23.400000000000002 23.400000000000002 23.400000000000002 23.400000000000002 23.400000000000002 23.400000000000002 23.400000000000002 -9999 23.400000000000002 23.400000000000002 23.400000000000002 30.6 30.6 30.6 30.6 30.6 30.6 30.6 30.6 30.6 30.6 30.6 30.6 30.6 30.6 30.6 30.6 30.6 30.6 30.6 30.6 30.6 -9999 10.8 10.8 10.8 10.8 10.8 10.8 10.8 19.8 19.8 19.8 19.8 19.8 19.8 -9999 -9999 -9999 -9999 -9999
-9999 -9999 -9999 -9999 24.3 24.3 24.3 24.3 24.3 24.3 24.3 24.3 24.3 24.3 24.3 24.3 24.3 24.3 24.3 24.3 24.3 24.3 24.3 36.9 36.9 36.9 36.9 36.9 36.9 36.9 -9999 -9999 -9999 -9999 23.400000000000002 23.400000000000002 30.6 30.6 30.6 30.6 30.6 30.6 30.6 30.6 30.6 30.6 30.6 30.6 30.6 30.6 30.6 30.6 30.6 30.6 30.6 30.6 30.6 23 10.8 10.8 10.8 10.8 10.8 10.8 10.8 19.8 19.8 19.8 19.8 19.8 19.8 -9999 -9999 -9999 -9999 -9999
-9999 -9999 -9999 23.400000000000002 24.3 24.3 24.3 24.3 24.3 24.3 24.3 24.3 24.3 24.3 24.3 24.3 24.3 24.3 24.3 24.3 24.3 24.3 -9999 -9999 36.9 36.9 -9999 -9999 0 -9999 -9999 -9999 -9999 -9999 -9999 30.6 30.6 30.6 30.6 30.6 30.6 30.6 30.6 30.6 30.6 30.6 30.6 30.6 30.6 30.6 30.6 30.6 30.6 30.6 30.6 30.6 30.6 30.6 17 10.8 10.8 10.8 10.8 10.8 10.8 19.8 19.8 10.8 19.8 19.8 19.8 -9999 -9999 -9999 -9999 -9999
-9999 -9999 -9999 -9999 -9999 24.3 24.3 24.3 24.3 24.3 24.3 24.3 24.3 24.3 24.3 24.3 24.3 24.3 24.3 24.3 -9999 -9999 -9999 -9999 -9999 -9999 -9999 -9999 -9999 -9999 -9999 -9999 -9999 -9999 -9999 -9999 30.6 30.6 -9999 30.6 30.6 30.6 30.6 30.6 30.6 30.6 30.6 30.6 30.6 30.6 30.6 30.6 30.6 30.6 30.6 30.6 30.6 30.6 -9999 10.8 10.8 10.8 10.8 10.8 10.8 10.8 10.8 10.8 19.8 19.8 19.8 19.8 -9999 -9999 -9999 -9999
-9999 -9999 -9999 9.9 -9999 24.3 24.3 24.3 24.3 24.3 24.3 24.3 24.3 24.3 24.3 24.3 24.3 24.3 24.3 -9999 -9999 -9999 -9999 -9999 -9999 -9999 -9999 -9999 10 -9999 -9999 -9999 -9999 -9999 -9999 -9999 -9999 -9999 -9999 -9999 -9999 -9999 -9999 30.6 30.6 30.6 30.6 30.6 30.6 0 0 0 0 30.6 30.6 30.6 30.6 30.6 -9999 10.8 10.8 10.8 10.8 10.8 10.8 10.8 10.8 10.8 10.8 10.8 19.8 19.8 20.7 -9999 -9999 -9999
-9999 -9999 9.9 9.9 9.9 -9999 24.3 24.3 24.3 24.3 24.3 24.3 24.3 24.3 24.3 24.3 24.3 -9999 -9999 -9999 -9999 -9999 -9999 -9999 -9999 -9999 -9999 -9999 -9999 -9999 -9999 -9999 -9999 -9999 -9999 -9999 -9999 -9999 -9999 -9999 -9999 -9999 -9999 -9999 -9999 -9999 -9999 30.6 0 0 0 0 0 0 0 30.6 30.6 30.6 -9999 10.8 10.8 10.8 10.8 10.8 10.8 10.8 10.8 10.8 10.8 10.8 19.8 20.7 20.7 20.7 -9999 -9999
-9999 -9999 9.9 9.9 9.9 -9999 24.3 24.3 24.3 24.3 24.3 24.3 24.3 24.3 24.3 24.3 24.3 24.3 -9999 -9999 -9999 -9999 -9999 -9999 -9999 -9999 -9999 -9999 -9999 -9999 -9999 -9999 -9999 -9999 29 16 -9999 -9999 -9999 -9999 -9999 -9999 -9999 -9999 -9999 -9999 -9999 -9999 -9999 0 0 0 0 0 0 0 0 30.6 -9999 10.8 10.8 10.8 10.8 10.8 10.8 10.8 10.8 10.8 10.8 10.8 10.8 0.9 0.9 0.9 20.7 -9999
-9999 -9999 9.9 9.9 9.9 9.9 24.3 24.3 24.3 24.3 24.3 24.3 24.3 24.3 24.3 24.3 24.3 24.3 24.3 24.3 24.3 24.3 -9999 -9999 -9999 -9999 -9999 -9999 -9999 -9999 -9999 42 -9999 44 -9999 -9999 -9999 -9999 -9999 -9999 -9999 -9999 -9999 -9999 -9999 -9999 -9999 -9999 -9999 -9999 -9999 0 0 0 0 0 0 0 -9999 10.8 10.8 10.8 10.8 10.8 10.8 10.8 10.8 10.8 10.8 10.8 0.9 0.9 0.9 0.9 0.9 -9999
-9999 -9999 37.800000000000004 37.800000000000004 37.800000000000004 37.800000000000004 -9999 24.3 24.3 24.3 50.4 50.4 24.3 24.3 24.3 24.3 24.3 24.3 24.3 24.3 24.3 24.3 24.3 -9999 -9999 -9999 -9999 -9999 -9999 -9999 -9999 -9999 -9999 -9999 -9999 -9999 -9999 -9999 -9999 -9999 -9999 -9999 -9999 -9999 -9999 -9999 -9999 -9999 -9999 -9999 -9999 -9999 -9999 -9999 0 0 0 0 -9999 -9999 10.8 10.8 -9999 9 10.8 10.8 10.8 10.8 10.8 0.9 0.9 0.9 0.9 0.9 0.9 0.9
-9999 -9999 -9999 37.800000000000004 37.800000000000004 37.800000000000004 2 27 27 27 50.4 50.4 50.4 50.4 50.4 50.4 50.4 50.4 24.3 24.3 24.3 24.3 24.3 24.3 24.3 24.3 -9999 -9999 -9999 -9999 -9999 -9999 -9999 -9999 -9999 -9999 -9999 -9999 -9999 -9999 -9999 -9999 -9999 -9999 -9999 -9999 -9999 -9999 -9999 -9999 -9999 -9999 -9999 -9999 -9999 -9999 -9999 0 0 30.6 30.6 -9999 0 17 7 0.9 0.9 0.9 0.9 0.9 0.9 0.9 0.9 0.9 0.9 0.9
-9999 -9999 -9999 37.800000000000004 37.800000000000004 37.800000000000004 37.800000000000004 -9999 27 24.3 50.4 50.4 50.4 50.4 50.4 50.4 50.4 50.4 50.4 50.4 24.3 24.3 24.3 24.3 24.3 24.3 9 9 9 9 9 9 -9999 -9999 -9999 -9999 -9999 -9999 -9999 -9999 -9999 -9999 -9999 -9999 -9999 -9999 -9999 -9999 -9999 -9999 -9999 -9999 -9999 -9999 -9999 -9999 -9999 -9999 30.6 30.6 30.6 30.6 -9999 -9999 0.9 0.9 0.9 0.9 0.9 0.9 0.9 0.9 0.9 0.9 0.9 0.9
-9999 -9999 -9999 -9999 -9999 -9999 -9999 -9999 27 24.3 24.3 50.4 50.4 50.4 50.4 50.4 50.4 50.4 50.4 50.4 50.4 24.3 24.3 24.3 24.3 24.3 9 9 9 9 9 9 9 -9999 -9999 -9999 -9999 -9999 -9999 -9999 -9999 -9999 -9999 -9999 -9999 -9999 -9999 -9999 -9999 -9999 -9999 -9999 -9999 -9999 -9999 -9999 -9999 -9999 -9999 -9999 30.6 30.6 10 4 0.9 0.9 0.9 0.9 0.9 0.9 0.9 0.9 0.9 0.9 0.9 0.9
-9999 -9999 -9999 -9999 -9999 -9999 -9999 -9999 -9999 50.4 50.4 50.4 -9999 -9999 -9999 -9999 -9999 50.4 50.4 50.4 50.4 50.4 50.4 24.3 24.3 24.3 9 9 9 9 9 9 9 9 -9999 -9999 -9999 -9999 -9999 -9999 -9999 -9999 -9999 -9999 -9999 -9999 -9999 -9999 -9999 -9999 -9999 -9999 -9999 -9999 -9999 -9999 -9999 -9999 -9999 -9999 -9999 19 1 3 20.7 0.9 0.9 0.9 0.9 0.9 0.9 0.9 0.9 0.9 0.9 0.9
-9999 -9999 -9999 -9999 -9999 -9999 -9999 -9999 -9999 -9999 -9999 -9999 -9999 -9999 -9999 -9999 -9999 50.4 50.4 50.4 50.4 50.4 50.4 63.9 24.3 24.3 24.3 63.9 9 9 9 9 9 9 27.900000000000002 27.900000000000002 -9999 -9999 -9999 -9999 -9999 -9999 -9999 -9999 -9999 -9999 -9999 -9999 -9999 -9999 -9999 -9999 -9999 -9999 -9999 -9999 -9999 -9999 -9999 -9999 -9999 -9999 -9999 -9999 -9999 20.7 20.7 0.9 0.9 0.9 0.9 0.9 0.9 0.9 0.9 20.7
-9999 -9999 -9999 -9999 -9999 -9999 -9999 -9999 -9999 -9999 -9999 -9999 -9999 -9999 -9999 -9999 -9999 -9999 50.4 50.4 50.4 50.4 63.9 63.9 63.9 63.9 63.9 63.9 63.9 9 9 9 27.900000000000002 27.900000000000002 27.900000000000002 27.900000000000002 27.900000000000002 -9999 -9999 -9999 -9999 -9999 -9999 -9999 -9999 -9999 -9999 -9999 -9999 -9999 -9999 -9999 -9999 -9999 -9999 -9999 -9999 -9999 -9999 -9999 -9999 -9999 -9999 -9999 -9999 -9999 -9999 -9999 -9999 20.7 20.7 20.7 20.7 20.7 20.7 20.7
-9999 -9999 -9999 -9999 -9999 -9999 -9999 -9999 -9999 -9999 -9999 -9999 -9999 -9999 -9999 -9999 -9999 -9999 50.4 50.4 50.4 50.4 50.4 63.9 63.9 63.9 63.9 63.9 63.9 63.9 9 9 27.900000000000002 27.900000000000002 27.900000000000002 27.900000000000002 27.900000000000002 27.900000000000002 -9999 -9999 -9999 -9999 -9999 -9999 -9999 -9999 -9999 -9999 -9999 -9999 -9999 -9999 -9999 -9999 -9999 -9999 -9999 -9999 -9999 -9999 -9999 -9999 -9999 -9999 -9999 -9999 -9999 -9999 -9999 -9999 20.7 20.7 -9999 -9999 -9999 20.7
