04_184A004/koivu.asc
ncols 172
nrows 237
xllcorner 610032
yllcorner 6876144
cellsize 16
nodata_value -9999
[rows 68 to 101 of 237, columns 76 to 151 of 172]
14.4 14.4 14.4 14.4 -9999 7.2 7.2 7.2 7.2 7.2 7.2 7.2 7.2 7.2 7.2 7.2 11.700000000000001 11.700000000000001 11.700000000000001 11.700000000000001 11.700000000000001 11.700000000000001 102.60000000000001 102.60000000000001 54.9 54.9 54.9 54.9 54 9 9 9 9 0 0 0 0 0 0 0 0 0 0 81.9 81.9 81.9 81.9 81.9 81.9 81.9 81.9 17.1 81.9 81.9 17.1 17.1 -9999 -9999 -9999 -9999 -9999 -9999 -9999 -9999 -9999 -9999 -9999 -9999 -9999 -9999 -9999 -9999 -9999 -9999 -9999 -9999
14.4 14.4 14.4 -9999 7.2 7.2 7.2 7.2 7.2 7.2 7.2 7.2 7.2 7.2 7.2 11.700000000000001 11.700000000000001 11.700000000000001 11.700000000000001 11.700000000000001 11.700000000000001 11.700000000000001 11.700000000000001 54.9 54.9 54.9 54.9 54.9 54.9 54.9 9 9 0 0 0 0 0 0 0 0 0 0 81.9 81.9 81.9 81.9 81.9 81.9 81.9 81.9 81.9 81.9 81.9 81.9 17.1 17.1 86.4 86.4 -9999 -9999 -9999 -9999 -9999 -9999 -9999 -9999 -9999 -9999 -9999 -9999 -9999 -9999 -9999 -9999 -9999 -9999
14.4 -9999 12.6 12.6 7.2 7.2 7.2 7.2 7.2 7.2 7.2 7.2 7.2 7.2 7.2 11.700000000000001 11.700000000000001 11.700000000000001 11.700000000000001 11.700000000000001 11.700000000000001 11.700000000000001 11.700000000000001 54.9 54.9 54.9 54.9 54.9 54.9 54.9 29.7 0 0 0 0 0 0 0 0 0 0 100.8 81.9 81.9 81.9 81.9 81.9 81.9 81.9 81.9 81.9 81.9 81.9 81.9 119.7 23 86.4 86.4 86.4 -9999 -9999 -9999 -9999 -9999 -9999 -9999 -9999 -9999 -9999 -9999 -9999 -9999 -9999 -9999 -9999 -9999
-9999 12.6 12.6 7.2 7.2 26.1 7.2 7.2 7.2 0 0 0 0 7.2 7.2 11.700000000000001 54.9 54.9 11.700000000000001 11.700000000000001 11.700000000000001 11.700000000000001 11.700000000000001 11.700000000000001 54.9 54.9 54.9 54.9 54.9 29.7 29.7 0 0 0 0 0 0 0 0 0 100.8 100.8 100.8 81.9 81.9 81.9 81.9 81.9 81.9 119.7 119.7 81.9 81.9 119.7 119.7 -9999 86.4 86.4 86.4 86.4 -9999 -9999 -9999 -9999 -9999 -9999 -9999 -9999 -9999 -9999 -9999 -9999 -9999 -9999 -9999 -9999
12.6 12.6 12.6 12.6 26.1 26.1 26.1 7.2 26.1 26.1 0 0 17.1 7.2 7.2 11.700000000000001 54.9 54.9 54.9 11.700000000000001 11.700000000000001 11.700000000000001 11.700000000000001 54.9 54.9 54.9 54.9 54.9 29.7 29.7 0 0 0 76.5 76.5 76.5 76.5 76.5 76.5 100.8 100.8 100.8 100.8 81.9 81.9 81.9 81.9 81.9 81.9 119.7 119.7 119.7 119.7 119.7 119.7 -9999 86.4 86.4 86.4 86.4 86.4 -9999 -9999 -9999 -9999 -9999 -9999 -9999 -9999 -9999 -9999 -9999 -9999 -9999 -9999 -9999
1.8 12.6 12.6 12.6 26.1 26.1 26.1 26.1 26.1 26.1 26.1 17.1 17.1 7.2 7.2 7.2 54.9 54.9 54.9 54.9 54.9 54.9 54.9 54.9 54.9 54.9 54.9 54.9 29.7 29.7 0 0 0 76.5 76.5 76.5 76.5 76.5 76.5 100.8 100.8 100.8 100.8 100.8 81.9 81.9 81.9 81.9 119.7 119.7 119.7 119.7 119.7 119.7 119.7 -9999 6.3 6.3 86.4 86.4 86.4 -9999 -9999 -9999 -9999 -9999 -9999 -9999 -9999 -9999 -9999 -9999 -9999 -9999 -9999 -9999
1.8 12.6 12.6 12.6 12.6 26.1 26.1 26.1 26.1 26.1 26.1 17.1 7.2 7.2 7.2 7.2 7.2 7.2 7.2 7.2 54.9 54.9 54.9 54.9 54.9 54.9 54.9 29.7 29.7 0 0 0 76.5 76.5 76.5 76.5 76.5 76.5 76.5 76.5 76.5 100.8 100.8 100.8 81.9 81.9 81.9 119.7 119.7 119.7 119.7 119.7 119.7 119.7 119.7 6.3 6.3 6.3 6.3 6.3 6.3 -9999 -9999 -9999 -9999 -9999 -9999 -9999 -9999 -9999 -9999 -9999 -9999 -9999 -9999 -9999
1.8 1.8 12.6 12.6 12.6 12.6 26.1 26.1 26.1 26.1 17.1 17.1 17.1 7.2 7.2 7.2 7.2 7.2 7.2 7.2 7.2 54.9 54.9 54.9 54.9 54.9 29.7 29.7 0 0 0 76.5 76.5 76.5 76.5 76.5 76.5 76.5 67.5 67.5 67.5 76.5 100.8 67.5 67.5 81.9 81.9 119.7 119.7 119.7 119.7 119.7 119.7 119.7 -9999 6.3 6.3 6.3 6.3 6.3 6.3 -9999 -9999 -9999 -9999 -9999 -9999 -9999 -9999 -9999 -9999 -9999 -9999 -9999 -9999 -9999
0 0 0 12.6 12.6 12.6 26.1 26.1 26.1 17.1 17.1 17.1 17.1 7.2 7.2 7.2 7.2 7.2 7.2 7.2 7.2 54.9 54.9 54.9 54.9 29.7 29.7 29.7 0 0 0 76.5 76.5 76.5 76.5 76.5 76.5 76.5 67.5 67.5 67.5 67.5 67.5 67.5 67.5 119.7 81.9 119.7 119.7 119.7 119.7 119.7 119.7 -9999 120.60000000000001 -9999 -9999 -9999 -9999 6.3 16.2 -9999 -9999 -9999 -9999 -9999 -9999 -9999 -9999 -9999 -9999 -9999 -9999 -9999 -9999 -9999
0 0 0 26.1 26.1 26.1 26.1 26.1 26.1 26.1 17.1 17.1 17.1 7.2 7.2 7.2 7.2 7.2 7.2 7.2 7.2 54.9 54.9 54.9 54.9 54.9 29.7 63.9 0 0 76.5 76.5 63.9 63.9 63.9 76.5 76.5 67.5 67.5 67.5 67.5 67.5 67.5 67.5 67.5 119.7 119.7 119.7 119.7 119.7 119.7 119.7 -9999 120.60000000000001 89.10000000000001 89.10000000000001 -9999 -9999 16.2 16.2 16.2 -9999 -9999 -9999 -9999 -9999 -9999 -9999 -9999 -9999 -9999 -9999 -9999 -9999 -9999 -9999
0 0 0 26.1 26.1 26.1 26.1 26.1 26.1 26.1 17.1 17.1 17.1 26.1 7.2 7.2 7.2 7.2 7.2 7.2 7.2 54.9 54.9 54.9 54.9 54.9 63.9 63.9 63.9 63.9 76.5 63.9 63.9 63.9 63.9 63.9 68.4 68.4 67.5 67.5 67.5 67.5 67.5 67.5 67.5 67.5 67.5 119.7 119.7 119.7 119.7 -9999 120.60000000000001 120.60000000000001 89.10000000000001 89.10000000000001 89.10000000000001 16.2 -9999 16.2 16.2 -9999 -9999 -9999 -9999 -9999 -9999 -9999 -9999 -9999 -9999 -9999 -9999 -9999 -9999 -9999
0 0 0 26.1 26.1 26.1 26.1 26.1 26.1 26.1 26.1 17.1 26.1 26.1 7.2 7.2 7.2 7.2 7.2 7.2 7.2 54.9 54.9 54.9 54.9 54.9 87.3 87.3 63.9 63.9 63.9 63.9 63.9 63.9 63.9 63.9 63.9 68.4 68.4 67.5 67.5 67.5 67.5 67.5 67.5 67.5 67.5 67.5 119.7 119.7 -9999 120.60000000000001 120.60000000000001 120.60000000000001 89.10000000000001 89.10000000000001 16.2 16.2 16.2 -9999 16.2 -9999 -9999 -9999 -9999 -9999 -9999 -9999 -9999 -9999 -9999 -9999 -9999 -9999 -9999 -9999
0 0 0 0 26.1 26.1 26.1 26.1 26.1 26.1 26.1 26.1 26.1 26.1 26.1 26.1 7.2 7.2 7.2 7.2 7.2 54.9 54.9 54.9 54.9 87.3 87.3 87.3 87.3 63.9 63.9 63.9 63.9 68.4 63.9 63.9 63.9 68.4 68.4 68.4 67.5 67.5 67.5 114.3 114.3 67.5 67.5 -9999 -9999 120.60000000000001 120.60000000000001 120.60000000000001 120.60000000000001 89.10000000000001 89.10000000000001 16.2 16.2 16.2 16.2 16.2 16.2 -9999 16.2 -9999 -9999 -9999 -9999 -9999 -9999 -9999 -9999 -9999 -9999 -9999 -9999 -9999
0 0 0 0 0 26.1 26.1 26.1 26.1 26.1 26.1 26.1 26.1 26.1 26.1 26.1 26.1 26.1 7.2 7.2 7.2 7.2 54.9 54.9 189.9 87.3 87.3 87.3 87.3 63.9 63.9 63.9 68.4 68.4 68.4 63.9 68.4 68.4 68.4 68.4 68.4 68.4 114.3 114.3 -9999 -9999 114.3 30.6 30.6 120.60000000000001 120.60000000000001 120.60000000000001 120.60000000000001 89.10000000000001 89.10000000000001 16.2 16.2 16.2 16.2 16.2 16.2 16.2 -9999 -9999 -9999 -9999 -9999 -9999 -9999 -9999 -9999 -9999 -9999 -9999 -9999 -9999
0 0 0 0 0 26.1 26.1 26.1 26.1 26.1 26.1 26.1 26.1 26.1 26.1 26.1 26.1 26.1 26.1 26.1 26.1 26.1 54.9 54.9 189.9 189.9 87.3 87.3 63.9 63.9 63.9 63.9 68.4 68.4 68.4 68.4 68.4 68.4 68.4 68.4 68.4 68.4 68.4 -9999 114.3 114.3 114.3 30.6 30.6 30.6 30.6 120.60000000000001 120.60000000000001 89.10000000000001 89.10000000000001 89.10000000000001 89.10000000000001 89.10000000000001 16.2 16.2 16.2 22.5 22.5 -9999 -9999 -9999 -9999 -9999 -9999 -9999 -9999 -9999 -9999 -9999 -9999 -9999
0 0 0 0 0 26.1 26.1 26.1 26.1 26.1 26.1 26.1 26.1 26.1 26.1 26.1 26.1 26.1 26.1 26.1 -9999 -9999 26.1 189.9 189.9 189.9 63.9 63.9 63.9 63.9 63.9 68.4 68.4 68.4 68.4 68.4 68.4 68.4 68.4 68.4 68.4 68.4 -9999 30.6 30.6 30.6 30.6 30.6 30.6 30.6 30.6 120.60000000000001 89.10000000000001 89.10000000000001 89.10000000000001 89.10000000000001 89.10000000000001 89.10000000000001 89.10000000000001 89.10000000000001 22.5 22.5 -9999 -9999 -9999 -9999 -9999 -9999 -9999 -9999 -9999 -9999 -9999 -9999 -9999 -9999
0 0 0 0 0 26.1 26.1 26.1 26.1 26.1 26.1 26.1 26.1 26.1 26.1 26.1 26.1 26.1 26.1 -9999 -9999 -9999 -9999 -9999 189.9 189.9 72.9 72.9 72.9 63.9 68.4 68.4 68.4 68.4 68.4 68.4 68.4 68.4 68.4 68.4 68.4 68.4 75.60000000000001 75.60000000000001 30.6 30.6 30.6 30.6 30.6 30.6 75.60000000000001 75.60000000000001 89.10000000000001 89.10000000000001 89.10000000000001 89.10000000000001 89.10000000000001 89.10000000000001 89.10000000000001 22.5 22.5 -9999 -9999 -9999 -9999 -9999 -9999 -9999 -9999 -9999 -9999 -9999 -9999 -9999 -9999 -9999
-9999 -9999 -9999 -9999 -9999 0 0 0 0 26.1 26.1 26.1 26.1 26.1 26.1 26.1 26.1 -9999 -9999 -9999 -9999 -9999 -9999 -9999 -9999 -9999 -9999 72.9 72.9 72.9 68.4 68.4 68.4 68.4 68.4 68.4 68.4 68.4 68.4 68.4 68.4 -9999 75.60000000000001 75.60000000000001 30.6 30.6 75.60000000000001 75.60000000000001 75.60000000000001 75.60000000000001 75.60000000000001 75.60000000000001 27 27 89.10000000000001 89.10000000000001 89.10000000000001 89.10000000000001 89.10000000000001 89.10000000000001 -9999 -9999 -9999 -9999 -9999 -9999 -9999 -9999 -9999 -9999 -9999 -9999 -9999 -9999 -9999 -9999
-9999 -9999 -9999 -9999 -9999 0 0 0 0 0 0 0 26.1 26.1 26.1 26.1 -9999 -9999 -9999 -9999 -9999 -9999 -9999 -9999 -9999 -9999 -9999 72.9 72.9 72.9 72.9 68.4 68.4 68.4 68.4 68.4 68.4 68.4 68.4 68.4 68.4 -9999 75.60000000000001 75.60000000000001 75.60000000000001 75.60000000000001 75.60000000000001 75.60000000000001 75.60000000000001 75.60000000000001 75.60000000000001 75.60000000000001 27 27 27 27 27 89.10000000000001 89.10000000000001 -9999 -9999 -9999 -9999 -9999 -9999 -9999 -9999 -9999 -9999 -9999 -9999 -9999 -9999 -9999 -9999 -9999
-9999 -9999 -9999 -9999 -9999 -9999 0 0 0 0 0 0 0 0 26.1 -9999 -9999 -9999 -9999 -9999 -9999 -9999 -9999 -9999 -9999 -9999 -9999 -9999 72.9 72.9 72.9 72.9 72.9 72.9 68.4 68.4 68.4 68.4 68.4 68.4 68.4 34 75.60000000000001 75.60000000000001 75.60000000000001 75.60000000000001 75.60000000000001 75.60000000000001 75.60000000000001 75.60000000000001 75.60000000000001 75.60000000000001 27 27 27 27 27 89.10000000000001 89.10000000000001 -9999 -9999 -9999 -9999 -9999 -9999 -9999 -9999 -9999 -9999 -9999 -9999 -9999 -9999 -9999 -9999 -9999
-9999 -9999 -9999 -9999 -9999 -9999 22.5 0 0 0 0 0 0 0 0 -9999 -9999 -9999 -9999 -9999 -9999 -9999 -9999 -9999 -9999 -9999 -9999 -9999 72.9 72.9 72.9 72.9 72.9 72.9 72.9 72.9 68.4 68.4 68.4 68.4 68.4 -9999 75.60000000000001 75.60000000000001 75.60000000000001 75.60000000000001 75.60000000000001 75.60000000000001 62.1 62.1 62.1 75.60000000000001 27 27 27 27 27 10.8 -9999 -9999 -9999 -9999 -9999 -9999 -9999 -9999 -9999 -9999 -9999 -9999 -9999 -9999 -9999 -9999 -9999 -9999
-9999 -9999 -9999 -9999 -9999 -9999 -9999 22.5 0 0 0 0 0 0 -9999 -9999 -9999 -9999 -9999 -9999 -9999 -9999 9.9 -9999 -9999 -9999 -9999 84.60000000000001 84.60000000000001 72.9 72.9 72.9 72.9 72.9 72.9 8.1 8.1 8.1 8.1 8.1 8.1 -9999 8.1 -9999 75.60000000000001 75.60000000000001 75.60000000000001 75.60000000000001 62.1 62.1 62.1 62.1 62.1 27 27 27 27 10.8 -9999 -9999 -9999 -9999 -9999 -9999 -9999 -9999 -9999 -9999 -9999 -9999 -9999 -9999 -9999 -9999 -9999 -9999
-9999 -9999 -9999 -9999 -9999 -9999 -9999 22.5 0 0 0 0 0 0 -9999 -9999 -9999 -9999 104.4 9.9 9.9 9.9 9.9 9.9 9.9 9.9 84.60000000000001 84.60000000000001 84.60000000000001 84.60000000000001 84.60000000000001 84.60000000000001 72.9 72.9 84.60000000000001 8.1 8.1 8.1 8.1 8.1 8.1 -9999 -9999 -9999 -9999 -9999 -9999 75.60000000000001 62.1 62.1 62.1 62.1 62.1 62.1 62.1 27 27 27 -9999 -9999 -9999 -9999 -9999 -9999 -9999 -9999 -9999 -9999 -9999 -9999 -9999 -9999 -9999 -9999 -9999 -9999
-9999 -9999 -9999 -9999 -9999 -9999 22.5 0 0 0 22.5 -9999 -9999 -9999 -9999 -9999 -9999 104.4 104.4 9.9 9.9 9.9 9.9 9.9 9.9 9.9 9.9 42.300000000000004 84.60000000000001 84.60000000000001 84.60000000000001 84.60000000000001 84.60000000000001 84.60000000000001 84.60000000000001 8.1 8.1 8.1 8.1 8.1 8.1 -9999 -9999 -9999 -9999 -9999 -9999 8.1 62.1 62.1 62.1 62.1 62.1 62.1 62.1 62.1 120.60000000000001 27 -9999 -9999 -9999 -9999 -9999 -9999 -9999 -9999 -9999 -9999 -9999 -9999 -9999 -9999 -9999 -9999 -9999 -9999
-9999 -9999 -9999 -9999 -9999 -9999 -9999 -9999 22.5 22.5 -9999 -9999 -9999 -9999 -9999 -9999 -9999 104.4 104.4 104.4 104.4 42.300000000000004 42.300000000000004 42.300000000000004 42.300000000000004 42.300000000000004 42.300000000000004 42.300000000000004 42.300000000000004 84.60000000000001 84.60000000000001 84.60000000000001 84.60000000000001 84.60000000000001 84.60000000000001 84.60000000000001 8.1 8.1 8.1 8.1 8.1 -9999 -9999 -9999 -9999 -9999 -9999 -9999 62.1 62.1 62.1 62.1 62.1 62.1 62.1 62.1 120.60000000000001 120.60000000000001 -9999 -9999 -9999 -9999 -9999 -9999 -9999 -9999 -9999 -9999 -9999 -9999 -9999 -9999 -9999 -9999 -9999 -9999
-9999 -9999 -9999 -9999 36 24 -9999 -9999 -9999 -9999 -9999 -9999 -9999 -9999 -9999 -9999 104.4 104.4 104.4 104.4 104.4 42.300000000000004 42.300000000000004 42.300000000000004 42.300000000000004 42.300000000000004 42.300000000000004 42.300000000000004 42.300000000000004 42.300000000000004 84.60000000000001 84.60000000000001 84.60000000000001 84.60000000000001 84.60000000000001 84.60000000000001 84.60000000000001 8.1 8.1 8.1 8.1 -9999 -9999 -9999 -9999 -9999 -9999 -9999 8.1 62.1 62.1 62.1 62.1 62.1 62.1 62.1 -9999 -9999 -9999 -9999 -9999 -9999 -9999 -9999 -9999 -9999 -9999 -9999 -9999 -9999 -9999 -9999 -9999 -9999 -9999 -9999
-9999 -9999 -9999 -9999 -9999 10 9 -9999 -9999 -9999 -9999 -9999 -9999 -9999 104.4 104.4 104.4 104.4 104.4 104.4 104.4 42.300000000000004 42.300000000000004 22.5 22.5 22.5 42.300000000000004 42.300000000000004 42.300000000000004 42.300000000000004 42.300000000000004 42.300000000000004 42.300000000000004 84.60000000000001 84.60000000000001 84.60000000000001 84.60000000000001 84.60000000000001 8.1 8.1 8.1 -9999 -9999 -9999 -9999 -9999 -9999 -9999 39.6 62.1 62.1 62.1 0 0 0 0 -9999 -9999 -9999 -9999 -9999 -9999 -9999 -9999 -9999 -9999 -9999 -9999 -9999 -9999 -9999 -9999 -9999 -9999 -9999 -9999
20.7 -9999 -9999 -9999 -9999 4 31 -9999 -9999 -9999 -9999 -9999 -9999 -9999 28.8 28.8 104.4 104.4 104.4 104.4 104.4 22.5 22.5 22.5 22.5 22.5 22.5 42.300000000000004 42.300000000000004 42.300000000000004 42.300000000000004 42.300000000000004 42.300000000000004 42.300000000000004 84.60000000000001 84.60000000000001 84.60000000000001 84.60000000000001 8.1 8.1 8.1 8.1 8.1 -9999 -9999 -9999 -9999 -9999 -9999 39.6 0 0 0 0 0 0 -9999 -9999 -9999 -9999 -9999 -9999 -9999 -9999 -9999 -9999 -9999 -9999 -9999 -9999 -9999 -9999 -9999 -9999 -9999 -9999
20.7 -9999 -9999 -9999 -9999 -9999 -9999 -9999 -9999 -9999 -9999 -9999 -9999 28.8 28.8 28.8 104.4 104.4 104.4 104.4 22.5 22.5 22.5 22.5 22.5 22.5 22.5 22.5 42.300000000000004 42.300000000000004 42.300000000000004 42.300000000000004 42.300000000000004 84.60000000000001 84.60000000000001 84.60000000000001 84.60000000000001 84.60000000000001 8.1 8.1 8.1 8.1 8.1 -9999 -9999 -9999 -9999 -9999 -9999 -9999 0 0 0 0 0 0 -9999 -9999 -9999 -9999 -9999 -9999 -9999 -9999 -9999 -9999 -9999 -9999 -9999 -9999 -9999 -9999 -9999 -9999 -9999 -9999
20.7 -9999 -9999 -9999 -9999 -9999 -9999 -9999 -9999 -9999 -9999 -9999 -9999 28.8 28.8 28.8 28.8 28.8 104.4 104.4 22.5 22.5 22.5 22.5 22.5 22.5 22.5 22.5 22.5 22.5 42.300000000000004 42.300000000000004 31.5 31.5 31.5 84.60000000000001 84.60000000000001 84.60000000000001 8.1 8.1 8.1 8.1 8.1 -9999 -9999 -9999 -9999 -9999 -9999 -9999 -9999 -9999 -9999 0 0 0 -9999 -9999 -9999 -9999 -9999 -9999 -9999 -9999 -9999 -9999 -9999 -9999 -9999 -9999 -9999 -9999 -9999 -9999 -9999 -9999
20.7 -9999 -9999 -9999 -9999 -9999 -9999 -9999 -9999 -9999 -9999 -9999 28.8 28.8 28.8 28.8 28.8 28.8 28.8 28.8 28.8 28.8 22.5 22.5 22.5 22.5 22.5 22.5 22.5 22.5 22.5 42.300000000000004 42.300000000000004 31.5 31.5 31.5 84.60000000000001 84.60000000000001 31.5 8.1 8.1 8.1 0 -9999 -9999 -9999 -9999 -9999 -9999 -9999 -9999 -9999 -9999 -9999 -9999 -9999 -9999 -9999 -9999 -9999 -9999 -9999 -9999 -9999 -9999 -9999 -9999 -9999 -9999 -9999 -9999 -9999 -9999 -9999 -9999 -9999
20.7 20.7 -9999 -9999 -9999 -9999 -9999 -9999 -9999 -9999 -9999 28.8 28.8 28.8 28.8 28.8 28.8 28.8 28.8 28.8 28.8 28.8 28.8 22.5 22.5 22.5 22.5 22.5 22.5 22.5 22.5 42.300000000000004 42.300000000000004 42.300000000000004 31.5 31.5 31.5 31.5 31.5 31.5 31.5 8.1 -9999 -9999 -9999 -9999 -9999 -9999 -9999 -9999 -9999 -9999 -9999 -9999 -9999 -9999 -9999 -9999 -9999 -9999 -9999 -9999 -9999 -9999 -9999 -9999 -9999 -9999 -9999 -9999 -9999 -9999 -9999 -9999 -9999 -9999
20.7 20.7 -9999 -9999 -9999 -9999 -9999 -9999 -9999 -9999 -9999 28.8 28.8 28.8 28.8 28.8 28.8 28.8 28.8 28.8 28.8 28.8 28.8 22.5 22.5 22.5 22.5 22.5 22.5 -9999 22.5 22.5 22.5 42.300000000000004 42.300000000000004 31.5 31.5 31.5 31.5 31.5 31.5 -9999 -9999 -9999 -9999 -9999 -9999 -9999 -9999 -9999 -9999 -9999 -9999 -9999 -9999 -9999 -9999 -9999 -9999 -9999 -9999 -9999 -9999 -9999 -9999 -9999 -9999 -9999 -9999 -9999 -9999 -9999 -9999 -9999 -9999 -9999
20.7 20.7 -9999 -9999 -9999 -9999 -9999 -9999 -9999 -9999 -9999 -9999 28.8 28.8 65.7 65.7 65.7 28.8 28.8 28.8 28.8 28.8 28.8 28.8 22.5 22.5 22.5 22.5 22.5 -9999 -9999 22.5 22.5 22.5 42.300000000000004 31.5 31.5 31.5 31.5 31.5 31.5 -9999 -9999 -9999 -9999 -9999 -9999 -9999 -9999 -9999 -9999 -9999 -9999 -9999 -9999 -9999 -9999 -9999 -9999 -9999 -9999 -9999 -9999 -9999 -9999 -9999 -9999 -9999 -9999 -9999 -9999 -9999 -9999 -9999 -9999 -9999
