04_184A004/kuusi.asc
ncols 172
nrows 237
xllcorner 610032
yllcorner 6876144
cellsize 16
nodata_value -9999
[rows 144 to 179 of 237, columns 82 to 163 of 172]
207 207 207 207 -9999 -9999 -9999 -9999 -9999 -9999 -9999 -9999 -9999 -9999 -9999 -9999 -9999 -9999 -9999 -9999 -9999 -9999 -9999 -9999 -9999 -9999 -9999 -9999 -9999 -9999 -9999 -9999 -9999 -9999 0 0 0 0 0 52 52 52 52 52 52 52 52 52 12 12 12 12 12 12 17 17 -9999 -9999 13 13 13 13 13 13 13 13 13 -9999 -9999 -9999 -9999 -9999 -9999 -9999 -9999 -9999 -9999 -9999 -9999 -9999 -9999 -9999
140 140 140 140 140 -9999 -9999 -9999 -9999 -9999 -9999 -9999 -9999 -9999 -9999 -9999 -9999 -9999 -9999 -9999 -9999 -9999 -9999 -9999 -9999 -9999 -9999 -9999 -9999 -9999 -9999 -9999 -9999 -9999 -9999 -9999 -9999 0 0 0 0 0 0 0 52 52 52 52 12 12 12 12 12 12 12 17 17 17 -9999 -9999 13 13 13 13 13 13 13 13 13 -9999 -9999 -9999 -9999 -9999 -9999 -9999 -9999 -9999 -9999 -9999 -9999 -9999
140 140 140 140 -9999 -9999 -9999 -9999 -9999 -9999 -9999 -9999 -9999 -9999 -9999 -9999 -9999 -9999 -9999 -9999 -9999 -9999 -9999 -9999 -9999 -9999 -9999 -9999 -9999 -9999 -9999 -9999 -9999 -9999 -9999 -9999 -9999 -9999 -9999 -9999 0 0 0 0 0 0 52 52 12 12 12 12 12 12 12 12 17 17 17 17 17 -9999 13 13 13 13 13 13 13 -9999 -9999 -9999 -9999 -9999 -9999 -9999 -9999 -9999 -9999 -9999 -9999 -9999
67 93 -9999 -9999 -9999 -9999 -9999 -9999 -9999 -9999 -9999 -9999 -9999 -9999 -9999 -9999 -9999 -9999 -9999 -9999 -9999 -9999 -9999 -9999 -9999 -9999 -9999 -9999 -9999 -9999 -9999 -9999 -9999 -9999 -9999 -9999 -9999 -9999 -9999 -9999 -9999 -9999 0 0 101 0 101 0 0 0 0 12 12 12 12 12 17 17 17 17 17 17 17 -9999 13 13 13 13 -9999 -9999 -9999 -9999 -9999 -9999 -9999 -9999 -9999 -9999 -9999 -9999 -9999 -9999
67 -9999 -9999 -9999 -9999 -9999 -9999 -9999 -9999 -9999 -9999 -9999 -9999 -9999 -9999 -9999 -9999 -9999 -9999 -9999 -9999 -9999 -9999 -9999 -9999 -9999 -9999 -9999 -9999 -9999 -9999 -9999 -9999 -9999 -9999 -9999 -9999 -9999 -9999 -9999 -9999 -9999 -9999 -9999 -9999 -9999 101 101 0 0 0 12 12 12 12 17 17 17 17 17 17 17 17 17 17 -9999 13 -9999 -9999 -9999 -9999 -9999 -9999 -9999 -9999 -9999 -9999 -9999 -9999 -9999 -9999 -9999
-9999 -9999 -9999 -9999 -9999 -9999 -9999 -9999 -9999 -9999 -9999 -9999 -9999 -9999 -9999 -9999 -9999 -9999 -9999 -9999 -9999 -9999 -9999 -9999 -9999 -9999 -9999 -9999 -9999 -9999 -9999 -9999 -9999 -9999 -9999 -9999 -9999 -9999 -9999 -9999 -9999 -9999 -9999 -9999 -9999 -9999 -9999 -9999 -9999 -9999 -9999 -9999 101 101 101 17 17 17 17 53 53 53 17 17 17 17 17 -9999 -9999 -9999 -9999 -9999 -9999 -9999 -9999 -9999 -9999 -9999 -9999 -9999 -9999 -9999
-9999 -9999 -9999 -9999 -9999 -9999 -9999 -9999 -9999 -9999 -9999 -9999 -9999 -9999 -9999 -9999 -9999 -9999 -9999 -9999 -9999 -9999 -9999 -9999 -9999 -9999 -9999 -9999 -9999 -9999 -9999 -9999 -9999 -9999 -9999 -9999 -9999 -9999 -9999 -9999 -9999 -9999 -9999 -9999 -9999 -9999 -9999 -9999 -9999 -9999 -9999 -9999 101 101 -9999 101 53 53 53 53 53 53 17 17 17 17 17 -9999 -9999 -9999 -9999 -9999 -9999 -9999 -9999 -9999 -9999 -9999 -9999 -9999 -9999 -9999
-9999 -9999 -9999 -9999 -9999 -9999 -9999 -9999 -9999 -9999 -9999 -9999 -9999 -9999 -9999 -9999 -9999 -9999 -9999 -9999 -9999 -9999 -9999 -9999 -9999 -9999 -9999 -9999 -9999 -9999 -9999 -9999 -9999 -9999 -9999 -9999 -9999 -9999 -9999 -9999 -9999 -9999 -9999 -9999 -9999 -9999 -9999 -9999 -9999 -9999 -9999 -9999 -9999 -9999 -9999 -9999 101 53 53 53 53 17 17 17 17 17 17 -9999 -9999 -9999 -9999 -9999 -9999 -9999 -9999 -9999 -9999 -9999 -9999 -9999 -9999 -9999
93 -9999 -9999 -9999 -9999 -9999 -9999 -9999 -9999 -9999 -9999 -9999 -9999 -9999 -9999 -9999 -9999 -9999 -9999 -9999 -9999 -9999 -9999 -9999 -9999 -9999 -9999 -9999 -9999 -9999 -9999 -9999 -9999 -9999 -9999 -9999 -9999 -9999 -9999 -9999 -9999 -9999 -9999 -9999 -9999 -9999 -9999 -9999 -9999 -9999 -9999 -9999 -9999 -9999 -9999 -9999 -9999 101 101 101 101 17 17 17 17 -9999 -9999 -9999 -9999 -9999 -9999 -9999 -9999 -9999 -9999 -9999 -9999 -9999 -9999 -9999 -9999 -9999
93 73 73 87 87 -9999 -9999 -9999 -9999 -9999 -9999 -9999 -9999 -9999 -9999 -9999 -9999 -9999 -9999 -9999 -9999 -9999 -9999 -9999 -9999 -9999 -9999 -9999 -9999 -9999 -9999 -9999 -9999 -9999 -9999 -9999 -9999 -9999 -9999 -9999 -9999 -9999 -9999 -9999 -9999 -9999 -9999 -9999 -9999 -9999 -9999 -9999 -9999 -9999 -9999 -9999 -9999 -9999 101 101 101 101 17 17 17 17 -9999 -9999 -9999 -9999 -9999 -9999 -9999 -9999 -9999 -9999 -9999 -9999 -9999 -9999 -9999 -9999
93 73 73 87 87 87 -9999 -9999 -9999 -9999 -9999 -9999 -9999 -9999 -9999 -9999 -9999 -9999 -9999 -9999 -9999 -9999 -9999 -9999 -9999 -9999 -9999 -9999 -9999 -9999 -9999 -9999 -9999 -9999 -9999 -9999 -9999 -9999 -9999 -9999 -9999 -9999 -9999 -9999 -9999 -9999 -9999 -9999 -9999 -9999 -9999 -9999 -9999 -9999 -9999 -9999 -9999 -9999 -9999 101 101 101 101 101 17 17 17 -9999 -9999 -9999 -9999 -9999 -9999 -9999 -9999 -9999 -9999 -9999 -9999 -9999 -9999 -9999
73 73 87 87 87 87 87 87 87 87 -9999 -9999 -9999 -9999 -9999 -9999 -9999 -9999 -9999 -9999 -9999 -9999 -9999 -9999 -9999 -9999 14 1 -9999 -9999 -9999 -9999 -9999 -9999 -9999 -9999 -9999 -9999 -9999 -9999 -9999 -9999 -9999 -9999 -9999 -9999 -9999 -9999 -9999 -9999 -9999 -9999 -9999 -9999 -9999 -9999 -9999 -9999 -9999 101 -9999 101 101 101 101 17 185 185 63 -9999 -9999 -9999 -9999 -9999 -9999 -9999 -9999 -9999 -9999 -9999 -9999 -9999
73 73 87 87 87 87 87 87 87 87 87 -9999 -9999 -9999 -9999 -9999 -9999 -9999 -9999 -9999 -9999 -9999 -9999 -9999 -9999 18 12 21 8 8 8 8 8 8 8 8 8 8 8 -9999 -9999 -9999 -9999 -9999 -9999 -9999 -9999 -9999 -9999 -9999 -9999 -9999 -9999 -9999 -9999 -9999 -9999 -9999 -9999 -9999 -9999 -9999 101 101 101 185 185 185 185 -9999 -9999 -9999 -9999 -9999 -9999 -9999 -9999 -9999 -9999 -9999 -9999 -9999
73 98 87 87 87 87 87 87 87 87 87 87 -9999 -9999 -9999 -9999 131 76 26 132 229 141 116 28 16 19 9 11 8 8 8 8 8 8 8 8 8 8 8 8 8 8 -9999 -9999 -9999 -9999 -9999 -9999 -9999 -9999 -9999 -9999 -9999 -9999 -9999 -9999 -9999 -9999 -9999 -9999 -9999 -9999 -9999 101 61 101 185 185 185 -9999 -9999 -9999 -9999 -9999 -9999 -9999 -9999 -9999 -9999 -9999 -9999 -9999
98 98 98 87 87 87 87 87 87 87 87 87 -9999 0 0 0 1 0 -9999 -9999 17 10 5 -9999 8 4 9 -9999 8 8 8 8 8 8 8 8 8 8 8 8 8 8 8 8 -9999 -9999 -9999 -9999 -9999 -9999 -9999 -9999 -9999 -9999 -9999 -9999 -9999 -9999 -9999 -9999 -9999 -9999 -9999 101 61 61 61 185 185 185 -9999 -9999 -9999 -9999 -9999 -9999 -9999 -9999 -9999 -9999 -9999 -9999
98 98 98 98 98 98 87 87 87 87 87 98 0 0 0 0 0 1 -9999 -9999 11 33 14 7 8 14 -9999 -9999 8 8 8 8 8 8 8 8 8 8 8 8 8 8 8 8 8 -9999 -9999 -9999 -9999 -9999 -9999 -9999 -9999 -9999 -9999 -9999 -9999 -9999 -9999 -9999 -9999 -9999 -9999 -9999 61 61 61 61 61 185 -9999 -9999 -9999 -9999 -9999 -9999 -9999 -9999 -9999 -9999 -9999 -9999
98 98 98 98 98 98 98 98 87 87 98 0 0 0 0 0 0 0 0 0 -9999 2 3 3 1 0 -9999 1 2 8 8 8 8 8 8 8 8 8 8 8 8 8 8 8 8 8 8 -9999 -9999 -9999 -9999 -9999 -9999 -9999 -9999 -9999 -9999 -9999 -9999 -9999 -9999 -9999 -9999 -9999 -9999 -9999 61 61 61 61 -9999 -9999 -9999 -9999 -9999 -9999 -9999 -9999 -9999 -9999 -9999 -9999
63 63 63 63 63 63 98 98 98 98 0 0 0 0 0 0 0 0 0 0 0 0 0 -9999 -9999 2 2 2 2 2 8 8 8 8 8 8 8 8 8 8 8 8 8 8 8 8 8 8 8 -9999 -9999 -9999 -9999 -9999 -9999 -9999 -9999 -9999 -9999 -9999 -9999 -9999 -9999 -9999 -9999 -9999 61 61 61 61 61 61 -9999 -9999 -9999 -9999 -9999 -9999 -9999 -9999 -9999 -9999
63 63 63 63 63 63 63 63 98 72 0 0 0 0 0 0 0 0 0 0 0 0 0 0 0 -9999 2 2 2 2 8 8 8 8 8 8 8 8 8 8 8 8 8 8 8 8 8 8 8 8 -9999 -9999 -9999 -9999 -9999 -9999 -9999 -9999 -9999 -9999 -9999 -9999 -9999 -9999 -9999 -9999 -9999 61 61 61 61 61 61 61 61 61 61 150 150 150 -9999 -9999
63 63 98 98 98 98 98 98 98 98 0 0 0 0 0 0 0 0 0 0 0 0 0 0 0 0 -9999 2 2 2 8 8 8 8 8 8 8 8 8 8 8 8 8 8 8 8 8 8 8 8 8 -9999 -9999 -9999 -9999 -9999 -9999 -9999 -9999 79 -9999 -9999 -9999 -9999 -9999 -9999 -9999 -9999 61 61 61 61 61 61 61 61 61 150 150 150 -9999 -9999
63 63 98 98 98 98 98 98 98 98 98 98 26 0 0 0 0 0 0 0 0 0 0 0 0 0 0 -9999 2 2 2 2 8 8 8 8 8 8 8 8 8 8 8 8 8 8 8 8 8 8 114 141 107 -9999 -9999 -9999 -9999 -9999 -9999 62 33 -9999 -9999 -9999 -9999 -9999 -9999 -9999 -9999 -9999 61 61 61 61 61 61 150 150 150 150 -9999 -9999
101 101 101 101 101 101 101 101 101 101 98 98 98 0 0 0 0 0 0 0 0 0 0 0 0 0 0 -9999 2 2 2 2 2 2 8 8 8 8 8 8 8 8 8 8 8 8 8 8 8 8 89 78 165 -9999 -9999 -9999 -9999 -9999 -9999 237 106 45 -9999 -9999 -9999 -9999 -9999 -9999 -9999 -9999 -9999 -9999 61 61 61 61 150 150 150 150 -9999 -9999
101 101 101 101 101 101 101 101 101 101 101 101 98 0 0 0 0 0 0 0 0 0 0 0 0 0 0 0 -9999 2 2 2 2 2 2 8 8 8 8 8 8 8 8 8 8 8 8 8 8 4 18 34 63 50 164 -9999 -9999 -9999 -9999 101 25 97 -9999 -9999 -9999 -9999 -9999 -9999 -9999 -9999 -9999 -9999 -9999 61 61 61 150 150 150 150 -9999 -9999
51 101 101 101 101 101 101 101 101 101 101 101 285 285 285 111 0 0 0 0 0 0 0 0 0 0 0 0 0 4 -9999 2 2 2 2 2 8 8 8 8 8 8 8 8 8 8 8 8 8 5 10 7 81 84 72 95 -9999 -9999 80 35 56 194 -9999 -9999 -9999 -9999 -9999 -9999 -9999 -9999 -9999 -9999 -9999 -9999 61 150 150 47 47 47 -9999 -9999
51 51 51 51 51 51 101 101 101 101 51 51 285 285 285 285 285 0 0 0 0 0 0 0 0 0 0 0 0 0 4 -9999 2 2 2 2 2 8 8 8 8 8 8 8 8 8 8 8 5 16 8 7 9 68 75 44 94 179 102 76 78 114 -9999 -9999 -9999 -9999 -9999 -9999 -9999 -9999 -9999 -9999 -9999 -9999 -9999 150 47 47 47 47 47 150
51 51 51 51 51 51 51 51 51 51 51 285 285 285 285 285 285 124 0 0 0 0 0 0 0 0 0 0 0 -9999 3 3 3 0 -9999 0 2 8 8 8 8 8 8 8 8 8 8 8 4 15 15 7 8 6 7 14 4 22 14 59 64 94 180 182 151 -9999 -9999 -9999 -9999 -9999 -9999 -9999 -9999 -9999 -9999 -9999 47 47 47 47 47 47
51 51 51 51 51 51 51 51 51 51 285 285 285 285 285 285 124 124 124 0 0 0 0 0 0 0 0 0 -9999 3 3 3 3 3 3 3 -9999 -9999 8 8 8 8 8 8 8 8 8 0 8 11 6 6 6 8 12 7 8 11 24 47 50 21 10 34 37 332 -9999 -9999 -9999 -9999 -9999 -9999 -9999 -9999 -9999 -9999 213 213 47 47 47 47
51 51 51 51 51 51 51 277 277 277 277 285 277 277 285 285 124 124 124 124 0 0 0 0 0 0 0 0 3 3 3 3 3 3 3 3 3 3 -9999 8 8 8 8 8 8 8 8 1 10 10 11 12 5 7 13 9 6 4 10 18 111 23 42 37 33 79 205 -9999 8 8 -9999 -9999 -9999 -9999 -9999 -9999 -9999 213 213 213 47 47
51 51 51 51 51 51 277 277 277 277 277 277 277 277 277 124 124 124 124 124 124 0 0 0 0 0 0 0 3 3 3 3 3 3 3 3 3 3 3 3 -9999 8 8 8 8 8 2 48 46 16 9 5 68 41 23 58 32 22 56 47 52 8 47 34 1 19 0 30 41 39 127 128 -9999 111 -9999 -9999 -9999 213 213 213 213 213
51 51 51 51 51 27 277 277 277 277 277 277 277 277 277 124 124 124 124 124 124 0 0 0 0 0 0 0 5 3 3 3 3 3 3 3 3 3 3 3 3 -9999 -9999 8 8 8 5 23 27 4 7 31 69 20 63 58 29 70 103 14 75 9 24 5 55 2 22 6 0 0 1 64 46 148 -9999 -9999 -9999 -9999 -9999 213 213 213
51 51 51 51 27 27 277 277 277 277 277 277 277 124 124 124 124 124 124 124 124 19 0 0 0 0 0 0 -9999 0 0 3 3 3 3 3 3 3 3 3 3 3 3 -9999 8 5 19 12 49 10 8 46 13 21 62 43 152 180 71 77 80 53 19 13 1 118 0 3 15 2 0 0 14 134 -9999 -9999 -9999 -9999 -9999 213 213 213
51 51 51 27 27 27 27 27 277 277 277 124 124 124 124 124 124 124 124 124 124 0 0 0 0 0 0 0 -9999 0 0 0 3 3 3 3 3 3 3 3 3 3 3 3 3 -9999 5 4 8 34 74 78 77 89 93 60 206 141 166 118 25 33 29 14 133 112 64 2 1 1 4 15 35 -9999 -9999 -9999 -9999 -9999 -9999 -9999 62 62
51 51 27 27 27 27 27 27 27 27 27 124 124 124 124 124 124 124 124 124 124 0 0 0 0 0 0 0 -9999 -9999 0 0 0 0 3 3 3 3 3 3 3 3 3 3 13 6 -9999 4 2 6 12 29 68 40 76 149 161 153 155 125 11 3 46 9 8 30 70 10 10 0 42 0 143 -9999 -9999 -9999 -9999 -9999 -9999 -9999 62 62
51 51 27 27 27 27 27 27 27 27 27 27 27 124 124 6 6 6 6 6 6 1 0 0 0 0 0 0 0 0 -9999 0 0 0 0 3 3 3 3 3 3 3 3 3 15 0 -9999 20 1 2 11 16 38 119 45 65 8 82 37 43 1 24 14 16 15 35 43 7 102 1 58 13 -9999 -9999 -9999 -9999 -9999 -9999 -9999 -9999 62 62
27 27 27 27 27 27 27 27 27 9 6 6 6 6 6 6 6 6 6 6 6 6 0 0 0 0 0 0 0 5 0 0 0 0 0 0 3 3 3 3 3 3 3 10 16 10 0 14 7 5 17 10 14 29 12 9 2 16 33 19 3 3 5 9 30 45 84 6 16 43 17 121 -9999 -9999 -9999 -9999 -9999 -9999 -9999 -9999 62 62
27 27 27 2 2 9 9 9 9 9 9 6 6 6 6 6 6 6 6 6 6 6 5 0 0 0 0 0 0 0 0 0 0 0 0 0 0 3 3 3 3 3 3 7 3 0 7 -9999 5 4 4 1 2 1 7 3 2 2 8 7 3 6 5 4 73 18 19 15 10 10 2 138 -9999 -9999 -9999 -9999 -9999 -9999 -9999 -9999 62 62
