04_184A004/manty.asc
ncols 172
nrows 237
xllcorner 610032
yllcorner 6876144
cellsize 16
nodata_value -9999
[rows 148 to 184 of 237, columns 83 to 165 of 172]
-9999 -9999 -9999 -9999 -9999 -9999 -9999 -9999 -9999 -9999 -9999 -9999 -9999 -9999 -9999 -9999 -9999 -9999 -9999 -9999 -9999 -9999 -9999 -9999 -9999 -9999 -9999 -9999 -9999 -9999 -9999 -9999 -9999 -9999 -9999 -9999 -9999 -9999 -9999 -9999 -9999 -9999 -9999 -9999 -9999 73 73 0 0 0 0 0 0 0 12 12 12 12 12 12 12 12 12 12 -9999 95 -9999 -9999 -9999 -9999 -9999 -9999 -9999 -9999 -9999 -9999 -9999 -9999 -9999 -9999 -9999 -9999 -9999
-9999 -9999 -9999 -9999 -9999 -9999 -9999 -9999 -9999 -9999 -9999 -9999 -9999 -9999 -9999 -9999 -9999 -9999 -9999 -9999 -9999 -9999 -9999 -9999 -9999 -9999 -9999 -9999 -9999 -9999 -9999 -9999 -9999 -9999 -9999 -9999 -9999 -9999 -9999 -9999 -9999 -9999 -9999 -9999 -9999 -9999 -9999 -9999 -9999 -9999 -9999 73 73 73 12 12 12 12 0 0 0 12 12 12 12 12 -9999 -9999 -9999 -9999 -9999 -9999 -9999 -9999 -9999 -9999 -9999 -9999 -9999 -9999 -9999 -9999 -9999
-9999 -9999 -9999 -9999 -9999 -9999 -9999 -9999 -9999 -9999 -9999 -9999 -9999 -9999 -9999 -9999 -9999 -9999 -9999 -9999 -9999 -9999 -9999 -9999 -9999 -9999 -9999 -9999 -9999 -9999 -9999 -9999 -9999 -9999 -9999 -9999 -9999 -9999 -9999 -9999 -9999 -9999 -9999 -9999 -9999 -9999 -9999 -9999 -9999 -9999 -9999 73 73 -9999 73 0 0 0 0 0 0 12 12 12 12 12 -9999 -9999 -9999 -9999 -9999 -9999 -9999 -9999 -9999 -9999 -9999 -9999 -9999 -9999 -9999 -9999 -9999
-9999 -9999 -9999 -9999 -9999 -9999 -9999 -9999 -9999 -9999 -9999 -9999 -9999 -9999 -9999 -9999 -9999 -9999 -9999 -9999 -9999 -9999 -9999 -9999 -9999 -9999 -9999 -9999 -9999 -9999 -9999 -9999 -9999 -9999 -9999 -9999 -9999 -9999 -9999 -9999 -9999 -9999 -9999 -9999 -9999 -9999 -9999 -9999 -9999 -9999 -9999 -9999 -9999 -9999 -9999 73 0 0 0 0 12 12 12 12 12 12 -9999 -9999 -9999 -9999 -9999 -9999 -9999 -9999 -9999 -9999 -9999 -9999 -9999 -9999 -9999 -9999 -9999
-9999 -9999 -9999 -9999 -9999 -9999 -9999 -9999 -9999 -9999 -9999 -9999 -9999 -9999 -9999 -9999 -9999 -9999 -9999 -9999 -9999 -9999 -9999 -9999 -9999 -9999 -9999 -9999 -9999 -9999 -9999 -9999 -9999 -9999 -9999 -9999 -9999 -9999 -9999 -9999 -9999 -9999 -9999 -9999 -9999 -9999 -9999 -9999 -9999 -9999 -9999 -9999 -9999 -9999 -9999 -9999 73 73 73 73 12 12 12 12 -9999 -9999 -9999 -9999 -9999 -9999 -9999 -9999 -9999 -9999 -9999 -9999 -9999 -9999 -9999 -9999 -9999 -9999 -9999
19 19 110 110 -9999 -9999 -9999 -9999 -9999 -9999 -9999 -9999 -9999 -9999 -9999 -9999 -9999 -9999 -9999 -9999 -9999 -9999 -9999 -9999 -9999 -9999 -9999 -9999 -9999 -9999 -9999 -9999 -9999 -9999 -9999 -9999 -9999 -9999 -9999 -9999 -9999 -9999 -9999 -9999 -9999 -9999 -9999 -9999 -9999 -9999 -9999 -9999 -9999 -9999 -9999 -9999 -9999 73 73 73 73 12 12 12 12 -9999 -9999 -9999 -9999 -9999 -9999 -9999 -9999 -9999 -9999 -9999 -9999 -9999 -9999 -9999 -9999 -9999 -9999
19 19 110 110 110 -9999 -9999 -9999 -9999 -9999 -9999 -9999 -9999 -9999 -9999 -9999 -9999 -9999 -9999 -9999 -9999 -9999 -9999 -9999 -9999 -9999 -9999 -9999 -9999 -9999 -9999 -9999 -9999 -9999 -9999 -9999 -9999 -9999 -9999 -9999 -9999 -9999 -9999 -9999 -9999 -9999 -9999 -9999 -9999 -9999 -9999 -9999 -9999 -9999 -9999 -9999 -9999 -9999 73 73 73 73 73 12 12 12 -9999 -9999 -9999 -9999 -9999 -9999 -9999 -9999 -9999 -9999 -9999 -9999 -9999 -9999 -9999 -9999 -9999
19 110 110 110 110 110 110 110 110 -9999 -9999 -9999 -9999 -9999 -9999 -9999 -9999 -9999 -9999 -9999 -9999 -9999 -9999 -9999 -9999 156 137 -9999 -9999 -9999 -9999 -9999 -9999 -9999 -9999 -9999 -9999 -9999 -9999 -9999 -9999 -9999 -9999 -9999 -9999 -9999 -9999 -9999 -9999 -9999 -9999 -9999 -9999 -9999 -9999 -9999 -9999 -9999 73 -9999 73 73 73 73 12 23 23 72 -9999 -9999 -9999 -9999 -9999 -9999 -9999 -9999 -9999 -9999 -9999 -9999 -9999 -9999 -9999
19 110 110 110 110 110 110 110 110 110 -9999 -9999 -9999 -9999 -9999 -9999 -9999 -9999 -9999 -9999 -9999 -9999 -9999 -9999 174 39 14 12 12 12 12 12 12 12 12 12 12 12 -9999 -9999 -9999 -9999 -9999 -9999 -9999 -9999 -9999 -9999 -9999 -9999 -9999 -9999 -9999 -9999 -9999 -9999 -9999 -9999 -9999 -9999 -9999 73 73 73 23 23 23 23 -9999 -9999 -9999 -9999 -9999 -9999 -9999 -9999 -9999 -9999 -9999 -9999 -9999 -9999 -9999
9 110 110 110 110 110 110 110 110 110 110 -9999 -9999 -9999 -9999 137 102 124 134 74 103 75 80 50 80 92 4 12 12 12 12 12 12 12 12 12 12 12 12 12 12 -9999 -9999 -9999 -9999 -9999 -9999 -9999 -9999 -9999 -9999 -9999 -9999 -9999 -9999 -9999 -9999 -9999 -9999 -9999 -9999 -9999 73 22 73 23 23 23 -9999 -9999 -9999 -9999 -9999 -9999 -9999 -9999 -9999 -9999 -9999 -9999 -9999 -9999 -9999
9 9 110 110 110 110 110 110 110 110 110 -9999 4 4 4 79 71 -9999 -9999 133 76 2 -9999 13 105 64 -9999 12 12 12 12 12 12 12 12 12 12 12 12 12 12 12 12 -9999 -9999 -9999 -9999 -9999 -9999 -9999 -9999 -9999 -9999 -9999 -9999 -9999 -9999 -9999 -9999 -9999 -9999 -9999 73 22 22 22 23 23 23 -9999 -9999 -9999 -9999 -9999 -9999 -9999 -9999 -9999 -9999 -9999 -9999 -9999 -9999
9 9 9 9 9 110 110 110 110 110 9 4 4 4 4 4 65 -9999 -9999 77 36 27 11 123 115 -9999 -9999 12 12 12 12 12 12 12 12 12 12 12 12 12 12 12 12 12 -9999 -9999 -9999 -9999 -9999 -9999 -9999 -9999 -9999 -9999 -9999 -9999 -9999 -9999 -9999 -9999 -9999 -9999 -9999 22 22 22 22 22 23 -9999 -9999 -9999 -9999 -9999 -9999 -9999 -9999 -9999 -9999 -9999 -9999 -9999 -9999
9 9 9 9 9 9 9 110 110 9 4 4 4 4 4 4 21 21 21 -9999 9 6 5 4 24 -9999 5 7 12 12 12 12 12 12 12 12 12 12 12 12 12 12 12 12 12 12 -9999 -9999 -9999 -9999 -9999 -9999 -9999 -9999 -9999 -9999 -9999 -9999 -9999 -9999 -9999 -9999 -9999 -9999 -9999 22 22 22 22 -9999 -9999 -9999 -9999 -9999 -9999 -9999 -9999 -9999 -9999 -9999 -9999 -9999 -9999
0 0 0 0 0 9 9 9 9 4 4 4 4 4 4 4 21 21 21 21 21 21 -9999 -9999 7 7 7 7 7 12 12 12 12 12 12 12 12 12 12 12 12 12 12 12 12 12 12 12 -9999 -9999 -9999 -9999 -9999 -9999 -9999 -9999 -9999 -9999 -9999 -9999 -9999 -9999 -9999 -9999 -9999 22 22 22 22 22 22 -9999 -9999 -9999 -9999 -9999 -9999 -9999 -9999 -9999 -9999 -9999 -9999
0 0 0 0 0 0 0 9 6 4 4 4 4 4 4 4 21 21 21 21 21 21 21 21 -9999 7 7 7 7 12 12 12 12 12 12 12 12 12 12 12 12 12 12 12 12 12 12 12 12 -9999 -9999 -9999 -9999 -9999 -9999 -9999 -9999 -9999 -9999 -9999 -9999 -9999 -9999 -9999 -9999 -9999 22 22 22 22 22 22 22 22 22 22 49 49 49 -9999 -9999 -9999 -9999
0 9 9 9 9 9 9 9 9 4 4 4 4 4 4 4 21 21 21 21 21 21 21 21 21 -9999 7 7 7 12 12 12 12 12 12 12 12 12 12 12 12 12 12 12 12 12 12 12 12 12 -9999 -9999 -9999 -9999 -9999 -9999 -9999 -9999 55 -9999 -9999 -9999 -9999 -9999 -9999 -9999 -9999 22 22 22 22 22 22 22 22 22 49 49 49 -9999 -9999 -9999 -9999
0 9 9 9 9 9 9 9 9 9 9 6 4 4 4 4 4 21 21 21 21 21 21 21 21 21 -9999 7 7 7 7 12 12 12 12 12 12 12 12 12 12 12 12 12 12 12 12 12 12 26 66 35 -9999 -9999 -9999 -9999 -9999 -9999 87 96 -9999 -9999 -9999 -9999 -9999 -9999 -9999 -9999 -9999 22 22 22 22 22 22 49 49 49 49 -9999 -9999 -9999 -9999
139 139 139 139 139 139 139 139 139 9 9 9 4 4 4 4 4 4 4 21 21 21 21 21 21 21 -9999 7 7 7 7 7 7 12 12 12 12 12 12 12 12 12 12 12 12 12 12 12 12 18 32 37 -9999 -9999 -9999 -9999 -9999 -9999 31 95 153 -9999 -9999 -9999 -9999 -9999 -9999 -9999 -9999 -9999 -9999 22 22 22 22 49 49 49 49 -9999 -9999 -9999 -9999
139 139 139 139 139 139 139 139 139 139 139 9 4 4 4 4 4 4 4 21 21 21 21 21 21 21 21 -9999 7 7 7 7 7 7 12 12 12 12 12 12 12 12 12 12 12 12 12 12 10 5 10 39 47 31 -9999 -9999 -9999 -9999 32 186 71 -9999 -9999 -9999 -9999 -9999 -9999 -9999 -9999 -9999 -9999 -9999 22 22 22 49 49 49 49 -9999 -9999 -9999 -9999
139 139 139 139 139 139 139 139 139 139 139 0 0 0 17 4 4 4 4 4 21 21 21 21 21 21 21 21 0 -9999 7 7 7 7 7 12 12 12 12 12 12 12 12 12 12 12 12 12 8 1 14 12 36 52 27 -9999 -9999 98 133 196 0 -9999 -9999 -9999 -9999 -9999 -9999 -9999 -9999 -9999 -9999 -9999 -9999 22 49 49 144 144 144 -9999 -9999 -9999 -9999
8 8 8 8 8 139 139 139 139 8 8 0 0 0 0 0 4 4 4 21 21 21 21 21 21 21 21 21 21 0 -9999 7 7 7 7 7 12 12 12 12 12 12 12 12 12 12 12 5 5 5 6 13 20 19 10 51 39 30 53 64 37 -9999 -9999 -9999 -9999 -9999 -9999 -9999 -9999 -9999 -9999 -9999 -9999 -9999 49 144 144 144 144 144 49 -9999 -9999
8 8 8 8 8 8 8 8 8 8 0 0 0 0 0 0 50 4 4 21 21 21 21 21 21 21 21 21 -9999 3 3 3 1 -9999 9 7 12 12 12 12 12 12 12 12 12 12 12 4 2 4 4 5 7 14 6 14 26 33 51 53 74 30 19 159 -9999 -9999 -9999 -9999 -9999 -9999 -9999 -9999 -9999 -9999 -9999 144 144 144 144 144 144 44 44
8 8 8 8 8 8 8 8 8 0 0 0 0 0 0 50 50 50 4 4 21 21 21 21 21 21 21 -9999 3 3 3 3 3 3 3 -9999 -9999 12 12 12 12 12 12 12 12 12 0 4 1 0 0 1 5 1 6 5 6 27 70 34 101 149 138 140 15 -9999 -9999 -9999 -9999 -9999 -9999 -9999 -9999 -9999 -9999 44 44 144 144 144 144 44 44
8 8 8 8 8 8 37 37 37 37 0 37 37 0 0 50 50 50 50 4 4 4 4 21 21 21 21 3 3 3 3 3 3 3 3 3 3 -9999 12 12 12 12 12 12 12 12 1 7 1 0 0 0 8 0 28 6 10 19 95 35 113 144 97 147 39 82 -9999 95 88 -9999 -9999 -9999 -9999 -9999 -9999 -9999 44 44 44 144 144 44 44
8 8 8 8 8 37 37 37 37 37 37 37 37 37 50 50 50 50 50 50 4 4 4 4 21 21 21 3 3 3 3 3 3 3 3 3 3 3 3 -9999 12 12 12 12 12 0 94 65 4 0 0 6 9 13 12 9 15 41 57 81 159 85 89 156 92 132 65 155 147 93 103 -9999 26 -9999 -9999 -9999 44 44 44 44 44 44 44
8 8 8 8 10 37 37 37 37 37 37 37 37 37 50 50 50 50 50 50 4 4 4 4 21 21 21 1 3 3 3 3 3 3 3 3 3 3 3 3 -9999 -9999 12 12 12 48 119 89 4 11 33 22 22 38 54 102 105 132 151 109 143 145 108 114 92 89 97 70 120 139 112 162 64 -9999 -9999 -9999 -9999 -9999 44 44 44 44 44
8 8 8 10 10 37 37 37 37 37 37 37 50 50 50 50 50 50 50 50 50 4 4 4 21 21 21 -9999 39 39 3 3 3 3 3 3 3 3 3 3 3 3 -9999 12 2 110 97 93 112 113 108 63 81 94 54 7 22 70 141 53 134 147 171 128 50 97 149 143 187 148 105 99 44 -9999 -9999 -9999 -9999 -9999 44 44 44 53 44
8 8 10 10 10 10 10 37 37 37 50 50 50 50 50 50 50 50 50 50 4 4 4 4 21 21 21 -9999 39 39 39 3 3 3 3 3 3 3 3 3 3 3 3 3 -9999 39 81 113 155 114 128 128 59 97 57 20 65 43 36 59 129 84 181 46 47 94 164 121 130 131 89 90 -9999 -9999 -9999 -9999 -9999 -9999 -9999 53 53 53 53
8 10 10 10 10 10 10 10 10 10 50 50 50 50 50 50 50 50 50 50 4 4 4 4 4 21 21 -9999 -9999 39 39 39 39 3 3 3 3 3 3 3 3 3 3 30 48 -9999 91 164 110 132 117 92 89 63 88 85 31 44 38 71 170 63 193 98 147 101 78 68 192 72 132 8 -9999 -9999 -9999 -9999 -9999 -9999 -9999 53 53 53 53
8 10 10 10 10 10 10 10 10 10 10 10 50 50 0 0 0 0 0 0 66 4 4 4 4 21 21 21 6 -9999 39 39 39 39 3 3 3 3 3 3 3 3 3 120 75 -9999 120 160 187 185 135 97 92 124 99 150 108 172 30 112 152 95 86 196 126 121 253 81 130 103 143 -9999 -9999 -9999 -9999 -9999 -9999 -9999 -9999 53 53 53 53
10 10 10 10 10 10 10 10 0 0 0 0 0 0 0 0 0 0 0 0 72 4 4 4 4 21 21 21 0 39 39 39 39 39 39 3 3 3 3 3 3 3 12 60 88 12 57 87 107 165 119 111 129 93 171 161 171 125 105 97 147 82 132 167 111 40 167 124 125 121 82 -9999 -9999 -9999 -9999 -9999 -9999 -9999 -9999 53 53 53 53
10 10 12 12 0 0 0 0 0 0 0 0 0 0 0 0 0 0 0 0 0 68 4 4 4 21 21 21 39 39 39 39 39 39 39 39 3 3 3 3 3 3 35 75 95 79 -9999 51 84 85 61 6 25 98 132 64 67 103 185 174 68 123 154 89 108 123 65 76 83 124 47 -9999 -9999 -9999 -9999 -9999 -9999 -9999 -9999 53 53 53 53
12 12 12 12 0 0 0 0 0 0 0 0 0 0 0 0 0 0 0 0 0 0 71 4 4 4 21 21 39 39 39 39 39 39 39 39 39 39 3 3 3 56 52 60 86 85 62 -9999 81 81 67 -9999 -9999 90 89 84 72 114 84 71 169 100 85 152 101 90 97 103 96 83 76 -9999 -9999 -9999 -9999 -9999 -9999 -9999 -9999 53 53 53 53
12 12 12 12 0 0 0 0 0 0 0 0 0 0 0 0 0 0 0 0 0 0 81 4 4 4 21 21 39 39 39 39 39 39 39 39 39 39 39 39 3 74 88 73 46 78 84 71 44 -9999 28 15 59 98 139 113 87 -9999 112 89 139 133 52 100 82 147 141 80 154 95 76 75 -9999 -9999 -9999 -9999 -9999 -9999 -9999 53 53 53 53
12 12 12 12 12 0 0 0 0 0 0 0 0 0 0 0 0 0 0 0 0 0 0 75 4 4 4 21 39 39 39 39 39 39 39 39 39 39 39 39 71 106 107 18 39 49 46 44 23 18 13 -9999 -9999 86 89 -9999 120 224 135 34 -9999 130 105 83 117 106 174 132 81 74 84 59 84 54 54 59 -9999 -9999 -9999 53 53 53 -9999
0 12 12 12 12 12 0 0 0 0 34 34 0 0 0 0 0 0 0 0 0 0 0 0 0 6 6 39 39 39 39 39 39 39 39 39 39 39 39 1 77 94 92 35 39 50 45 33 32 26 21 52 -9999 -9999 86 159 79 44 81 173 217 -9999 31 94 127 71 137 85 52 52 63 98 94 94 40 49 0 -9999 53 53 53 53 -9999
0 0 0 12 12 12 12 0 0 34 34 34 34 0 0 0 0 0 0 0 0 0 0 0 6 6 6 6 39 39 39 39 39 39 39 39 39 39 39 39 38 85 82 41 74 63 71 87 84 54 77 103 147 133 148 68 51 60 74 60 81 38 -9999 -9999 129 53 79 72 25 54 14 87 86 49 32 4 0 -9999 -9999 -9999 -9999 -9999 -9999
