04_184A004/muulp.asc
ncols 172
nrows 237
xllcorner 610032
yllcorner 6876144
cellsize 16
nodata_value -9999
[rows 68 to 101 of 237, columns 78 to 155 of 172]
1.6 1.6 -9999 0.8 0.8 0.8 0.8 0.8 0.8 0.8 0.8 0.8 0.8 0.8 1.3 1.3 1.3 1.3 1.3 1.3 11.4 11.4 6.1000000000000005 6.1000000000000005 6.1000000000000005 6.1000000000000005 6 1 1 1 1 0 0 0 0 0 0 0 0 0 0 9.1 9.1 9.1 9.1 9.1 9.1 9.1 9.1 1.9000000000000001 9.1 9.1 1.9000000000000001 1.9000000000000001 -9999 -9999 -9999 -9999 -9999 -9999 -9999 -9999 -9999 -9999 -9999 -9999 -9999 -9999 -9999 -9999 -9999 -9999 -9999 -9999 -9999 -9999 -9999 -9999
1.6 -9999 0.8 0.8 0.8 0.8 0.8 0.8 0.8 0.8 0.8 0.8 0.8 1.3 1.3 1.3 1.3 1.3 1.3 1.3 1.3 6.1000000000000005 6.1000000000000005 6.1000000000000005 6.1000000000000005 6.1000000000000005 6.1000000000000005 6.1000000000000005 1 1 0 0 0 0 0 0 0 0 0 0 9.1 9.1 9.1 9.1 9.1 9.1 9.1 9.1 9.1 9.1 9.1 9.1 1.9000000000000001 1.9000000000000001 9.600000000000001 9.600000000000001 -9999 -9999 -9999 -9999 -9999 -9999 -9999 -9999 -9999 -9999 -9999 -9999 -9999 -9999 -9999 -9999 -9999 -9999 -9999 -9999 -9999 -9999
1.4000000000000001 1.4000000000000001 0.8 0.8 0.8 0.8 0.8 0.8 0.8 0.8 0.8 0.8 0.8 1.3 1.3 1.3 1.3 1.3 1.3 1.3 1.3 6.1000000000000005 6.1000000000000005 6.1000000000000005 6.1000000000000005 6.1000000000000005 6.1000000000000005 6.1000000000000005 3.3000000000000003 0 0 0 0 0 0 0 0 0 0 11.200000000000001 9.1 9.1 9.1 9.1 9.1 9.1 9.1 9.1 9.1 9.1 9.1 9.1 13.3 0 9.600000000000001 9.600000000000001 9.600000000000001 -9999 -9999 -9999 -9999 -9999 -9999 -9999 -9999 -9999 -9999 -9999 -9999 -9999 -9999 -9999 -9999 -9999 -9999 -9999 -9999 -9999
1.4000000000000001 0.8 0.8 2.9000000000000004 0.8 0.8 0.8 0 0 0 0 0.8 0.8 1.3 6.1000000000000005 6.1000000000000005 1.3 1.3 1.3 1.3 1.3 1.3 6.1000000000000005 6.1000000000000005 6.1000000000000005 6.1000000000000005 6.1000000000000005 3.3000000000000003 3.3000000000000003 0 0 0 0 0 0 0 0 0 11.200000000000001 11.200000000000001 11.200000000000001 9.1 9.1 9.1 9.1 9.1 9.1 13.3 13.3 9.1 9.1 13.3 13.3 -9999 9.600000000000001 9.600000000000001 9.600000000000001 9.600000000000001 -9999 -9999 -9999 -9999 -9999 -9999 -9999 -9999 -9999 -9999 -9999 -9999 -9999 -9999 -9999 -9999 -9999 -9999 -9999 -9999
1.4000000000000001 1.4000000000000001 2.9000000000000004 2.9000000000000004 2.9000000000000004 0.8 2.9000000000000004 2.9000000000000004 0 0 1.9000000000000001 0.8 0.8 1.3 6.1000000000000005 6.1000000000000005 6.1000000000000005 1.3 1.3 1.3 1.3 6.1000000000000005 6.1000000000000005 6.1000000000000005 6.1000000000000005 6.1000000000000005 3.3000000000000003 3.3000000000000003 0 0 0 8.5 8.5 8.5 8.5 8.5 8.5 11.200000000000001 11.200000000000001 11.200000000000001 11.200000000000001 9.1 9.1 9.1 9.1 9.1 9.1 13.3 13.3 13.3 13.3 13.3 13.3 -9999 9.600000000000001 9.600000000000001 9.600000000000001 9.600000000000001 9.600000000000001 -9999 -9999 -9999 -9999 -9999 -9999 -9999 -9999 -9999 -9999 -9999 -9999 -9999 -9999 -9999 -9999 -9999 -9999 -9999
1.4000000000000001 1.4000000000000001 2.9000000000000004 2.9000000000000004 2.9000000000000004 2.9000000000000004 2.9000000000000004 2.9000000000000004 2.9000000000000004 1.9000000000000001 1.9000000000000001 0.8 0.8 0.8 6.1000000000000005 6.1000000000000005 6.1000000000000005 6.1000000000000005 6.1000000000000005 6.1000000000000005 6.1000000000000005 6.1000000000000005 6.1000000000000005 6.1000000000000005 6.1000000000000005 6.1000000000000005 3.3000000000000003 3.3000000000000003 0 0 0 8.5 8.5 8.5 8.5 8.5 8.5 11.200000000000001 11.200000000000001 11.200000000000001 11.200000000000001 11.200000000000001 9.1 9.1 9.1 9.1 13.3 13.3 13.3 13.3 13.3 13.3 13.3 -9999 0.7000000000000001 0.7000000000000001 9.600000000000001 9.600000000000001 9.600000000000001 -9999 -9999 -9999 -9999 -9999 -9999 -9999 -9999 -9999 -9999 -9999 -9999 -9999 -9999 -9999 -9999 -9999 -9999 -9999
1.4000000000000001 1.4000000000000001 1.4000000000000001 2.9000000000000004 2.9000000000000004 2.9000000000000004 2.9000000000000004 2.9000000000000004 2.9000000000000004 1.9000000000000001 0.8 0.8 0.8 0.8 0.8 0.8 0.8 0.8 6.1000000000000005 6.1000000000000005 6.1000000000000005 6.1000000000000005 6.1000000000000005 6.1000000000000005 6.1000000000000005 3.3000000000000003 3.3000000000000003 0 0 0 8.5 8.5 8.5 8.5 8.5 8.5 8.5 8.5 8.5 11.200000000000001 11.200000000000001 11.200000000000001 9.1 9.1 9.1 13.3 13.3 13.3 13.3 13.3 13.3 13.3 13.3 0.7000000000000001 0.7000000000000001 0.7000000000000001 0.7000000000000001 0.7000000000000001 0.7000000000000001 -9999 -9999 -9999 -9999 -9999 -9999 -9999 -9999 -9999 -9999 -9999 -9999 -9999 -9999 -9999 -9999 -9999 -9999 -9999
1.4000000000000001 1.4000000000000001 1.4000000000000001 1.4000000000000001 2.9000000000000004 2.9000000000000004 2.9000000000000004 2.9000000000000004 1.9000000000000001 1.9000000000000001 1.9000000000000001 0.8 0.8 0.8 0.8 0.8 0.8 0.8 0.8 6.1000000000000005 6.1000000000000005 6.1000000000000005 6.1000000000000005 6.1000000000000005 3.3000000000000003 3.3000000000000003 0 0 0 8.5 8.5 8.5 8.5 8.5 8.5 8.5 7.5 7.5 7.5 8.5 11.200000000000001 7.5 7.5 9.1 9.1 13.3 13.3 13.3 13.3 13.3 13.3 13.3 -9999 0.7000000000000001 0.7000000000000001 0.7000000000000001 0.7000000000000001 0.7000000000000001 0.7000000000000001 -9999 -9999 -9999 -9999 -9999 -9999 -9999 -9999 -9999 -9999 -9999 -9999 -9999 -9999 -9999 -9999 -9999 -9999 -9999
0 1.4000000000000001 1.4000000000000001 1.4000000000000001 2.9000000000000004 2.9000000000000004 2.9000000000000004 1.9000000000000001 1.9000000000000001 1.9000000000000001 1.9000000000000001 0.8 0.8 0.8 0.8 0.8 0.8 0.8 0.8 6.1000000000000005 6.1000000000000005 6.1000000000000005 6.1000000000000005 3.3000000000000003 3.3000000000000003 3.3000000000000003 0 0 0 8.5 8.5 8.5 8.5 8.5 8.5 8.5 7.5 7.5 7.5 7.5 7.5 7.5 7.5 13.3 9.1 13.3 13.3 13.3 13.3 13.3 13.3 -9999 13.4 -9999 -9999 -9999 -9999 0.7000000000000001 1.8 -9999 -9999 -9999 -9999 -9999 -9999 -9999 -9999 -9999 -9999 -9999 -9999 -9999 -9999 -9999 -9999 -9999 -9999 -9999
0 2.9000000000000004 2.9000000000000004 2.9000000000000004 2.9000000000000004 2.9000000000000004 2.9000000000000004 2.9000000000000004 1.9000000000000001 1.9000000000000001 1.9000000000000001 0.8 0.8 0.8 0.8 0.8 0.8 0.8 0.8 6.1000000000000005 6.1000000000000005 6.1000000000000005 6.1000000000000005 6.1000000000000005 3.3000000000000003 7.1000000000000005 0 0 8.5 8.5 7.1000000000000005 7.1000000000000005 7.1000000000000005 8.5 8.5 7.5 7.5 7.5 7.5 7.5 7.5 7.5 7.5 13.3 13.3 13.3 13.3 13.3 13.3 13.3 -9999 13.4 9.9 9.9 -9999 -9999 1.8 1.8 1.8 -9999 -9999 -9999 -9999 -9999 -9999 -9999 -9999 -9999 -9999 -9999 -9999 -9999 -9999 -9999 -9999 -9999 -9999 -9999
0 2.9000000000000004 2.9000000000000004 2.9000000000000004 2.9000000000000004 2.9000000000000004 2.9000000000000004 2.9000000000000004 1.9000000000000001 1.9000000000000001 1.9000000000000001 2.9000000000000004 0.8 0.8 0.8 0.8 0.8 0.8 0.8 6.1000000000000005 6.1000000000000005 6.1000000000000005 6.1000000000000005 6.1000000000000005 7.1000000000000005 7.1000000000000005 7.1000000000000005 7.1000000000000005 8.5 7.1000000000000005 7.1000000000000005 7.1000000000000005 7.1000000000000005 7.1000000000000005 7.6000000000000005 7.6000000000000005 7.5 7.5 7.5 7.5 7.5 7.5 7.5 7.5 7.5 13.3 13.3 13.3 13.3 -9999 13.4 13.4 9.9 9.9 9.9 1.8 -9999 1.8 1.8 -9999 -9999 -9999 -9999 -9999 -9999 -9999 -9999 -9999 -9999 -9999 -9999 -9999 -9999 -9999 -9999 -9999 -9999 -9999
0 2.9000000000000004 2.9000000000000004 2.9000000000000004 2.9000000000000004 2.9000000000000004 2.9000000000000004 2.9000000000000004 2.9000000000000004 1.9000000000000001 2.9000000000000004 2.9000000000000004 0.8 0.8 0.8 0.8 0.8 0.8 0.8 6.1000000000000005 6.1000000000000005 6.1000000000000005 6.1000000000000005 6.1000000000000005 9.700000000000001 9.700000000000001 7.1000000000000005 7.1000000000000005 7.1000000000000005 7.1000000000000005 7.1000000000000005 7.1000000000000005 7.1000000000000005 7.1000000000000005 7.1000000000000005 7.6000000000000005 7.6000000000000005 7.5 7.5 7.5 7.5 7.5 7.5 7.5 7.5 7.5 13.3 13.3 -9999 13.4 13.4 13.4 9.9 9.9 1.8 1.8 1.8 -9999 1.8 -9999 -9999 -9999 -9999 -9999 -9999 -9999 -9999 -9999 -9999 -9999 -9999 -9999 -9999 -9999 -9999 -9999 -9999 -9999
0 0 2.9000000000000004 2.9000000000000004 2.9000000000000004 2.9000000000000004 2.9000000000000004 2.9000000000000004 2.9000000000000004 2.9000000000000004 2.9000000000000004 2.9000000000000004 2.9000000000000004 2.9000000000000004 0.8 0.8 0.8 0.8 0.8 6.1000000000000005 6.1000000000000005 6.1000000000000005 6.1000000000000005 9.700000000000001 9.700000000000001 9.700000000000001 9.700000000000001 7.1000000000000005 7.1000000000000005 7.1000000000000005 7.1000000000000005 7.6000000000000005 7.1000000000000005 7.1000000000000005 7.1000000000000005 7.6000000000000005 7.6000000000000005 7.6000000000000005 7.5 7.5 7.5 12.700000000000001 12.700000000000001 7.5 7.5 -9999 -9999 13.4 13.4 13.4 13.4 9.9 9.9 1.8 1.8 1.8 1.8 1.8 1.8 -9999 1.8 -9999 -9999 -9999 -9999 -9999 -9999 -9999 -9999 -9999 -9999 -9999 -9999 -9999 -9999 -9999 -9999 -9999
0 0 0 2.9000000000000004 2.9000000000000004 2.9000000000000004 2.9000000000000004 2.9000000000000004 2.9000000000000004 2.9000000000000004 2.9000000000000004 2.9000000000000004 2.9000000000000004 2.9000000000000004 2.9000000000000004 2.9000000000000004 0.8 0.8 0.8 0.8 6.1000000000000005 6.1000000000000005 21.1 9.700000000000001 9.700000000000001 9.700000000000001 9.700000000000001 7.1000000000000005 7.1000000000000005 7.1000000000000005 7.6000000000000005 7.6000000000000005 7.6000000000000005 7.1000000000000005 7.6000000000000005 7.6000000000000005 7.6000000000000005 7.6000000000000005 7.6000000000000005 7.6000000000000005 12.700000000000001 12.700000000000001 -9999 -9999 12.700000000000001 3.4000000000000004 3.4000000000000004 13.4 13.4 13.4 13.4 9.9 9.9 1.8 1.8 1.8 1.8 1.8 1.8 1.8 -9999 -9999 -9999 -9999 -9999 -9999 -9999 -9999 -9999 -9999 -9999 -9999 -9999 -9999 -9999 -9999 -9999 -9999
0 0 0 2.9000000000000004 2.9000000000000004 2.9000000000000004 2.9000000000000004 2.9000000000000004 2.9000000000000004 2.9000000000000004 2.9000000000000004 2.9000000000000004 2.9000000000000004 2.9000000000000004 2.9000000000000004 2.9000000000000004 2.9000000000000004 2.9000000000000004 2.9000000000000004 2.9000000000000004 6.1000000000000005 6.1000000000000005 21.1 21.1 9.700000000000001 9.700000000000001 7.1000000000000005 7.1000000000000005 7.1000000000000005 7.1000000000000005 7.6000000000000005 7.6000000000000005 7.6000000000000005 7.6000000000000005 7.6000000000000005 7.6000000000000005 7.6000000000000005 7.6000000000000005 7.6000000000000005 7.6000000000000005 7.6000000000000005 -9999 12.700000000000001 12.700000000000001 12.700000000000001 3.4000000000000004 3.4000000000000004 3.4000000000000004 3.4000000000000004 13.4 13.4 9.9 9.9 9.9 9.9 9.9 1.8 1.8 1.8 2.5 2.5 -9999 -9999 -9999 -9999 -9999 -9999 -9999 -9999 -9999 -9999 -9999 -9999 -9999 -9999 -9999 -9999 -9999
0 0 0 2.9000000000000004 2.9000000000000004 2.9000000000000004 2.9000000000000004 2.9000000000000004 2.9000000000000004 2.9000000000000004 2.9000000000000004 2.9000000000000004 2.9000000000000004 2.9000000000000004 2.9000000000000004 2.9000000000000004 2.9000000000000004 2.9000000000000004 -9999 -9999 2.9000000000000004 21.1 21.1 21.1 7.1000000000000005 7.1000000000000005 7.1000000000000005 7.1000000000000005 7.1000000000000005 7.6000000000000005 7.6000000000000005 7.6000000000000005 7.6000000000000005 7.6000000000000005 7.6000000000000005 7.6000000000000005 7.6000000000000005 7.6000000000000005 7.6000000000000005 7.6000000000000005 -9999 3.4000000000000004 3.4000000000000004 3.4000000000000004 3.4000000000000004 3.4000000000000004 3.4000000000000004 3.4000000000000004 3.4000000000000004 13.4 9.9 9.9 9.9 9.9 9.9 9.9 9.9 9.9 2.5 2.5 -9999 -9999 -9999 -9999 -9999 -9999 -9999 -9999 -9999 -9999 -9999 -9999 -9999 -9999 -9999 -9999 -9999 -9999
0 0 0 2.9000000000000004 2.9000000000000004 2.9000000000000004 2.9000000000000004 2.9000000000000004 2.9000000000000004 2.9000000000000004 2.9000000000000004 2.9000000000000004 2.9000000000000004 2.9000000000000004 2.9000000000000004 2.9000000000000004 2.9000000000000004 -9999 -9999 -9999 -9999 -9999 21.1 21.1 8.1 8.1 8.1 7.1000000000000005 7.6000000000000005 7.6000000000000005 7.6000000000000005 7.6000000000000005 7.6000000000000005 7.6000000000000005 7.6000000000000005 7.6000000000000005 7.6000000000000005 7.6000000000000005 7.6000000000000005 7.6000000000000005 8.4 8.4 3.4000000000000004 3.4000000000000004 3.4000000000000004 3.4000000000000004 3.4000000000000004 3.4000000000000004 8.4 8.4 9.9 9.9 9.9 9.9 9.9 9.9 9.9 2.5 2.5 -9999 -9999 -9999 -9999 -9999 -9999 -9999 -9999 -9999 -9999 -9999 -9999 -9999 -9999 -9999 -9999 -9999 -9999 -9999
-9999 -9999 -9999 0 0 0 0 2.9000000000000004 2.9000000000000004 2.9000000000000004 2.9000000000000004 2.9000000000000004 2.9000000000000004 2.9000000000000004 2.9000000000000004 -9999 -9999 -9999 -9999 -9999 -9999 -9999 -9999 -9999 -9999 8.1 8.1 8.1 7.6000000000000005 7.6000000000000005 7.6000000000000005 7.6000000000000005 7.6000000000000005 7.6000000000000005 7.6000000000000005 7.6000000000000005 7.6000000000000005 7.6000000000000005 7.6000000000000005 -9999 8.4 8.4 3.4000000000000004 3.4000000000000004 8.4 8.4 8.4 8.4 8.4 8.4 3 3 9.9 9.9 9.9 9.9 9.9 9.9 -9999 -9999 -9999 -9999 -9999 -9999 -9999 -9999 -9999 -9999 -9999 -9999 -9999 -9999 -9999 -9999 -9999 -9999 -9999 -9999
-9999 -9999 -9999 0 0 0 0 0 0 0 2.9000000000000004 2.9000000000000004 2.9000000000000004 2.9000000000000004 -9999 -9999 -9999 -9999 -9999 -9999 -9999 -9999 -9999 -9999 -9999 8.1 8.1 8.1 8.1 7.6000000000000005 7.6000000000000005 7.6000000000000005 7.6000000000000005 7.6000000000000005 7.6000000000000005 7.6000000000000005 7.6000000000000005 7.6000000000000005 7.6000000000000005 -9999 8.4 8.4 8.4 8.4 8.4 8.4 8.4 8.4 8.4 8.4 3 3 3 3 3 9.9 9.9 -9999 -9999 -9999 -9999 -9999 -9999 -9999 -9999 -9999 -9999 -9999 -9999 -9999 -9999 -9999 -9999 -9999 -9999 -9999 -9999 -9999
-9999 -9999 -9999 -9999 0 0 0 0 0 0 0 0 2.9000000000000004 -9999 -9999 -9999 -9999 -9999 -9999 -9999 -9999 -9999 -9999 -9999 -9999 -9999 8.1 8.1 8.1 8.1 8.1 8.1 7.6000000000000005 7.6000000000000005 7.6000000000000005 7.6000000000000005 7.6000000000000005 7.6000000000000005 7.6000000000000005 4 8.4 8.4 8.4 8.4 8.4 8.4 8.4 8.4 8.4 8.4 3 3 3 3 3 9.9 9.9 -9999 -9999 -9999 -9999 -9999 -9999 -9999 -9999 -9999 -9999 -9999 -9999 -9999 -9999 -9999 -9999 -9999 -9999 -9999 -9999 -9999
-9999 -9999 -9999 -9999 2.5 0 0 0 0 0 0 0 0 -9999 -9999 -9999 -9999 -9999 -9999 -9999 -9999 -9999 -9999 -9999 -9999 -9999 8.1 8.1 8.1 8.1 8.1 8.1 8.1 8.1 7.6000000000000005 7.6000000000000005 7.6000000000000005 7.6000000000000005 7.6000000000000005 -9999 8.4 8.4 8.4 8.4 8.4 8.4 6.9 6.9 6.9 8.4 3 3 3 3 3 1.2000000000000002 -9999 -9999 -9999 -9999 -9999 -9999 -9999 -9999 -9999 -9999 -9999 -9999 -9999 -9999 -9999 -9999 -9999 -9999 -9999 -9999 -9999 -9999
-9999 -9999 -9999 -9999 -9999 2.5 0 0 0 0 0 0 -9999 -9999 -9999 -9999 -9999 -9999 -9999 -9999 1.1 -9999 -9999 -9999 -9999 9.4 9.4 8.1 8.1 8.1 8.1 8.1 8.1 0.9 0.9 0.9 0.9 0.9 0.9 -9999 0.9 -9999 8.4 8.4 8.4 8.4 6.9 6.9 6.9 6.9 6.9 3 3 3 3 1.2000000000000002 -9999 -9999 -9999 -9999 -9999 -9999 -9999 -9999 -9999 -9999 -9999 -9999 -9999 -9999 -9999 -9999 -9999 -9999 -9999 -9999 -9999 -9999
-9999 -9999 -9999 -9999 -9999 2.5 0 0 0 0 0 0 -9999 -9999 -9999 -9999 11.600000000000001 1.1 1.1 1.1 1.1 1.1 1.1 1.1 9.4 9.4 9.4 9.4 9.4 9.4 8.1 8.1 9.4 0.9 0.9 0.9 0.9 0.9 0.9 -9999 -9999 -9999 -9999 -9999 -9999 8.4 6.9 6.9 6.9 6.9 6.9 6.9 6.9 3 3 3 -9999 -9999 -9999 -9999 -9999 -9999 -9999 -9999 -9999 -9999 -9999 -9999 -9999 -9999 -9999 -9999 -9999 -9999 -9999 -9999 -9999 -9999
-9999 -9999 -9999 -9999 2.5 0 0 0 2.5 -9999 -9999 -9999 -9999 -9999 -9999 11.600000000000001 11.600000000000001 1.1 1.1 1.1 1.1 1.1 1.1 1.1 1.1 4.7 9.4 9.4 9.4 9.4 9.4 9.4 9.4 0.9 0.9 0.9 0.9 0.9 0.9 -9999 -9999 -9999 -9999 -9999 -9999 0.9 6.9 6.9 6.9 6.9 6.9 6.9 6.9 6.9 13.4 3 -9999 -9999 -9999 -9999 -9999 -9999 -9999 -9999 -9999 -9999 -9999 -9999 -9999 -9999 -9999 -9999 -9999 -9999 -9999 -9999 -9999 -9999
-9999 -9999 -9999 -9999 -9999 -9999 2.5 2.5 -9999 -9999 -9999 -9999 -9999 -9999 -9999 11.600000000000001 11.600000000000001 11.600000000000001 11.600000000000001 4.7 4.7 4.7 4.7 4.7 4.7 4.7 4.7 9.4 9.4 9.4 9.4 9.4 9.4 9.4 0.9 0.9 0.9 0.9 0.9 -9999 -9999 -9999 -9999 -9999 -9999 -9999 6.9 6.9 6.9 6.9 6.9 6.9 6.9 6.9 13.4 13.4 -9999 -9999 -9999 -9999 -9999 -9999 -9999 -9999 -9999 -9999 -9999 -9999 -9999 -9999 -9999 -9999 -9999 -9999 -9999 -9999 -9999 -9999
-9999 -9999 8 6 -9999 -9999 -9999 -9999 -9999 -9999 -9999 -9999 -9999 -9999 11.600000000000001 11.600000000000001 11.600000000000001 11.600000000000001 11.600000000000001 4.7 4.7 4.7 4.7 4.7 4.7 4.7 4.7 4.7 9.4 9.4 9.4 9.4 9.4 9.4 9.4 0.9 0.9 0.9 0.9 -9999 -9999 -9999 -9999 -9999 -9999 -9999 0.9 6.9 6.9 6.9 6.9 6.9 6.9 6.9 -9999 -9999 -9999 -9999 -9999 -9999 -9999 -9999 -9999 -9999 -9999 -9999 -9999 -9999 -9999 -9999 -9999 -9999 -9999 -9999 -9999 -9999 -9999 -9999
-9999 -9999 -9999 13 12 -9999 -9999 -9999 -9999 -9999 -9999 -9999 11.600000000000001 11.600000000000001 11.600000000000001 11.600000000000001 11.600000000000001 11.600000000000001 11.600000000000001 4.7 4.7 2.5 2.5 2.5 4.7 4.7 4.7 4.7 4.7 4.7 4.7 9.4 9.4 9.4 9.4 9.4 0.9 0.9 0.9 -9999 -9999 -9999 -9999 -9999 -9999 -9999 4.4 6.9 6.9 6.9 0 0 0 0 -9999 -9999 -9999 -9999 -9999 -9999 -9999 -9999 -9999 -9999 -9999 -9999 -9999 -9999 -9999 -9999 -9999 -9999 -9999 -9999 -9999 -9999 -9999 -9999
-9999 -9999 -9999 7 0 -9999 -9999 -9999 -9999 -9999 -9999 -9999 3.2 3.2 11.600000000000001 11.600000000000001 11.600000000000001 11.600000000000001 11.600000000000001 2.5 2.5 2.5 2.5 2.5 2.5 4.7 4.7 4.7 4.7 4.7 4.7 4.7 9.4 9.4 9.4 9.4 0.9 0.9 0.9 0.9 0.9 -9999 -9999 -9999 -9999 -9999 -9999 4.4 0 0 0 0 0 0 -9999 -9999 -9999 -9999 -9999 -9999 -9999 -9999 -9999 -9999 -9999 -9999 -9999 -9999 -9999 -9999 -9999 -9999 -9999 -9999 -9999 -9999 -9999 -9999
-9999 -9999 -9999 -9999 -9999 -9999 -9999 -9999 -9999 -9999 -9999 3.2 3.2 3.2 11.600000000000001 11.600000000000001 11.600000000000001 11.600000000000001 2.5 2.5 2.5 2.5 2.5 2.5 2.5 2.5 4.7 4.7 4.7 4.7 4.7 9.4 9.4 9.4 9.4 9.4 0.9 0.9 0.9 0.9 0.9 -9999 -9999 -9999 -9999 -9999 -9999 -9999 0 0 0 0 0 0 -9999 -9999 -9999 -9999 -9999 -9999 -9999 -9999 -9999 -9999 -9999 -9999 -9999 -9999 -9999 -9999 -9999 -9999 -9999 -9999 -9999 -9999 -9999 -9999
-9999 -9999 -9999 -9999 -9999 -9999 -9999 -9999 -9999 -9999 -9999 3.2 3.2 3.2 3.2 3.2 11.600000000000001 11.600000000000001 2.5 2.5 2.5 2.5 2.5 2.5 2.5 2.5 2.5 2.5 4.7 4.7 3.5 3.5 3.5 9.4 9.4 9.4 0.9 0.9 0.9 0.9 0.9 -9999 -9999 -9999 -9999 -9999 -9999 -9999 -9999 -9999 -9999 0 0 0 -9999 -9999 -9999 -9999 -9999 -9999 -9999 -9999 -9999 -9999 -9999 -9999 -9999 -9999 -9999 -9999 -9999 -9999 -9999 -9999 -9999 -9999 -9999 -9999
-9999 -9999 -9999 -9999 -9999 -9999 -9999 -9999 -9999 -9999 3.2 3.2 3.2 3.2 3.2 3.2 3.2 3.2 3.2 3.2 2.5 2.5 2.5 2.5 2.5 2.5 2.5 2.5 2.5 4.7 4.7 3.5 3.5 3.5 9.4 9.4 3.5 0.9 0.9 0.9 0 -9999 -9999 -9999 -9999 -9999 -9999 -9999 -9999 -9999 -9999 -9999 -9999 -9999 -9999 -9999 -9999 -9999 -9999 -9999 -9999 -9999 -9999 -9999 -9999 -9999 -9999 -9999 -9999 -9999 -9999 -9999 -9999 -9999 -9999 -9999 -9999 -9999
-9999 -9999 -9999 -9999 -9999 -9999 -9999 -9999 -9999 3.2 3.2 3.2 3.2 3.2 3.2 3.2 3.2 3.2 3.2 3.2 3.2 2.5 2.5 2.5 2.5 2.5 2.5 2.5 2.5 4.7 4.7 4.7 3.5 3.5 3.5 3.5 3.5 3.5 3.5 0.9 -9999 -9999 -9999 -9999 -9999 -9999 -9999 -9999 -9999 -9999 -9999 -9999 -9999 -9999 -9999 -9999 -9999 -9999 -9999 -9999 -9999 -9999 -9999 -9999 -9999 -9999 -9999 -9999 -9999 -9999 -9999 -9999 -9999 -9999 -9999 -9999 -9999 -9999
-9999 -9999 -9999 -9999 -9999 -9999 -9999 -9999 -9999 3.2 3.2 3.2 3.2 3.2 3.2 3.2 3.2 3.2 3.2 3.2 3.2 2.5 2.5 2.5 2.5 2.5 2.5 -9999 2.5 2.5 2.5 4.7 4.7 3.5 3.5 3.5 3.5 3.5 3.5 -9999 -9999 -9999 -9999 -9999 -9999 -9999 -9999 -9999 -9999 -9999 -9999 -9999 -9999 -9999 -9999 -9999 -9999 -9999 -9999 -9999 -9999 -9999 -9999 -9999 -9999 -9999 -9999 -9999 -9999 -9999 -9999 -9999 -9999 -9999 -9999 -9999 -9999 -9999
-9999 -9999 -9999 -9999 -9999 -9999 -9999 -9999 -9999 -9999 3.2 3.2 7.300000000000001 7.300000000000001 7.300000000000001 3.2 3.2 3.2 3.2 3.2 3.2 3.2 2.5 2.5 2.5 2.5 2.5 -9999 -9999 2.5 2.5 2.5 4.7 3.5 3.5 3.5 3.5 3.5 3.5 -9999 -9999 -9999 -9999 -9999 -9999 -9999 -9999 -9999 -9999 -9999 -9999 -9999 -9999 -9999 -9999 -9999 -9999 -9999 -9999 -9999 -9999 -9999 -9999 -9999 -9999 -9999 -9999 -9999 -9999 -9999 -9999 -9999 -9999 -9999 -9999 -9999 -9999 -9999
