04_184A004/muulp.asc
ncols 172
nrows 237
xllcorner 610032
yllcorner 6876144
cellsize 16
nodata_value -9999
[rows 68 to 101 of 237, columns 0 to 77 of 172]
-9999 -9999 -9999 -9999 -9999 -9999 -9999 -9999 -9999 -9999 -9999 -9999 -9999 -9999 -9999 -9999 -9999 -9999 -9999 -9999 -9999 -9999 -9999 6.7 6.7 6.7 6.7 6.7 6.7 6.7 6.7 6.7 3.4000000000000004 3.4000000000000004 3.4000000000000004 3.4000000000000004 3.4000000000000004 3.4000000000000004 2.3000000000000003 2.3000000000000003 2.3000000000000003 -9999 -9999 -9999 -9999 -9999 -9999 -9999 -9999 -9999 -9999 -9999 -9999 -9999 -9999 -9999 -9999 -9999 -9999 -9999 -9999 -9999 -9999 -9999 -9999 -9999 -9999 -9999 -9999 -9999 1.6 1.6 1.6 1.6 1.6 1.6 1.6 1.6
-9999 -9999 -9999 -9999 -9999 -9999 -9999 -9999 -9999 -9999 -9999 -9999 -9999 -9999 -9999 -9999 -9999 -9999 -9999 -9999 -9999 -9999 -9999 6.7 6.7 6.7 6.7 6.7 6.7 6.7 6.7 6.7 3.4000000000000004 3.4000000000000004 3.4000000000000004 3.4000000000000004 3.4000000000000004 3.4000000000000004 3.4000000000000004 3.4000000000000004 3.4000000000000004 2.3000000000000003 -9999 -9999 -9999 -9999 -9999 -9999 -9999 -9999 -9999 -9999 -9999 -9999 -9999 -9999 -9999 -9999 -9999 -9999 -9999 -9999 -9999 -9999 -9999 -9999 -9999 -9999 -9999 -9999 -9999 1.6 1.6 1.6 1.6 1.6 1.6 1.6
-9999 -9999 -9999 -9999 -9999 -9999 -9999 -9999 -9999 -9999 -9999 -9999 -9999 -9999 -9999 -9999 -9999 -9999 -9999 -9999 -9999 -9999 -9999 -9999 6.7 6.7 6.7 6.7 6.7 6.7 6.7 6.7 3.4000000000000004 3.4000000000000004 3.4000000000000004 3.4000000000000004 3.4000000000000004 3.4000000000000004 3.4000000000000004 3.4000000000000004 3.4000000000000004 3.4000000000000004 -9999 -9999 -9999 -9999 -9999 -9999 -9999 -9999 -9999 -9999 -9999 -9999 -9999 -9999 -9999 -9999 -9999 -9999 -9999 -9999 -9999 -9999 -9999 -9999 -9999 -9999 -9999 -9999 -9999 -9999 1.6 1.6 1.6 1.6 1.6 -9999
-9999 -9999 -9999 -9999 -9999 -9999 -9999 -9999 -9999 -9999 -9999 -9999 -9999 -9999 -9999 -9999 -9999 -9999 -9999 -9999 -9999 -9999 -9999 6.7 6.7 6.7 6.7 6.7 6.7 6.7 6.7 3.4000000000000004 3.4000000000000004 3.4000000000000004 3.4000000000000004 3.4000000000000004 3.4000000000000004 3.4000000000000004 3.4000000000000004 3.4000000000000004 3.4000000000000004 3.4000000000000004 -9999 -9999 -9999 -9999 -9999 -9999 -9999 -9999 -9999 -9999 -9999 -9999 -9999 -9999 -9999 -9999 -9999 -9999 -9999 -9999 -9999 -9999 -9999 -9999 -9999 -9999 -9999 -9999 -9999 -9999 -9999 -9999 1.6 -9999 -9999 1.4000000000000001
-9999 -9999 -9999 -9999 -9999 -9999 -9999 -9999 -9999 -9999 -9999 -9999 -9999 -9999 -9999 -9999 -9999 -9999 -9999 -9999 -9999 -9999 6.7 6.7 6.7 6.7 6.7 6.7 6.7 6.7 3.4000000000000004 3.4000000000000004 3.4000000000000004 3.4000000000000004 3.4000000000000004 3.4000000000000004 3.4000000000000004 3.4000000000000004 3.4000000000000004 3.4000000000000004 3.4000000000000004 3.4000000000000004 -9999 -9999 -9999 -9999 -9999 -9999 -9999 -9999 -9999 -9999 -9999 -9999 -9999 -9999 -9999 -9999 -9999 -9999 -9999 -9999 -9999 -9999 -9999 -9999 -9999 -9999 -9999 -9999 -9999 -9999 -9999 -9999 -9999 1.4000000000000001 1.4000000000000001 1.4000000000000001
-9999 -9999 -9999 -9999 -9999 -9999 -9999 -9999 -9999 -9999 -9999 -9999 -9999 -9999 -9999 -9999 -9999 -9999 -9999 -9999 -9999 1.4000000000000001 1.4000000000000001 1.4000000000000001 1.4000000000000001 1.4000000000000001 1.4000000000000001 1.4000000000000001 6.7 3.4000000000000004 3.4000000000000004 3.4000000000000004 3.4000000000000004 3.4000000000000004 3.4000000000000004 3.4000000000000004 3.4000000000000004 3.4000000000000004 3.4000000000000004 3.4000000000000004 3.4000000000000004 3.4000000000000004 -9999 -9999 -9999 -9999 -9999 -9999 -9999 -9999 -9999 -9999 -9999 -9999 -9999 -9999 -9999 -9999 -9999 -9999 -9999 -9999 -9999 -9999 -9999 -9999 -9999 -9999 -9999 -9999 -9999 -9999 -9999 -9999 0.2 0.2 0.2 1.4000000000000001
-9999 -9999 -9999 1.8 1.8 1.2000000000000002 1.2000000000000002 1.2000000000000002 1.2000000000000002 1.2000000000000002 -9999 -9999 -9999 -9999 -9999 -9999 -9999 -9999 -9999 -9999 1.4000000000000001 1.4000000000000001 1.4000000000000001 1.4000000000000001 1.4000000000000001 1.4000000000000001 1.4000000000000001 1.4000000000000001 3.4000000000000004 3.4000000000000004 3.4000000000000004 3.4000000000000004 3.4000000000000004 3.4000000000000004 3.4000000000000004 3.4000000000000004 3.4000000000000004 3.4000000000000004 3.4000000000000004 3.4000000000000004 3.4000000000000004 3.4000000000000004 -9999 -9999 -9999 -9999 -9999 -9999 -9999 -9999 -9999 -9999 -9999 -9999 -9999 -9999 -9999 -9999 -9999 -9999 -9999 -9999 -9999 -9999 -9999 -9999 -9999 -9999 -9999 -9999 -9999 -9999 -9999 -9999 0.2 0.2 0.2 1.4000000000000001
-9999 -9999 -9999 1.8 1.8 1.8 1.8 1.2000000000000002 1.2000000000000002 1.2000000000000002 1.2000000000000002 1.2000000000000002 -9999 -9999 -9999 -9999 -9999 -9999 -9999 1 1 1.4000000000000001 1.4000000000000001 1.4000000000000001 1.4000000000000001 1.4000000000000001 1.4000000000000001 1.4000000000000001 3.4000000000000004 3.4000000000000004 3.4000000000000004 3.4000000000000004 3.4000000000000004 3.4000000000000004 3.4000000000000004 3.4000000000000004 3.4000000000000004 3.4000000000000004 3.4000000000000004 3.4000000000000004 3.4000000000000004 3.4000000000000004 -9999 -9999 -9999 -9999 -9999 -9999 -9999 -9999 -9999 -9999 -9999 -9999 -9999 -9999 -9999 -9999 -9999 -9999 -9999 -9999 -9999 -9999 -9999 -9999 -9999 -9999 -9999 -9999 -9999 -9999 -9999 -9999 0.2 0.2 0.2 0.2
-9999 -9999 1.8 1.8 1.8 1.8 1.8 1.8 1.8 1.2000000000000002 1.2000000000000002 1.2000000000000002 -9999 -9999 -9999 -9999 -9999 -9999 -9999 1 1 1.4000000000000001 1.4000000000000001 1.4000000000000001 1.4000000000000001 1.4000000000000001 3.4000000000000004 3.4000000000000004 3.4000000000000004 3.4000000000000004 3.4000000000000004 3.4000000000000004 3.4000000000000004 3.4000000000000004 3.4000000000000004 3.4000000000000004 3.4000000000000004 3.4000000000000004 3.4000000000000004 3.4000000000000004 3.4000000000000004 3.4000000000000004 -9999 -9999 -9999 -9999 -9999 -9999 -9999 -9999 -9999 -9999 -9999 -9999 -9999 -9999 -9999 -9999 -9999 -9999 -9999 -9999 -9999 -9999 -9999 -9999 -9999 -9999 -9999 -9999 -9999 -9999 -9999 -9999 0 0 0 0
-9999 -9999 1.8 3.5 3.5 1.8 1.8 1.8 1.8 1.8 1.2000000000000002 1.2000000000000002 1.2000000000000002 -9999 -9999 -9999 -9999 0 0 1 1.4000000000000001 1.4000000000000001 1.4000000000000001 1.4000000000000001 1.4000000000000001 3.4000000000000004 3.4000000000000004 3.4000000000000004 3.4000000000000004 3.4000000000000004 3.4000000000000004 3.4000000000000004 3.4000000000000004 3.4000000000000004 3.4000000000000004 3.4000000000000004 3.4000000000000004 3.4000000000000004 3.4000000000000004 3.4000000000000004 3.4000000000000004 3.4000000000000004 3.4000000000000004 3.4000000000000004 -9999 -9999 -9999 -9999 -9999 -9999 -9999 -9999 -9999 -9999 -9999 -9999 -9999 -9999 -9999 -9999 -9999 -9999 -9999 -9999 -9999 -9999 -9999 -9999 -9999 -9999 -9999 -9999 -9999 -9999 0 0 0 0
-9999 -9999 1.8 1.8 1.8 1.8 1.8 1.8 1.8 1.8 1.8 1.8 1.2000000000000002 1.2000000000000002 1.2000000000000002 0 0 0 0 1.4000000000000001 1.4000000000000001 1.4000000000000001 1.4000000000000001 1.4000000000000001 1.4000000000000001 3.4000000000000004 3.4000000000000004 3.4000000000000004 3.4000000000000004 3.4000000000000004 3.4000000000000004 3.4000000000000004 3.4000000000000004 3.4000000000000004 3.4000000000000004 3.4000000000000004 3.4000000000000004 3.4000000000000004 3.4000000000000004 3.4000000000000004 3.4000000000000004 3.4000000000000004 3.4000000000000004 3.4000000000000004 -9999 -9999 -9999 -9999 -9999 -9999 -9999 -9999 -9999 -9999 -9999 -9999 -9999 -9999 -9999 -9999 -9999 -9999 -9999 -9999 -9999 -9999 -9999 -9999 -9999 -9999 -9999 -9999 -9999 0 0 0 0 0
-9999 -9999 1.8 1.8 1.8 1.8 1.8 1.8 1.8 1.8 1.8 1.8 1.8 1.8 1.2000000000000002 0 0 0 0 1.4000000000000001 1.4000000000000001 1.4000000000000001 1.4000000000000001 1.4000000000000001 1.4000000000000001 3.4000000000000004 3.4000000000000004 3.4000000000000004 3.4000000000000004 3.4000000000000004 3.4000000000000004 3.4000000000000004 3.4000000000000004 3.4000000000000004 3.4000000000000004 3.4000000000000004 3.4000000000000004 3.4000000000000004 3.4000000000000004 3.4000000000000004 3.4000000000000004 3.4000000000000004 3.4000000000000004 3.4000000000000004 -9999 -9999 -9999 -9999 -9999 -9999 -9999 -9999 -9999 -9999 -9999 -9999 -9999 -9999 -9999 -9999 -9999 -9999 -9999 -9999 -9999 -9999 -9999 -9999 -9999 -9999 -9999 -9999 0 0 0 0 0 0
-9999 -9999 1.8 1.8 1.8 1.8 1.8 1.8 2.7 2.7 2.7 2.7 1.8 1.8 1.8 0 0 0 0 1.4000000000000001 1.4000000000000001 1.4000000000000001 1.4000000000000001 1.4000000000000001 3.4000000000000004 3.4000000000000004 3.4000000000000004 3.4000000000000004 3.4000000000000004 3.4000000000000004 3.4000000000000004 3.4000000000000004 3.4000000000000004 3.4000000000000004 3.4000000000000004 3.4000000000000004 3.4000000000000004 3.4000000000000004 3.4000000000000004 3.4000000000000004 3.4000000000000004 3.4000000000000004 3.4000000000000004 3.4000000000000004 3.4000000000000004 -9999 -9999 -9999 3.4000000000000004 -9999 -9999 -9999 -9999 -9999 -9999 -9999 -9999 -9999 -9999 3.4000000000000004 3.4000000000000004 3.4000000000000004 -9999 -9999 -9999 -9999 -9999 -9999 -9999 -9999 -9999 1.9000000000000001 0 0 0 0 0 0
-9999 -9999 1.8 1.8 1.8 1.8 1.8 2.7 2.7 2.7 2.7 2.7 2.7 1.8 1.8 1.8 0 0 0 2.6 1.4000000000000001 1.4000000000000001 1.4000000000000001 1.4000000000000001 3.4000000000000004 3.4000000000000004 3.4000000000000004 3.4000000000000004 3.4000000000000004 3.4000000000000004 3.4000000000000004 3.4000000000000004 3.4000000000000004 3.4000000000000004 3.4000000000000004 3.4000000000000004 3.4000000000000004 3.4000000000000004 3.4000000000000004 3.4000000000000004 3.4000000000000004 3.4000000000000004 3.4000000000000004 3.4000000000000004 3.4000000000000004 3.4000000000000004 -9999 3.4000000000000004 3.4000000000000004 3.4000000000000004 -9999 -9999 -9999 -9999 -9999 -9999 -9999 -9999 -9999 -9999 -9999 1.2000000000000002 1.2000000000000002 1.2000000000000002 1.2000000000000002 1.2000000000000002 1.2000000000000002 2.2 2.2 2.2 -9999 1.9000000000000001 -9999 0 0 0 0 0
-9999 -9999 1.8 1.8 1.8 1.8 1.8 2.7 2.7 2.7 2.7 2.7 2.7 2.7 2.7 1.8 1.8 0 0 2.6 1.4000000000000001 1.4000000000000001 1.4000000000000001 3.4000000000000004 3.4000000000000004 3.4000000000000004 3.4000000000000004 3.4000000000000004 3.4000000000000004 3.4000000000000004 3.4000000000000004 3.4000000000000004 3.4000000000000004 3.4000000000000004 3.4000000000000004 3.4000000000000004 3.4000000000000004 3.4000000000000004 3.4000000000000004 3.4000000000000004 3.4000000000000004 3.4000000000000004 3.4000000000000004 3.4000000000000004 3.4000000000000004 3.4000000000000004 3.4000000000000004 3.4000000000000004 3.4000000000000004 3.4000000000000004 3.4000000000000004 -9999 -9999 -9999 -9999 -9999 -9999 0 1.2000000000000002 1.2000000000000002 1.2000000000000002 1.2000000000000002 1.2000000000000002 1.2000000000000002 1.2000000000000002 1.2000000000000002 2.2 2.2 2.2 2.2 2.2 -9999 -9999 -9999 0 0 0 0
-9999 -9999 12 1.8 1.8 1.8 1.8 2.7 2.7 2.7 2.7 2.7 2.7 2.7 2.7 2.7 2.7 1.8 2.6 2.6 2.6 2.6 2.6 2.6 3.4000000000000004 3.4000000000000004 3.4000000000000004 3.4000000000000004 3.4000000000000004 3.4000000000000004 3.4000000000000004 3.4000000000000004 3.4000000000000004 3.4000000000000004 3.4000000000000004 3.4000000000000004 3.4000000000000004 3.4000000000000004 3.4000000000000004 3.4000000000000004 3.4000000000000004 3.4000000000000004 3.4000000000000004 3.4000000000000004 3.4000000000000004 3.4000000000000004 3.4000000000000004 3.4000000000000004 3.4000000000000004 3.4000000000000004 3.4000000000000004 -9999 -9999 -9999 -9999 -9999 -9999 -9999 1.2000000000000002 1.2000000000000002 1.2000000000000002 1.2000000000000002 1.2000000000000002 1.2000000000000002 1.2000000000000002 2.2 2.2 2.2 2.2 -9999 -9999 -9999 -9999 -9999 0 0 0 0
-9999 2.6 -9999 1.8 1.8 1.8 2.7 2.7 2.7 2.7 2.7 2.7 2.7 2.7 2.7 2.7 2.7 2.7 2.7 2.6 2.6 2.6 2.6 2.6 2.6 3.4000000000000004 3.4000000000000004 3.4000000000000004 3.4000000000000004 3.4000000000000004 3.4000000000000004 3.4000000000000004 3.4000000000000004 3.4000000000000004 3.4000000000000004 3.4000000000000004 3.4000000000000004 3.4000000000000004 3.4000000000000004 3.4000000000000004 3.4000000000000004 3.4000000000000004 3.4000000000000004 3.4000000000000004 3.4000000000000004 3.4000000000000004 3.4000000000000004 3.4000000000000004 3.4000000000000004 3.4000000000000004 3.4000000000000004 -9999 3.4000000000000004 -9999 -9999 -9999 -9999 -9999 1.2000000000000002 1.2000000000000002 1.2000000000000002 1.2000000000000002 1.2000000000000002 1.2000000000000002 1.2000000000000002 2.2 2.2 2.2 2.2 -9999 -9999 -9999 -9999 -9999 -9999 0 0 0
-9999 2.6 1 1.8 1.8 2.7 2.7 2.7 2.7 2.7 2.7 2.7 2.7 2.7 2.7 2.7 2.7 2.7 2.7 2.7 2.7 2.6 2.6 2.6 2.6 3.4000000000000004 2.6 2.6 2.6 2.6 2.6 2.6 3.4000000000000004 3.4000000000000004 3.4000000000000004 3.4000000000000004 3.4000000000000004 3.4000000000000004 3.4000000000000004 3.4000000000000004 3.4000000000000004 3.4000000000000004 3.4000000000000004 3.4000000000000004 3.4000000000000004 3.4000000000000004 3.4000000000000004 3.4000000000000004 3.4000000000000004 3.4000000000000004 3.4000000000000004 3.4000000000000004 3.4000000000000004 -9999 -9999 -9999 3.4000000000000004 -9999 1.2000000000000002 1.2000000000000002 1.2000000000000002 1.2000000000000002 1.2000000000000002 1.2000000000000002 1.2000000000000002 2.2 2.2 2.2 2.2 2.2 -9999 -9999 -9999 -9999 -9999 -9999 -9999 -9999
-9999 2.6 2.6 -9999 2.7 2.7 2.7 2.7 2.7 2.7 2.7 2.7 2.7 2.7 2.7 2.7 2.7 2.7 2.7 2.7 2.7 2.7 2.6 2.6 2.6 2.6 2.6 2.6 2.6 2.6 2.6 2.6 -9999 2.6 2.6 2.6 3.4000000000000004 3.4000000000000004 3.4000000000000004 3.4000000000000004 3.4000000000000004 3.4000000000000004 3.4000000000000004 3.4000000000000004 3.4000000000000004 3.4000000000000004 3.4000000000000004 3.4000000000000004 3.4000000000000004 3.4000000000000004 3.4000000000000004 3.4000000000000004 3.4000000000000004 3.4000000000000004 3.4000000000000004 3.4000000000000004 3.4000000000000004 -9999 1.2000000000000002 1.2000000000000002 1.2000000000000002 1.2000000000000002 1.2000000000000002 1.2000000000000002 1.2000000000000002 2.2 2.2 2.2 2.2 2.2 2.2 -9999 -9999 -9999 -9999 -9999 -9999 -9999
-9999 -9999 -9999 -9999 2.7 2.7 2.7 2.7 2.7 2.7 2.7 2.7 2.7 2.7 2.7 2.7 2.7 2.7 2.7 2.7 2.7 2.7 2.7 4.1000000000000005 4.1000000000000005 4.1000000000000005 4.1000000000000005 4.1000000000000005 4.1000000000000005 4.1000000000000005 -9999 -9999 -9999 -9999 2.6 2.6 3.4000000000000004 3.4000000000000004 3.4000000000000004 3.4000000000000004 3.4000000000000004 3.4000000000000004 3.4000000000000004 3.4000000000000004 3.4000000000000004 3.4000000000000004 3.4000000000000004 3.4000000000000004 3.4000000000000004 3.4000000000000004 3.4000000000000004 3.4000000000000004 3.4000000000000004 3.4000000000000004 3.4000000000000004 3.4000000000000004 3.4000000000000004 0 1.2000000000000002 1.2000000000000002 1.2000000000000002 1.2000000000000002 1.2000000000000002 1.2000000000000002 1.2000000000000002 2.2 2.2 2.2 2.2 2.2 2.2 -9999 -9999 -9999 -9999 -9999 -9999 -9999
-9999 -9999 -9999 2.6 2.7 2.7 2.7 2.7 2.7 2.7 2.7 2.7 2.7 2.7 2.7 2.7 2.7 2.7 2.7 2.7 2.7 2.7 -9999 -9999 4.1000000000000005 4.1000000000000005 -9999 -9999 16 -9999 -9999 -9999 -9999 -9999 -9999 3.4000000000000004 3.4000000000000004 3.4000000000000004 3.4000000000000004 3.4000000000000004 3.4000000000000004 3.4000000000000004 3.4000000000000004 3.4000000000000004 3.4000000000000004 3.4000000000000004 3.4000000000000004 3.4000000000000004 3.4000000000000004 3.4000000000000004 3.4000000000000004 3.4000000000000004 3.4000000000000004 3.4000000000000004 3.4000000000000004 3.4000000000000004 3.4000000000000004 3.4000000000000004 0 1.2000000000000002 1.2000000000000002 1.2000000000000002 1.2000000000000002 1.2000000000000002 1.2000000000000002 2.2 2.2 1.2000000000000002 2.2 2.2 2.2 -9999 -9999 -9999 -9999 -9999 -9999 -9999
-9999 -9999 -9999 -9999 -9999 2.7 2.7 2.7 2.7 2.7 2.7 2.7 2.7 2.7 2.7 2.7 2.7 2.7 2.7 2.7 -9999 -9999 -9999 -9999 -9999 -9999 -9999 -9999 -9999 -9999 -9999 -9999 -9999 -9999 -9999 -9999 3.4000000000000004 3.4000000000000004 -9999 3.4000000000000004 3.4000000000000004 3.4000000000000004 3.4000000000000004 3.4000000000000004 3.4000000000000004 3.4000000000000004 3.4000000000000004 3.4000000000000004 3.4000000000000004 3.4000000000000004 3.4000000000000004 3.4000000000000004 3.4000000000000004 3.4000000000000004 3.4000000000000004 3.4000000000000004 3.4000000000000004 3.4000000000000004 -9999 1.2000000000000002 1.2000000000000002 1.2000000000000002 1.2000000000000002 1.2000000000000002 1.2000000000000002 1.2000000000000002 1.2000000000000002 1.2000000000000002 2.2 2.2 2.2 2.2 -9999 -9999 -9999 -9999 -9999 -9999
-9999 -9999 -9999 1.1 -9999 2.7 2.7 2.7 2.7 2.7 2.7 2.7 2.7 2.7 2.7 2.7 2.7 2.7 2.7 -9999 -9999 -9999 -9999 -9999 -9999 -9999 -9999 -9999 6 -9999 -9999 -9999 -9999 -9999 -9999 -9999 -9999 -9999 -9999 -9999 -9999 -9999 -9999 3.4000000000000004 3.4000000000000004 3.4000000000000004 3.4000000000000004 3.4000000000000004 3.4000000000000004 0 0 0 0 3.4000000000000004 3.4000000000000004 3.4000000000000004 3.4000000000000004 3.4000000000000004 -9999 1.2000000000000002 1.2000000000000002 1.2000000000000002 1.2000000000000002 1.2000000000000002 1.2000000000000002 1.2000000000000002 1.2000000000000002 1.2000000000000002 1.2000000000000002 1.2000000000000002 2.2 2.2 2.3000000000000003 -9999 -9999 -9999 -9999 -9999
-9999 -9999 1.1 1.1 1.1 -9999 2.7 2.7 2.7 2.7 2.7 2.7 2.7 2.7 2.7 2.7 2.7 -9999 -9999 -9999 -9999 -9999 -9999 -9999 -9999 -9999 -9999 -9999 -9999 -9999 -9999 -9999 -9999 -9999 -9999 -9999 -9999 -9999 -9999 -9999 -9999 -9999 -9999 -9999 -9999 -9999 -9999 3.4000000000000004 0 0 0 0 0 0 0 3.4000000000000004 3.4000000000000004 3.4000000000000004 -9999 1.2000000000000002 1.2000000000000002 1.2000000000000002 1.2000000000000002 1.2000000000000002 1.2000000000000002 1.2000000000000002 1.2000000000000002 1.2000000000000002 1.2000000000000002 1.2000000000000002 2.2 2.3000000000000003 2.3000000000000003 2.3000000000000003 -9999 -9999 -9999 -9999
-9999 -9999 1.1 1.1 1.1 -9999 2.7 2.7 2.7 2.7 2.7 2.7 2.7 2.7 2.7 2.7 2.7 2.7 -9999 -9999 -9999 -9999 -9999 -9999 -9999 -9999 -9999 -9999 -9999 -9999 -9999 -9999 -9999 -9999 23 8 -9999 -9999 -9999 -9999 -9999 -9999 -9999 -9999 -9999 -9999 -9999 -9999 -9999 0 0 0 0 0 0 0 0 3.4000000000000004 -9999 1.2000000000000002 1.2000000000000002 1.2000000000000002 1.2000000000000002 1.2000000000000002 1.2000000000000002 1.2000000000000002 1.2000000000000002 1.2000000000000002 1.2000000000000002 1.2000000000000002 1.2000000000000002 0.1 0.1 0.1 2.3000000000000003 -9999 -9999 -9999
-9999 -9999 1.1 1.1 1.1 1.1 2.7 2.7 2.7 2.7 2.7 2.7 2.7 2.7 2.7 2.7 2.7 2.7 2.7 2.7 2.7 2.7 -9999 -9999 -9999 -9999 -9999 -9999 -9999 -9999 -9999 8 -9999 11 -9999 -9999 -9999 -9999 -9999 -9999 -9999 -9999 -9999 -9999 -9999 -9999 -9999 -9999 -9999 -9999 -9999 0 0 0 0 0 0 0 -9999 1.2000000000000002 1.2000000000000002 1.2000000000000002 1.2000000000000002 1.2000000000000002 1.2000000000000002 1.2000000000000002 1.2000000000000002 1.2000000000000002 1.2000000000000002 1.2000000000000002 0.1 0.1 0.1 0.1 0.1 -9999 -9999 -9999
-9999 -9999 4.2 4.2 4.2 4.2 -9999 2.7 2.7 2.7 5.6000000000000005 5.6000000000000005 2.7 2.7 2.7 2.7 2.7 2.7 2.7 2.7 2.7 2.7 2.7 -9999 -9999 -9999 -9999 -9999 -9999 -9999 -9999 -9999 -9999 -9999 -9999 -9999 -9999 -9999 -9999 -9999 -9999 -9999 -9999 -9999 -9999 -9999 -9999 -9999 -9999 -9999 -9999 -9999 -9999 -9999 0 0 0 0 -9999 -9999 1.2000000000000002 1.2000000000000002 -9999 0 1.2000000000000002 1.2000000000000002 1.2000000000000002 1.2000000000000002 1.2000000000000002 0.1 0.1 0.1 0.1 0.1 0.1 0.1 -9999 -9999
-9999 -9999 -9999 4.2 4.2 4.2 0 3 3 3 5.6000000000000005 5.6000000000000005 5.6000000000000005 5.6000000000000005 5.6000000000000005 5.6000000000000005 5.6000000000000005 5.6000000000000005 2.7 2.7 2.7 2.7 2.7 2.7 2.7 2.7 -9999 -9999 -9999 -9999 -9999 -9999 -9999 -9999 -9999 -9999 -9999 -9999 -9999 -9999 -9999 -9999 -9999 -9999 -9999 -9999 -9999 -9999 -9999 -9999 -9999 -9999 -9999 -9999 -9999 -9999 -9999 0 0 3.4000000000000004 3.4000000000000004 -9999 0 0 0 0.1 0.1 0.1 0.1 0.1 0.1 0.1 0.1 0.1 0.1 0.1 2.3000000000000003 -9999
-9999 -9999 -9999 4.2 4.2 4.2 4.2 -9999 3 2.7 5.6000000000000005 5.6000000000000005 5.6000000000000005 5.6000000000000005 5.6000000000000005 5.6000000000000005 5.6000000000000005 5.6000000000000005 5.6000000000000005 5.6000000000000005 2.7 2.7 2.7 2.7 2.7 2.7 1 1 1 1 1 1 -9999 -9999 -9999 -9999 -9999 -9999 -9999 -9999 -9999 -9999 -9999 -9999 -9999 -9999 -9999 -9999 -9999 -9999 -9999 -9999 -9999 -9999 -9999 -9999 -9999 -9999 3.4000000000000004 3.4000000000000004 3.4000000000000004 3.4000000000000004 -9999 -9999 0.1 0.1 0.1 0.1 0.1 0.1 0.1 0.1 0.1 0.1 0.1 0.1 2.3000000000000003 -9999
-9999 -9999 -9999 -9999 -9999 -9999 -9999 -9999 3 2.7 2.7 5.6000000000000005 5.6000000000000005 5.6000000000000005 5.6000000000000005 5.6000000000000005 5.6000000000000005 5.6000000000000005 5.6000000000000005 5.6000000000000005 5.6000000000000005 2.7 2.7 2.7 2.7 2.7 1 1 1 1 1 1 1 -9999 -9999 -9999 -9999 -9999 -9999 -9999 -9999 -9999 -9999 -9999 -9999 -9999 -9999 -9999 -9999 -9999 -9999 -9999 -9999 -9999 -9999 -9999 -9999 -9999 -9999 -9999 3.4000000000000004 3.4000000000000004 0 1 0.1 0.1 0.1 0.1 0.1 0.1 0.1 0.1 0.1 0.1 0.1 0.1 2.3000000000000003 -9999
-9999 -9999 -9999 -9999 -9999 -9999 -9999 -9999 -9999 5.6000000000000005 5.6000000000000005 5.6000000000000005 -9999 -9999 -9999 -9999 -9999 5.6000000000000005 5.6000000000000005 5.6000000000000005 5.6000000000000005 5.6000000000000005 5.6000000000000005 2.7 2.7 2.7 1 1 1 1 1 1 1 1 -9999 -9999 -9999 -9999 -9999 -9999 -9999 -9999 -9999 -9999 -9999 -9999 -9999 -9999 -9999 -9999 -9999 -9999 -9999 -9999 -9999 -9999 -9999 -9999 -9999 -9999 -9999 0 0 2 2.3000000000000003 0.1 0.1 0.1 0.1 0.1 0.1 0.1 0.1 0.1 0.1 0.1 2.3000000000000003 -9999
-9999 -9999 -9999 -9999 -9999 -9999 -9999 -9999 -9999 -9999 -9999 -9999 -9999 -9999 -9999 -9999 -9999 5.6000000000000005 5.6000000000000005 5.6000000000000005 5.6000000000000005 5.6000000000000005 5.6000000000000005 7.1000000000000005 2.7 2.7 2.7 7.1000000000000005 1 1 1 1 1 1 3.1 3.1 -9999 -9999 -9999 -9999 -9999 -9999 -9999 -9999 -9999 -9999 -9999 -9999 -9999 -9999 -9999 -9999 -9999 -9999 -9999 -9999 -9999 -9999 -9999 -9999 -9999 -9999 -9999 -9999 -9999 2.3000000000000003 2.3000000000000003 0.1 0.1 0.1 0.1 0.1 0.1 0.1 0.1 2.3000000000000003 2.3000000000000003 2.3000000000000003
-9999 -9999 -9999 -9999 -9999 -9999 -9999 -9999 -9999 -9999 -9999 -9999 -9999 -9999 -9999 -9999 -9999 -9999 5.6000000000000005 5.6000000000000005 5.6000000000000005 5.6000000000000005 7.1000000000000005 7.1000000000000005 7.1000000000000005 7.1000000000000005 7.1000000000000005 7.1000000000000005 7.1000000000000005 1 1 1 3.1 3.1 3.1 3.1 3.1 -9999 -9999 -9999 -9999 -9999 -9999 -9999 -9999 -9999 -9999 -9999 -9999 -9999 -9999 -9999 -9999 -9999 -9999 -9999 -9999 -9999 -9999 -9999 -9999 -9999 -9999 -9999 -9999 -9999 -9999 -9999 -9999 2.3000000000000003 2.3000000000000003 2.3000000000000003 2.3000000000000003 2.3000000000000003 2.3000000000000003 2.3000000000000003 2.3000000000000003 2.3000000000000003
-9999 -9999 -9999 -9999 -9999 -9999 -9999 -9999 -9999 -9999 -9999 -9999 -9999 -9999 -9999 -9999 -9999 -9999 5.6000000000000005 5.6000000000000005 5.6000000000000005 5.6000000000000005 5.6000000000000005 7.1000000000000005 7.1000000000000005 7.1000000000000005 7.1000000000000005 7.1000000000000005 7.1000000000000005 7.1000000000000005 1 1 3.1 3.1 3.1 3.1 3.1 3.1 -9999 -9999 -9999 -9999 -9999 -9999 -9999 -9999 -9999 -9999 -9999 -9999 -9999 -9999 -9999 -9999 -9999 -9999 -9999 -9999 -9999 -9999 -9999 -9999 -9999 -9999 -9999 -9999 -9999 -9999 -9999 -9999 2.3000000000000003 2.3000000000000003 -9999 -9999 -9999 2.3000000000000003 2.3000000000000003 2.3000000000000003
