04_184A004/ppa.asc
ncols 172
nrows 237
xllcorner 610032
yllcorner 6876144
cellsize 16
nodata_value -9999
[rows 144 to 179 of 237, columns 83 to 165 of 172]
30 30 30 -9999 -9999 -9999 -9999 -9999 -9999 -9999 -9999 -9999 -9999 -9999 -9999 -9999 -9999 -9999 -9999 -9999 -9999 -9999 -9999 -9999 -9999 -9999 -9999 -9999 -9999 -9999 -9999 -9999 -9999 0 0 0 0 0 18 18 18 18 18 18 18 18 18 13 13 13 13 13 13 12 12 -9999 -9999 20 20 20 20 20 20 20 20 20 -9999 -9999 -9999 -9999 -9999 -9999 -9999 -9999 -9999 -9999 -9999 -9999 -9999 -9999 -9999 -9999 -9999
26 26 26 26 -9999 -9999 -9999 -9999 -9999 -9999 -9999 -9999 -9999 -9999 -9999 -9999 -9999 -9999 -9999 -9999 -9999 -9999 -9999 -9999 -9999 -9999 -9999 -9999 -9999 -9999 -9999 -9999 -9999 -9999 -9999 -9999 0 0 0 0 0 0 0 18 18 18 18 13 13 13 13 13 13 13 12 12 12 -9999 -9999 20 20 20 20 20 20 20 20 20 -9999 -9999 -9999 -9999 -9999 -9999 -9999 -9999 -9999 -9999 -9999 -9999 -9999 -9999 -9999
26 26 26 -9999 -9999 -9999 -9999 -9999 -9999 -9999 -9999 -9999 -9999 -9999 -9999 -9999 -9999 -9999 -9999 -9999 -9999 -9999 -9999 -9999 -9999 -9999 -9999 -9999 -9999 -9999 -9999 -9999 -9999 -9999 -9999 -9999 -9999 -9999 -9999 0 0 0 0 0 0 18 18 13 13 13 13 13 13 13 13 12 12 12 12 12 -9999 20 20 20 20 20 20 20 -9999 -9999 -9999 -9999 -9999 -9999 -9999 -9999 -9999 -9999 -9999 -9999 -9999 -9999 -9999
19 -9999 -9999 -9999 -9999 -9999 -9999 -9999 -9999 -9999 -9999 -9999 -9999 -9999 -9999 -9999 -9999 -9999 -9999 -9999 -9999 -9999 -9999 -9999 -9999 -9999 -9999 -9999 -9999 -9999 -9999 -9999 -9999 -9999 -9999 -9999 -9999 -9999 -9999 -9999 -9999 0 0 22 0 22 0 0 0 0 13 13 13 13 13 12 12 12 12 12 12 12 -9999 20 20 20 20 -9999 -9999 -9999 -9999 -9999 -9999 -9999 -9999 -9999 -9999 -9999 -9999 -9999 -9999 -9999 -9999
-9999 -9999 -9999 -9999 -9999 -9999 -9999 -9999 -9999 -9999 -9999 -9999 -9999 -9999 -9999 -9999 -9999 -9999 -9999 -9999 -9999 -9999 -9999 -9999 -9999 -9999 -9999 -9999 -9999 -9999 -9999 -9999 -9999 -9999 -9999 -9999 -9999 -9999 -9999 -9999 -9999 -9999 -9999 -9999 -9999 22 22 0 0 0 13 13 13 13 12 12 12 12 12 12 12 12 12 12 -9999 20 -9999 -9999 -9999 -9999 -9999 -9999 -9999 -9999 -9999 -9999 -9999 -9999 -9999 -9999 -9999 -9999 -9999
-9999 -9999 -9999 -9999 -9999 -9999 -9999 -9999 -9999 -9999 -9999 -9999 -9999 -9999 -9999 -9999 -9999 -9999 -9999 -9999 -9999 -9999 -9999 -9999 -9999 -9999 -9999 -9999 -9999 -9999 -9999 -9999 -9999 -9999 -9999 -9999 -9999 -9999 -9999 -9999 -9999 -9999 -9999 -9999 -9999 -9999 -9999 -9999 -9999 -9999 -9999 22 22 22 12 12 12 12 13 13 13 12 12 12 12 12 -9999 -9999 -9999 -9999 -9999 -9999 -9999 -9999 -9999 -9999 -9999 -9999 -9999 -9999 -9999 -9999 -9999
-9999 -9999 -9999 -9999 -9999 -9999 -9999 -9999 -9999 -9999 -9999 -9999 -9999 -9999 -9999 -9999 -9999 -9999 -9999 -9999 -9999 -9999 -9999 -9999 -9999 -9999 -9999 -9999 -9999 -9999 -9999 -9999 -9999 -9999 -9999 -9999 -9999 -9999 -9999 -9999 -9999 -9999 -9999 -9999 -9999 -9999 -9999 -9999 -9999 -9999 -9999 22 22 -9999 22 13 13 13 13 13 13 12 12 12 12 12 -9999 -9999 -9999 -9999 -9999 -9999 -9999 -9999 -9999 -9999 -9999 -9999 -9999 -9999 -9999 -9999 -9999
-9999 -9999 -9999 -9999 -9999 -9999 -9999 -9999 -9999 -9999 -9999 -9999 -9999 -9999 -9999 -9999 -9999 -9999 -9999 -9999 -9999 -9999 -9999 -9999 -9999 -9999 -9999 -9999 -9999 -9999 -9999 -9999 -9999 -9999 -9999 -9999 -9999 -9999 -9999 -9999 -9999 -9999 -9999 -9999 -9999 -9999 -9999 -9999 -9999 -9999 -9999 -9999 -9999 -9999 -9999 22 13 13 13 13 12 12 12 12 12 12 -9999 -9999 -9999 -9999 -9999 -9999 -9999 -9999 -9999 -9999 -9999 -9999 -9999 -9999 -9999 -9999 -9999
-9999 -9999 -9999 -9999 -9999 -9999 -9999 -9999 -9999 -9999 -9999 -9999 -9999 -9999 -9999 -9999 -9999 -9999 -9999 -9999 -9999 -9999 -9999 -9999 -9999 -9999 -9999 -9999 -9999 -9999 -9999 -9999 -9999 -9999 -9999 -9999 -9999 -9999 -9999 -9999 -9999 -9999 -9999 -9999 -9999 -9999 -9999 -9999 -9999 -9999 -9999 -9999 -9999 -9999 -9999 -9999 22 22 22 22 12 12 12 12 -9999 -9999 -9999 -9999 -9999 -9999 -9999 -9999 -9999 -9999 -9999 -9999 -9999 -9999 -9999 -9999 -9999 -9999 -9999
19 19 27 27 -9999 -9999 -9999 -9999 -9999 -9999 -9999 -9999 -9999 -9999 -9999 -9999 -9999 -9999 -9999 -9999 -9999 -9999 -9999 -9999 -9999 -9999 -9999 -9999 -9999 -9999 -9999 -9999 -9999 -9999 -9999 -9999 -9999 -9999 -9999 -9999 -9999 -9999 -9999 -9999 -9999 -9999 -9999 -9999 -9999 -9999 -9999 -9999 -9999 -9999 -9999 -9999 -9999 22 22 22 22 12 12 12 12 -9999 -9999 -9999 -9999 -9999 -9999 -9999 -9999 -9999 -9999 -9999 -9999 -9999 -9999 -9999 -9999 -9999 -9999
19 19 27 27 27 -9999 -9999 -9999 -9999 -9999 -9999 -9999 -9999 -9999 -9999 -9999 -9999 -9999 -9999 -9999 -9999 -9999 -9999 -9999 -9999 -9999 -9999 -9999 -9999 -9999 -9999 -9999 -9999 -9999 -9999 -9999 -9999 -9999 -9999 -9999 -9999 -9999 -9999 -9999 -9999 -9999 -9999 -9999 -9999 -9999 -9999 -9999 -9999 -9999 -9999 -9999 -9999 -9999 22 22 22 22 22 12 12 12 -9999 -9999 -9999 -9999 -9999 -9999 -9999 -9999 -9999 -9999 -9999 -9999 -9999 -9999 -9999 -9999 -9999
19 27 27 27 27 27 27 27 27 -9999 -9999 -9999 -9999 -9999 -9999 -9999 -9999 -9999 -9999 -9999 -9999 -9999 -9999 -9999 -9999 33 32 -9999 -9999 -9999 -9999 -9999 -9999 -9999 -9999 -9999 -9999 -9999 -9999 -9999 -9999 -9999 -9999 -9999 -9999 -9999 -9999 -9999 -9999 -9999 -9999 -9999 -9999 -9999 -9999 -9999 -9999 -9999 22 -9999 22 22 22 22 12 24 24 20 -9999 -9999 -9999 -9999 -9999 -9999 -9999 -9999 -9999 -9999 -9999 -9999 -9999 -9999 -9999
19 27 27 27 27 27 27 27 27 27 -9999 -9999 -9999 -9999 -9999 -9999 -9999 -9999 -9999 -9999 -9999 -9999 -9999 -9999 22 7 10 6 6 6 6 6 6 6 6 6 6 6 -9999 -9999 -9999 -9999 -9999 -9999 -9999 -9999 -9999 -9999 -9999 -9999 -9999 -9999 -9999 -9999 -9999 -9999 -9999 -9999 -9999 -9999 -9999 22 22 22 24 24 24 24 -9999 -9999 -9999 -9999 -9999 -9999 -9999 -9999 -9999 -9999 -9999 -9999 -9999 -9999 -9999
29 27 27 27 27 27 27 27 27 27 27 -9999 -9999 -9999 -9999 34 25 24 28 32 28 26 18 18 11 11 6 6 6 6 6 6 6 6 6 6 6 6 6 6 6 -9999 -9999 -9999 -9999 -9999 -9999 -9999 -9999 -9999 -9999 -9999 -9999 -9999 -9999 -9999 -9999 -9999 -9999 -9999 -9999 -9999 22 13 22 24 24 24 -9999 -9999 -9999 -9999 -9999 -9999 -9999 -9999 -9999 -9999 -9999 -9999 -9999 -9999 -9999
29 29 27 27 27 27 27 27 27 27 27 -9999 3 3 3 15 10 -9999 -9999 17 16 5 -9999 7 16 11 -9999 6 6 6 6 6 6 6 6 6 6 6 6 6 6 6 6 -9999 -9999 -9999 -9999 -9999 -9999 -9999 -9999 -9999 -9999 -9999 -9999 -9999 -9999 -9999 -9999 -9999 -9999 -9999 22 13 13 13 24 24 24 -9999 -9999 -9999 -9999 -9999 -9999 -9999 -9999 -9999 -9999 -9999 -9999 -9999 -9999
29 29 29 29 29 27 27 27 27 27 29 3 3 3 3 3 14 -9999 -9999 13 11 10 6 15 16 -9999 -9999 6 6 6 6 6 6 6 6 6 6 6 6 6 6 6 6 6 -9999 -9999 -9999 -9999 -9999 -9999 -9999 -9999 -9999 -9999 -9999 -9999 -9999 -9999 -9999 -9999 -9999 -9999 -9999 13 13 13 13 13 24 -9999 -9999 -9999 -9999 -9999 -9999 -9999 -9999 -9999 -9999 -9999 -9999 -9999 -9999
29 29 29 29 29 29 29 27 27 29 3 3 3 3 3 3 7 7 7 -9999 7 6 6 8 1 -9999 1 3 6 6 6 6 6 6 6 6 6 6 6 6 6 6 6 6 6 6 -9999 -9999 -9999 -9999 -9999 -9999 -9999 -9999 -9999 -9999 -9999 -9999 -9999 -9999 -9999 -9999 -9999 -9999 -9999 13 13 13 13 -9999 -9999 -9999 -9999 -9999 -9999 -9999 -9999 -9999 -9999 -9999 -9999 -9999 -9999
18 18 18 18 18 29 29 29 29 3 3 3 3 3 3 3 7 7 7 7 7 7 -9999 -9999 3 3 3 3 3 6 6 6 6 6 6 6 6 6 6 6 6 6 6 6 6 6 6 6 -9999 -9999 -9999 -9999 -9999 -9999 -9999 -9999 -9999 -9999 -9999 -9999 -9999 -9999 -9999 -9999 -9999 13 13 13 13 13 13 -9999 -9999 -9999 -9999 -9999 -9999 -9999 -9999 -9999 -9999 -9999 -9999
18 18 18 18 18 18 18 29 18 3 3 3 3 3 3 3 7 7 7 7 7 7 7 7 -9999 3 3 3 3 6 6 6 6 6 6 6 6 6 6 6 6 6 6 6 6 6 6 6 6 -9999 -9999 -9999 -9999 -9999 -9999 -9999 -9999 -9999 -9999 -9999 -9999 -9999 -9999 -9999 -9999 -9999 13 13 13 13 13 13 13 13 13 13 22 22 22 -9999 -9999 -9999 -9999
18 29 29 29 29 29 29 29 29 3 3 3 3 3 3 3 7 7 7 7 7 7 7 7 7 -9999 3 3 3 6 6 6 6 6 6 6 6 6 6 6 6 6 6 6 6 6 6 6 6 6 -9999 -9999 -9999 -9999 -9999 -9999 -9999 -9999 26 -9999 -9999 -9999 -9999 -9999 -9999 -9999 -9999 13 13 13 13 13 13 13 13 13 22 22 22 -9999 -9999 -9999 -9999
18 29 29 29 29 29 29 29 29 29 29 18 3 3 3 3 3 7 7 7 7 7 7 7 7 7 -9999 3 3 3 3 6 6 6 6 6 6 6 6 6 6 6 6 6 6 6 6 6 6 19 27 26 -9999 -9999 -9999 -9999 -9999 -9999 29 23 -9999 -9999 -9999 -9999 -9999 -9999 -9999 -9999 -9999 13 13 13 13 13 13 22 22 22 22 -9999 -9999 -9999 -9999
33 33 33 33 33 33 33 33 33 29 29 29 3 3 3 3 3 3 3 7 7 7 7 7 7 7 -9999 3 3 3 3 3 3 6 6 6 6 6 6 6 6 6 6 6 6 6 6 6 6 15 22 28 -9999 -9999 -9999 -9999 -9999 -9999 28 26 32 -9999 -9999 -9999 -9999 -9999 -9999 -9999 -9999 -9999 -9999 13 13 13 13 22 22 22 22 -9999 -9999 -9999 -9999
33 33 33 33 33 33 33 33 33 33 33 29 3 3 3 3 3 3 3 7 7 7 7 7 7 7 7 -9999 3 3 3 3 3 3 6 6 6 6 6 6 6 6 6 6 6 6 6 6 4 6 10 17 22 27 -9999 -9999 -9999 -9999 22 21 31 -9999 -9999 -9999 -9999 -9999 -9999 -9999 -9999 -9999 -9999 -9999 13 13 13 22 22 22 22 -9999 -9999 -9999 -9999
33 33 33 33 33 33 33 33 33 33 33 28 28 28 21 3 3 3 3 3 7 7 7 7 7 7 7 7 3 -9999 3 3 3 3 3 6 6 6 6 6 6 6 6 6 6 6 6 6 3 3 7 14 17 23 23 -9999 -9999 25 27 25 27 -9999 -9999 -9999 -9999 -9999 -9999 -9999 -9999 -9999 -9999 -9999 -9999 13 22 22 24 24 24 -9999 -9999 -9999 -9999
21 21 21 21 21 33 33 33 33 21 21 28 28 28 28 28 3 3 3 7 7 7 7 7 7 7 7 7 7 0 -9999 3 3 3 3 3 6 6 6 6 6 6 6 6 6 6 6 3 7 4 4 5 13 14 14 22 23 20 25 20 25 -9999 -9999 -9999 -9999 -9999 -9999 -9999 -9999 -9999 -9999 -9999 -9999 -9999 22 24 24 24 24 24 22 -9999 -9999
21 21 21 21 21 21 21 21 21 21 28 28 28 28 28 28 22 3 3 7 7 7 7 7 7 7 7 7 -9999 8 8 8 1 -9999 1 3 6 6 6 6 6 6 6 6 6 6 6 3 8 11 7 6 5 5 3 6 10 15 15 20 22 26 28 34 -9999 -9999 -9999 -9999 -9999 -9999 -9999 -9999 -9999 -9999 -9999 24 24 24 24 24 24 31 31
21 21 21 21 21 21 21 21 21 28 28 28 28 28 28 22 22 22 3 3 7 7 7 7 7 7 7 -9999 8 8 8 8 8 8 8 -9999 -9999 6 6 6 6 6 6 6 6 6 2 3 6 7 7 7 7 4 4 4 6 14 18 18 22 19 18 24 31 -9999 -9999 -9999 -9999 -9999 -9999 -9999 -9999 -9999 -9999 31 31 24 24 24 24 31 31
21 21 21 21 21 21 30 30 30 30 28 30 30 28 28 22 22 22 22 3 3 3 3 7 7 7 7 8 8 8 8 8 8 8 8 8 8 -9999 6 6 6 6 6 6 6 6 1 5 5 5 4 6 7 7 6 5 7 11 17 19 21 21 21 22 19 27 -9999 20 19 -9999 -9999 -9999 -9999 -9999 -9999 -9999 31 31 31 24 24 31 31
21 21 21 21 21 30 30 30 30 30 30 30 30 30 22 22 22 22 22 22 3 3 3 3 7 7 7 8 8 8 8 8 8 8 8 8 8 8 8 -9999 6 6 6 6 6 1 15 14 3 3 4 20 12 11 14 15 11 17 19 21 20 20 19 21 19 19 20 24 27 28 33 -9999 27 -9999 -9999 -9999 31 31 31 31 31 31 31
21 21 21 21 13 30 30 30 30 30 30 30 30 30 22 22 22 22 22 22 3 3 3 3 7 7 7 2 8 8 8 8 8 8 8 8 8 8 8 8 -9999 -9999 6 6 6 9 17 15 3 6 17 21 13 18 18 25 27 26 19 22 17 22 20 23 18 23 18 15 20 20 23 23 29 -9999 -9999 -9999 -9999 -9999 31 31 31 31 31
21 21 21 13 13 30 30 30 30 30 30 30 22 22 22 22 22 22 22 22 19 3 3 3 7 7 7 -9999 11 11 8 8 8 8 8 8 8 8 8 8 8 8 -9999 6 3 16 17 17 16 19 18 17 22 21 17 22 24 24 26 19 20 19 21 19 24 19 21 20 26 20 22 16 26 -9999 -9999 -9999 -9999 -9999 31 31 31 15 31
21 21 13 13 13 13 13 30 30 30 22 22 22 22 22 22 22 22 22 22 3 3 3 3 7 7 7 -9999 11 11 11 8 8 8 8 8 8 8 8 8 8 8 8 8 -9999 7 17 19 26 25 26 26 22 24 19 24 28 26 25 17 20 20 21 21 20 23 19 22 23 22 21 19 -9999 -9999 -9999 -9999 -9999 -9999 -9999 15 15 15 15
21 13 13 13 13 13 13 13 13 13 22 22 22 22 22 22 22 22 22 22 3 3 3 3 3 7 7 -9999 -9999 11 11 11 11 8 8 8 8 8 8 8 8 8 8 17 8 -9999 16 24 17 19 18 24 24 20 23 23 22 23 22 20 20 18 23 17 21 24 19 17 26 17 23 27 -9999 -9999 -9999 -9999 -9999 -9999 -9999 15 15 15 15
21 13 13 13 13 13 13 13 13 13 13 13 22 22 2 2 2 2 2 2 20 3 3 3 3 7 7 7 1 -9999 11 11 11 11 8 8 8 8 8 8 8 8 8 18 14 -9999 23 20 23 18 18 24 27 24 25 26 21 23 17 16 21 19 16 23 21 22 27 22 21 20 21 -9999 -9999 -9999 -9999 -9999 -9999 -9999 -9999 15 15 15 15
13 13 13 13 13 13 13 13 3 2 2 2 2 2 2 2 2 2 2 2 19 3 3 3 3 7 7 7 4 11 11 11 11 11 11 8 8 8 8 8 8 8 7 18 15 7 14 16 20 18 18 19 22 16 22 20 23 23 18 21 19 16 19 20 22 19 21 22 21 23 28 -9999 -9999 -9999 -9999 -9999 -9999 -9999 -9999 15 15 15 15
13 13 4 4 3 3 3 3 3 3 2 2 2 2 2 2 2 2 2 2 2 17 3 3 3 7 7 7 11 11 11 11 11 11 11 11 8 8 8 8 8 8 11 15 17 13 -9999 7 14 16 11 4 6 19 22 19 19 18 21 20 14 18 21 21 21 20 17 19 21 20 29 -9999 -9999 -9999 -9999 -9999 -9999 -9999 -9999 15 15 15 15
