04_184A004/ppa.asc
ncols 172
nrows 237
xllcorner 610032
yllcorner 6876144
cellsize 16
nodata_value -9999
[rows 72 to 107 of 237, columns 0 to 82 of 172]
-9999 -9999 -9999 -9999 -9999 -9999 -9999 -9999 -9999 -9999 -9999 -9999 -9999 -9999 -9999 -9999 -9999 -9999 -9999 -9999 -9999 -9999 22 22 22 22 22 22 22 22 18 18 18 18 18 18 18 18 18 18 18 18 -9999 -9999 -9999 -9999 -9999 -9999 -9999 -9999 -9999 -9999 -9999 -9999 -9999 -9999 -9999 -9999 -9999 -9999 -9999 -9999 -9999 -9999 -9999 -9999 -9999 -9999 -9999 -9999 -9999 -9999 -9999 -9999 -9999 13 13 13 13 13 26 26 26
-9999 -9999 -9999 -9999 -9999 -9999 -9999 -9999 -9999 -9999 -9999 -9999 -9999 -9999 -9999 -9999 -9999 -9999 -9999 -9999 -9999 18 18 18 18 18 18 18 22 18 18 18 18 18 18 18 18 18 18 18 18 18 -9999 -9999 -9999 -9999 -9999 -9999 -9999 -9999 -9999 -9999 -9999 -9999 -9999 -9999 -9999 -9999 -9999 -9999 -9999 -9999 -9999 -9999 -9999 -9999 -9999 -9999 -9999 -9999 -9999 -9999 -9999 -9999 1 1 1 13 13 13 26 26 26
-9999 -9999 -9999 15 15 19 19 19 19 19 -9999 -9999 -9999 -9999 -9999 -9999 -9999 -9999 -9999 -9999 18 18 18 18 18 18 18 18 18 18 18 18 18 18 18 18 18 18 18 18 18 18 -9999 -9999 -9999 -9999 -9999 -9999 -9999 -9999 -9999 -9999 -9999 -9999 -9999 -9999 -9999 -9999 -9999 -9999 -9999 -9999 -9999 -9999 -9999 -9999 -9999 -9999 -9999 -9999 -9999 -9999 -9999 -9999 1 1 1 13 13 13 13 26 26
-9999 -9999 -9999 15 15 15 15 19 19 19 19 19 -9999 -9999 -9999 -9999 -9999 -9999 -9999 12 12 18 18 18 18 18 18 18 18 18 18 18 18 18 18 18 18 18 18 18 18 18 -9999 -9999 -9999 -9999 -9999 -9999 -9999 -9999 -9999 -9999 -9999 -9999 -9999 -9999 -9999 -9999 -9999 -9999 -9999 -9999 -9999 -9999 -9999 -9999 -9999 -9999 -9999 -9999 -9999 -9999 -9999 -9999 1 1 1 1 13 13 13 13 26
-9999 -9999 15 15 15 15 15 15 15 19 19 19 -9999 -9999 -9999 -9999 -9999 -9999 -9999 12 12 18 18 18 18 18 18 18 18 18 18 18 18 18 18 18 18 18 18 18 18 18 -9999 -9999 -9999 -9999 -9999 -9999 -9999 -9999 -9999 -9999 -9999 -9999 -9999 -9999 -9999 -9999 -9999 -9999 -9999 -9999 -9999 -9999 -9999 -9999 -9999 -9999 -9999 -9999 -9999 -9999 -9999 -9999 0 0 0 0 0 13 13 13 26
-9999 -9999 15 18 18 15 15 15 15 15 19 19 19 -9999 -9999 -9999 -9999 16 16 12 18 18 18 18 18 18 18 18 18 18 18 18 18 18 18 18 18 18 18 18 18 18 18 18 -9999 -9999 -9999 -9999 -9999 -9999 -9999 -9999 -9999 -9999 -9999 -9999 -9999 -9999 -9999 -9999 -9999 -9999 -9999 -9999 -9999 -9999 -9999 -9999 -9999 -9999 -9999 -9999 -9999 -9999 0 0 0 0 0 26 26 26 26
-9999 -9999 15 15 15 15 15 15 15 15 15 15 19 19 19 16 16 16 16 18 18 18 18 18 18 18 18 18 18 18 18 18 18 18 18 18 18 18 18 18 18 18 18 18 -9999 -9999 -9999 -9999 -9999 -9999 -9999 -9999 -9999 -9999 -9999 -9999 -9999 -9999 -9999 -9999 -9999 -9999 -9999 -9999 -9999 -9999 -9999 -9999 -9999 -9999 -9999 -9999 -9999 0 0 0 0 0 0 26 26 26 26
-9999 -9999 15 15 15 15 15 15 15 15 15 15 15 15 19 16 16 16 16 18 18 18 18 18 18 18 18 18 18 18 18 18 18 18 18 18 18 18 18 18 18 18 18 18 -9999 -9999 -9999 -9999 -9999 -9999 -9999 -9999 -9999 -9999 -9999 -9999 -9999 -9999 -9999 -9999 -9999 -9999 -9999 -9999 -9999 -9999 -9999 -9999 -9999 -9999 -9999 -9999 0 0 0 0 0 0 0 26 26 26 26
-9999 -9999 15 15 15 15 15 15 23 23 23 23 15 15 15 16 16 16 16 18 18 18 18 18 18 18 18 18 18 18 18 18 18 18 18 18 18 18 18 18 18 18 18 18 18 -9999 -9999 -9999 18 -9999 -9999 -9999 -9999 -9999 -9999 -9999 -9999 -9999 -9999 18 18 18 -9999 -9999 -9999 -9999 -9999 -9999 -9999 -9999 -9999 19 0 0 0 0 0 0 0 0 26 26 26
-9999 -9999 15 15 15 15 15 23 23 23 23 23 23 15 15 15 16 16 16 18 18 18 18 18 18 18 18 18 18 18 18 18 18 18 18 18 18 18 18 18 18 18 18 18 18 18 -9999 18 18 18 -9999 -9999 -9999 -9999 -9999 -9999 -9999 -9999 -9999 -9999 -9999 18 18 18 18 18 18 20 20 20 -9999 19 -9999 0 0 0 0 0 0 0 0 26 26
-9999 -9999 15 15 15 15 15 23 27 23 23 23 23 23 23 15 15 16 16 18 18 18 18 18 18 18 18 18 18 18 18 18 18 18 18 18 18 18 18 18 18 18 18 18 18 18 18 18 18 18 18 -9999 -9999 -9999 -9999 -9999 -9999 16 18 18 18 18 18 18 18 18 20 20 20 20 20 -9999 -9999 -9999 0 0 0 0 0 0 0 26 26
-9999 -9999 21 15 15 15 15 23 27 27 27 23 23 27 23 23 23 15 18 18 18 18 18 18 18 18 18 18 18 18 18 18 18 18 18 18 18 18 18 18 18 18 18 18 18 18 18 18 18 18 18 -9999 -9999 -9999 -9999 -9999 -9999 -9999 18 18 18 18 18 18 18 20 20 20 20 -9999 -9999 -9999 -9999 -9999 0 0 0 0 0 0 0 26 26
-9999 13 -9999 15 15 15 27 27 27 27 27 27 27 27 27 23 23 23 23 18 18 18 18 18 18 18 18 18 18 18 18 18 18 18 18 18 18 18 18 18 18 18 18 18 18 18 18 18 18 18 18 -9999 18 -9999 -9999 -9999 -9999 -9999 18 18 18 18 18 18 18 20 20 20 20 -9999 -9999 -9999 -9999 -9999 -9999 0 0 0 0 0 0 26 26
-9999 13 20 15 15 27 27 27 27 27 27 27 27 27 27 27 27 23 23 23 23 18 18 18 18 18 18 18 18 18 18 18 18 18 18 18 18 18 18 18 18 18 18 18 18 18 18 18 18 18 18 18 18 -9999 -9999 -9999 18 -9999 18 18 18 18 18 18 18 20 20 20 20 20 -9999 -9999 -9999 -9999 -9999 -9999 -9999 -9999 -9999 -9999 -9999 2 2
-9999 13 13 -9999 27 27 27 27 27 27 27 27 27 27 27 27 27 23 23 23 23 23 18 18 18 18 18 18 18 18 18 18 -9999 18 18 18 18 18 18 18 18 18 18 18 18 18 18 18 18 18 18 18 18 18 18 18 18 -9999 18 18 18 18 18 18 18 20 20 20 20 20 20 -9999 -9999 -9999 -9999 -9999 -9999 -9999 -9999 -9999 -9999 2 2
-9999 -9999 -9999 -9999 27 27 27 27 27 27 27 27 27 27 27 27 27 23 23 23 23 23 23 28 28 28 28 28 28 28 -9999 -9999 -9999 -9999 18 18 18 18 18 18 18 18 18 18 18 18 18 18 18 18 18 18 18 18 18 18 18 11 18 18 18 18 18 18 18 20 20 20 20 20 20 -9999 -9999 -9999 -9999 -9999 -9999 -9999 -9999 -9999 -9999 -9999 2
-9999 -9999 -9999 13 27 27 27 27 27 27 27 27 27 27 27 27 27 23 23 23 23 23 -9999 -9999 28 28 -9999 -9999 25 -9999 -9999 -9999 -9999 -9999 -9999 18 18 18 18 18 18 18 18 18 18 18 18 18 18 18 18 18 18 18 18 18 18 18 15 18 18 18 18 18 18 20 20 18 20 20 20 -9999 -9999 -9999 -9999 -9999 -9999 -9999 -9999 -9999 -9999 -9999 14
-9999 -9999 -9999 -9999 -9999 27 27 27 27 27 27 27 27 27 27 27 27 27 27 27 -9999 -9999 -9999 -9999 -9999 -9999 -9999 -9999 -9999 -9999 -9999 -9999 -9999 -9999 -9999 -9999 18 18 -9999 18 18 18 18 18 18 18 18 18 18 18 18 18 18 18 18 18 18 18 -9999 18 18 18 18 18 18 18 18 18 20 20 20 20 -9999 -9999 -9999 -9999 -9999 -9999 -9999 -9999 -9999 -9999 -9999
-9999 -9999 -9999 24 -9999 27 27 27 27 27 27 27 27 27 27 27 27 27 27 -9999 -9999 -9999 -9999 -9999 -9999 -9999 -9999 -9999 28 -9999 -9999 -9999 -9999 -9999 -9999 -9999 -9999 -9999 -9999 -9999 -9999 -9999 -9999 18 18 18 18 18 18 8 8 8 8 18 18 18 18 18 -9999 18 18 18 18 18 18 18 18 18 18 18 20 20 24 -9999 -9999 -9999 -9999 -9999 -9999 -9999 -9999 -9999 -9999
-9999 -9999 24 24 24 -9999 27 27 27 27 27 27 27 27 27 27 27 -9999 -9999 -9999 -9999 -9999 -9999 -9999 -9999 -9999 -9999 -9999 -9999 -9999 -9999 -9999 -9999 -9999 -9999 -9999 -9999 -9999 -9999 -9999 -9999 -9999 -9999 -9999 -9999 -9999 -9999 18 8 8 8 8 8 8 8 18 18 18 -9999 18 18 18 18 18 18 18 18 18 18 18 20 24 24 24 -9999 -9999 -9999 -9999 -9999 -9999 -9999 -9999 14
-9999 -9999 24 24 24 -9999 27 27 27 27 27 27 27 27 27 27 27 27 -9999 -9999 -9999 -9999 -9999 -9999 -9999 -9999 -9999 -9999 -9999 -9999 -9999 -9999 -9999 -9999 33 33 -9999 -9999 -9999 -9999 -9999 -9999 -9999 -9999 -9999 -9999 -9999 -9999 -9999 8 8 8 8 8 8 8 8 18 -9999 18 18 18 18 18 18 18 18 18 18 18 18 7 7 7 24 -9999 -9999 -9999 -9999 -9999 -9999 -9999 -9999
-9999 -9999 24 24 24 24 27 27 27 27 27 27 27 27 27 27 27 27 27 27 27 27 -9999 -9999 -9999 -9999 -9999 -9999 -9999 -9999 -9999 23 -9999 26 -9999 -9999 -9999 -9999 -9999 -9999 -9999 -9999 -9999 -9999 -9999 -9999 -9999 -9999 -9999 -9999 -9999 8 8 8 8 8 8 8 -9999 18 18 18 18 18 18 18 18 18 18 18 7 7 7 7 7 -9999 -9999 -9999 -9999 -9999 13 13 -9999
-9999 -9999 17 17 17 17 -9999 27 27 27 14 14 27 27 27 27 27 27 27 27 27 27 27 -9999 -9999 -9999 -9999 -9999 -9999 -9999 -9999 -9999 -9999 -9999 -9999 -9999 -9999 -9999 -9999 -9999 -9999 -9999 -9999 -9999 -9999 -9999 -9999 -9999 -9999 -9999 -9999 -9999 -9999 -9999 8 8 8 8 -9999 -9999 18 18 -9999 7 18 18 18 18 18 7 7 7 7 7 7 7 -9999 -9999 -9999 -9999 -9999 35 33
-9999 -9999 -9999 17 17 17 13 12 12 12 14 14 14 14 14 14 14 14 27 27 27 27 27 27 27 27 -9999 -9999 -9999 -9999 -9999 -9999 -9999 -9999 -9999 -9999 -9999 -9999 -9999 -9999 -9999 -9999 -9999 -9999 -9999 -9999 -9999 -9999 -9999 -9999 -9999 -9999 -9999 -9999 -9999 -9999 -9999 8 8 19 19 -9999 9 2 3 7 7 7 7 7 7 7 7 7 7 7 24 -9999 -9999 -9999 -9999 30 27
-9999 -9999 -9999 17 17 17 17 -9999 12 27 14 14 14 14 14 14 14 14 14 14 27 27 27 27 27 27 24 24 24 24 24 24 -9999 -9999 -9999 -9999 -9999 -9999 -9999 -9999 -9999 -9999 -9999 -9999 -9999 -9999 -9999 -9999 -9999 -9999 -9999 -9999 -9999 -9999 -9999 -9999 -9999 -9999 19 19 19 19 -9999 -9999 7 7 7 7 7 7 7 7 7 7 7 7 24 -9999 -9999 -9999 -9999 -9999 -9999
-9999 -9999 -9999 -9999 -9999 -9999 -9999 -9999 12 27 27 14 14 14 14 14 14 14 14 14 14 27 27 27 27 27 24 24 24 24 24 24 24 -9999 -9999 -9999 -9999 -9999 -9999 -9999 -9999 -9999 -9999 -9999 -9999 -9999 -9999 -9999 -9999 -9999 -9999 -9999 -9999 -9999 -9999 -9999 -9999 -9999 -9999 -9999 19 19 12 12 7 7 7 7 7 7 7 7 7 7 7 7 24 -9999 -9999 -9999 -9999 -9999 -9999
-9999 -9999 -9999 -9999 -9999 -9999 -9999 -9999 -9999 14 14 14 -9999 -9999 -9999 -9999 -9999 14 14 14 14 14 14 27 27 27 24 24 24 24 24 24 24 24 -9999 -9999 -9999 -9999 -9999 -9999 -9999 -9999 -9999 -9999 -9999 -9999 -9999 -9999 -9999 -9999 -9999 -9999 -9999 -9999 -9999 -9999 -9999 -9999 -9999 -9999 -9999 6 20 19 24 7 7 7 7 7 7 7 7 7 7 7 24 -9999 -9999 -9999 -9999 -9999 -9999
-9999 -9999 -9999 -9999 -9999 -9999 -9999 -9999 -9999 -9999 -9999 -9999 -9999 -9999 -9999 -9999 -9999 14 14 14 14 14 14 15 27 27 27 15 24 24 24 24 24 24 34 34 -9999 -9999 -9999 -9999 -9999 -9999 -9999 -9999 -9999 -9999 -9999 -9999 -9999 -9999 -9999 -9999 -9999 -9999 -9999 -9999 -9999 -9999 -9999 -9999 -9999 -9999 -9999 -9999 -9999 24 24 7 7 7 7 7 7 7 7 24 24 24 -9999 -9999 -9999 -9999 -9999
-9999 -9999 -9999 -9999 -9999 -9999 -9999 -9999 -9999 -9999 -9999 -9999 -9999 -9999 -9999 -9999 -9999 -9999 14 14 14 14 15 15 15 15 15 15 15 24 24 24 34 34 34 34 34 -9999 -9999 -9999 -9999 -9999 -9999 -9999 -9999 -9999 -9999 -9999 -9999 -9999 -9999 -9999 -9999 -9999 -9999 -9999 -9999 -9999 -9999 -9999 -9999 -9999 -9999 -9999 -9999 -9999 -9999 -9999 -9999 24 24 24 24 24 24 24 24 24 -9999 -9999 -9999 -9999 -9999
-9999 -9999 -9999 -9999 -9999 -9999 -9999 -9999 -9999 -9999 -9999 -9999 -9999 -9999 -9999 -9999 -9999 -9999 14 14 14 14 14 15 15 15 15 15 15 15 24 24 34 34 34 34 34 34 -9999 -9999 -9999 -9999 -9999 -9999 -9999 -9999 -9999 -9999 -9999 -9999 -9999 -9999 -9999 -9999 -9999 -9999 -9999 -9999 -9999 -9999 -9999 -9999 -9999 -9999 -9999 -9999 -9999 -9999 -9999 -9999 24 24 -9999 -9999 -9999 24 24 24 -9999 -9999 -9999 -9999 -9999
-9999 -9999 -9999 -9999 -9999 -9999 -9999 -9999 -9999 -9999 -9999 -9999 -9999 -9999 -9999 -9999 -9999 -9999 -9999 -9999 -9999 14 14 24 24 15 15 15 15 15 15 24 34 34 34 34 34 34 34 34 -9999 -9999 -9999 -9999 -9999 -9999 -9999 -9999 -9999 -9999 -9999 -9999 -9999 15 15 -9999 -9999 -9999 -9999 -9999 -9999 -9999 -9999 -9999 -9999 -9999 -9999 -9999 -9999 -9999 -9999 -9999 -9999 -9999 -9999 -9999 -9999 -9999 -9999 -9999 -9999 -9999 -9999
-9999 -9999 -9999 -9999 -9999 -9999 -9999 -9999 -9999 -9999 -9999 -9999 -9999 -9999 -9999 -9999 -9999 -9999 -9999 -9999 -9999 14 24 24 24 15 15 15 15 15 15 15 34 34 34 34 34 34 34 34 34 -9999 -9999 -9999 -9999 -9999 -9999 -9999 -9999 -9999 -9999 -9999 15 15 15 15 0 -9999 -9999 -9999 -9999 -9999 -9999 -9999 -9999 -9999 -9999 -9999 -9999 -9999 -9999 -9999 -9999 -9999 -9999 -9999 -9999 -9999 -9999 -9999 -9999 -9999 -9999
-9999 -9999 -9999 -9999 -9999 -9999 -9999 -9999 -9999 -9999 -9999 -9999 -9999 -9999 -9999 -9999 -9999 -9999 -9999 -9999 -9999 -9999 -9999 -9999 -9999 -9999 15 15 15 15 15 15 15 15 15 34 34 34 34 34 34 34 -9999 -9999 -9999 -9999 -9999 -9999 -9999 -9999 -9999 -9999 15 15 14 14 0 0 0 -9999 -9999 -9999 -9999 -9999 -9999 -9999 -9999 -9999 -9999 -9999 -9999 -9999 -9999 -9999 -9999 -9999 -9999 -9999 -9999 -9999 -9999 -9999 -9999
-9999 -9999 -9999 -9999 -9999 -9999 -9999 -9999 -9999 -9999 -9999 -9999 -9999 -9999 -9999 -9999 -9999 -9999 -9999 -9999 -9999 -9999 -9999 -9999 -9999 -9999 15 15 15 15 15 15 15 15 15 15 15 15 34 34 34 34 34 -9999 -9999 -9999 -9999 -9999 -9999 -9999 14 14 14 14 14 14 0 0 0 0 -9999 -9999 -9999 -9999 -9999 -9999 -9999 -9999 -9999 -9999 -9999 -9999 -9999 -9999 -9999 -9999 -9999 -9999 -9999 -9999 -9999 -9999 -9999
-9999 -9999 -9999 -9999 -9999 -9999 -9999 -9999 -9999 -9999 -9999 -9999 -9999 -9999 -9999 -9999 -9999 -9999 -9999 -9999 -9999 -9999 -9999 -9999 -9999 -9999 15 15 15 15 15 15 15 15 15 15 15 15 34 34 34 34 34 28 28 -9999 -9999 -9999 -9999 -9999 -9999 14 14 14 14 0 0 0 0 0 0 -9999 -9999 -9999 -9999 -9999 -9999 -9999 -9999 -9999 -9999 -9999 -9999 -9999 -9999 -9999 -9999 -9999 -9999 -9999 -9999 -9999 -9999
-9999 -9999 -9999 -9999 -9999 -9999 -9999 -9999 -9999 -9999 -9999 -9999 -9999 -9999 -9999 -9999 -9999 -9999 -9999 -9999 -9999 -9999 -9999 -9999 -9999 -9999 -9999 15 15 15 15 15 15 15 15 15 15 15 28 28 28 28 28 28 28 28 -9999 -9999 -9999 -9999 -9999 -9999 -9999 14 14 0 0 0 0 0 0 -9999 -9999 -9999 -9999 -9999 -9999 -9999 -9999 -9999 -9999 -9999 -9999 -9999 -9999 -9999 -9999 -9999 -9999 -9999 -9999 -9999 -9999
