04_184A004/ppa.asc
ncols 172
nrows 237
xllcorner 610032
yllcorner 6876144
cellsize 16
nodata_value -9999
[rows 180 to 215 of 237, columns 83 to 165 of 172]
4 4 4 4 3 3 3 3 3 3 3 2 2 2 2 2 2 2 2 2 2 2 18 3 3 3 7 7 11 11 11 11 11 11 11 11 11 11 8 8 8 15 15 13 12 15 10 -9999 12 13 13 -9999 -9999 18 18 15 16 17 16 15 24 21 20 19 15 15 14 17 17 18 24 -9999 -9999 -9999 -9999 -9999 -9999 -9999 -9999 15 15 15 15
4 4 4 4 3 3 3 3 3 3 3 2 2 2 2 2 2 2 2 2 2 2 17 3 3 3 7 7 11 11 11 11 11 11 11 11 11 11 11 11 8 14 20 13 8 12 14 15 12 -9999 6 9 14 17 19 17 14 -9999 19 16 21 20 21 16 14 18 19 20 20 20 21 27 -9999 -9999 -9999 -9999 -9999 -9999 -9999 15 15 15 15
4 4 4 4 4 3 3 3 3 3 3 2 2 2 2 2 2 2 2 2 2 2 2 19 3 3 3 7 11 11 11 11 11 11 11 11 11 11 11 11 16 18 17 10 8 11 9 7 9 6 6 -9999 -9999 14 19 -9999 19 24 18 14 -9999 22 18 19 18 22 25 20 21 22 29 27 25 25 27 26 -9999 -9999 -9999 15 15 15 -9999
19 4 4 4 4 4 3 3 3 3 20 20 2 2 2 2 2 2 2 2 2 2 2 2 2 8 8 11 11 11 11 11 11 11 11 11 11 11 11 3 18 16 14 9 8 10 8 9 9 6 7 13 -9999 -9999 14 19 20 18 17 21 25 -9999 18 19 20 21 27 23 19 22 28 23 22 24 26 26 24 -9999 15 15 15 15 -9999
19 19 19 4 4 4 4 3 3 20 20 20 20 2 2 2 2 2 2 2 2 2 2 2 8 8 8 8 11 11 11 11 11 11 11 11 11 11 11 11 10 13 11 8 13 14 15 15 15 15 14 21 23 19 22 19 28 26 22 27 17 18 -9999 -9999 23 24 23 18 21 25 24 26 25 20 22 28 24 -9999 -9999 -9999 -9999 -9999 -9999
19 19 19 19 19 19 19 19 20 20 20 20 20 20 2 2 2 2 2 2 2 2 2 2 2 14 8 8 11 11 11 11 11 11 11 11 11 11 11 11 11 7 9 10 10 11 13 16 12 8 10 17 18 28 25 22 26 23 23 27 27 19 20 22 -9999 -9999 19 17 20 25 22 25 25 20 -9999 -9999 -9999 -9999 -9999 -9999 -9999 -9999 -9999
-9999 -9999 19 19 19 19 19 19 20 20 20 20 21 21 20 2 2 2 2 2 2 2 2 2 2 9 8 8 8 11 11 11 11 11 11 11 11 11 11 11 11 11 11 0 13 9 13 20 10 8 12 20 11 13 16 17 28 23 24 23 23 18 19 22 17 19 -9999 -9999 15 22 18 -9999 -9999 -9999 -9999 -9999 -9999 -9999 -9999 -9999 -9999 -9999 -9999
-9999 -9999 -9999 17 17 19 19 20 20 20 20 20 21 21 20 20 20 20 2 21 2 2 2 2 2 2 8 8 8 11 11 11 11 11 11 11 11 11 11 11 11 11 11 11 8 10 19 23 12 11 11 17 11 14 14 13 17 12 12 12 21 22 22 22 21 18 23 20 19 -9999 -9999 -9999 -9999 -9999 -9999 -9999 -9999 -9999 -9999 -9999 -9999 -9999 -9999
-9999 -9999 -9999 -9999 -9999 17 17 17 17 17 17 20 21 21 21 21 20 20 21 21 21 2 2 2 2 2 2 8 8 11 11 11 11 11 11 11 11 11 11 11 11 11 11 11 11 6 18 23 12 8 5 13 11 17 13 14 17 7 10 11 11 24 20 25 20 25 21 18 20 15 -9999 -9999 -9999 -9999 -9999 -9999 -9999 -9999 -9999 -9999 -9999 -9999 -9999
-9999 -9999 -9999 -9999 -9999 -9999 17 17 17 17 17 17 21 21 21 21 21 21 21 21 21 21 2 2 2 2 2 8 8 8 11 11 11 11 11 11 11 11 11 11 11 11 11 11 11 6 6 16 12 11 13 13 11 13 11 19 11 7 12 12 12 22 23 24 22 21 18 16 18 18 -9999 -9999 -9999 -9999 -9999 -9999 -9999 -9999 -9999 -9999 -9999 -9999 -9999
-9999 -9999 -9999 -9999 -9999 -9999 -9999 -9999 17 17 17 17 21 21 21 21 21 21 21 21 21 21 2 2 2 2 2 8 8 8 8 11 11 11 11 11 11 11 11 11 11 11 11 11 6 6 6 6 6 16 17 9 11 15 5 14 11 11 14 12 10 17 23 20 21 19 18 17 20 17 -9999 -9999 -9999 -9999 -9999 -9999 -9999 -9999 -9999 -9999 -9999 -9999 -9999
-9999 -9999 -9999 -9999 -9999 -9999 -9999 -9999 -9999 17 17 17 21 21 21 21 21 21 21 21 21 21 2 2 2 2 13 8 8 8 8 8 11 11 11 11 11 11 11 11 11 11 11 11 6 6 6 6 6 6 9 11 17 14 7 4 7 19 19 11 13 16 20 17 20 16 20 23 17 21 -9999 -9999 -9999 -9999 -9999 -9999 -9999 -9999 -9999 -9999 -9999 -9999 -9999
-9999 -9999 -9999 -9999 -9999 -9999 -9999 -9999 -9999 -9999 -9999 17 21 21 21 21 21 21 21 21 21 21 2 2 2 2 8 8 8 8 8 8 11 11 11 11 11 11 11 11 11 11 11 8 6 6 6 6 6 6 12 16 14 10 11 5 6 19 20 11 15 15 18 20 17 20 23 22 20 22 -9999 -9999 -9999 -9999 -9999 -9999 -9999 -9999 -9999 -9999 -9999 -9999 -9999
-9999 -9999 -9999 -9999 -9999 -9999 -9999 -9999 -9999 -9999 -9999 -9999 -9999 17 21 21 21 21 21 21 21 21 21 2 2 8 8 8 8 8 8 8 8 8 8 8 8 8 8 11 8 8 8 8 6 6 6 6 6 6 12 12 12 15 12 5 8 14 13 13 13 12 16 23 25 20 19 19 18 21 -9999 -9999 -9999 -9999 -9999 -9999 -9999 -9999 -9999 -9999 -9999 -9999 -9999
-9999 -9999 -9999 -9999 -9999 -9999 -9999 -9999 -9999 -9999 -9999 -9999 -9999 -9999 -9999 21 21 21 21 21 21 21 21 21 2 16 8 8 8 8 8 8 8 8 8 8 8 8 8 8 8 8 8 6 6 6 6 6 6 6 12 12 12 12 14 6 9 15 19 14 17 13 14 24 18 16 18 20 20 17 -9999 -9999 -9999 -9999 -9999 -9999 -9999 -9999 -9999 -9999 -9999 -9999 -9999
-9999 -9999 -9999 -9999 -9999 -9999 -9999 -9999 -9999 -9999 -9999 -9999 -9999 -9999 -9999 -9999 21 21 21 21 21 21 21 21 21 21 8 8 8 8 8 8 8 8 8 8 8 8 8 8 8 8 8 6 6 6 6 6 6 11 11 12 12 12 10 10 4 11 12 13 25 11 14 24 19 18 22 27 18 20 -9999 -9999 -9999 -9999 -9999 -9999 -9999 -9999 -9999 -9999 -9999 -9999 -9999
-9999 -9999 -9999 -9999 -9999 -9999 -9999 -9999 -9999 -9999 -9999 -9999 -9999 -9999 -9999 -9999 -9999 -9999 16 16 16 16 21 21 21 21 8 8 8 8 8 8 8 8 8 8 8 8 8 8 8 8 8 6 6 6 6 6 11 11 11 12 12 12 10 10 10 7 4 7 13 11 16 19 22 20 27 27 24 24 -9999 -9999 -9999 -9999 -9999 -9999 -9999 -9999 -9999 -9999 -9999 -9999 -9999
-9999 -9999 -9999 -9999 -9999 -9999 -9999 -9999 -9999 -9999 -9999 -9999 -9999 -9999 -9999 -9999 -9999 -9999 -9999 -9999 16 16 16 16 21 21 21 17 8 8 8 8 8 8 8 8 8 8 8 8 8 8 8 6 6 6 6 11 0 0 11 11 12 12 10 10 10 10 10 5 5 7 9 17 23 24 23 27 26 28 -9999 -9999 -9999 -9999 -9999 -9999 -9999 -9999 -9999 -9999 -9999 -9999 -9999
-9999 -9999 -9999 -9999 -9999 -9999 -9999 -9999 -9999 -9999 -9999 -9999 -9999 -9999 -9999 -9999 -9999 -9999 -9999 -9999 -9999 -9999 16 16 16 16 16 21 21 21 4 19 17 13 13 19 8 8 8 8 8 8 8 6 6 6 6 11 0 0 0 11 12 12 12 10 10 10 10 10 4 2 5 12 23 24 26 28 28 26 -9999 -9999 -9999 -9999 -9999 -9999 -9999 -9999 -9999 -9999 -9999 -9999 -9999
-9999 -9999 -9999 -9999 -9999 -9999 -9999 -9999 -9999 -9999 -9999 -9999 -9999 -9999 -9999 -9999 -9999 -9999 -9999 -9999 -9999 -9999 -9999 -9999 16 16 16 16 16 16 16 4 4 4 4 4 8 8 8 8 8 8 8 6 6 6 6 11 0 0 0 11 12 12 12 10 10 10 10 10 10 10 7 14 26 28 24 23 24 21 -9999 -9999 -9999 -9999 -9999 -9999 -9999 -9999 -9999 -9999 -9999 -9999 -9999
-9999 -9999 -9999 -9999 -9999 -9999 -9999 -9999 -9999 -9999 -9999 -9999 -9999 -9999 -9999 -9999 -9999 -9999 -9999 -9999 -9999 -9999 -9999 -9999 1 -9999 16 16 16 16 16 16 4 4 4 4 4 4 8 8 8 8 8 6 6 6 8 11 11 0 0 11 12 12 12 12 10 10 10 10 10 10 10 4 16 19 21 23 -9999 -9999 -9999 -9999 -9999 -9999 -9999 -9999 -9999 -9999 -9999 -9999 -9999 -9999 -9999
-9999 -9999 -9999 -9999 -9999 -9999 -9999 -9999 -9999 -9999 -9999 -9999 -9999 -9999 -9999 -9999 -9999 -9999 -9999 -9999 -9999 -9999 -9999 -9999 -9999 16 -9999 -9999 16 16 16 16 16 16 16 4 4 4 4 4 21 8 8 8 8 8 8 8 11 0 0 11 12 12 12 12 10 10 10 10 10 10 10 10 10 18 22 -9999 -9999 -9999 -9999 -9999 -9999 -9999 -9999 -9999 -9999 -9999 -9999 -9999 -9999 -9999 -9999
-9999 -9999 -9999 -9999 -9999 -9999 -9999 -9999 -9999 -9999 -9999 -9999 -9999 -9999 -9999 -9999 -9999 -9999 -9999 -9999 -9999 -9999 -9999 -9999 -9999 -9999 -9999 16 -9999 16 16 16 16 16 16 16 16 16 4 4 4 4 8 8 8 8 8 8 11 0 0 0 11 12 12 12 12 10 10 10 10 10 10 10 10 10 -9999 -9999 -9999 -9999 -9999 -9999 -9999 -9999 -9999 -9999 -9999 -9999 -9999 -9999 -9999 -9999 -9999
-9999 -9999 -9999 -9999 -9999 -9999 -9999 -9999 -9999 -9999 -9999 -9999 -9999 -9999 -9999 -9999 -9999 -9999 -9999 -9999 -9999 -9999 -9999 -9999 -9999 -9999 -9999 -9999 16 -9999 16 16 16 16 16 16 16 16 16 4 4 4 4 14 8 8 8 8 8 0 0 0 11 12 12 12 12 10 10 10 10 10 10 10 10 10 -9999 -9999 -9999 -9999 -9999 -9999 -9999 -9999 -9999 -9999 -9999 -9999 -9999 -9999 -9999 -9999 -9999
-9999 -9999 -9999 -9999 -9999 -9999 -9999 -9999 -9999 -9999 -9999 -9999 -9999 -9999 -9999 -9999 -9999 -9999 -9999 -9999 -9999 -9999 -9999 -9999 -9999 -9999 -9999 -9999 -9999 -9999 -9999 16 16 16 16 16 16 16 16 16 4 4 4 16 8 8 8 8 8 0 0 0 0 11 12 12 12 12 10 10 10 10 10 10 10 10 -9999 -9999 -9999 -9999 -9999 -9999 -9999 -9999 -9999 -9999 -9999 -9999 -9999 -9999 -9999 -9999 -9999
-9999 -9999 -9999 -9999 -9999 -9999 -9999 -9999 -9999 -9999 -9999 -9999 -9999 -9999 -9999 -9999 -9999 -9999 -9999 -9999 -9999 -9999 -9999 -9999 -9999 -9999 -9999 -9999 -9999 -9999 -9999 -9999 16 16 16 16 16 16 16 16 4 4 8 8 8 8 8 8 8 8 0 0 0 11 11 12 12 12 10 10 10 10 10 10 10 10 -9999 -9999 -9999 -9999 -9999 -9999 -9999 -9999 -9999 -9999 -9999 -9999 -9999 -9999 -9999 -9999 -9999
-9999 -9999 -9999 -9999 -9999 -9999 -9999 -9999 -9999 -9999 -9999 -9999 -9999 -9999 -9999 -9999 -9999 -9999 -9999 -9999 -9999 -9999 -9999 -9999 -9999 -9999 -9999 -9999 -9999 -9999 -9999 -9999 -9999 16 16 16 16 16 16 23 23 8 8 8 8 8 8 8 8 8 11 0 0 11 11 12 12 12 12 10 10 10 10 10 10 10 -9999 -9999 -9999 -9999 -9999 -9999 -9999 -9999 -9999 -9999 -9999 -9999 -9999 -9999 -9999 -9999 -9999
-9999 -9999 -9999 -9999 -9999 -9999 -9999 -9999 -9999 -9999 -9999 -9999 -9999 -9999 -9999 -9999 -9999 -9999 -9999 -9999 -9999 -9999 -9999 -9999 -9999 -9999 -9999 -9999 -9999 -9999 -9999 -9999 -9999 16 -9999 16 16 16 23 23 29 8 8 8 15 15 15 15 8 8 8 11 11 11 11 12 12 12 12 10 10 10 10 10 10 10 -9999 -9999 -9999 -9999 -9999 -9999 -9999 -9999 -9999 -9999 -9999 -9999 -9999 -9999 -9999 -9999 -9999
-9999 -9999 -9999 -9999 -9999 -9999 -9999 -9999 -9999 -9999 -9999 -9999 -9999 -9999 -9999 -9999 -9999 -9999 -9999 -9999 -9999 -9999 -9999 -9999 -9999 -9999 -9999 -9999 -9999 -9999 -9999 -9999 -9999 -9999 15 -9999 16 23 23 23 23 15 15 15 15 15 15 15 15 8 8 8 11 11 12 12 12 12 12 10 10 10 10 10 10 10 -9999 -9999 -9999 -9999 -9999 -9999 -9999 -9999 -9999 -9999 -9999 -9999 -9999 -9999 -9999 -9999 -9999
-9999 -9999 -9999 -9999 -9999 -9999 -9999 -9999 -9999 -9999 -9999 -9999 -9999 -9999 -9999 -9999 -9999 -9999 -9999 -9999 -9999 -9999 -9999 -9999 -9999 -9999 -9999 -9999 -9999 -9999 -9999 -9999 -9999 -9999 15 15 -9999 23 23 23 23 15 15 15 15 15 15 15 15 15 15 8 11 12 12 12 12 12 12 12 12 12 14 14 14 14 -9999 -9999 -9999 -9999 -9999 -9999 -9999 -9999 -9999 -9999 -9999 -9999 -9999 -9999 -9999 -9999 -9999
-9999 -9999 -9999 -9999 -9999 -9999 -9999 -9999 -9999 -9999 -9999 -9999 -9999 -9999 -9999 -9999 -9999 -9999 -9999 -9999 -9999 -9999 -9999 -9999 -9999 -9999 -9999 -9999 -9999 -9999 -9999 -9999 -9999 15 15 15 15 -9999 23 23 12 15 15 15 15 15 22 15 15 15 15 15 15 15 15 12 12 12 12 12 12 14 14 14 14 14 -9999 -9999 -9999 -9999 -9999 -9999 -9999 -9999 -9999 -9999 -9999 -9999 -9999 -9999 -9999 -9999 -9999
-9999 -9999 -9999 -9999 -9999 -9999 -9999 -9999 -9999 -9999 -9999 -9999 -9999 -9999 -9999 -9999 -9999 -9999 -9999 -9999 -9999 -9999 -9999 -9999 -9999 -9999 -9999 -9999 -9999 -9999 -9999 -9999 15 15 15 15 15 15 16 23 15 15 15 15 15 22 22 22 15 15 15 15 15 15 15 15 15 12 12 12 14 14 14 14 14 14 -9999 -9999 -9999 -9999 -9999 -9999 -9999 -9999 -9999 -9999 -9999 -9999 -9999 -9999 -9999 -9999 -9999
-9999 -9999 -9999 -9999 -9999 -9999 -9999 -9999 -9999 -9999 -9999 -9999 -9999 -9999 -9999 -9999 -9999 -9999 -9999 -9999 -9999 -9999 -9999 -9999 -9999 -9999 -9999 -9999 -9999 -9999 -9999 -9999 15 15 15 15 15 15 10 5 15 15 15 15 22 22 22 22 22 15 15 15 15 15 15 15 15 14 14 14 14 14 14 14 14 14 -9999 -9999 -9999 -9999 -9999 -9999 -9999 -9999 -9999 -9999 -9999 -9999 -9999 -9999 -9999 -9999 -9999
-9999 -9999 -9999 -9999 -9999 -9999 -9999 -9999 -9999 -9999 -9999 -9999 -9999 -9999 -9999 -9999 -9999 -9999 -9999 -9999 -9999 -9999 -9999 -9999 -9999 -9999 -9999 -9999 -9999 -9999 -9999 15 15 15 15 15 15 15 15 15 -9999 15 15 22 22 22 22 22 22 22 15 15 15 15 15 14 14 14 14 14 14 14 14 14 14 14 14 -9999 -9999 -9999 -9999 -9999 -9999 -9999 -9999 -9999 -9999 -9999 -9999 -9999 -9999 -9999 -9999
-9999 -9999 -9999 -9999 -9999 -9999 -9999 -9999 -9999 -9999 -9999 -9999 -9999 -9999 -9999 -9999 -9999 -9999 -9999 -9999 -9999 -9999 -9999 -9999 -9999 -9999 -9999 -9999 -9999 -9999 15 15 15 15 15 15 15 27 15 15 15 15 -9999 -9999 22 22 22 22 22 22 22 22 15 15 15 14 14 14 14 14 14 14 14 14 14 14 14 -9999 -9999 -9999 -9999 -9999 -9999 -9999 -9999 -9999 -9999 -9999 -9999 -9999 -9999 -9999 -9999
-9999 -9999 -9999 -9999 -9999 -9999 -9999 -9999 -9999 -9999 -9999 -9999 -9999 -9999 -9999 -9999 -9999 -9999 -9999 -9999 -9999 -9999 -9999 -9999 -9999 -9999 -9999 -9999 -9999 15 15 15 15 15 15 15 15 30 28 15 15 15 21 21 28 -9999 22 22 22 22 -9999 -9999 15 15 15 14 14 14 14 14 14 14 14 7 7 7 -9999 -9999 -9999 -9999 -9999 -9999 -9999 -9999 -9999 -9999 -9999 -9999 -9999 -9999 -9999 -9999 -9999
