04_184A004/slope.asc
ncols 172
nrows 237
xllcorner 610032
yllcorner 6876144
cellsize 16
nodata_value -9999
[rows 64 to 95 of 237, columns 0 to 72 of 172]
-9999 -9999 -9999 -9999 -9999 -9999 -9999 -9999 -9999 -9999 -9999 -9999 -9999 -9999 -9999 -9999 -9999 -9999 -9999 -9999 -9999 -9999 -9999 2.988697 1.372931 0.7951388 4.741723 10.26067 13.96396 12.91951 5.693843 6.765266 -9999 -9999 -9999 -9999 -9999 -9999 -9999 -9999 -9999 -9999 -9999 -9999 -9999 -9999 -9999 -9999 -9999 -9999 -9999 -9999 -9999 -9999 -9999 -9999 -9999 -9999 -9999 -9999 -9999 -9999 -9999 -9999 -9999 -9999 -9999 -9999 1.144859 2.4311 5.116255 5.089103 3.356133
-9999 -9999 -9999 -9999 -9999 -9999 -9999 -9999 -9999 -9999 -9999 -9999 -9999 -9999 -9999 -9999 -9999 -9999 -9999 -9999 -9999 -9999 -9999 3.350656 2.598655 1.671735 0.5333636 2.211069 7.340182 13.57808 13.5122 8.983605 3.347245 0.8085905 2.8816 3.390541 -9999 -9999 -9999 -9999 -9999 -9999 -9999 -9999 -9999 -9999 -9999 -9999 -9999 -9999 -9999 -9999 -9999 -9999 -9999 -9999 -9999 -9999 -9999 -9999 -9999 -9999 -9999 -9999 -9999 -9999 -9999 -9999 0.1102941 3.818747 4.834131 4.007377 1.778358
-9999 -9999 -9999 -9999 -9999 -9999 -9999 -9999 -9999 -9999 -9999 -9999 -9999 -9999 -9999 -9999 -9999 -9999 -9999 -9999 -9999 -9999 -9999 4.17053 4.30683 4.220218 3.713529 2.853096 1.06906 3.459361 8.023534 10.9816 11.90121 11.13316 7.765987 3.402429 2.448631 -9999 -9999 -9999 -9999 -9999 -9999 -9999 -9999 -9999 -9999 -9999 -9999 -9999 -9999 -9999 -9999 -9999 -9999 -9999 -9999 -9999 -9999 -9999 -9999 -9999 -9999 -9999 -9999 -9999 -9999 -9999 -9999 2.508531 3.956189 5.317985 3.263822
-9999 -9999 -9999 -9999 -9999 -9999 -9999 -9999 -9999 -9999 -9999 -9999 -9999 -9999 -9999 -9999 -9999 -9999 -9999 -9999 -9999 -9999 4.943919 6.290186 7.102518 6.612786 4.981142 3.515322 2.404974 2.206549 1.806711 3.975636 6.98747 10.65931 13.56259 13.03804 9.599222 7.886212 7.342438 7.341066 -9999 -9999 -9999 -9999 -9999 -9999 -9999 -9999 -9999 -9999 -9999 -9999 -9999 -9999 -9999 -9999 -9999 -9999 -9999 -9999 -9999 -9999 -9999 -9999 -9999 -9999 -9999 -9999 -9999 0.4901519 3.166041 6.383504 4.480861
-9999 -9999 -9999 -9999 -9999 -9999 -9999 -9999 -9999 -9999 -9999 -9999 -9999 -9999 -9999 -9999 -9999 -9999 -9999 -9999 -9999 -9999 -9999 4.418691 5.853291 6.779453 6.030069 4.151872 1.609489 2.385662 4.084688 5.823113 4.322875 2.623503 5.606023 11.02289 11.1287 8.747372 6.324918 4.685101 2.124099 -9999 -9999 -9999 -9999 -9999 -9999 -9999 -9999 -9999 -9999 -9999 -9999 -9999 -9999 -9999 -9999 -9999 -9999 -9999 -9999 -9999 -9999 -9999 -9999 -9999 -9999 -9999 -9999 -9999 3.230694 7.817246 6.015966
-9999 -9999 -9999 -9999 -9999 -9999 -9999 -9999 -9999 -9999 -9999 -9999 -9999 -9999 -9999 -9999 -9999 -9999 -9999 -9999 -9999 -9999 -9999 1.303412 1.425542 4.38181 6.486345 5.1607 1.756831 2.393052 2.29496 2.783574 5.17164 7.986106 5.724014 2.089081 5.396967 6.468019 6.058143 5.057751 3.411577 1.01324 -9999 -9999 -9999 -9999 -9999 -9999 -9999 -9999 -9999 -9999 -9999 -9999 -9999 -9999 -9999 -9999 -9999 -9999 -9999 -9999 -9999 -9999 -9999 -9999 -9999 -9999 -9999 -9999 -9999 8.06912 7.75862
-9999 -9999 -9999 -9999 -9999 -9999 -9999 -9999 -9999 -9999 -9999 -9999 -9999 -9999 -9999 -9999 -9999 -9999 -9999 -9999 -9999 -9999 -9999 -9999 3.34927 5.666289 7.690779 6.75742 4.800418 4.927839 4.479953 2.875106 1.640719 6.943857 5.866094 3.969922 1.690875 2.244739 4.266934 4.735405 5.10585 2.698275 -9999 -9999 -9999 -9999 -9999 -9999 -9999 -9999 -9999 -9999 -9999 -9999 -9999 -9999 -9999 -9999 -9999 -9999 -9999 -9999 -9999 -9999 -9999 -9999 -9999 -9999 -9999 -9999 -9999 -9999 6.521649
-9999 -9999 -9999 -9999 -9999 -9999 -9999 -9999 -9999 -9999 -9999 -9999 -9999 -9999 -9999 -9999 -9999 -9999 -9999 -9999 -9999 -9999 -9999 13.18715 14.23245 14.97711 13.74911 10.13739 5.614911 3.081076 3.623956 5.46328 4.848286 4.674167 2.082459 4.333593 4.958241 2.231231 2.187259 2.932104 5.74691 6.483929 -9999 -9999 -9999 -9999 -9999 -9999 -9999 -9999 -9999 -9999 -9999 -9999 -9999 -9999 -9999 -9999 -9999 -9999 -9999 -9999 -9999 -9999 -9999 -9999 -9999 -9999 -9999 -9999 -9999 -9999 -9999
-9999 -9999 -9999 -9999 -9999 -9999 -9999 -9999 -9999 -9999 -9999 -9999 -9999 -9999 -9999 -9999 -9999 -9999 -9999 -9999 -9999 -9999 14.23422 16.18275 17.38681 15.82631 12.11518 8.302747 5.987774 4.150137 3.59265 4.129969 3.797317 3.487481 2.865511 3.573931 4.728392 2.803757 2.511074 1.914395 4.651408 6.191035 -9999 -9999 -9999 -9999 -9999 -9999 -9999 -9999 -9999 -9999 -9999 -9999 -9999 -9999 -9999 -9999 -9999 -9999 -9999 -9999 -9999 -9999 -9999 -9999 -9999 -9999 -9999 -9999 -9999 -9999 -9999
-9999 -9999 -9999 -9999 -9999 -9999 -9999 -9999 -9999 -9999 -9999 -9999 -9999 -9999 -9999 -9999 -9999 -9999 -9999 -9999 -9999 13.10368 10.82811 9.593129 8.177469 5.491752 2.879457 2.447412 3.532075 4.051108 3.198006 3.128755 4.454805 5.277587 5.668422 5.899021 4.287836 2.666951 3.084842 3.464466 3.108457 3.220744 -9999 -9999 -9999 -9999 -9999 -9999 -9999 -9999 -9999 -9999 -9999 -9999 -9999 -9999 -9999 -9999 -9999 -9999 -9999 -9999 -9999 -9999 -9999 -9999 -9999 -9999 -9999 -9999 -9999 -9999 -9999
-9999 -9999 -9999 7.17362 9.38301 5.13571 6.350733 6.062525 2.502947 2.045475 -9999 -9999 -9999 -9999 -9999 -9999 -9999 -9999 -9999 -9999 9.631811 9.996325 6.714723 4.081473 3.506906 4.652788 3.986629 2.943117 2.170238 1.654796 1.138152 1.123548 3.573661 3.924197 3.102401 2.032782 1.556571 3.028844 4.279691 3.67752 2.123169 1.647302 -9999 -9999 -9999 -9999 -9999 -9999 -9999 -9999 -9999 -9999 -9999 -9999 -9999 -9999 -9999 -9999 -9999 -9999 -9999 -9999 -9999 -9999 -9999 -9999 -9999 -9999 -9999 -9999 -9999 -9999 -9999
-9999 -9999 -9999 8.629712 13.89093 13.04102 8.877682 5.654385 5.06652 4.443834 3.720363 7.552073 -9999 -9999 -9999 -9999 -9999 -9999 -9999 1.547332 4.58184 8.263553 6.416844 1.877718 1.296773 3.496509 5.120247 5.3721 3.431824 1.97953 2.623809 3.372784 4.177122 1.386474 1.074066 0.5152761 0.7522928 3.303556 3.454013 1.592 0.6493188 1.741627 -9999 -9999 -9999 -9999 -9999 -9999 -9999 -9999 -9999 -9999 -9999 -9999 -9999 -9999 -9999 -9999 -9999 -9999 -9999 -9999 -9999 -9999 -9999 -9999 -9999 -9999 -9999 -9999 -9999 -9999 -9999
-9999 -9999 1.032412 2.508286 7.484114 13.46082 13.88424 10.68774 8.172096 7.55299 7.357207 6.356761 -9999 -9999 -9999 -9999 -9999 -9999 -9999 0.1846076 2.308931 6.579641 8.394466 5.824982 2.448208 2.356086 3.433044 4.58005 4.788424 3.668437 2.071776 1.839634 5.144153 3.579808 2.052351 3.227742 2.763816 3.380218 3.273021 1.096142 0.5672545 1.43175 -9999 -9999 -9999 -9999 -9999 -9999 -9999 -9999 -9999 -9999 -9999 -9999 -9999 -9999 -9999 -9999 -9999 -9999 -9999 -9999 -9999 -9999 -9999 -9999 -9999 -9999 -9999 -9999 -9999 -9999 -9999
-9999 -9999 2.481834 0.2726495 1.75305 6.91155 11.86356 13.56319 11.07613 7.759749 6.498148 4.120764 1.694093 -9999 -9999 -9999 -9999 4.299102 2.980784 0.8761736 0.4465666 3.028169 7.758753 10.17866 8.901838 6.448881 4.815309 4.961529 4.8052 3.001337 1.353813 1.647552 3.317573 5.307898 3.386821 4.054962 5.38939 5.068277 4.172111 2.536683 2.23675 1.830495 2.088975 3.181704 -9999 -9999 -9999 -9999 -9999 -9999 -9999 -9999 -9999 -9999 -9999 -9999 -9999 -9999 -9999 -9999 -9999 -9999 -9999 -9999 -9999 -9999 -9999 -9999 -9999 -9999 -9999 -9999 -9999
-9999 -9999 5.179361 2.5421 0.5345671 1.973813 6.029905 10.984 13.58415 12.44855 11.8797 10.38819 6.618279 4.445391 4.226668 2.42523 1.574776 3.930115 4.350166 2.867745 2.833594 2.374569 2.016273 6.484114 9.708973 10.20739 8.730061 8.256599 8.785537 6.727504 4.628595 4.404346 6.6968 5.93987 5.394387 4.677686 5.079491 5.214884 4.006305 2.459036 2.106201 2.959058 2.754012 1.445292 -9999 -9999 -9999 -9999 -9999 -9999 -9999 -9999 -9999 -9999 -9999 -9999 -9999 -9999 -9999 -9999 -9999 -9999 -9999 -9999 -9999 -9999 -9999 -9999 -9999 -9999 -9999 -9999 -9999
-9999 -9999 5.541775 5.12114 3.240103 1.848154 1.787947 3.112182 8.300261 11.33612 12.5667 14.06663 13.85156 11.35343 8.282837 5.031006 1.844366 1.957032 4.629512 3.038607 2.473326 4.267933 3.401207 1.875731 5.611764 8.074002 8.78548 11.62706 13.40362 4.859435 7.856629 11.24884 8.357738 6.939418 6.154218 4.114211 2.143154 1.547213 1.478482 1.996074 2.961894 4.543168 4.595093 3.779858 -9999 -9999 -9999 -9999 -9999 -9999 -9999 -9999 -9999 -9999 -9999 -9999 -9999 -9999 -9999 -9999 -9999 -9999 -9999 -9999 -9999 -9999 -9999 -9999 -9999 -9999 -9999 -9999 6.744179
-9999 2.946414 3.443543 5.15841 5.489737 4.936294 4.522669 2.571639 1.504718 2.79205 3.575428 6.159379 9.539658 10.89881 10.04648 8.84685 7.010685 3.358693 2.771478 2.083193 1.108043 4.303717 5.212754 3.267892 3.789184 6.434483 9.793749 15.01205 17.57604 11.95384 15.57509 13.14431 6.751396 5.246493 3.679505 1.274161 0.4921003 0.9047295 0.7930723 0.1607221 1.623383 2.943938 2.70954 4.140132 4.477546 -9999 -9999 -9999 1.795515 -9999 -9999 -9999 -9999 -9999 -9999 -9999 -9999 -9999 -9999 3.762677 1.403669 2.787124 3.22631 1.948631 -9999 -9999 -9999 -9999 -9999 -9999 -9999 1.315929 2.59735
-9999 1.204198 1.267305 3.513838 5.189915 6.074014 6.733867 4.273561 2.115205 1.430171 0.6051607 0.7723936 2.056819 4.003351 6.281891 8.800159 10.56272 9.822507 7.805656 7.962195 7.712562 8.077798 7.131518 3.151956 1.852614 2.256918 6.602368 13.92041 19.18938 17.49228 14.46334 8.306636 4.440043 4.605069 3.992884 2.168824 0.5780721 0.697301 1.035472 1.15825 1.94595 3.014259 2.591921 2.35187 6.847983 3.730242 -9999 3.081904 1.145779 1.694811 -9999 -9999 -9999 -9999 -9999 -9999 -9999 -9999 3.692879 3.689402 0.8443654 1.825655 3.529299 2.426446 3.465767 3.25687 6.652829 4.817444 1.033734 0.6001965 -9999 0.6100449 1.366238
-9999 -9999 1.176356 0.7376222 1.49412 4.205343 6.909214 4.146274 3.756708 3.665199 2.460622 1.040707 0.5308371 0.5068526 1.539668 3.767951 7.287297 10.26567 10.96258 10.53276 9.628757 8.591318 5.57796 3.029153 2.781392 0.961024 2.660265 7.907055 14.23608 16.81847 14.45163 9.588108 6.387792 5.614865 6.226897 6.106827 3.976371 2.089355 0.8581425 0.8544403 1.935617 2.115184 3.651877 2.024906 5.409684 8.010839 5.708427 2.640169 0.5059012 0.1775441 2.225408 -9999 -9999 -9999 -9999 -9999 -9999 1.768471 4.422396 3.849661 1.137821 1.181234 2.662218 3.037505 5.842576 7.327927 6.684129 3.234509 1.043507 0.7996479 0.2608153 0.1058833 0.4024945
-9999 -9999 2.133428 3.083479 3.475246 3.91693 5.320751 2.587009 2.547705 3.662143 3.741822 2.683935 2.154626 1.812712 0.9021445 0.5824528 2.085043 4.403504 5.827496 5.132854 4.182405 3.658077 2.991365 3.940849 4.625036 2.073627 3.776259 3.643071 6.51328 9.319176 10.51917 10.34049 9.099775 7.842605 7.710019 8.615474 7.887898 4.945863 2.873969 0.7445559 1.622499 2.535503 4.837957 5.719881 1.525371 4.846226 4.947285 2.874464 2.133334 2.630284 2.94199 1.279098 -9999 -9999 -9999 -9999 -9999 -9999 4.390239 3.013308 1.824866 0.9620383 1.236807 2.932832 3.103207 1.97901 1.675114 0.838684 1.040352 0.7976755 0.08308766 0.0009956626 0.03502692
-9999 0.6229604 1.339264 3.083829 2.945071 2.020087 3.242666 1.904009 2.293547 3.594991 4.054262 2.891963 2.234972 2.560081 1.88104 0.8364072 0.5204346 1.087589 1.405493 1.126372 0.9651599 1.030387 1.281277 2.683216 4.62329 3.488849 3.993672 1.968131 0.9227424 1.138248 2.585923 4.866382 7.076283 8.045905 7.715937 7.97962 9.310026 8.197628 5.675548 3.543965 3.471234 3.012283 2.209173 7.006102 3.539207 1.702727 3.657127 3.895155 3.807599 3.670687 2.510842 1.490874 0.5658782 -9999 -9999 -9999 -9999 3.365561 3.992393 1.688019 1.864193 0.8734916 1.163636 3.065377 3.159484 1.069448 0.5331653 0.5424179 1.02915 0.8274988 0.1489415 0.0007824071 0
-9999 0.7331343 1.089681 2.58412 0.7639355 0.7510116 1.973037 0.7078808 0.8906672 2.357713 3.129691 1.910949 1.385063 2.34674 2.202917 1.417476 0.9268023 1.034578 1.090733 0.7202423 0.4724834 0.6585711 0.7598121 1.387408 2.842703 3.110373 2.444499 0.7974775 0.2366118 0.4451729 0.9220626 2.088536 3.470002 4.361649 5.388921 6.575994 8.595677 9.704548 8.835234 7.888694 8.936966 10.36608 9.573483 7.236974 2.810266 0.7068138 2.118665 3.804354 4.152271 3.829657 3.054854 3.104357 1.142227 -9999 -9999 -9999 1.064221 3.715528 3.120184 1.343393 1.779195 0.3889456 1.144475 2.044048 3.575059 1.854212 0.5306234 0.5040846 0.928063 1.009984 0.533722 0.09550025 0
-9999 2.192089 2.683338 4.02738 1.83587 0.2588865 1.601906 1.274993 2.396919 3.459667 2.377215 1.156956 1.891911 2.820995 2.679549 1.774056 1.132697 1.144357 1.005067 0.4652771 0.1047732 0.1129948 0.5380654 0.9132721 1.089618 1.13443 1.040093 0.9072313 0.8585027 0.9354313 1.661333 2.21124 1.814914 1.634321 2.466466 3.674241 5.790738 8.202238 8.970551 8.495823 8.568774 9.469561 9.434419 5.847372 1.46608 1.548378 1.557285 1.393773 1.967311 1.760885 2.638482 3.147259 1.524388 0.6618428 2.28706 2.85339 2.10681 3.729297 3.661235 1.926348 1.932129 0.3183927 1.109675 1.211341 3.164096 2.360189 0.408466 0.3660861 0.6985902 0.9541571 0.8092086 0.2432082 0
-9999 -9999 -9999 5.579077 4.013162 1.206962 2.285216 2.602358 2.482867 1.729925 0.5427641 1.381093 2.694995 3.918859 2.845095 1.026665 1.058123 1.251876 0.646119 0.06929047 0.1756085 0.2786047 0.4340397 0.9905935 1.070297 1.080319 1.322031 1.437944 1.53032 1.593689 1.748821 1.306949 0.7314871 0.8613814 1.130352 1.289481 2.545722 4.550172 6.149348 5.724983 5.366622 4.696796 4.772054 5.357831 4.645227 0.3488452 3.087555 0.7673369 0.6874909 1.105416 2.602478 1.988855 0.7435695 0.9802901 1.655107 3.649029 2.6631 2.578513 4.129798 3.097942 2.403751 1.076894 0.3117387 1.030663 2.992177 2.067966 0.4241082 0.9048898 1.102912 1.076104 0.9840416 0.4347865 0.04390172
-9999 -9999 -9999 5.035055 6.489915 3.335747 2.445501 2.168019 1.146195 0.212816 1.252879 1.556463 4.511278 3.687047 1.561845 0.7868481 1.66726 1.773365 0.5772139 0.495501 0.6243442 0.7651315 0.6777559 0.7265397 0.9530911 1.05341 0.9689623 0.6604906 0.7736939 0.9699909 0.6982906 0.194765 0.01787559 0.3233031 0.8162233 1.232674 1.656108 2.339742 3.907486 4.197494 3.484581 3.274543 4.307609 5.696354 6.376364 2.843833 4.21696 1.961586 1.809974 1.418372 2.703478 2.319629 1.620705 1.376476 1.94525 3.179001 3.515204 1.325589 3.536743 4.901462 5.618968 4.459795 2.453156 2.303449 3.119337 1.085215 1.661244 2.489189 2.813733 2.116557 1.383113 0.8656393 0.3215822
-9999 -9999 -9999 -9999 7.227085 5.531181 2.148278 1.752561 1.058607 1.569502 1.735007 2.683423 4.988863 3.311027 1.002774 0.6074646 2.302953 2.208816 0.6303641 0.6873029 0.7472833 0.5871481 0.281356 0.1417611 0.3001186 0.3429948 0.1542244 0.7619269 0.8242036 0.6702383 0.05340168 0 0.0001497199 0.03509755 0.2797276 0.8762065 1.389993 1.7923 2.287885 2.7773 2.850381 3.16554 4.562903 6.324011 7.487789 6.496197 6.439144 4.324762 3.915601 2.598614 2.821536 3.360121 2.611912 3.320089 3.480136 3.837268 4.609203 0.5682719 1.085451 5.306257 9.764596 11.01866 7.499382 4.938915 3.545754 0.6382859 1.750335 1.288336 1.845312 2.885134 2.592966 1.768408 0.8704749
-9999 -9999 -9999 4.986467 5.153479 4.417274 2.621396 2.042691 1.182846 1.365863 1.732155 2.537519 5.502969 4.503955 1.76283 1.518909 2.932966 1.931224 0.3774099 0.2093515 0.08465227 0.02177022 0.00073894 0 0 0 0.2618848 0.9181945 0.3413453 0.8965112 0 0 0 0 0.02964453 0.2372706 0.4440818 0.5118951 0.6207345 0.9696907 1.198888 1.380808 2.515956 4.919775 7.124444 8.045109 7.040509 5.456722 5.105466 4.068569 2.525546 3.748844 5.430072 3.916864 2.76406 2.861217 4.910079 1.557665 1.380976 5.566964 5.370509 8.976542 11.6389 9.615906 4.74797 1.35495 0.7698109 1.506552 0.6287587 2.055362 3.561279 2.826157 1.347046
-9999 -9999 4.373593 5.094967 4.114736 2.619205 2.132988 1.519389 0.9027049 2.512395 3.382658 2.747921 5.073907 4.34406 2.563603 2.582893 2.788129 1.285396 0.5316641 0.398418 0.190524 0.04717141 0 0 0 0 0.1319899 0.7182056 0.9098423 0.5621221 0.04100025 0.04788185 0.02743752 0.03621783 0.08880184 0.09567929 0.051419 0.008221985 0.002042952 0 0 0.01432964 0.339308 1.613714 3.03997 3.730885 3.827607 5.018766 6.457295 6.361204 5.502161 5.61611 7.345046 9.075388 9.587656 7.517487 4.031471 2.00689 1.161952 6.404314 6.19553 1.170377 7.968522 11.9646 6.513644 2.528436 1.912302 1.00236 1.335283 0.8178912 2.635871 3.199455 1.221513
-9999 -9999 0.4519189 0.4442646 0.2591213 0.7077343 1.73502 1.92776 3.580013 6.944095 6.955179 6.28139 6.092938 4.082835 2.753736 4.529035 6.679566 6.574278 5.319506 3.682062 2.144662 1.081572 0.3341645 0.03956468 0 0 0 0 0 0.09556232 0.5226269 0.6674647 0.4771039 0.04637595 0.05786529 0.0415637 0.06063868 0.009966783 0.00288917 0 0 0 0 0.1106911 0.2003491 0.2636114 0.7532393 2.526674 5.460592 7.309627 7.847564 7.640747 7.265753 6.787822 6.727138 6.10497 3.803864 2.297318 1.94322 5.305302 6.023231 6.49182 7.429878 9.778987 5.209089 2.60455 2.894703 2.836673 1.38737 1.100765 3.073914 2.760004 0.6139354
-9999 -9999 4.322634 2.443383 1.586416 2.675041 4.923448 6.612583 6.899718 7.430199 5.494843 8.056864 9.447924 10.27924 13.31726 16.14523 17.09405 16.17183 13.77385 10.4889 6.929011 4.389166 2.409503 0.7689213 0.06019224 7.727477e-5 0 0 0 0.1272951 0.618526 0.06156053 0.6068469 0.04298789 0.08529136 0.09513342 0.05140693 0.01006035 0.002042952 0 0 0 0 0 0 0 0 0.3598445 1.64691 3.302509 4.754513 5.666987 6.088851 5.891384 5.274725 5.371889 5.387131 4.892601 3.92834 5.056512 4.806919 5.153007 6.851772 6.607951 2.621658 0.973183 2.033234 3.035619 3.320099 2.455826 2.027435 1.282572 0.3860687
-9999 -9999 8.557683 6.79495 5.57295 6.455427 7.266817 7.079873 5.755682 5.045881 4.538325 8.309502 14.47397 19.58903 22.72362 22.34171 20.48742 18.87331 17.38849 15.26374 11.46699 7.912083 5.94507 3.831606 1.777034 0.6745917 0.1857875 0.09740379 0.1855386 0.1137084 0.436718 0.6366317 0.4778396 0.06134103 0.008629452 0.002096684 0.002954075 0.002096078 0 0 0 0 0 0 0 0 0 0 0 0.06157348 0.4804365 1.186324 2.254622 3.898358 5.296817 6.928459 7.900198 6.529479 4.461584 4.53851 3.058918 0.8468667 2.809881 3.430644 1.725609 0.538081 1.278503 0.6907998 3.58187 2.491005 2.521873 3.138419 2.041833
-9999 -9999 -9999 8.122954 8.410839 8.373859 6.046546 3.507398 1.874559 2.144623 4.930842 8.755702 14.10391 17.9066 18.7024 17.55472 17.16841 16.44748 15.75288 15.40502 13.84948 11.80451 10.39939 9.163514 6.943947 3.87874 2.0943 2.236979 2.731131 2.848531 2.288067 1.221971 0.3241569 0.01301223 0 0 0 0 0 0 0 0 0 0 0 0 0 0 0 0 0 0 0.214649 1.14472 2.254291 3.328766 4.416664 4.918729 5.505296 6.187042 5.46542 3.357183 0.792779 3.301635 3.363945 1.024655 1.540597 2.441621 2.504725 2.274821 5.379343 6.177814 5.126431
