04_184A004/slope.asc
ncols 172
nrows 237
xllcorner 610032
yllcorner 6876144
cellsize 16
nodata_value -9999
[rows 160 to 191 of 237, columns 73 to 145 of 172]
2.647194 2.928021 2.636935 1.999653 1.59247 1.539831 1.42612 1.112395 0.3762244 0.6032553 1.318587 2.393761 3.890256 5.694766 7.779592 9.206291 10.51065 10.60941 9.899647 6.526399 1.538387 0.1662745 1.919363 3.878535 2.807265 3.500498 2.539213 2.837987 7.532336 8.021207 7.824497 8.921131 9.244256 8.645655 6.944939 3.591699 6.047922 14.07906 7.080418 6.15567 12.28968 9.069363 1.653383 9.325924 6.984374 2.189431 2.676459 2.74857 3.239845 4.152755 4.200121 5.191226 11.68754 17.96282 19.74357 17.4745 11.96422 5.261591 1.202732 0.05736201 0 0 0 0 0 0 0 0 0 0 0 0.0818774 0.47876
1.609856 1.854671 1.926121 2.106697 2.647556 3.21685 3.682988 4.186617 3.859891 2.253353 0.7774853 0.2834951 0.1454295 0.6008656 1.016677 1.987471 4.230115 5.520935 4.500625 2.544775 1.509498 1.58437 2.792369 2.419897 3.234804 5.189277 5.59299 5.778344 10.00825 9.030375 4.185271 2.322305 4.025825 5.747812 6.43433 6.613047 10.95835 14.09199 4.641171 7.511961 12.13431 7.996131 2.56208 9.064619 5.792045 0.4919789 1.970318 3.984719 6.281384 6.896818 5.698236 4.021705 5.124114 10.41724 15.63985 19.50307 20.12873 15.75717 8.749238 2.802414 0.1999863 0 0 0 0 0 0 0.001386116 0.001960264 0.001386116 0 0 0.0062013
1.306486 1.382305 1.028295 1.352743 2.192541 3.045378 4.314364 5.339036 5.797707 4.90676 2.635999 1.287851 0.9570671 1.769427 2.637301 2.543411 1.276781 0.6548891 1.071478 0.9671984 0.8235229 0.9287751 3.547802 1.930462 3.123778 2.150398 3.312776 6.319652 11.38589 12.32567 10.13306 11.7733 12.66841 11.73525 10.14512 10.73853 12.89912 8.529049 3.894129 10.03983 10.48858 6.568707 3.327182 8.606015 4.861671 1.196141 4.940605 8.939981 10.54654 10.2954 9.248735 7.513722 6.584592 7.924901 10.6308 14.41847 19.03895 21.06207 18.75385 11.76033 3.803028 0.381099 0 0 0 0 0.004443299 0.3107049 0.4478805 0.3257988 0.01907238 0 0
1.066642 1.116965 1.197111 1.434789 1.146644 1.293625 1.946045 1.52783 3.0117 4.8031 4.320774 3.322646 2.369115 2.316727 2.550467 2.605729 3.004412 1.365474 0.5981102 0.4096795 0.5098388 0.2400732 2.961208 1.311114 2.323802 0.7023188 1.266196 3.643744 8.636904 12.89122 12.92274 10.98549 8.908679 8.497645 3.471007 4.39638 5.7466 0.9461004 9.411751 9.764411 8.211316 5.161201 4.248001 7.853269 4.627596 3.504284 8.401057 11.28129 10.02265 8.627663 7.951382 7.900921 7.931616 7.820446 8.446956 10.5607 14.08377 17.65561 20.36404 19.82815 13.44935 5.029505 0.736021 0 0 0 0.009128211 0.7773333 0.7924562 0.9793209 0.2858124 0 0
1.660112 1.86733 2.815881 3.360116 2.832539 1.275683 1.224401 1.645638 1.334953 2.077165 3.856377 5.046529 4.690121 3.399323 2.745036 2.853504 4.605099 4.18956 3.282271 2.42968 1.448876 0.3782987 2.144178 1.567168 1.962209 0.7862515 0.4281488 0.9713163 2.846964 5.940123 6.505447 3.913414 9.799325 11.09972 5.722363 5.725519 4.827888 2.847895 8.621195 8.359003 6.058221 4.097195 4.32706 7.676605 5.018687 4.766732 9.101592 10.10189 7.428537 5.086139 4.895575 5.658266 6.953943 7.914663 8.371771 9.161625 11.18968 13.93923 16.46986 19.6287 20.25446 12.9992 3.217114 0.1200302 0.006520058 0 0.00890527 0.991314 1.128127 1.551485 1.305812 0.1845074 0
3.22627 3.170238 3.726369 4.098456 4.414876 3.72816 2.357496 0.9748561 0.4570221 0.07080732 1.221587 3.028062 4.843052 5.313364 4.759507 4.413726 5.403613 6.353633 6.073038 5.246771 4.014222 1.770737 1.159523 1.182679 1.261396 0.3817746 0.2117446 0.2985015 0.4690242 1.786289 6.58491 7.809217 9.747572 10.57463 2.651211 5.316235 5.452078 2.157284 8.314595 9.696227 7.418326 5.646525 2.333929 7.561829 4.625425 3.529099 7.410367 8.667919 7.233175 4.344867 4.532556 5.340887 5.74821 6.436337 6.95576 7.281582 8.704328 11.3907 13.36775 16.1071 21.33899 19.33521 7.982104 3.445176 1.588059 0.1947055 0.03507467 1.48818 3.38975 3.168411 3.264222 0.6588135 0
3.940123 4.019631 3.737978 3.101233 3.264158 3.791915 3.745081 3.585164 2.723093 0.9573834 0.9584107 1.325446 1.496451 3.226907 4.006989 3.646919 3.617977 4.187089 4.474529 4.708717 5.521404 3.797466 0.0865062 0.7148528 0.7548333 0.404994 0.3765267 0.4156177 0.9629941 2.952929 8.136867 7.478765 6.472015 9.646757 5.008678 6.401148 8.412385 5.553111 9.167953 11.5061 9.787243 7.971521 2.533033 6.901091 4.784009 3.40765 7.201234 8.939828 7.600455 4.752559 3.835221 3.729903 3.898022 4.629746 5.504673 6.046955 7.230643 8.901986 10.54323 13.06138 20.21097 21.72135 15.75203 13.19455 9.292866 3.574954 0.5459279 3.117046 5.018625 2.90799 4.58074 1.141573 0
3.903541 3.983742 3.475126 2.540232 2.260971 2.565395 2.510144 2.971139 3.403086 2.685547 1.418205 0.794847 2.204272 2.168593 0.9994632 0.4116746 0.617416 1.962363 2.425332 2.506031 4.652194 4.235964 1.0789 0.6853893 0.6057756 0.1806343 0.41659 0.6111667 2.160358 5.305134 8.044386 5.886329 3.636695 7.282639 8.703494 9.722303 8.634088 3.88557 6.623514 10.63823 11.64181 10.69369 7.768181 7.847324 5.129733 4.054196 8.545973 9.866508 7.072883 5.335279 4.184409 1.34851 2.450975 4.320428 4.953364 5.820655 7.445831 8.474771 9.348123 11.90856 17.81642 21.17454 21.18666 20.41403 19.15565 13.67659 6.106764 3.974199 3.503268 2.82386 4.590563 1.292853 0.0189032
3.267343 3.131098 2.849822 2.495188 2.337617 2.320041 1.814983 2.084389 2.915904 3.145996 2.782269 1.55268 0.7109488 2.899084 4.448303 5.48968 5.789844 5.177272 3.929118 3.655734 4.108198 2.905375 1.353126 1.668967 1.554227 0.9829628 0.1581003 0.6034978 2.832452 6.748085 7.213348 3.60057 1.805099 4.594729 6.980512 6.799318 3.893452 0.6211502 3.926064 7.060463 10.08913 12.00429 9.257812 7.000361 4.394312 4.480586 9.552848 10.92381 8.513498 7.574511 6.575503 2.876 3.064959 5.476269 4.215921 4.078545 5.447353 7.255841 9.237786 12.34066 15.33438 17.53807 18.63058 18.69435 20.03162 19.56753 13.3838 5.394386 1.357186 3.065176 3.366627 1.579488 1.537706
1.344442 1.687126 2.038955 2.215923 2.323525 2.455672 2.106786 1.926818 2.102686 2.108034 2.144241 2.201681 1.400857 1.4344 3.582288 5.214852 5.799027 5.36375 4.492987 3.331103 2.411258 1.392791 0.6071959 0.6596199 1.351727 1.227948 0.7412321 0.2135824 2.137379 6.916799 8.92048 7.33765 6.865281 4.261082 0.7157285 1.071072 1.317481 0.797944 2.228348 5.15405 7.543289 11.16637 9.812504 6.191197 4.077919 4.259233 8.419542 11.96271 12.45472 11.7631 10.07402 7.310807 6.931264 6.787826 2.463808 0.2027256 2.424341 5.157637 8.089431 11.69312 13.43857 13.92088 14.77883 15.60599 16.68431 18.3138 17.04667 9.799023 4.818321 4.461533 3.965058 4.744461 4.346179
0.2625861 0.4492272 0.8258492 1.388042 1.837666 2.132443 2.090917 1.776892 1.795032 1.908761 1.835394 2.08642 1.646171 2.369784 3.911647 2.89404 2.209434 2.308294 2.589172 2.412165 1.673473 1.001427 0.6199111 0.2480032 1.252832 1.159953 0.7476087 0.2648677 0.6614522 3.980337 7.68571 8.996413 8.571167 8.158308 3.718703 2.428 2.209542 2.298973 1.820669 3.701929 4.917476 8.25944 10.70919 8.619866 5.978593 4.15623 5.826853 9.844174 13.17914 14.84837 13.13051 9.568242 9.672261 9.893002 7.809579 4.587365 2.529884 4.488313 6.046358 9.132985 11.46707 12.30781 13.0965 14.60959 16.09669 17.2728 18.78768 14.39404 9.992363 8.774818 6.828802 5.863131 5.392246
0.3827479 0.4736286 0.4109096 0.4887082 0.8991457 1.303269 1.698437 2.034807 2.519391 2.56353 2.490118 2.365636 1.982126 3.611908 4.284631 1.790455 0.4620262 0.4516948 0.7452059 1.134712 1.255962 1.121742 1.08591 1.012055 1.39314 1.035555 0.3617181 0.3961498 0.3426755 0.7716557 2.52782 3.425848 5.023944 10.17122 7.449296 1.53546 1.656534 3.186227 2.043245 0.8338555 1.481071 3.085783 6.579995 8.806611 8.429071 5.501849 5.831563 8.154709 10.88242 14.39109 15.54879 11.77628 9.746378 10.72517 10.49365 8.597955 5.743798 4.277096 3.525944 5.491392 7.51302 9.043929 11.01104 12.45608 14.48893 16.17163 18.60586 16.23896 11.13704 8.961315 5.898326 3.525362 3.987609
1.311793 1.053044 0.4069172 1.000152 1.549225 1.896373 1.992167 2.187226 2.744589 2.894271 2.746818 2.669169 3.368623 4.34403 3.151136 0.8216696 0.3229613 0.4266247 0.3430782 0.1989848 0.3034535 0.4881421 0.7446439 1.053619 1.038257 0.5099272 0.1646633 0.3202489 0.4007172 0.3046819 0.1149841 0.4023296 2.569061 8.772297 8.859917 3.450643 1.874783 2.719325 1.478477 0.6150394 0.6379516 0.5702739 1.571888 5.024009 8.276217 6.193509 5.933642 6.70391 8.3977 11.28564 15.6288 14.38396 11.36265 11.60024 13.28515 12.87579 9.225476 5.891619 3.430551 0.7727848 3.366947 5.878553 9.1972 10.72456 12.43386 14.51149 17.21815 16.44891 10.71907 6.903457 4.694745 4.323852 5.241033
1.057035 0.9023813 1.378357 1.319583 1.627483 2.259737 2.643577 2.769225 2.71417 2.738814 2.870316 3.149204 3.464986 2.94065 1.439616 0.4255124 0.3596599 0.3646011 0.2337645 0.1645995 0.1662014 0.2171656 0.1061599 0.1294188 0.2557336 0.2024592 0.1301974 0.2232338 0.3322069 0.4145323 0.1501934 0.2202311 1.142976 6.26344 9.187527 5.123783 1.583457 3.679783 2.980147 1.253868 0.6627447 0.4568933 0.5046939 1.85289 5.773023 5.082766 6.898967 5.626092 5.892311 6.882946 12.63672 14.47618 12.06754 12.06963 15.31994 17.31449 14.96777 11.36274 8.551238 4.278554 0.6029273 2.470908 6.109588 8.736199 10.56694 12.54232 16.30938 17.78522 13.4055 7.93525 3.743541 3.37447 4.958486
1.234857 0.823069 1.215028 1.632477 2.006244 2.294856 2.225476 2.173738 2.293785 2.591268 2.947124 3.698951 3.371387 1.659378 0.671994 0.4350396 0.3437474 0.2440475 0.2821306 0.2216324 0.128434 0.1787944 0.1674304 0.09376212 0.1651389 0.2058869 0.1326907 0.1740268 0.288897 0.4660645 0.2398416 0.1909472 0.4298985 3.319253 8.91229 8.607279 4.136134 4.749661 6.603828 5.443138 3.080225 0.6869534 0.3762327 0.9542407 3.738625 4.435588 6.713865 4.410686 5.512018 4.325613 7.655418 10.70419 11.05683 11.20031 13.67165 17.58785 18.92664 17.33329 13.915 9.300882 6.075853 5.584561 5.135535 4.569829 5.894128 9.362608 15.57981 18.69586 15.48178 10.22529 4.662774 2.500589 4.14781
0.5745093 1.107125 0.9840429 1.354146 1.985095 2.424254 2.52012 2.181044 2.245514 2.891856 3.494306 3.736878 2.744586 1.143094 0.4693682 0.3565344 0.2265803 0.2427171 0.3046641 0.226747 0.1369067 0.1778037 0.1916805 0.1446442 0.2024068 0.2065406 0.1239222 0.1711255 0.1996811 0.5034394 0.319213 0.2141134 0.254794 1.093966 7.358671 10.96127 7.082891 3.400044 6.084783 8.137481 7.720406 3.86966 0.6696276 0.9247686 2.86388 4.461697 3.907409 3.188516 5.939132 6.193911 6.203174 7.111401 10.79573 11.95557 10.84595 12.25819 14.46605 15.9962 17.51394 17.53972 16.74043 16.32869 13.29743 7.231155 1.695448 6.212556 13.95732 19.46458 16.99416 11.70094 6.891055 5.384034 6.624022
1.038324 0.3574317 0.6984177 0.9115317 1.595118 2.327352 2.75099 2.727255 3.052481 3.442479 3.322348 2.660345 1.65217 0.8753587 0.440704 0.2912447 0.2631134 0.2512185 0.2275971 0.2622693 0.2864319 0.2926356 0.224931 0.2074699 0.3255109 0.3510848 0.3582973 0.3696758 0.3102061 0.5229847 0.2889208 0.2654467 0.2367008 0.3862257 5.361331 11.41792 9.761732 4.166339 2.758848 5.784104 9.254602 7.939558 3.339689 1.064163 1.635188 2.367337 1.622715 1.566843 3.292308 5.813828 6.87324 7.212714 8.71016 12.26086 11.03741 9.63585 11.08369 10.18141 11.85092 17.06498 19.43225 17.17671 13.27997 8.608766 2.522903 2.995349 10.34427 19.05042 18.55067 11.4397 7.92863 11.14239 13.76051
3.148609 1.642505 0.7611377 0.9758378 1.414372 2.138264 2.899481 2.990315 3.163575 3.320145 2.629414 1.9682 1.494597 1.074031 0.6175226 0.2689455 0.3067183 0.2970609 0.2112353 0.28646 0.2790474 0.1848455 0.2307948 0.2750084 0.2886368 0.2359968 0.2619953 0.2822109 0.2632315 0.4216287 0.1914756 0.2677418 0.2377893 0.226426 3.403047 10.05076 11.36188 6.886332 3.265187 1.078282 6.149238 8.102615 5.640152 4.210495 4.212999 2.501174 0.6616106 0.7592726 1.557999 3.372307 5.069199 5.634805 4.700287 9.585186 11.36519 10.85901 12.49982 9.681342 5.775054 9.040588 11.79876 14.32626 17.77907 16.0965 10.42281 6.709901 7.786469 16.50981 17.65918 10.57898 5.893706 8.784676 10.65019
8.087053 5.108246 2.713301 1.323838 1.370584 2.042643 2.791034 2.724151 2.546976 3.258823 3.182699 2.650227 2.374035 1.888597 1.165305 0.5202128 0.3609074 0.2625849 0.1545196 0.2307955 0.2722171 0.2172838 0.1978165 0.08581215 0.1571316 0.2138958 0.17967 0.1819203 0.1677623 0.3382311 0.2152065 0.1724307 0.3015992 0.2436687 2.055194 7.709673 11.068 8.664491 5.55403 3.276347 3.327634 5.189261 5.575757 4.56822 5.325171 3.652742 2.259432 1.671216 1.105247 2.176706 2.826913 2.632076 2.842065 6.528018 10.17456 10.27647 12.80976 14.62653 14.2289 12.93249 11.05863 13.70113 21.08622 25.30641 23.02946 17.07092 11.82218 14.37183 13.19987 9.208002 0.8337412 4.310036 0.4124422
-9999 11.19812 7.670995 4.488715 2.799139 2.46289 2.55018 2.307455 1.80996 2.289158 2.693578 2.69049 2.98632 2.890896 2.121468 1.101998 0.4408396 0.2331767 0.1794402 0.2137581 0.2295442 0.2534621 0.1904646 0.146633 0.1926117 0.2456976 0.1908586 0.1908733 0.2276063 0.337765 0.3969454 0.1894359 0.1937633 0.3220226 1.337187 5.702896 9.768315 8.924506 6.7886 4.950605 2.538483 1.344232 4.149858 4.416391 5.029378 3.798562 3.057571 2.659368 0.3157583 0.6684934 1.016039 0.9997572 1.606894 3.685691 8.544783 8.243876 9.742562 16.49832 18.18391 15.13427 12.15365 10.33625 13.16268 20.99799 26.44596 26.98667 23.97363 19.94222 14.04024 9.054412 4.933893 6.550261 7.275532
-9999 -9999 12.94176 9.719114 6.511124 4.491326 3.198475 2.415792 1.748198 1.538687 1.568981 1.845934 2.519478 2.928956 2.74069 1.89781 0.9619543 0.5286807 0.3329394 0.2953218 0.2591098 0.2874729 0.2497991 0.141036 0.1182121 0.2326883 0.1950407 0.1202697 0.1815901 0.2133157 0.3030501 0.4116426 0.1154767 0.2736977 0.7822859 3.8262 8.214223 8.713664 6.831823 5.170094 4.564062 3.485806 3.102479 3.427086 3.629786 4.566152 4.691863 3.607566 3.176274 2.599515 0.9827226 0.4867141 0.9490464 1.750811 6.554026 8.345218 8.492076 10.52264 10.97184 10.7213 10.02606 8.303083 6.932338 7.848435 12.2624 15.89194 17.00068 16.10355 13.52571 10.58247 7.739622 6.496783 7.169608
-9999 -9999 -9999 -9999 11.339 8.427087 5.83546 3.99389 2.489561 1.429713 0.9741619 1.101023 2.055868 2.455664 2.302347 2.319263 2.336715 2.079551 1.519382 0.8932229 0.4144325 0.2549923 0.2690834 0.1903385 0.06032714 0.1894231 0.1903197 0.1028736 0.1489317 0.1433905 0.1580477 0.310311 0.2954514 0.09642961 0.3907007 1.846178 5.795838 7.738401 6.352093 5.214987 5.513668 5.570898 4.456741 2.250031 1.637797 5.083028 6.481277 5.02595 4.504907 4.670366 3.789201 1.781837 0.5454608 1.129176 3.460118 6.350174 6.134589 4.359653 4.43411 6.809378 7.714761 7.249827 4.428843 1.939504 5.580042 5.239956 2.800709 1.818529 1.564718 2.974322 4.698637 5.501105 5.870633
-9999 -9999 -9999 -9999 -9999 -9999 9.480895 6.959263 4.693416 2.806518 1.621938 1.275026 2.083791 2.238897 1.589929 1.677147 2.323847 2.798327 2.922342 2.339559 1.193672 0.5293602 0.3657294 0.2734801 0.160018 0.1860042 0.1584537 0.1547357 0.1564839 0.1200255 0.1592304 0.2248336 0.3210748 0.1941063 0.2633374 0.7339041 3.555698 6.434206 5.452145 4.355657 4.699801 4.895709 4.389505 3.409066 3.472701 2.23491 4.891914 3.313607 1.455745 2.082225 3.267578 3.375606 1.949129 0.4689291 0.907735 1.867052 2.166218 1.468566 1.413415 2.609343 4.249513 5.011783 4.453728 6.061002 6.56763 6.029315 6.756545 9.143619 10.70395 9.716578 5.865022 0.8644171 3.356405
-9999 -9999 -9999 -9999 -9999 -9999 -9999 10.00787 7.63078 5.35632 3.392407 2.354883 2.384636 2.336507 1.633355 0.8471481 0.6058411 0.8526285 1.818367 2.623357 2.293831 1.723612 1.056918 0.47844 0.2663689 0.2346013 0.187888 0.2580047 0.1859396 0.07120709 0.1515371 0.202216 0.2950734 0.4146699 0.08568005 0.4581921 2.131385 5.199703 4.846921 3.032501 3.239634 3.715862 3.913062 5.110969 5.703547 2.538117 3.523872 3.559251 2.586802 1.667531 1.385994 3.078762 2.993567 0.7962228 0.2475052 0.4903904 0.5825879 0.5362583 0.5089489 0.8727607 2.700497 5.780268 8.158822 9.14252 9.352646 10.46902 11.81506 12.84538 14.68155 16.42055 14.89367 8.516253 2.429925
-9999 -9999 -9999 -9999 -9999 -9999 -9999 -9999 -9999 7.503662 5.423159 3.898764 3.296771 2.9203 2.455527 1.843606 1.082131 0.3999381 0.7298394 1.25789 1.708393 2.068108 1.807827 1.049659 0.496903 0.2701654 0.2162574 0.2896354 0.2153036 0.1062209 0.1022029 0.1377223 0.2209515 0.417312 0.3183469 0.2789213 1.164584 3.7917 4.505098 2.553262 2.086991 1.981744 1.649904 3.844468 5.471437 3.812327 2.600897 3.234707 2.931003 0.9030517 0.8598354 2.290628 2.853611 1.455559 0.4234106 0.3792738 0.5869365 0.7408081 0.6564401 0.6606988 1.990956 7.192323 11.88318 12.12327 12.0027 12.56839 12.4881 11.96209 12.62045 16.1948 19.3524 16.07248 8.889337
-9999 -9999 -9999 -9999 -9999 -9999 -9999 -9999 -9999 -9999 6.388278 4.857563 3.979158 3.427075 3.378716 3.646195 3.42546 2.434983 1.357425 0.7452946 0.5955794 1.147726 1.732834 1.747759 1.066749 0.3926587 0.3002991 0.2603289 0.1647782 0.2197361 0.1305803 0.1107613 0.2194326 0.2918606 0.4013721 0.1115797 0.6539021 2.444603 4.352807 2.945723 1.17628 0.8959401 0.9080346 1.842601 3.248509 2.943311 0.8875469 2.671374 3.209155 0.836891 0.917845 2.034823 2.608976 1.675694 0.2759765 0.6107139 0.3641591 0.5604768 0.6404631 0.5769102 1.543054 8.577115 15.0836 13.85015 11.45009 10.47014 9.982821 10.18477 10.93925 14.15412 19.78615 20.62819 14.66835
-9999 -9999 -9999 -9999 -9999 -9999 -9999 -9999 -9999 -9999 -9999 -9999 4.085728 3.783189 3.803237 3.960588 4.390671 4.557844 3.928201 2.592866 1.455464 0.9504161 1.09989 1.772369 1.645146 0.7545687 0.4515503 0.414057 0.3135217 0.330276 0.2673871 0.1516055 0.2411968 0.3151616 0.39777 0.07404593 0.3952175 1.262297 4.508154 4.929914 2.651182 1.717815 1.228362 1.267992 1.316753 2.184502 1.814343 3.040988 2.630843 0.9420076 2.020617 2.96507 2.449941 1.577099 0.9033821 0.8051464 1.051675 0.2622672 0.5563614 0.5185962 1.839167 10.04012 17.1203 14.63377 10.88882 9.885217 9.671081 10.25197 10.2355 10.95199 16.6644 21.67818 17.8587
-9999 -9999 -9999 -9999 -9999 -9999 -9999 -9999 -9999 -9999 -9999 -9999 -9999 3.492826 3.200328 2.732661 2.783927 3.697867 4.82272 4.878313 4.048819 2.773354 1.603078 1.64743 1.904986 1.268467 0.7100683 0.7502801 0.8158382 0.7198225 0.6172198 0.4641275 0.3456404 0.3579788 0.3268383 0.09245727 0.2165017 0.6853036 4.534384 6.839162 2.796334 2.576025 2.823923 2.218663 0.7631848 1.251143 2.763884 3.227972 0.5640303 2.82619 3.034142 4.564696 2.611399 1.48647 1.183171 1.339875 1.250019 0.3966405 0.6244027 0.5127576 1.880718 10.53004 17.77039 15.15931 10.9504 9.918322 9.901197 9.354521 7.34843 6.002231 11.14636 19.68525 21.22682
-9999 -9999 -9999 -9999 -9999 -9999 -9999 -9999 -9999 -9999 -9999 -9999 -9999 -9999 -9999 2.760953 2.125624 1.556888 2.161013 3.221594 4.300261 4.59376 3.610238 2.69587 2.390567 1.946853 1.198834 0.8726666 1.06974 1.247467 1.187204 1.052056 0.6785502 0.3734287 0.3223003 0.211949 0.1507853 0.4141673 3.303152 7.474355 5.917941 1.82657 1.014023 0.9078054 1.484706 1.30896 1.179006 0.9777685 1.834555 3.209944 1.765708 5.389643 4.205857 2.675436 1.864919 1.278351 0.9870495 0.4820417 1.142386 1.426215 1.703771 8.926113 16.84327 16.67287 13.14218 10.35315 9.939243 9.457033 7.13424 4.793012 7.620078 14.97594 22.59522
-9999 -9999 -9999 -9999 -9999 -9999 -9999 -9999 -9999 -9999 -9999 -9999 -9999 -9999 -9999 -9999 3.203864 2.329358 1.471648 1.002506 1.686355 3.133044 3.995541 3.942219 3.528832 2.990343 2.179483 1.271709 0.9400468 0.9618092 0.9474741 1.201024 1.005131 0.4368594 0.3434314 0.314126 0.2328174 0.2759621 1.528716 5.193698 6.627607 5.268871 3.839747 2.01896 0.8877283 2.230253 2.504251 1.273842 2.191111 3.068719 1.295964 4.597062 6.731764 4.861598 2.487212 0.638095 0.382601 0.5081182 1.822919 2.319676 2.796566 7.461091 13.70199 15.44042 14.45105 11.23213 10.26577 11.03231 9.921162 6.728815 6.344444 9.923942 19.54152
-9999 -9999 -9999 -9999 -9999 -9999 -9999 -9999 -9999 -9999 -9999 -9999 -9999 -9999 -9999 -9999 -9999 -9999 2.775472 1.611074 0.9838316 1.186046 2.028166 2.832311 3.555761 3.944363 3.490727 2.27609 1.175474 0.8178891 0.755587 1.061989 1.007278 0.5169261 0.4313805 0.4017142 0.31503 0.2211147 0.6278772 3.164227 4.633016 4.909252 5.268945 4.834764 3.205795 2.065756 2.095856 1.064322 1.836997 2.539345 2.140603 0.8228734 5.615742 6.120118 3.59307 1.335881 0.3739067 0.5311089 2.372445 3.472502 4.079207 8.017417 11.93354 12.9498 13.06782 11.33004 10.40277 12.07911 12.9731 9.230743 5.239461 7.798622 15.95878
-9999 -9999 -9999 -9999 -9999 -9999 -9999 -9999 -9999 -9999 -9999 -9999 -9999 -9999 -9999 -9999 -9999 -9999 -9999 2.412892 1.892741 1.496465 1.357265 1.23854 1.670791 2.826697 3.737948 3.551977 2.546743 1.698498 1.133225 1.015336 0.8983864 0.5291876 0.4983527 0.5492544 0.3958716 0.1718285 0.2951451 1.943524 3.384662 4.201086 5.301932 5.767838 4.903072 4.587575 3.691277 2.101765 2.028913 2.566016 3.702966 3.79466 3.875283 6.31012 4.219921 1.480687 0.3744178 0.5040014 2.647611 4.394787 5.240964 7.84658 10.38802 11.32928 10.89264 10.2803 10.44632 12.24308 14.39995 11.95428 3.862725 5.47469 13.52706
