04_184A004/slope.asc
ncols 172
nrows 237
xllcorner 610032
yllcorner 6876144
cellsize 16
nodata_value -9999
[rows 128 to 159 of 237, columns 73 to 145 of 172]
5.131835 4.829028 5.178187 6.177361 4.884106 2.080341 0.4161906 0.0009176379 0.0004709365 0.001816882 0.001354687 0 0 0 0 0 0 0 0 0 0 0 0 0 0 0 0.001651748 0.3155661 1.955535 4.211674 6.419055 8.492472 7.073778 3.961245 2.880583 2.32871 2.724312 4.092407 6.039746 7.909813 10.18137 11.95227 10.70681 8.295568 9.137587 11.16446 11.84228 9.123206 4.420198 0.2937017 2.963316 -9999 -9999 -9999 -9999 -9999 -9999 -9999 -9999 -9999 -9999 -9999 -9999 -9999 -9999 -9999 -9999 -9999 -9999 -9999 -9999 -9999 -9999
4.191685 3.619051 3.693555 5.801063 6.932591 5.238626 2.384853 0.4140618 0.002646136 0.001813451 0.001051905 0 0 0 0 0 0 0 0 0 0 0 0 0 0 0 0 0.004510914 0.2131899 0.8687128 3.011778 7.649266 9.101115 5.894032 3.014758 1.266312 0.7660657 1.972782 3.96833 5.714698 7.755006 10.71898 12.46693 10.85915 8.970984 9.449697 10.93092 10.32816 8.015107 5.259356 1.435775 -9999 -9999 -9999 -9999 -9999 -9999 -9999 -9999 -9999 -9999 -9999 -9999 -9999 -9999 -9999 -9999 -9999 -9999 -9999 -9999 -9999 -9999
3.225592 2.859695 2.061979 3.270796 5.445522 6.687091 5.28683 1.780186 0.1248244 0.001811288 0.0007676142 0 0 0 0 0 0 0 0 0 0 0 0 0 0 0 0 0 0 0.07024256 1.61826 4.805695 8.376603 8.657702 5.427915 2.4188 1.176076 0.8879894 1.631058 3.200251 4.804898 6.936084 9.574391 11.1348 10.0927 9.379625 10.14471 9.90529 8.341727 6.864935 4.567572 0.7315401 -9999 -9999 -9999 -9999 -9999 -9999 -9999 -9999 -9999 -9999 -9999 -9999 -9999 -9999 -9999 -9999 -9999 -9999 -9999 -9999 -9999
2.133406 2.118265 2.036306 2.622771 3.190993 5.169693 6.542972 3.359123 0.5417902 0.002083219 0.0004881555 0 0 0 0 0 0 0 0 0 0 0 0 0 0 0 0 0 0 0.05437249 1.645148 2.874577 4.880873 8.080412 8.309753 5.371589 2.143004 1.57092 1.644336 1.361809 2.425824 4.259286 5.975873 8.303599 9.625984 10.2109 11.15769 11.49921 10.25815 8.623449 6.646843 2.51866 1.055313 -9999 -9999 -9999 -9999 -9999 -9999 -9999 -9999 -9999 -9999 -9999 -9999 -9999 -9999 -9999 -9999 -9999 -9999 -9999 -9999
2.307646 1.897186 1.496249 2.708536 2.828135 4.113354 6.494693 4.450292 1.370098 0.1212001 0.0002284287 0 0 0 0 0 0 0 0 0 0 0 0 0 0 0 0 0 0 0.03796605 1.278994 2.720233 3.724777 6.631702 10.46569 9.755095 5.177157 2.320556 2.432223 2.620077 1.464428 1.635547 3.981855 6.016739 7.30105 9.025875 10.9817 12.56839 12.98527 12.1527 9.493094 5.122236 2.386396 -9999 -9999 -9999 -9999 -9999 -9999 -9999 -9999 -9999 -9999 -9999 -9999 -9999 -9999 -9999 -9999 -9999 -9999 -9999 -9999
2.687589 2.645284 1.103071 2.171996 3.150864 4.029646 6.152716 5.264736 2.553144 0.6048573 0.03107899 0 0 0 0 0 0 0 0 0 0 0 0 0 0 0 0 0 0 0 0.3885074 1.624138 2.767612 4.19781 8.796506 12.19314 9.374515 5.49434 3.048638 2.654164 2.409064 1.107668 1.538874 4.279747 5.403996 6.902288 9.843207 12.34383 14.11728 15.60563 14.49469 10.45892 5.518703 -9999 -9999 -9999 -9999 -9999 -9999 -9999 -9999 -9999 -9999 -9999 -9999 -9999 -9999 -9999 -9999 -9999 -9999 -9999 -9999
1.587623 3.032746 1.859934 1.7803 3.061706 3.58867 5.494948 5.686316 3.457644 1.297262 0.139076 0 0 0 0 0 0 0 0 0 0 0 0 0 0 0 0 0 0 0 0 0.2002857 0.5131399 0.8787369 4.289916 10.41096 12.10658 9.012544 4.825744 1.386232 2.547005 2.215205 0.449103 1.830488 4.0139 5.488936 7.854262 11.48798 14.41366 16.86345 16.9155 14.29552 9.713844 3.311702 -9999 -9999 7.300335 3.768257 -9999 -9999 -9999 -9999 -9999 -9999 -9999 -9999 -9999 -9999 -9999 -9999 -9999 -9999 -9999
0.8027366 1.662776 1.68668 1.378684 2.67642 3.234802 5.010711 5.459248 3.38176 1.82685 0.4319614 0.009190868 0 0 0 0 0 0 0 0 0 0 0 0 0 0 0 0 0 0 0 0 0 0.003453216 1.403852 6.859183 12.57102 12.11486 8.292154 2.926533 2.895561 2.686587 0.8851749 1.385993 2.366033 2.808208 3.408109 6.548202 11.01437 15.62318 17.53222 16.11136 13.96748 8.528481 5.226041 6.579721 7.150476 4.468273 1.877041 0.4605375 -9999 -9999 -9999 -9999 -9999 -9999 -9999 -9999 -9999 -9999 -9999 -9999 -9999
1.936499 0.4649141 1.998146 1.870224 2.25436 3.84915 5.619112 4.972796 2.512254 1.894678 0.9830456 0.1942634 0 0 0 0 0 0 0 0 0 0 0 0 0 0 0 0 0 0 0 0 0 0 0.302239 3.303383 10.00294 13.17993 11.31603 7.1791 2.744514 2.403807 1.860223 2.032466 1.383065 1.029042 0.1725267 1.459743 4.295209 10.92642 17.18918 17.11625 15.94601 14.56576 11.37301 10.80026 8.266351 4.324025 1.891766 2.463996 0.1539908 -9999 -9999 -9999 -9999 -9999 -9999 -9999 -9999 -9999 -9999 -9999 -9999
2.344034 0.6310825 -9999 2.561871 2.169764 4.536414 5.587933 3.778546 1.942029 1.817257 1.358877 0.4180822 0.0003670552 0 0 0 0 0 0 0 0 0 0 0 0 0 0 0 0 0 0 0 0 0 0.003491854 0.8629516 5.557283 11.32203 12.05299 8.824121 4.72607 1.951472 3.12454 1.650836 1.474985 1.325835 0.2829741 1.977095 3.176462 4.015321 12.78496 15.5191 13.89891 15.16612 15.41638 13.36139 8.710868 4.362607 1.596838 1.745227 2.946114 2.482541 1.566771 -9999 -9999 -9999 -9999 -9999 -9999 -9999 -9999 -9999 -9999
2.221141 -9999 -9999 -9999 2.73233 3.945159 4.896047 3.12395 2.118889 2.101051 1.615751 0.6707732 0.2033404 0.07088324 0.0006520058 0 0 0 0 0 0 0 0 0 0 0 0 0 0 0 0 0 0 0 0 0.05813475 1.997329 7.397112 11.75095 10.16238 5.606582 2.530915 3.204172 1.564159 1.938359 2.119915 1.516862 1.505331 3.612083 2.142259 7.342743 12.75461 11.41697 11.90505 13.09714 11.89856 9.673579 7.423652 4.455381 3.756223 4.223548 4.269194 2.532537 -9999 -9999 -9999 -9999 -9999 2.268362 -9999 -9999 -9999 -9999
-9999 -9999 -9999 -9999 -9999 1.44126 4.488195 3.817523 2.324641 2.313517 1.850288 1.257501 0.6710427 0.2256501 0.008640771 0 0 0 0 0 0 0 0 0 0 0 0 0 0 0 0 0 0 0 0 0 0.3960462 3.147151 9.624468 12.35533 7.652368 3.081905 2.867848 2.075864 2.470944 3.278051 3.077895 2.492754 2.987283 3.21908 3.186217 9.715687 10.72379 9.98088 9.152392 9.355426 10.84901 10.58931 8.229982 6.817979 5.776924 5.311502 3.736291 2.021055 -9999 -9999 -9999 -9999 4.717722 -9999 -9999 -9999 -9999
-9999 -9999 -9999 -9999 -9999 -9999 4.027939 5.315788 3.201214 2.130622 1.630122 1.473464 1.145307 0.4262998 0.01578298 0 0 0 0 0 0 0 0 0 0 0 0 0 0 0 0 0 0 0 0 0 0 0.6888819 5.541649 11.69064 10.64538 4.557601 2.37021 3.551459 4.691009 5.371982 5.47222 4.847246 3.204843 2.22398 1.697636 4.792264 8.314038 8.586071 7.171259 6.943222 9.510999 11.127 9.449749 8.615051 8.764283 8.505032 7.364545 6.110696 4.141097 2.62007 1.803354 4.059316 7.588101 -9999 -9999 -9999 -9999
-9999 -9999 -9999 -9999 -9999 -9999 1.772586 4.697812 3.923285 2.406459 1.504625 1.545516 1.601871 0.6150436 0.01423121 0 0 0 0 0 0 0 0 0 0 0 0 0 0 0 0 0 0 0 0 0 0 0.04960073 1.923249 7.694963 11.60431 8.624169 3.472275 5.110878 5.180346 5.907085 6.109761 4.995645 3.221133 1.068388 2.321153 1.149704 2.918914 5.476643 6.527637 6.773072 8.086253 10.36472 10.95438 10.42534 10.37507 10.31378 10.07494 10.06699 9.065108 8.218999 8.040775 8.012992 6.878762 -9999 -9999 -9999 -9999
-9999 -9999 -9999 -9999 -9999 -9999 -9999 2.234632 3.651217 3.753319 1.961928 1.513335 1.954325 0.7226867 0.005299774 0 0 0 0 0 0 0 0 0 0 0 0 0 0 0 0 0 0 0 0 0 0 0 0.3181726 3.13954 8.43805 11.04961 7.905245 5.743471 4.271126 4.218589 5.415007 5.626704 5.035986 3.445359 1.812786 1.33788 1.300125 2.820291 5.143241 6.490331 7.924317 9.828904 11.06546 10.28587 9.867667 10.88994 12.41601 12.78626 11.81453 10.55608 8.678979 6.381769 4.084843 2.17948 1.054782 2.538195 3.429577
-9999 -9999 -9999 -9999 -9999 -9999 -9999 2.989901 1.710158 3.856202 2.335953 1.446696 1.989943 0.7588184 0.00825555 0 0 0 0 0 0 0 0 0 0 0 0 0 0 0 0 0 0 0 0 0 0 0 0.004066585 0.5594953 3.349956 7.727958 9.108403 7.088425 4.517257 3.485562 4.221357 5.992596 6.693663 6.142842 4.408152 2.824162 2.74405 2.187346 2.784532 4.307363 5.852895 6.540709 6.892807 7.3924 7.734323 9.501965 11.40177 12.0982 10.98474 9.319977 7.701037 5.496457 3.733296 2.951351 3.048457 4.480518 3.846455
-9999 -9999 -9999 -9999 -9999 -9999 -9999 5.394821 4.993334 3.843917 1.88209 1.382485 1.759563 0.7923592 0.05543971 3.863738e-5 0 0 0 0 0 0 0 0 0 0 0 0 0 0 0 0 0 0 0 0 0 0 0 0 0.5303988 2.461406 4.753555 5.793918 5.209014 4.001531 3.332736 4.305426 5.263145 4.840423 4.255138 4.291188 3.704147 3.074532 3.094482 2.530178 2.009373 2.752818 2.587095 3.88725 4.904757 6.012071 6.414091 8.130724 8.582627 7.962728 7.739851 7.180001 6.060025 5.109469 5.155528 6.699207 7.668566
-9999 -9999 -9999 -9999 -9999 -9999 -9999 2.757483 3.262991 2.473989 1.376066 1.543807 1.504894 0.6838642 0.07442158 6.965453e-5 0 0 0 0 0 0 0 0 0 0 0 0 0 0 0 0 0 0 0 0 0 0 0 0 0 0.1814019 0.8358067 1.874616 2.717933 2.803009 2.382133 2.616618 4.223826 4.478411 3.561036 4.005983 4.382934 4.840487 4.263172 2.587877 1.657665 3.012376 1.771635 0.6440066 2.007459 3.563065 3.630038 5.403943 7.357418 7.702963 7.548828 7.259695 6.952106 7.148546 7.386609 7.535364 8.965355
-9999 -9999 -9999 -9999 -9999 -9999 -9999 0.5762812 0.9198726 1.444636 1.803205 1.83188 1.188535 0.4247554 0.05049833 6.109107e-5 0 0 0 0 0 0 0 0 0 0 0 0 0 0 0 0 0 0 0 0 0 0 0 0 0 0 0 0.03956468 0.148546 0.3287691 0.5279754 1.025619 2.947749 4.739059 4.8989 4.577273 4.460727 4.027127 3.150273 3.489849 3.732636 3.787874 1.983507 1.821152 3.470625 4.947417 4.221671 3.940249 5.348811 6.41888 6.772997 6.259671 5.971682 6.78575 6.993859 6.85497 7.888195
-9999 -9999 -9999 -9999 -9999 -9999 -9999 0.4001061 0.3931997 0.6443065 0.9939443 0.8684037 0.3982109 0.08820804 0.003168324 1.931869e-5 0 0 0 0 0 0 0 0 0 0 0 0 0 0 0 0 0 0 0 0 0 0 0 0 0 0 0 0 0 0 0 0.09356035 0.750119 1.935979 2.750393 2.866565 2.557519 2.031533 1.918604 2.862113 4.725585 5.668751 5.644078 6.004961 6.092875 4.955472 3.111304 2.254804 2.42854 3.342752 5.33129 5.47536 4.538187 4.616192 4.207457 4.874403 6.382497
-9999 -9999 -9999 -9999 -9999 -9999 -9999 -9999 0.0645396 0.3952063 0.4817009 0.1621891 0.013412 0 0 0 0 0 0 0 0 0 0 0 0 0 0 0 0 0 0 0 0 0 0 0 0 0 0 0 0 0 0 0 0 0 0 0 0.008297378 0.1155245 0.336894 0.4994575 0.5090735 0.5820084 0.761775 1.243143 2.797059 4.548883 5.608869 5.613992 4.120772 2.269852 1.530865 2.43792 2.174395 1.439372 3.506241 5.234804 4.696114 4.071513 3.81468 3.917543 4.112921
-9999 -9999 -9999 -9999 -9999 -9999 -9999 -9999 -9999 -9999 0.5053926 0.1766336 0.01045624 0 0 0 0 0 0 0 0 0 0 0 0 0 0 0 0 0 0 0 0 0 0 0 0 0 0 0 0 0 0 0 0 0 0 0 0 0 0 0 0.00221682 0.002226526 0.005625574 0.1613072 0.6207955 1.291503 1.646625 1.496162 1.251718 1.173746 1.29908 2.530133 3.279794 2.440909 2.576221 4.019269 4.131807 3.07217 3.566133 4.564012 3.91402
-9999 -9999 -9999 -9999 -9999 -9999 -9999 -9999 -9999 -9999 -9999 0.2010174 0.02938934 0 0 0 0 0 0 0 0 0 0 0 0 0 0 0 0 0 0 0 0 0 0 0 0 0 0 0 0 0 0 0 0 0 0 0 0 0 0 0 0 0 0 0 0.003665722 0.009989204 0.0106373 0.007779778 0.1170061 0.3257685 0.5874005 1.307469 2.431709 2.40284 1.638236 1.5547 2.245158 2.478866 2.639747 3.625477 3.830214
-9999 -9999 0.2641154 0.1896579 0.1191303 0.1049999 0.09092092 0.04474016 0.2635465 -9999 -9999 -9999 0.03312519 0 0 0 0 0 0 0 0 0 0 0 0 0 0 0 0 0 0 0 0 0 0 0 0 0 0 0 0 0 0 0 0 0 0 0 0 0 0 0 0 0 0 0 0 0 0 0.0002849507 0.004578265 0.01172034 0.01183492 0.1902628 0.7987108 1.537029 1.338837 0.9750903 2.818762 4.834617 3.938179 3.507828 4.257069
0.3661996 0.2881209 0.1899385 0.2198076 0.1564953 0.08873493 0.02257626 0.03574776 0.3558892 0.4532003 0.3769435 1.044878 1.259561 0.8701088 0.2947837 0.02542823 0 0 0 0 0 0 0 0 0 0 0 0 0 0 0 0 0 0 0 0 0 0 0 0 0 0 0 0 0 0 0 0 0 0 0 0 0 0 0 0 0 0 0 0 0.001067358 0.002093929 0.001945303 0.006268583 0.09505421 0.785722 1.337465 1.555933 4.343643 7.039713 3.561271 2.188552 4.562591
0.4807647 0.4271277 0.2223691 0.2444245 0.2809939 0.1938642 0.1092067 0.1477056 0.4395676 0.690259 1.636044 3.372831 4.327476 4.156453 2.538262 0.9713783 0.2382584 0.02151136 0 0 0 0 0 0 0 0 0 0 0 0 0 0 0 0 0 0 0 0 0 0 0 0 0 0 0 0 0 0 0 0 0 0 0 0 0 0 0 0 0 0 0 0 0 0 0.002864794 0.2583752 1.011535 2.543009 4.748059 5.958031 4.522292 5.123939 6.825068
0.5643363 0.5685493 0.300641 0.1544541 0.1975479 0.2330587 0.3245833 0.3583256 0.4853268 0.7787235 2.249093 4.487407 5.002361 6.519588 6.636488 5.100896 3.250659 1.780483 0.7670141 0.1500485 0.0004056925 0 0 0 0 0 0 0 0 0 0 0 0 0.1333953 0.6142302 1.008906 0.9208024 0.4453595 0.09665553 0.05870163 0.09958227 0.1446712 0.1786185 0.1540567 0.1121436 0.1572856 0.1553106 0.07852298 0.008451927 0 0 0 0 0 0 0 0 0 0 0 0 0 0 0 6.761542e-5 0.01577386 0.4868985 2.482291 4.412078 6.695062 7.711899 6.939492 8.03127
0.5173142 0.6352473 0.4294243 0.2204946 0.05240868 0.151412 0.5142615 0.5163702 0.2072453 0.6038659 2.520161 4.965528 4.296958 4.82516 7.821 9.095961 7.944681 5.894129 4.060462 2.121813 0.687821 0.0641815 0 0 0.03369663 0.2510897 0.429972 0.3799508 0.1466636 0.01072187 0.002651491 0.03449415 0.164785 1.22779 3.384804 4.647191 4.617417 3.329015 2.290305 2.327569 3.061421 4.659957 5.683433 5.233484 4.432997 4.851754 5.004468 3.828353 1.95146 0.5536551 0.02622995 0 0 0 0 0 0 0 0 0 0 0 0 0 0 0 0.108484 1.248209 2.234039 3.091493 3.254064 3.421029 3.830278
0.5160998 0.6741823 0.49625 0.2862239 0.08203153 0.1996617 0.6165454 0.6467888 0.4558377 0.9253715 2.894466 5.47783 5.659878 5.083029 6.907195 8.85755 9.156697 8.835367 9.107921 7.07197 3.128639 0.3796187 0.02298032 0.1021666 0.5639812 1.619382 2.614337 3.146238 2.885462 2.212266 1.786013 1.700465 2.007581 4.715158 9.604529 11.60374 11.48539 8.717964 5.585173 5.679137 8.540236 12.88875 15.10207 14.60702 11.62792 9.672897 9.61237 10.28956 10.09767 8.021523 4.423709 1.373122 0.1439307 0.0007437696 0 0 0 0 0 0 0 0 0 0 0 0 0 0.3159299 0.5296477 0.5509958 1.207879 2.801997 2.591078
0.9043809 0.8337561 0.5389082 0.3416765 0.2402134 0.3166574 0.62532 0.9033133 1.080421 1.478507 3.202021 6.00349 6.470916 5.358445 4.902558 5.762701 7.27653 8.126256 9.54536 10.0123 5.613201 0.869754 1.591018 3.051339 3.858123 3.795383 4.363919 5.508646 6.706895 7.018052 6.435771 5.191108 5.510872 10.43334 16.22825 16.68748 17.0494 14.66345 8.193722 8.737772 13.99663 17.72196 17.26736 16.46462 12.65619 8.62356 8.630208 10.758 13.41621 15.08649 14.10969 9.569027 4.186563 0.9807798 0.03723194 0 0 0 0 0 0 0 0 0 0 0 0 0 0 0.003728508 0.3543803 2.400923 2.749375
2.339925 1.663331 1.040583 0.7652161 0.6859587 0.4570206 0.4324768 0.898575 1.092398 1.017675 2.506536 5.416635 6.606446 6.895411 6.350204 3.225806 1.074952 2.33107 6.684281 10.72475 6.267826 1.118539 3.283041 5.036324 5.821668 5.283867 4.457849 4.681278 6.169291 8.490781 9.709435 9.7341 11.19965 15.6814 17.78286 14.20772 14.70335 17.3358 10.22499 10.72758 15.10561 15.26733 11.10656 12.88014 11.2205 7.098265 6.892177 7.180278 8.428051 11.97041 17.15591 19.49495 16.24774 9.513253 3.411514 0.4703127 0.0001738682 0 0 0 0 0 0 0 0 0 0 0 0 0 0.05251815 1.725282 2.952903
3.675181 3.14049 2.231897 1.507556 1.174759 0.8519002 0.4527925 0.372912 1.278143 1.846488 2.764549 5.288262 8.056053 10.42336 12.00996 11.13238 8.98995 7.284297 9.708657 9.806399 4.125978 1.56999 2.746517 4.249285 2.56569 2.753916 3.000071 2.963793 5.103829 7.322929 10.08994 12.95991 14.64851 15.55503 13.61611 8.365629 8.595956 15.85801 8.753855 7.758343 12.47454 10.53741 3.841915 10.36454 9.303506 5.373209 5.203962 4.812188 4.631999 5.879794 9.507916 16.15419 20.93092 20.09408 14.02949 6.786032 2.268564 0.3313119 0 0 0 0 0 0 0 0 0 0 0 0 0.0007341103 0.7516639 2.096695
