04_184A004/slope.asc
ncols 172
nrows 237
xllcorner 610032
yllcorner 6876144
cellsize 16
nodata_value -9999
[rows 64 to 95 of 237, columns 73 to 145 of 172]
2.297699 1.684008 1.162498 4.131614 10.28523 9.377302 2.504092 5.629957 6.168046 4.677557 3.689573 4.523633 5.463295 6.182812 6.025416 5.132775 3.682948 2.047254 0.8499182 0.2317571 0.2300507 0.4740659 0.6983403 1.954171 2.285196 3.471468 6.151282 6.936549 4.400089 1.769189 1.280551 1.525785 2.137898 3.123336 3.69803 2.781044 1.86115 1.221692 0.570726 0.4304244 0.433349 0.3564123 0.5722221 0.8367384 0.946065 0.5683984 0.9335472 3.129264 6.23027 19.16665 34.00925 37.47234 33.04017 26.2436 19.54703 14.55329 11.76751 10.14079 8.73814 7.096621 -9999 -9999 -9999 -9999 -9999 -9999 -9999 -9999 -9999 -9999 -9999 -9999 -9999
1.091004 0.5406479 1.345834 3.684093 11.07786 13.38865 9.377513 8.532434 6.975787 5.153493 3.429809 2.888192 2.73591 4.047182 5.394004 6.16758 6.222212 5.332952 4.059656 2.63014 0.8412282 0.6018119 0.3490892 1.858611 4.022683 5.562346 6.931969 6.185354 3.21629 1.258716 1.493803 2.566942 3.549797 3.924552 3.225343 1.843212 1.028109 0.5669849 0.3554844 0.3403731 0.3092396 0.3458117 0.5194768 0.667054 0.9495301 0.8284317 0.8015479 1.515071 2.058496 3.65933 10.32478 18.0626 20.77796 20.06223 18.12932 15.60049 14.01732 12.8555 10.47343 -9999 -9999 -9999 -9999 -9999 -9999 -9999 -9999 -9999 -9999 -9999 -9999 -9999 -9999
1.507193 0.8510771 2.35191 1.864678 6.680951 12.60808 13.30727 11.45615 8.657527 5.331658 3.173968 3.015726 2.844504 2.128841 2.522383 3.579278 4.357078 4.877238 4.675952 4.60614 3.886689 1.586033 0.8556218 1.938351 2.557832 3.871098 4.873374 3.914579 1.990867 0.9398138 1.964086 2.982344 2.612186 2.006772 1.31944 0.7628874 0.5541542 0.2635037 0.2770999 0.31598 0.2944463 0.4075302 0.4538407 0.5276684 0.7976705 0.9583611 1.359284 2.90902 6.146074 9.793548 12.13071 12.73586 10.80839 8.311347 7.627465 5.932298 4.108142 2.833552 2.042715 1.508773 -9999 -9999 -9999 -9999 -9999 -9999 -9999 -9999 -9999 -9999 -9999 -9999 -9999
1.44273 2.067526 3.146131 2.939619 4.580707 8.177953 10.59557 9.321974 7.566791 6.265931 5.027987 4.046377 2.451131 1.899598 1.803948 1.11263 1.181254 2.50526 2.294423 1.335198 3.253351 2.899766 1.530792 2.106263 2.496239 3.340606 3.455102 3.295503 2.594872 1.504073 2.763841 3.475565 1.813471 0.8927102 0.6528188 0.5335918 0.3301795 0.1858636 0.1117037 0.05765148 0.2366569 0.363047 0.3594583 0.4016187 0.6648951 1.789038 5.555126 10.37526 14.80371 17.45233 17.90584 16.81996 14.11774 10.81058 9.013866 8.22123 7.109958 6.550623 5.157937 -9999 -9999 -9999 -9999 -9999 -9999 -9999 -9999 -9999 -9999 -9999 -9999 -9999 -9999
1.103224 1.594046 3.040183 3.855425 4.383018 4.362326 5.816518 6.779476 6.984909 7.150476 6.695051 5.924288 4.386143 2.718479 2.656905 1.566103 0.8245695 3.456854 2.817244 0.7071088 2.377253 3.209437 0.8272908 2.375994 2.855403 3.130318 2.499678 2.247214 2.26408 2.268514 3.662011 3.812382 1.714548 0.7115674 0.6169319 0.4532347 0.2436822 0.2670761 0.2126571 0.2661541 0.3190202 0.2458168 0.203734 0.3564583 0.6679862 3.473957 9.985466 15.35453 18.18306 18.2081 17.13322 16.66306 15.89542 14.07791 10.42294 7.752255 5.851447 4.599201 2.838397 -9999 -9999 -9999 -9999 -9999 -9999 -9999 -9999 -9999 -9999 -9999 -9999 -9999 -9999
3.197215 1.442066 2.827405 3.703224 2.855211 1.83166 2.24761 3.627867 4.419511 5.205064 5.7884 5.542045 5.056931 4.090096 4.394558 3.706344 3.346719 5.035525 4.94978 4.419585 3.929732 4.090866 1.461146 2.973778 3.130589 3.393948 3.459688 3.168775 2.182034 1.443096 3.394454 4.236231 2.449279 0.8098994 0.5708182 0.3028596 0.2410007 0.4321626 0.3886843 0.218468 0.1978117 0.07144959 0.1415023 0.2523881 0.6627734 4.03088 12.12938 17.02146 14.95454 11.94875 10.6405 10.35716 10.06855 9.874583 8.262825 3.467136 0.873054 0.6614842 1.553183 3.603866 2.781407 -9999 -9999 -9999 -9999 -9999 -9999 -9999 -9999 -9999 -9999 -9999 -9999
3.673024 2.991455 3.321901 3.262349 2.58088 1.746385 1.12027 1.321276 2.138685 2.800236 3.023202 3.180878 4.144844 4.157512 3.86489 3.313598 3.732997 5.198905 5.444051 3.308805 4.377168 3.072922 1.890007 2.695505 2.766859 3.262184 3.185502 2.466466 2.184812 2.65017 3.281119 3.520644 2.710464 1.24224 0.3794675 0.2472528 0.4973919 0.5436104 0.2269304 0.05582235 0.1270163 0.1230012 0.2048495 0.1621259 0.4261861 3.23966 11.49561 18.72253 16.89222 11.62726 8.302255 5.695036 3.168069 0.9592159 4.839425 4.790134 1.643013 2.144673 2.870853 3.162098 1.979677 0.3160623 -9999 -9999 -9999 -9999 -9999 -9999 -9999 -9999 -9999 -9999 -9999
-9999 3.749994 3.156783 2.176745 2.681747 3.499184 3.375274 2.168834 1.515831 1.855939 1.81891 2.06549 2.900023 3.341076 2.693652 1.886686 1.649407 1.992584 2.40361 4.12077 5.433415 2.234469 1.816618 1.377019 2.42049 4.00513 3.437163 1.823007 1.270509 2.311767 3.350126 3.37805 2.530783 1.145685 0.1123168 0.5090211 0.6249322 0.4967102 0.3359432 0.2623909 0.08544388 0.1520321 0.1408366 0.01570977 0.138381 1.915564 8.417317 16.87499 18.85961 15.93714 12.76721 8.803522 5.445863 4.029109 1.601869 3.924553 3.726059 2.365752 2.096371 2.368963 1.639387 0.9008636 0.7933859 -9999 -9999 -9999 -9999 -9999 -9999 -9999 -9999 -9999 -9999
-9999 3.787966 3.394696 2.280226 2.835725 4.116253 4.998914 4.392032 2.144828 0.64567 1.027615 1.468474 1.799818 1.862955 1.799982 1.372425 3.55878 5.51834 5.371166 5.056416 5.509055 1.789326 2.351158 1.080944 2.318101 4.772871 4.301466 2.763616 2.560693 3.415504 3.553767 2.666735 1.641835 0.5573362 0.2620791 0.5798742 0.6814206 0.9619307 1.454238 1.978979 2.024277 1.557201 0.9779991 0.4892061 0.225427 0.8674276 4.642712 12.20488 16.79115 16.3765 14.00898 9.246943 4.625556 4.480899 4.208193 3.903048 3.234407 2.18392 2.391539 2.57839 1.605855 0.1953058 0.8921279 0.9396231 -9999 -9999 -9999 -9999 -9999 -9999 -9999 -9999 -9999
-9999 4.385836 5.163302 2.981218 1.817737 1.869555 4.775121 5.091213 3.462357 1.171515 0.7072094 1.00165 1.040412 1.054441 1.182959 3.59609 7.764878 7.690367 6.160051 5.353105 4.177841 0.6099118 3.761956 3.294619 3.912334 5.296809 4.889856 4.021522 3.669366 3.628665 2.827006 1.591833 0.5383556 0.3924784 0.7419541 0.9707583 1.249121 2.018061 2.567687 3.162146 3.758916 3.72627 2.765028 1.595279 0.7294738 0.5113914 2.346469 8.495465 13.88749 15.84312 14.80538 9.503543 4.155216 3.684087 4.748704 4.897386 3.999623 2.982215 2.013166 1.602095 1.969866 1.382682 0.4446448 0.6756424 -9999 -9999 -9999 -9999 -9999 -9999 -9999 -9999 -9999
-9999 2.224544 4.984594 3.190899 0.7241098 2.313374 3.575983 3.787251 4.345102 2.703924 0.6440149 0.4722948 0.527603 0.5897603 1.009547 5.871291 9.177877 5.330845 3.12826 3.306796 1.22554 3.537393 5.043781 4.340504 5.485286 5.991229 5.083744 4.384596 3.504717 2.332835 1.447626 0.7471008 0.4517819 0.8486986 1.59198 2.574549 3.31711 3.654594 3.400416 3.810637 5.34797 6.861691 6.487167 4.117622 2.173278 1.409745 1.561545 6.880392 12.95462 15.4177 13.82212 9.593245 6.643599 5.295777 4.933773 4.565759 3.516397 2.707243 2.69394 2.276672 0.7821639 0.8952822 1.453062 1.401062 -9999 -9999 -9999 -9999 -9999 -9999 -9999 -9999 -9999
-9999 1.386461 5.15259 5.063246 2.335217 2.140866 1.826044 2.169783 4.067327 3.873775 1.70026 0.4162148 0.2130273 0.2542153 0.7398969 5.616266 10.04753 8.481158 5.513996 2.44339 2.578015 4.388344 3.646592 2.781775 3.331784 3.428317 3.624003 3.7371 2.756158 1.616436 0.888807 0.3519266 0.5956865 1.311877 2.968829 4.320913 4.45386 4.10105 3.975632 5.533874 8.338208 10.12592 11.64812 9.08234 5.582752 3.923715 3.098151 5.329722 11.99874 15.39601 11.62299 6.797327 7.084636 6.851601 5.786767 4.921899 3.895478 2.339632 2.110152 2.17734 2.330534 1.397962 0.6038505 1.359039 -9999 -9999 -9999 -9999 -9999 -9999 -9999 -9999 -9999
-9999 2.591986 3.755802 6.107853 2.949357 1.313943 0.8996185 1.232856 3.332191 4.200763 2.760272 0.7654402 0.03615332 0.179639 0.5377284 2.946029 7.812774 10.94248 11.14395 8.575904 6.038058 4.554605 2.810672 2.774272 3.679092 3.402428 3.501022 3.122596 1.785985 0.9048924 0.2528351 0.2347243 0.614322 2.154902 6.697329 10.04495 10.43458 9.048757 6.2574 5.93866 8.901683 8.334025 11.45433 11.78139 8.972725 7.402124 6.432366 5.712214 9.606459 14.54371 10.62348 4.948988 5.609295 6.612272 6.693819 6.4001 5.961239 4.320023 2.437019 1.618385 2.080896 2.082378 1.874537 2.061737 -9999 -9999 -9999 -9999 -9999 -9999 -9999 -9999 -9999
-9999 5.534142 4.937415 5.229169 2.599462 1.822252 1.869546 1.034487 2.106427 4.383979 3.392897 0.9154432 0.3750619 0.3998361 0.6130947 0.5414142 2.140308 5.728128 9.345733 9.483061 6.133963 4.22382 3.961669 3.74822 3.917691 3.931987 3.849592 2.716233 1.139824 0.2399247 0.3545792 0.6268228 0.8835912 4.606349 13.34338 17.32469 17.54315 17.71233 14.26213 7.353266 6.459887 4.542243 4.648604 8.328199 8.088022 7.997703 7.323201 6.079155 5.961247 10.80105 10.85449 8.198938 6.897987 6.395892 6.281531 6.424136 7.063021 7.052684 5.60356 3.729901 2.662866 1.883628 1.261765 1.854709 -9999 -9999 -9999 -9999 -9999 -9999 -9999 -9999 -9999
10.73751 8.312706 5.718381 3.919702 2.392603 2.371861 2.736877 2.379498 1.583572 3.871188 3.355392 1.599874 2.480869 3.332263 3.470974 2.403114 0.8536157 1.490184 4.507761 7.361912 6.795192 4.083552 4.551433 4.67379 4.840057 4.462934 3.507125 1.869069 0.3106034 1.009727 1.718121 1.921003 2.805601 9.58951 18.92744 19.12519 15.82065 17.42536 19.16829 14.67594 5.584513 2.888219 1.922682 3.65675 4.225835 4.97729 4.402211 3.831636 3.354936 5.201162 7.30429 8.149404 8.009134 7.612686 7.099989 6.458203 6.262052 6.738708 7.365735 6.924972 5.463528 3.47637 1.262693 1.176827 -9999 -9999 -9999 -9999 -9999 -9999 -9999 -9999 -9999
9.136602 9.881382 9.078193 7.284719 4.60612 2.11565 3.206277 2.105042 2.341493 2.307868 2.794816 0.5941364 2.385893 3.993223 6.138155 7.245092 4.827512 1.282173 1.15271 4.303104 7.28493 6.518883 5.609946 4.540436 4.206903 3.45823 2.3537 1.102252 0.5498844 2.142036 3.006543 3.867751 6.577609 15.22274 21.59481 18.74376 13.54195 12.72936 17.30397 19.50198 15.34336 7.275843 2.423793 2.146693 1.743592 2.433367 2.392132 1.915175 2.552047 3.069579 1.765656 2.56096 4.671145 5.836946 6.375586 6.638227 6.042779 4.924573 5.579193 7.013023 7.439297 6.509597 4.364187 1.155997 -9999 -9999 -9999 -9999 -9999 -9999 -9999 -9999 -9999
3.764173 5.365875 6.654418 7.141428 7.059695 4.790975 2.600039 1.383765 2.129599 1.872626 2.683065 1.571782 3.378109 3.778819 2.005491 4.270493 6.741575 4.025647 1.661688 0.6939101 3.349152 4.708084 3.921536 2.548654 2.130206 1.86447 1.313563 0.7812663 1.324315 2.760398 3.381586 5.037665 10.69322 18.89567 21.91806 17.57731 12.0189 9.489919 12.23682 17.01203 18.79006 14.83905 8.194582 4.256307 1.99502 1.533025 1.949579 1.672145 1.960925 2.610527 2.507178 2.45053 0.9297079 1.197989 2.576642 4.288449 5.801059 5.439957 5.041612 5.919252 7.065504 7.41616 6.925604 5.049417 1.072176 2.428841 -9999 -9999 -9999 -9999 -9999 -9999 -9999
1.884258 2.289819 1.956189 1.568358 3.990967 6.061271 3.991933 2.735219 3.189639 3.750381 3.022539 1.902426 2.904022 4.972792 6.508802 5.369335 3.992108 3.660124 2.555851 1.067639 0.6825583 1.392509 2.003765 2.131122 1.90336 1.498631 0.8096594 0.3911459 1.49181 3.054891 5.213661 9.301075 15.49707 20.4558 20.56663 15.10136 9.288083 6.395659 6.639191 10.31226 14.90671 15.9988 12.11846 7.787138 4.616726 2.92983 2.366997 1.889921 1.221639 2.279566 3.299155 4.337743 5.47555 3.326116 0.6562443 1.185894 2.914264 3.948983 4.184088 4.922707 6.154914 6.990813 7.44212 7.331794 4.910047 1.398453 -9999 -9999 -9999 -9999 -9999 -9999 -9999
1.226825 2.013198 2.243734 0.1460246 1.155383 3.084185 4.317273 3.58395 3.737033 3.703508 3.39569 2.10379 1.67683 2.326409 3.920773 5.16492 4.701277 3.631503 2.581423 1.375906 0.7931494 0.8544449 1.336974 1.941207 2.059182 1.444208 0.7360941 0.5150427 1.353816 3.226859 7.772667 14.7369 18.7445 19.50928 17.41537 11.82791 6.792619 4.319702 4.056514 6.275196 10.79797 13.59243 12.62528 10.07845 7.330967 5.233792 3.873045 3.193246 2.618981 2.652164 5.446692 6.002426 7.94226 8.474261 4.995729 1.859394 0.4599332 0.6912934 1.571529 2.723644 4.391077 6.210525 7.574038 7.616623 5.617534 3.035679 -9999 -9999 -9999 -9999 -9999 -9999 -9999
0.5684234 1.612307 2.7971 2.073013 2.073906 1.633861 2.941272 2.90569 2.760991 1.908174 2.108779 2.174793 2.066867 1.533625 1.849503 2.397227 2.797278 2.59693 2.055674 1.373719 0.9814534 0.8589846 0.8879634 0.8336913 0.7463527 0.8200937 0.8856457 0.8833196 1.412623 3.70514 9.877235 18.01081 19.20442 15.96514 12.92053 8.685544 4.764178 2.611868 3.400872 5.160134 9.208227 11.44033 10.63525 9.380863 7.858522 6.143964 4.539204 4.190661 4.639751 4.569561 6.018858 6.886572 6.122816 9.788716 8.877752 4.64296 2.129714 1.15277 0.2675628 0.6949168 1.829688 3.661516 6.974303 8.266322 5.242177 -9999 -9999 -9999 -9999 -9999 -9999 -9999 -9999
0.1510611 0.7813593 1.908143 2.389016 2.216577 1.788168 2.32245 2.204249 1.250658 0.4231975 0.5167802 1.101806 1.973994 2.07006 1.818765 1.565832 1.567005 1.500722 1.321996 1.128036 0.9721429 0.8145123 0.6017722 0.3112748 0.1266731 0.2875663 0.5388634 0.7275015 1.319308 4.027881 11.04397 18.6684 18.98926 15.26135 12.16238 8.341735 4.702637 1.062028 2.160208 4.621819 8.398597 10.0595 8.381341 7.15131 6.9393 6.292265 5.187895 4.484862 4.567499 4.993286 5.064441 6.232512 3.015937 5.168767 8.141807 6.341064 3.767004 2.395694 1.832921 1.098362 0.3535552 1.349271 5.967942 9.279099 -9999 -9999 -9999 -9999 -9999 -9999 -9999 -9999 -9999
0.00414386 0.1606107 0.5224395 0.7906367 0.777435 0.7562623 0.9997705 0.9666068 0.6212341 0.2185757 0.08851964 0.1646832 0.4789201 0.5570247 0.4520277 0.5633272 0.750803 0.9580355 1.018694 0.9662591 0.7247501 0.4038376 0.1804021 0.0427909 0.01246539 0.02953514 0.1145268 0.2546614 0.6386954 3.079057 10.91797 18.16773 18.25641 16.45056 14.73524 11.08661 8.365025 6.484963 4.561542 5.078066 8.000132 9.314572 6.912882 5.170578 5.394963 5.004475 5.316804 5.592466 4.965693 4.866868 4.767264 4.473383 2.029542 2.567147 5.433841 6.449892 5.354063 4.912784 5.294553 4.362702 1.874256 0.3286852 4.317502 -9999 -9999 -9999 -9999 -9999 -9999 -9999 -9999 -9999 -9999
0 0 0 0 0 0 0.08519054 0.6573139 1.08001 0.2591272 0.1773604 0.3374451 1.290901 2.057592 2.099331 1.70349 1.195297 0.7026494 0.7170207 0.5750862 0.2575513 0.04227412 0 0 0 0 0 0 0.02875104 1.270343 8.267252 16.81589 18.04058 16.28922 15.14572 12.23024 9.590924 8.132216 6.493007 5.184525 6.724207 8.23918 5.746589 4.059572 4.436198 4.832963 5.637714 5.871969 5.476338 5.101338 4.880556 4.781596 3.780149 3.889692 5.310522 7.174798 8.946683 10.5878 10.48986 9.47866 5.255521 1.091437 -9999 -9999 -9999 -9999 -9999 -9999 -9999 -9999 -9999 -9999 -9999
0 0 0 0 0 0 0 0.3640511 1.055714 0.7678873 0.2218356 0.7031049 2.516304 3.471512 3.944336 3.757784 2.878568 1.870149 0.6459207 0.1187918 0.01595241 0 0 0 0 0 0 0 0 0.3910331 4.712826 13.13011 17.93306 18.26616 17.00605 13.07056 8.635884 5.703915 4.06086 4.698612 5.96993 6.298866 4.611378 3.366446 3.350555 5.647875 6.670444 6.681415 6.737106 6.644771 6.464108 6.743371 6.6034 6.608966 7.136142 8.534908 10.52524 11.26153 11.53365 13.5526 10.48062 3.98354 -9999 -9999 -9999 -9999 -9999 -9999 -9999 -9999 -9999 -9999 -9999
0.03880159 0 0 0 0 0 0 0.1041662 0.6047026 0.9010522 0.6820818 0.998534 2.843976 3.664035 2.696883 4.293888 4.130502 2.434406 0.8396235 0.002711585 0.01133524 0.06462315 0.1580569 0.3370894 0.5229699 0.5003173 0.2693067 0.05505969 0.004393614 0.1117987 2.199032 7.668135 13.73877 16.95346 18.55882 16.57973 11.57841 6.88758 3.28401 4.751698 5.619846 4.219523 3.255197 2.549582 1.492989 3.556459 4.530075 6.092537 6.806765 6.780763 6.599494 6.774673 7.004031 7.54584 7.712509 7.618416 7.543631 6.86974 7.856795 12.72654 13.64099 -9999 -9999 -9999 -9999 -9999 -9999 -9999 -9999 -9999 -9999 -9999 -9999
0.212207 9.659346e-6 0 0 0 0 0 0.0050132 0.1677134 0.6385574 1.114875 0.992362 1.967792 4.467761 3.959932 3.378341 5.208747 2.437967 0.6210676 0.05009336 0.50617 1.566668 2.944934 4.47958 6.119101 7.467651 7.299167 5.126691 2.559519 1.260194 1.457713 3.403981 8.655786 13.01866 16.40586 17.77093 14.39273 9.671618 6.32619 5.946765 3.889752 1.735246 1.738827 2.413131 0.4869347 3.206865 -9999 2.174115 4.049875 5.924285 6.50062 5.505646 5.101563 5.960297 6.990137 6.839544 5.684164 4.205484 4.842875 9.040158 12.64993 -9999 -9999 -9999 -9999 -9999 -9999 -9999 -9999 -9999 -9999 -9999 -9999
0.6032587 0.2062939 0.04145791 9.659346e-6 0 0 0 0 0.1346801 0.9358798 1.870927 1.793115 0.8401641 2.171023 5.686032 5.789521 4.689289 1.52125 0.1652854 0.4319554 2.264819 4.91546 7.800671 11.3169 14.86784 17.71496 19.44665 18.96878 15.13856 10.09138 5.6468 2.337832 4.167418 9.288537 14.37362 17.69755 15.68808 11.44717 9.598395 8.045353 4.991351 2.020383 1.079322 3.051994 -9999 -9999 -9999 -9999 -9999 -9999 7.662531 6.186693 4.003615 3.857481 5.124596 6.192972 5.79233 5.174978 5.492992 6.640998 9.48183 -9999 -9999 -9999 -9999 -9999 -9999 -9999 -9999 -9999 -9999 -9999 -9999
0.8734053 0.7879263 0.3766928 0.03654613 0 0 0 0 0.2485768 0.9743262 1.730059 1.621883 0.9301177 2.131063 2.099145 2.728841 1.837128 0.4420565 0.1713857 1.465581 4.855879 7.54837 9.708573 13.25864 17.26838 21.00371 24.51873 27.90194 28.32088 23.78712 15.91013 8.332458 3.164407 3.970577 10.30111 16.35004 18.28193 16.51197 13.19008 9.185345 6.790727 5.124762 1.653025 2.785288 -9999 -9999 -9999 -9999 -9999 -9999 4.067543 5.281795 4.021844 3.323894 3.155344 3.23912 3.945592 5.653077 6.743996 6.438869 7.115319 -9999 -9999 -9999 -9999 -9999 -9999 -9999 -9999 -9999 -9999 -9999 -9999
0.5366509 0.9024476 0.7534347 0.1493108 0 0 0.1570219 0.3814646 0.3333997 0.5284051 1.696186 2.754316 2.687607 2.346847 0.702812 0.02944146 0.01987896 0.1144438 0.9431449 3.274658 7.055229 8.73226 10.60926 14.48028 17.93169 19.98981 21.16086 23.7081 27.34454 28.84885 25.66228 18.423 11.06746 4.762997 3.704733 9.591999 14.82846 16.6523 15.06753 11.34675 7.924991 6.479214 2.86626 3.490279 -9999 -9999 -9999 -9999 -9999 -9999 -9999 3.06259 2.947427 2.408433 2.294021 1.34194 1.65646 3.430406 4.915225 5.022175 4.950474 -9999 -9999 -9999 -9999 -9999 -9999 -9999 -9999 -9999 -9999 -9999 -9999
0.2996015 0.7520343 0.8210102 0.326611 0.03094371 0 0.4757772 1.678635 2.322103 1.912821 0.2566306 1.195688 1.450138 0.9835688 0.2581209 0.004275524 0.2649746 1.207604 3.21765 6.326849 8.852567 9.241087 11.61886 16.32746 18.98561 17.4943 13.94227 13.33938 17.74942 24.55814 27.86813 25.58409 19.33995 12.33182 6.318364 1.851359 4.466651 8.373189 12.60775 14.13158 11.04468 7.405174 2.350626 4.006445 -9999 -9999 -9999 -9999 -9999 -9999 -9999 4.008239 3.801996 2.345874 2.648395 2.527344 3.046414 3.283961 3.498619 -9999 -9999 -9999 -9999 -9999 -9999 -9999 -9999 -9999 -9999 -9999 -9999 -9999 -9999
1.110325 1.039632 0.7849728 0.4791455 0.1137493 0 0.5357507 2.177485 1.432461 2.499264 1.755408 0.1523055 0.0487072 0.02791068 0.001357688 0.1966249 1.368636 3.619487 6.625039 9.947794 10.51219 8.608641 10.68281 16.60181 18.11588 14.25994 9.677913 7.837328 10.22029 17.18949 23.45767 26.71433 24.74468 18.63754 13.35002 8.997754 4.621981 2.573452 7.769276 13.62333 14.92347 11.09859 6.131908 5.359133 -9999 -9999 -9999 -9999 -9999 -9999 -9999 4.075006 5.274128 2.335286 1.444034 1.032926 3.460926 3.866787 3.81868 -9999 -9999 -9999 -9999 -9999 -9999 -9999 -9999 -9999 -9999 -9999 -9999 -9999 -9999
3.492106 2.528957 1.264499 0.5921978 0.2322811 0 0.2921058 1.999842 2.812995 2.29222 1.836138 0.1868986 0 4.346706e-5 0.001620944 0.5068824 2.824811 5.866128 9.044167 12.33977 12.29483 9.470872 8.563272 15.38974 17.74178 14.3485 9.422243 6.692098 5.695656 9.852169 16.46378 23.06636 26.55553 22.93871 16.66645 12.93966 10.23544 5.840954 2.897981 8.265495 14.47728 15.19168 10.9355 6.919878 3.502111 3.376048 -9999 -9999 -9999 -9999 -9999 -9999 3.791826 2.894212 0.3331287 1.894808 2.586223 2.33469 4.130586 -9999 -9999 -9999 -9999 -9999 -9999 -9999 -9999 -9999 -9999 -9999 -9999 -9999 -9999
