04_184A004/tilavuus.asc
ncols 172
nrows 237
xllcorner 610032
yllcorner 6876144
cellsize 16
nodata_value -9999
[rows 72 to 107 of 237, columns 0 to 80 of 172]
-9999 -9999 -9999 -9999 -9999 -9999 -9999 -9999 -9999 -9999 -9999 -9999 -9999 -9999 -9999 -9999 -9999 -9999 -9999 -9999 -9999 -9999 167 167 167 167 167 167 167 167 131 131 131 131 131 131 131 131 131 131 131 131 -9999 -9999 -9999 -9999 -9999 -9999 -9999 -9999 -9999 -9999 -9999 -9999 -9999 -9999 -9999 -9999 -9999 -9999 -9999 -9999 -9999 -9999 -9999 -9999 -9999 -9999 -9999 -9999 -9999 -9999 -9999 -9999 -9999 51 51 51 51 51 252
-9999 -9999 -9999 -9999 -9999 -9999 -9999 -9999 -9999 -9999 -9999 -9999 -9999 -9999 -9999 -9999 -9999 -9999 -9999 -9999 -9999 105 105 105 105 105 105 105 167 131 131 131 131 131 131 131 131 131 131 131 131 131 -9999 -9999 -9999 -9999 -9999 -9999 -9999 -9999 -9999 -9999 -9999 -9999 -9999 -9999 -9999 -9999 -9999 -9999 -9999 -9999 -9999 -9999 -9999 -9999 -9999 -9999 -9999 -9999 -9999 -9999 -9999 -9999 2 2 2 51 51 51 252
-9999 -9999 -9999 110 110 130 130 130 130 130 -9999 -9999 -9999 -9999 -9999 -9999 -9999 -9999 -9999 -9999 105 105 105 105 105 105 105 105 131 131 131 131 131 131 131 131 131 131 131 131 131 131 -9999 -9999 -9999 -9999 -9999 -9999 -9999 -9999 -9999 -9999 -9999 -9999 -9999 -9999 -9999 -9999 -9999 -9999 -9999 -9999 -9999 -9999 -9999 -9999 -9999 -9999 -9999 -9999 -9999 -9999 -9999 -9999 2 2 2 51 51 51 51
-9999 -9999 -9999 110 110 110 110 130 130 130 130 130 -9999 -9999 -9999 -9999 -9999 -9999 -9999 59 59 105 105 105 105 105 105 105 131 131 131 131 131 131 131 131 131 131 131 131 131 131 -9999 -9999 -9999 -9999 -9999 -9999 -9999 -9999 -9999 -9999 -9999 -9999 -9999 -9999 -9999 -9999 -9999 -9999 -9999 -9999 -9999 -9999 -9999 -9999 -9999 -9999 -9999 -9999 -9999 -9999 -9999 -9999 2 2 2 2 51 51 51
-9999 -9999 110 110 110 110 110 110 110 130 130 130 -9999 -9999 -9999 -9999 -9999 -9999 -9999 59 59 105 105 105 105 105 131 131 131 131 131 131 131 131 131 131 131 131 131 131 131 131 -9999 -9999 -9999 -9999 -9999 -9999 -9999 -9999 -9999 -9999 -9999 -9999 -9999 -9999 -9999 -9999 -9999 -9999 -9999 -9999 -9999 -9999 -9999 -9999 -9999 -9999 -9999 -9999 -9999 -9999 -9999 -9999 0 0 0 0 0 51 51
-9999 -9999 110 94 94 110 110 110 110 110 130 130 130 -9999 -9999 -9999 -9999 130 130 59 105 105 105 105 105 131 131 131 131 131 131 131 131 131 131 131 131 131 131 131 131 131 131 131 -9999 -9999 -9999 -9999 -9999 -9999 -9999 -9999 -9999 -9999 -9999 -9999 -9999 -9999 -9999 -9999 -9999 -9999 -9999 -9999 -9999 -9999 -9999 -9999 -9999 -9999 -9999 -9999 -9999 -9999 0 0 0 0 0 252 252
-9999 -9999 110 110 110 110 110 110 110 110 110 110 130 130 130 130 130 130 130 105 105 105 105 105 105 131 131 131 131 131 131 131 131 131 131 131 131 131 131 131 131 131 131 131 -9999 -9999 -9999 -9999 -9999 -9999 -9999 -9999 -9999 -9999 -9999 -9999 -9999 -9999 -9999 -9999 -9999 -9999 -9999 -9999 -9999 -9999 -9999 -9999 -9999 -9999 -9999 -9999 -9999 0 0 0 0 0 0 252 252
-9999 -9999 110 110 110 110 110 110 110 110 110 110 110 110 130 130 130 130 130 105 105 105 105 105 105 131 131 131 131 131 131 131 131 131 131 131 131 131 131 131 131 131 131 131 -9999 -9999 -9999 -9999 -9999 -9999 -9999 -9999 -9999 -9999 -9999 -9999 -9999 -9999 -9999 -9999 -9999 -9999 -9999 -9999 -9999 -9999 -9999 -9999 -9999 -9999 -9999 -9999 0 0 0 0 0 0 0 252 252
-9999 -9999 110 110 110 110 110 110 225 225 225 225 110 110 110 130 130 130 130 105 105 105 105 105 131 131 131 131 131 131 131 131 131 131 131 131 131 131 131 131 131 131 131 131 131 -9999 -9999 -9999 131 -9999 -9999 -9999 -9999 -9999 -9999 -9999 -9999 -9999 -9999 131 131 131 -9999 -9999 -9999 -9999 -9999 -9999 -9999 -9999 -9999 111 0 0 0 0 0 0 0 0 252
-9999 -9999 110 110 110 110 110 225 225 225 225 225 225 110 110 110 130 130 130 112 105 105 105 105 131 131 131 131 131 131 131 131 131 131 131 131 131 131 131 131 131 131 131 131 131 131 -9999 131 131 131 -9999 -9999 -9999 -9999 -9999 -9999 -9999 -9999 -9999 -9999 -9999 133 133 133 133 133 133 114 114 114 -9999 111 -9999 0 0 0 0 0 0 0 0
-9999 -9999 110 110 110 110 110 225 295 225 225 225 225 225 225 110 110 130 130 112 105 105 105 131 131 131 131 131 131 131 131 131 131 131 131 131 131 131 131 131 131 131 131 131 131 131 131 131 131 131 131 -9999 -9999 -9999 -9999 -9999 -9999 130 133 133 133 133 133 133 133 133 114 114 114 114 114 -9999 -9999 -9999 0 0 0 0 0 0 0
-9999 -9999 174 110 110 110 110 225 295 295 295 225 225 295 225 225 225 110 112 112 112 112 112 112 131 131 131 131 131 131 131 131 131 131 131 131 131 131 131 131 131 131 131 131 131 131 131 131 131 131 131 -9999 -9999 -9999 -9999 -9999 -9999 -9999 133 133 133 133 133 133 133 114 114 114 114 -9999 -9999 -9999 -9999 -9999 0 0 0 0 0 0 0
-9999 96 -9999 110 110 110 295 295 295 295 295 295 295 295 295 225 225 225 225 112 112 112 112 112 112 131 131 131 131 131 131 131 131 131 131 131 131 131 131 131 131 131 131 131 131 131 131 131 131 131 131 -9999 131 -9999 -9999 -9999 -9999 -9999 133 133 133 133 133 133 133 114 114 114 114 -9999 -9999 -9999 -9999 -9999 -9999 0 0 0 0 0 0
-9999 96 131 110 110 295 295 295 295 295 295 295 295 295 295 295 295 225 225 225 225 112 112 112 112 131 112 112 112 112 112 112 131 131 131 131 131 131 131 131 131 131 131 131 131 131 131 131 131 131 131 131 131 -9999 -9999 -9999 131 -9999 133 133 133 133 133 133 133 114 114 114 114 114 -9999 -9999 -9999 -9999 -9999 -9999 -9999 -9999 -9999 -9999 -9999
-9999 96 96 -9999 295 295 295 295 295 295 295 295 295 295 295 295 295 225 225 225 225 225 112 112 112 112 112 112 112 112 112 112 -9999 112 112 112 131 131 131 131 131 131 131 131 131 131 131 131 131 131 131 131 131 131 131 131 131 -9999 133 133 133 133 133 133 133 114 114 114 114 114 114 -9999 -9999 -9999 -9999 -9999 -9999 -9999 -9999 -9999 -9999
-9999 -9999 -9999 -9999 295 295 295 295 295 295 295 295 295 295 295 295 295 225 225 225 225 225 225 239 239 239 239 239 239 239 -9999 -9999 -9999 -9999 112 112 131 131 131 131 131 131 131 131 131 131 131 131 131 131 131 131 131 131 131 131 131 55 133 133 133 133 133 133 133 114 114 114 114 114 114 -9999 -9999 -9999 -9999 -9999 -9999 -9999 -9999 -9999 -9999
-9999 -9999 -9999 96 295 295 295 295 295 295 295 295 295 295 295 295 295 225 225 225 225 225 -9999 -9999 239 239 -9999 -9999 188 -9999 -9999 -9999 -9999 -9999 -9999 131 131 131 131 131 131 131 131 131 131 131 131 131 131 131 131 131 131 131 131 131 131 131 73 133 133 133 133 133 133 114 114 133 114 114 114 -9999 -9999 -9999 -9999 -9999 -9999 -9999 -9999 -9999 -9999
-9999 -9999 -9999 -9999 -9999 295 295 295 295 295 295 295 295 295 295 295 295 295 295 295 -9999 -9999 -9999 -9999 -9999 -9999 -9999 -9999 -9999 -9999 -9999 -9999 -9999 -9999 -9999 -9999 131 131 -9999 131 131 131 131 131 131 131 131 131 131 131 131 131 131 131 131 131 131 131 -9999 133 133 133 133 133 133 133 133 133 114 114 114 114 -9999 -9999 -9999 -9999 -9999 -9999 -9999 -9999 -9999
-9999 -9999 -9999 239 -9999 295 295 295 295 295 295 295 295 295 295 295 295 295 295 -9999 -9999 -9999 -9999 -9999 -9999 -9999 -9999 -9999 131 -9999 -9999 -9999 -9999 -9999 -9999 -9999 -9999 -9999 -9999 -9999 -9999 -9999 -9999 131 131 131 131 131 131 25 25 25 25 131 131 131 131 131 -9999 133 133 133 133 133 133 133 133 133 133 133 114 114 232 -9999 -9999 -9999 -9999 -9999 -9999 -9999 -9999
-9999 -9999 239 239 239 -9999 295 295 295 295 295 295 295 295 295 295 295 -9999 -9999 -9999 -9999 -9999 -9999 -9999 -9999 -9999 -9999 -9999 -9999 -9999 -9999 -9999 -9999 -9999 -9999 -9999 -9999 -9999 -9999 -9999 -9999 -9999 -9999 -9999 -9999 -9999 -9999 131 25 25 25 25 25 25 25 131 131 131 -9999 133 133 133 133 133 133 133 133 133 133 133 114 232 232 232 -9999 -9999 -9999 -9999 -9999 -9999 -9999
-9999 -9999 239 239 239 -9999 295 295 295 295 295 295 295 295 295 295 295 295 -9999 -9999 -9999 -9999 -9999 -9999 -9999 -9999 -9999 -9999 -9999 -9999 -9999 -9999 -9999 -9999 243 192 -9999 -9999 -9999 -9999 -9999 -9999 -9999 -9999 -9999 -9999 -9999 -9999 -9999 25 25 25 25 25 25 25 25 131 -9999 133 133 133 133 133 133 133 133 133 133 133 133 23 23 23 232 -9999 -9999 -9999 -9999 -9999 -9999
-9999 -9999 239 239 239 239 295 295 295 295 295 295 295 295 295 295 295 295 295 295 295 295 -9999 -9999 -9999 -9999 -9999 -9999 -9999 -9999 -9999 185 -9999 201 -9999 -9999 -9999 -9999 -9999 -9999 -9999 -9999 -9999 -9999 -9999 -9999 -9999 -9999 -9999 -9999 -9999 25 25 25 25 25 25 25 -9999 133 133 133 133 133 133 133 133 133 133 133 23 23 23 23 23 -9999 -9999 -9999 -9999 -9999 109
-9999 -9999 142 142 142 142 -9999 295 295 295 79 79 295 295 295 295 295 295 295 295 295 295 295 -9999 -9999 -9999 -9999 -9999 -9999 -9999 -9999 -9999 -9999 -9999 -9999 -9999 -9999 -9999 -9999 -9999 -9999 -9999 -9999 -9999 -9999 -9999 -9999 -9999 -9999 -9999 -9999 -9999 -9999 -9999 25 25 25 25 -9999 -9999 133 133 -9999 37 133 133 133 133 133 23 23 23 23 23 23 23 -9999 -9999 -9999 -9999 -9999
-9999 -9999 -9999 142 142 142 91 77 77 77 79 79 79 79 79 79 79 79 295 295 295 295 295 295 295 295 -9999 -9999 -9999 -9999 -9999 -9999 -9999 -9999 -9999 -9999 -9999 -9999 -9999 -9999 -9999 -9999 -9999 -9999 -9999 -9999 -9999 -9999 -9999 -9999 -9999 -9999 -9999 -9999 -9999 -9999 -9999 25 25 182 182 -9999 25 29 15 23 23 23 23 23 23 23 23 23 23 23 232 -9999 -9999 -9999 -9999
-9999 -9999 -9999 142 142 142 142 -9999 77 295 79 79 79 79 79 79 79 79 79 79 295 295 295 295 295 295 229 229 229 229 229 229 -9999 -9999 -9999 -9999 -9999 -9999 -9999 -9999 -9999 -9999 -9999 -9999 -9999 -9999 -9999 -9999 -9999 -9999 -9999 -9999 -9999 -9999 -9999 -9999 -9999 -9999 182 182 182 182 -9999 -9999 23 23 23 23 23 23 23 23 23 23 23 23 232 -9999 -9999 -9999 -9999
-9999 -9999 -9999 -9999 -9999 -9999 -9999 -9999 77 295 295 79 79 79 79 79 79 79 79 79 79 295 295 295 295 295 229 229 229 229 229 229 229 -9999 -9999 -9999 -9999 -9999 -9999 -9999 -9999 -9999 -9999 -9999 -9999 -9999 -9999 -9999 -9999 -9999 -9999 -9999 -9999 -9999 -9999 -9999 -9999 -9999 -9999 -9999 182 182 64 96 23 23 23 23 23 23 23 23 23 23 23 23 232 -9999 -9999 -9999 -9999
-9999 -9999 -9999 -9999 -9999 -9999 -9999 -9999 -9999 79 79 79 -9999 -9999 -9999 -9999 -9999 79 79 79 79 79 79 295 295 295 229 229 229 229 229 229 229 229 -9999 -9999 -9999 -9999 -9999 -9999 -9999 -9999 -9999 -9999 -9999 -9999 -9999 -9999 -9999 -9999 -9999 -9999 -9999 -9999 -9999 -9999 -9999 -9999 -9999 -9999 -9999 38 97 125 232 23 23 23 23 23 23 23 23 23 23 23 232 -9999 -9999 -9999 -9999
-9999 -9999 -9999 -9999 -9999 -9999 -9999 -9999 -9999 -9999 -9999 -9999 -9999 -9999 -9999 -9999 -9999 79 79 79 79 79 79 91 295 295 295 91 229 229 229 229 229 229 371 371 -9999 -9999 -9999 -9999 -9999 -9999 -9999 -9999 -9999 -9999 -9999 -9999 -9999 -9999 -9999 -9999 -9999 -9999 -9999 -9999 -9999 -9999 -9999 -9999 -9999 -9999 -9999 -9999 -9999 232 232 23 23 23 23 23 23 23 23 232 232 232 -9999 -9999 -9999
-9999 -9999 -9999 -9999 -9999 -9999 -9999 -9999 -9999 -9999 -9999 -9999 -9999 -9999 -9999 -9999 -9999 -9999 79 79 79 79 91 91 91 91 91 91 91 229 229 229 371 371 371 371 371 -9999 -9999 -9999 -9999 -9999 -9999 -9999 -9999 -9999 -9999 -9999 -9999 -9999 -9999 -9999 -9999 -9999 -9999 -9999 -9999 -9999 -9999 -9999 -9999 -9999 -9999 -9999 -9999 -9999 -9999 -9999 -9999 232 232 232 232 232 232 232 232 232 -9999 -9999 -9999
-9999 -9999 -9999 -9999 -9999 -9999 -9999 -9999 -9999 -9999 -9999 -9999 -9999 -9999 -9999 -9999 -9999 -9999 79 79 79 79 79 91 91 91 91 91 91 91 229 229 371 371 371 371 371 371 -9999 -9999 -9999 -9999 -9999 -9999 -9999 -9999 -9999 -9999 -9999 -9999 -9999 -9999 -9999 -9999 -9999 -9999 -9999 -9999 -9999 -9999 -9999 -9999 -9999 -9999 -9999 -9999 -9999 -9999 -9999 -9999 232 232 -9999 -9999 -9999 232 232 232 -9999 -9999 -9999
-9999 -9999 -9999 -9999 -9999 -9999 -9999 -9999 -9999 -9999 -9999 -9999 -9999 -9999 -9999 -9999 -9999 -9999 -9999 -9999 -9999 79 79 236 236 91 91 91 91 106 106 229 371 371 371 371 371 371 371 371 -9999 -9999 -9999 -9999 -9999 -9999 -9999 -9999 -9999 -9999 -9999 -9999 -9999 117 117 -9999 -9999 -9999 -9999 -9999 -9999 -9999 -9999 -9999 -9999 -9999 -9999 -9999 -9999 -9999 -9999 -9999 -9999 -9999 -9999 -9999 -9999 -9999 -9999 -9999 -9999
-9999 -9999 -9999 -9999 -9999 -9999 -9999 -9999 -9999 -9999 -9999 -9999 -9999 -9999 -9999 -9999 -9999 -9999 -9999 -9999 -9999 79 236 236 236 91 91 91 91 106 106 106 371 371 371 371 371 371 371 371 371 -9999 -9999 -9999 -9999 -9999 -9999 -9999 -9999 -9999 -9999 -9999 117 117 117 117 0 -9999 -9999 -9999 -9999 -9999 -9999 -9999 -9999 -9999 -9999 -9999 -9999 -9999 -9999 -9999 -9999 -9999 -9999 -9999 -9999 -9999 -9999 -9999 -9999
-9999 -9999 -9999 -9999 -9999 -9999 -9999 -9999 -9999 -9999 -9999 -9999 -9999 -9999 -9999 -9999 -9999 -9999 -9999 -9999 -9999 -9999 -9999 -9999 -9999 -9999 91 91 91 106 106 106 106 106 106 371 371 371 371 371 371 371 -9999 -9999 -9999 -9999 -9999 -9999 -9999 -9999 -9999 -9999 117 117 117 117 0 0 0 -9999 -9999 -9999 -9999 -9999 -9999 -9999 -9999 -9999 -9999 -9999 -9999 -9999 -9999 -9999 -9999 -9999 -9999 -9999 -9999 -9999 -9999
-9999 -9999 -9999 -9999 -9999 -9999 -9999 -9999 -9999 -9999 -9999 -9999 -9999 -9999 -9999 -9999 -9999 -9999 -9999 -9999 -9999 -9999 -9999 -9999 -9999 -9999 91 91 106 106 106 106 106 106 106 91 91 91 371 371 371 371 371 -9999 -9999 -9999 -9999 -9999 -9999 -9999 117 117 117 117 117 117 0 0 0 0 -9999 -9999 -9999 -9999 -9999 -9999 -9999 -9999 -9999 -9999 -9999 -9999 -9999 -9999 -9999 -9999 -9999 -9999 -9999 -9999 -9999
-9999 -9999 -9999 -9999 -9999 -9999 -9999 -9999 -9999 -9999 -9999 -9999 -9999 -9999 -9999 -9999 -9999 -9999 -9999 -9999 -9999 -9999 -9999 -9999 -9999 -9999 91 91 91 91 91 106 106 106 91 91 91 91 371 371 371 371 371 319 319 -9999 -9999 -9999 -9999 -9999 -9999 117 117 117 117 0 0 0 0 0 0 -9999 -9999 -9999 -9999 -9999 -9999 -9999 -9999 -9999 -9999 -9999 -9999 -9999 -9999 -9999 -9999 -9999 -9999 -9999 -9999
-9999 -9999 -9999 -9999 -9999 -9999 -9999 -9999 -9999 -9999 -9999 -9999 -9999 -9999 -9999 -9999 -9999 -9999 -9999 -9999 -9999 -9999 -9999 -9999 -9999 -9999 -9999 91 91 91 91 91 91 91 91 91 91 91 319 319 319 319 319 319 319 319 -9999 -9999 -9999 -9999 -9999 -9999 -9999 117 117 0 0 0 0 0 0 -9999 -9999 -9999 -9999 -9999 -9999 -9999 -9999 -9999 -9999 -9999 -9999 -9999 -9999 -9999 -9999 -9999 -9999 -9999 -9999
