04_184A004/tilavuus.asc
ncols 172
nrows 237
xllcorner 610032
yllcorner 6876144
cellsize 16
nodata_value -9999
[rows 144 to 179 of 237, columns 81 to 161 of 172]
272 272 272 272 272 -9999 -9999 -9999 -9999 -9999 -9999 -9999 -9999 -9999 -9999 -9999 -9999 -9999 -9999 -9999 -9999 -9999 -9999 -9999 -9999 -9999 -9999 -9999 -9999 -9999 -9999 -9999 -9999 -9999 -9999 0 0 0 0 0 114 114 114 114 114 114 114 114 114 95 95 95 95 95 95 73 73 -9999 -9999 136 136 136 136 136 136 136 136 136 -9999 -9999 -9999 -9999 -9999 -9999 -9999 -9999 -9999 -9999 -9999 -9999 -9999
182 182 182 182 182 182 -9999 -9999 -9999 -9999 -9999 -9999 -9999 -9999 -9999 -9999 -9999 -9999 -9999 -9999 -9999 -9999 -9999 -9999 -9999 -9999 -9999 -9999 -9999 -9999 -9999 -9999 -9999 -9999 -9999 -9999 -9999 -9999 0 0 0 0 0 0 0 114 114 114 114 95 95 95 95 95 95 95 73 73 73 -9999 -9999 136 136 136 136 136 136 136 136 136 -9999 -9999 -9999 -9999 -9999 -9999 -9999 -9999 -9999 -9999 -9999
81 182 182 182 182 -9999 -9999 -9999 -9999 -9999 -9999 -9999 -9999 -9999 -9999 -9999 -9999 -9999 -9999 -9999 -9999 -9999 -9999 -9999 -9999 -9999 -9999 -9999 -9999 -9999 -9999 -9999 -9999 -9999 -9999 -9999 -9999 -9999 -9999 -9999 -9999 0 0 0 0 0 0 114 114 95 95 95 95 95 95 95 95 73 73 73 73 73 -9999 136 136 136 136 136 136 136 -9999 -9999 -9999 -9999 -9999 -9999 -9999 -9999 -9999 -9999 -9999
81 81 132 -9999 -9999 -9999 -9999 -9999 -9999 -9999 -9999 -9999 -9999 -9999 -9999 -9999 -9999 -9999 -9999 -9999 -9999 -9999 -9999 -9999 -9999 -9999 -9999 -9999 -9999 -9999 -9999 -9999 -9999 -9999 -9999 -9999 -9999 -9999 -9999 -9999 -9999 -9999 -9999 0 0 196 0 196 0 0 0 0 95 95 95 95 95 73 73 73 73 73 73 73 -9999 136 136 136 136 -9999 -9999 -9999 -9999 -9999 -9999 -9999 -9999 -9999 -9999 -9999 -9999
81 81 -9999 -9999 -9999 -9999 -9999 -9999 -9999 -9999 -9999 -9999 -9999 -9999 -9999 -9999 -9999 -9999 -9999 -9999 -9999 -9999 -9999 -9999 -9999 -9999 -9999 -9999 -9999 -9999 -9999 -9999 -9999 -9999 -9999 -9999 -9999 -9999 -9999 -9999 -9999 -9999 -9999 -9999 -9999 -9999 -9999 196 196 0 0 0 95 95 95 95 73 73 73 73 73 73 73 73 73 73 -9999 136 -9999 -9999 -9999 -9999 -9999 -9999 -9999 -9999 -9999 -9999 -9999 -9999 -9999
-9999 -9999 -9999 -9999 -9999 -9999 -9999 -9999 -9999 -9999 -9999 -9999 -9999 -9999 -9999 -9999 -9999 -9999 -9999 -9999 -9999 -9999 -9999 -9999 -9999 -9999 -9999 -9999 -9999 -9999 -9999 -9999 -9999 -9999 -9999 -9999 -9999 -9999 -9999 -9999 -9999 -9999 -9999 -9999 -9999 -9999 -9999 -9999 -9999 -9999 -9999 -9999 -9999 196 196 196 73 73 73 73 70 70 70 73 73 73 73 73 -9999 -9999 -9999 -9999 -9999 -9999 -9999 -9999 -9999 -9999 -9999 -9999 -9999
-9999 -9999 -9999 -9999 -9999 -9999 -9999 -9999 -9999 -9999 -9999 -9999 -9999 -9999 -9999 -9999 -9999 -9999 -9999 -9999 -9999 -9999 -9999 -9999 -9999 -9999 -9999 -9999 -9999 -9999 -9999 -9999 -9999 -9999 -9999 -9999 -9999 -9999 -9999 -9999 -9999 -9999 -9999 -9999 -9999 -9999 -9999 -9999 -9999 -9999 -9999 -9999 -9999 196 196 -9999 196 70 70 70 70 70 70 73 73 73 73 73 -9999 -9999 -9999 -9999 -9999 -9999 -9999 -9999 -9999 -9999 -9999 -9999 -9999
81 -9999 -9999 -9999 -9999 -9999 -9999 -9999 -9999 -9999 -9999 -9999 -9999 -9999 -9999 -9999 -9999 -9999 -9999 -9999 -9999 -9999 -9999 -9999 -9999 -9999 -9999 -9999 -9999 -9999 -9999 -9999 -9999 -9999 -9999 -9999 -9999 -9999 -9999 -9999 -9999 -9999 -9999 -9999 -9999 -9999 -9999 -9999 -9999 -9999 -9999 -9999 -9999 -9999 -9999 -9999 -9999 196 70 70 70 70 73 73 73 73 73 73 -9999 -9999 -9999 -9999 -9999 -9999 -9999 -9999 -9999 -9999 -9999 -9999 -9999
81 132 -9999 -9999 -9999 -9999 -9999 -9999 -9999 -9999 -9999 -9999 -9999 -9999 -9999 -9999 -9999 -9999 -9999 -9999 -9999 -9999 -9999 -9999 -9999 -9999 -9999 -9999 -9999 -9999 -9999 -9999 -9999 -9999 -9999 -9999 -9999 -9999 -9999 -9999 -9999 -9999 -9999 -9999 -9999 -9999 -9999 -9999 -9999 -9999 -9999 -9999 -9999 -9999 -9999 -9999 -9999 -9999 196 196 196 196 73 73 73 73 -9999 -9999 -9999 -9999 -9999 -9999 -9999 -9999 -9999 -9999 -9999 -9999 -9999 -9999 -9999
132 132 140 140 264 264 -9999 -9999 -9999 -9999 -9999 -9999 -9999 -9999 -9999 -9999 -9999 -9999 -9999 -9999 -9999 -9999 -9999 -9999 -9999 -9999 -9999 -9999 -9999 -9999 -9999 -9999 -9999 -9999 -9999 -9999 -9999 -9999 -9999 -9999 -9999 -9999 -9999 -9999 -9999 -9999 -9999 -9999 -9999 -9999 -9999 -9999 -9999 -9999 -9999 -9999 -9999 -9999 -9999 196 196 196 196 73 73 73 73 -9999 -9999 -9999 -9999 -9999 -9999 -9999 -9999 -9999 -9999 -9999 -9999 -9999 -9999
132 132 140 140 264 264 264 -9999 -9999 -9999 -9999 -9999 -9999 -9999 -9999 -9999 -9999 -9999 -9999 -9999 -9999 -9999 -9999 -9999 -9999 -9999 -9999 -9999 -9999 -9999 -9999 -9999 -9999 -9999 -9999 -9999 -9999 -9999 -9999 -9999 -9999 -9999 -9999 -9999 -9999 -9999 -9999 -9999 -9999 -9999 -9999 -9999 -9999 -9999 -9999 -9999 -9999 -9999 -9999 -9999 196 196 196 196 196 73 73 73 -9999 -9999 -9999 -9999 -9999 -9999 -9999 -9999 -9999 -9999 -9999 -9999 -9999
132 140 140 264 264 264 264 264 264 264 264 -9999 -9999 -9999 -9999 -9999 -9999 -9999 -9999 -9999 -9999 -9999 -9999 -9999 -9999 -9999 -9999 197 226 -9999 -9999 -9999 -9999 -9999 -9999 -9999 -9999 -9999 -9999 -9999 -9999 -9999 -9999 -9999 -9999 -9999 -9999 -9999 -9999 -9999 -9999 -9999 -9999 -9999 -9999 -9999 -9999 -9999 -9999 -9999 196 -9999 196 196 196 196 73 237 237 177 -9999 -9999 -9999 -9999 -9999 -9999 -9999 -9999 -9999 -9999 -9999
132 140 140 264 264 264 264 264 264 264 264 264 -9999 -9999 -9999 -9999 -9999 -9999 -9999 -9999 -9999 -9999 -9999 -9999 -9999 -9999 198 51 44 20 20 20 20 20 20 20 20 20 20 20 -9999 -9999 -9999 -9999 -9999 -9999 -9999 -9999 -9999 -9999 -9999 -9999 -9999 -9999 -9999 -9999 -9999 -9999 -9999 -9999 -9999 -9999 -9999 196 196 196 237 237 237 237 -9999 -9999 -9999 -9999 -9999 -9999 -9999 -9999 -9999 -9999 -9999
140 140 207 264 264 264 264 264 264 264 264 264 264 -9999 -9999 -9999 -9999 298 186 153 284 329 255 197 123 102 100 102 18 20 20 20 20 20 20 20 20 20 20 20 20 20 20 -9999 -9999 -9999 -9999 -9999 -9999 -9999 -9999 -9999 -9999 -9999 -9999 -9999 -9999 -9999 -9999 -9999 -9999 -9999 -9999 -9999 196 109 196 237 237 237 -9999 -9999 -9999 -9999 -9999 -9999 -9999 -9999 -9999 -9999 -9999
140 207 207 207 264 264 264 264 264 264 264 264 264 -9999 9 9 9 82 72 -9999 -9999 151 93 13 -9999 21 123 76 -9999 20 20 20 20 20 20 20 20 20 20 20 20 20 20 20 20 -9999 -9999 -9999 -9999 -9999 -9999 -9999 -9999 -9999 -9999 -9999 -9999 -9999 -9999 -9999 -9999 -9999 -9999 -9999 196 109 109 109 237 237 237 -9999 -9999 -9999 -9999 -9999 -9999 -9999 -9999 -9999 -9999
207 207 207 207 207 207 207 264 264 264 264 264 207 9 9 9 9 9 73 -9999 -9999 93 72 50 17 135 142 -9999 -9999 20 20 20 20 20 20 20 20 20 20 20 20 20 20 20 20 20 -9999 -9999 -9999 -9999 -9999 -9999 -9999 -9999 -9999 -9999 -9999 -9999 -9999 -9999 -9999 -9999 -9999 -9999 -9999 109 109 109 109 109 237 -9999 -9999 -9999 -9999 -9999 -9999 -9999 -9999 -9999 -9999
207 207 207 207 207 207 207 207 207 264 264 207 9 9 9 9 9 9 21 21 21 -9999 11 9 9 35 24 -9999 6 9 20 20 20 20 20 20 20 20 20 20 20 20 20 20 20 20 20 20 -9999 -9999 -9999 -9999 -9999 -9999 -9999 -9999 -9999 -9999 -9999 -9999 -9999 -9999 -9999 -9999 -9999 -9999 -9999 109 109 109 109 -9999 -9999 -9999 -9999 -9999 -9999 -9999 -9999 -9999 -9999
108 108 108 108 108 108 108 207 207 207 207 9 9 9 9 9 9 9 21 21 21 21 21 21 -9999 -9999 9 9 9 9 9 20 20 20 20 20 20 20 20 20 20 20 20 20 20 20 20 20 20 20 -9999 -9999 -9999 -9999 -9999 -9999 -9999 -9999 -9999 -9999 -9999 -9999 -9999 -9999 -9999 -9999 -9999 109 109 109 109 109 109 -9999 -9999 -9999 -9999 -9999 -9999 -9999 -9999
108 108 108 108 108 108 108 108 108 207 150 9 9 9 9 9 9 9 21 21 21 21 21 21 21 21 -9999 9 9 9 9 20 20 20 20 20 20 20 20 20 20 20 20 20 20 20 20 20 20 20 20 -9999 -9999 -9999 -9999 -9999 -9999 -9999 -9999 -9999 -9999 -9999 -9999 -9999 -9999 -9999 -9999 -9999 109 109 109 109 109 109 109 109 109 109 217 217 217
108 108 108 207 207 207 207 207 207 207 207 9 9 9 9 9 9 9 21 21 21 21 21 21 21 21 21 -9999 9 9 9 20 20 20 20 20 20 20 20 20 20 20 20 20 20 20 20 20 20 20 20 20 -9999 -9999 -9999 -9999 -9999 -9999 -9999 -9999 205 -9999 -9999 -9999 -9999 -9999 -9999 -9999 -9999 109 109 109 109 109 109 109 109 109 217 217 217
108 108 108 207 207 207 207 207 207 207 207 207 207 93 9 9 9 9 9 21 21 21 21 21 21 21 21 21 -9999 9 9 9 9 20 20 20 20 20 20 20 20 20 20 20 20 20 20 20 20 20 20 162 243 214 -9999 -9999 -9999 -9999 -9999 -9999 236 183 -9999 -9999 -9999 -9999 -9999 -9999 -9999 -9999 -9999 109 109 109 109 109 109 217 217 217 217
308 308 308 308 308 308 308 308 308 308 308 207 207 207 9 9 9 9 9 9 9 21 21 21 21 21 21 21 -9999 9 9 9 9 9 9 20 20 20 20 20 20 20 20 20 20 20 20 20 20 20 20 153 128 231 -9999 -9999 -9999 -9999 -9999 -9999 298 218 271 -9999 -9999 -9999 -9999 -9999 -9999 -9999 -9999 -9999 -9999 109 109 109 109 217 217 217 217
123 308 308 308 308 308 308 308 308 308 308 308 308 207 9 9 9 9 9 9 9 21 21 21 21 21 21 21 21 -9999 9 9 9 9 9 9 20 20 20 20 20 20 20 20 20 20 20 20 20 20 15 31 53 127 130 214 -9999 -9999 -9999 -9999 157 220 212 -9999 -9999 -9999 -9999 -9999 -9999 -9999 -9999 -9999 -9999 -9999 109 109 109 217 217 217 217
123 123 308 308 308 308 308 308 308 308 308 308 308 304 304 304 168 9 9 9 9 9 21 21 21 21 21 21 21 21 12 -9999 9 9 9 9 9 20 20 20 20 20 20 20 20 20 20 20 20 20 13 12 30 134 165 162 136 -9999 -9999 212 174 262 233 -9999 -9999 -9999 -9999 -9999 -9999 -9999 -9999 -9999 -9999 -9999 -9999 109 217 217 201 201 201
123 123 123 123 123 123 123 308 308 308 308 123 123 304 304 304 304 304 9 9 9 21 21 21 21 21 21 21 21 21 21 4 -9999 9 9 9 9 9 20 20 20 20 20 20 20 20 20 20 20 10 21 16 18 31 129 132 81 171 249 150 183 165 158 -9999 -9999 -9999 -9999 -9999 -9999 -9999 -9999 -9999 -9999 -9999 -9999 -9999 217 201 201 201 201
123 123 123 123 123 123 123 123 123 123 123 123 304 304 304 304 304 304 200 9 9 21 21 21 21 21 21 21 21 21 -9999 22 22 22 2 -9999 9 9 20 20 20 20 20 20 20 20 20 20 20 8 20 53 34 32 18 29 20 27 54 55 130 123 189 223 226 356 -9999 -9999 -9999 -9999 -9999 -9999 -9999 -9999 -9999 -9999 -9999 201 201 201 201
123 123 123 123 123 123 123 123 123 123 123 304 304 304 304 304 304 200 200 200 9 9 21 21 21 21 21 21 21 -9999 22 22 22 22 22 22 22 -9999 -9999 20 20 20 20 20 20 20 20 20 1 12 31 32 33 26 31 17 16 16 19 69 154 92 132 159 176 179 363 -9999 -9999 -9999 -9999 -9999 -9999 -9999 -9999 -9999 -9999 326 326 201 201
123 123 123 123 123 123 123 123 338 338 338 338 304 338 338 304 304 200 200 200 200 9 9 9 9 21 21 21 21 22 22 22 22 22 22 22 22 22 22 -9999 20 20 20 20 20 20 20 20 1 18 23 25 33 30 25 18 43 19 25 53 129 161 138 195 141 186 130 310 -9999 158 150 -9999 -9999 -9999 -9999 -9999 -9999 -9999 326 326 326
123 123 123 123 123 123 123 338 338 338 338 338 338 338 338 338 200 200 200 200 200 200 9 9 9 9 21 21 21 22 22 22 22 22 22 22 22 22 22 22 22 -9999 20 20 20 20 20 2 149 122 20 10 16 197 83 49 91 63 61 118 111 138 168 137 129 157 123 133 124 221 194 254 323 -9999 166 -9999 -9999 -9999 326 326 326
123 123 123 123 123 123 57 338 338 338 338 338 338 338 338 338 200 200 200 200 200 200 9 9 9 9 21 21 21 8 22 22 22 22 22 22 22 22 22 22 22 22 -9999 -9999 20 20 20 54 142 117 10 19 122 103 59 117 118 196 220 258 176 192 155 178 113 212 100 130 112 78 124 141 191 218 239 -9999 -9999 -9999 -9999 -9999 326
123 123 123 123 123 57 57 338 338 338 338 338 338 338 200 200 200 200 200 200 200 200 91 9 9 9 21 21 21 -9999 39 39 22 22 22 22 22 22 22 22 22 22 22 22 -9999 20 8 157 111 155 122 145 167 100 139 174 103 170 244 158 231 134 203 176 192 133 203 105 159 167 216 162 152 116 200 -9999 -9999 -9999 -9999 -9999 326
123 123 123 123 57 57 57 57 57 338 338 338 200 200 200 200 200 200 200 200 200 200 9 9 9 9 21 21 21 -9999 39 39 39 22 22 22 22 22 22 22 22 22 22 22 22 22 -9999 56 92 133 191 205 224 223 160 214 131 251 237 222 177 88 173 122 201 198 167 180 170 124 143 155 124 133 -9999 -9999 -9999 -9999 -9999 -9999 -9999
123 123 123 57 57 57 57 57 57 57 57 57 200 200 200 200 200 200 200 200 200 200 9 9 9 9 9 21 21 -9999 -9999 39 39 39 39 22 22 22 22 22 22 22 22 22 22 79 53 -9999 99 183 127 154 149 175 146 164 248 258 194 215 181 91 179 131 214 112 184 202 112 92 198 125 162 162 -9999 -9999 -9999 -9999 -9999 -9999 -9999
123 123 123 57 57 57 57 57 57 57 57 57 57 57 200 200 6 6 6 6 6 6 94 9 9 9 9 21 21 21 6 -9999 39 39 39 39 22 22 22 22 22 22 22 22 22 140 83 -9999 146 163 193 201 155 145 255 186 168 160 210 222 125 115 201 123 105 226 204 180 267 197 133 171 163 -9999 -9999 -9999 -9999 -9999 -9999 -9999 -9999
57 57 57 57 57 57 57 57 57 57 9 6 6 6 6 6 6 6 6 6 6 6 103 9 9 9 9 21 21 21 17 39 39 39 39 39 39 22 22 22 22 22 22 22 38 86 98 12 72 100 120 185 135 153 166 105 181 170 192 169 139 105 155 91 143 199 184 140 181 155 177 143 221 -9999 -9999 -9999 -9999 -9999 -9999 -9999 -9999
57 57 57 57 14 14 9 9 9 9 9 9 6 6 6 6 6 6 6 6 6 6 6 94 9 9 9 21 21 21 39 39 39 39 39 39 39 39 22 22 22 22 22 22 54 93 111 90 -9999 57 94 94 80 24 35 113 144 78 81 116 197 179 78 130 167 171 131 147 101 92 115 126 224 -9999 -9999 -9999 -9999 -9999 -9999 -9999 -9999
