04_184A004/tilavuus.asc
ncols 172
nrows 237
xllcorner 610032
yllcorner 6876144
cellsize 16
nodata_value -9999
[rows 180 to 215 of 237, columns 81 to 161 of 172]
14 14 14 14 14 14 9 9 9 9 9 9 9 6 6 6 6 6 6 6 6 6 6 6 102 9 9 9 21 21 39 39 39 39 39 39 39 39 39 39 22 22 22 73 63 66 90 94 79 -9999 86 88 91 -9999 -9999 110 128 106 83 128 97 82 181 157 182 155 112 104 105 125 119 112 221 -9999 -9999 -9999 -9999 -9999 -9999 -9999 -9999
14 14 14 14 14 14 9 9 9 9 9 9 9 6 6 6 6 6 6 6 6 6 6 6 120 9 9 9 21 21 39 39 39 39 39 39 39 39 39 39 39 39 22 94 113 77 52 84 94 77 57 -9999 46 29 68 100 148 119 90 -9999 115 103 170 188 155 108 90 155 144 154 165 136 133 224 -9999 -9999 -9999 -9999 -9999 -9999 -9999
109 14 14 14 14 14 14 9 9 9 9 9 9 6 6 6 6 6 6 6 6 6 6 6 6 113 9 9 9 21 39 39 39 39 39 39 39 39 39 39 39 39 87 129 125 54 46 63 61 51 38 35 34 -9999 -9999 89 100 -9999 136 251 160 60 -9999 185 160 142 124 161 193 168 134 143 215 238 258 302 291 192 -9999 -9999 -9999
109 109 109 14 14 14 14 14 9 9 9 9 158 158 6 6 6 6 6 6 6 6 6 6 6 6 6 28 28 39 39 39 39 39 39 39 39 39 39 39 39 14 79 99 96 53 49 64 51 44 43 46 40 99 -9999 -9999 107 175 125 122 130 189 237 -9999 81 125 138 175 261 175 145 197 234 145 147 248 312 203 222 -9999 136
-9999 109 109 109 109 14 14 14 14 9 9 158 158 158 158 6 6 6 6 6 6 6 6 6 6 6 28 28 28 28 39 39 39 39 39 39 39 39 39 39 39 39 41 97 90 47 79 68 82 104 100 76 93 131 201 164 174 120 204 186 175 198 131 129 -9999 -9999 183 201 177 122 229 193 200 194 182 169 205 258 222 -9999 -9999
-9999 -9999 109 109 109 109 109 109 109 109 158 158 158 158 158 158 6 6 6 6 6 6 6 6 6 6 6 73 28 28 39 39 39 39 39 39 39 39 39 39 39 39 39 68 79 92 62 63 70 69 56 48 43 111 130 222 194 155 210 171 162 217 200 161 156 158 -9999 -9999 130 105 124 163 167 183 197 146 -9999 -9999 -9999 -9999 -9999
-9999 -9999 -9999 -9999 109 109 109 109 109 109 158 158 158 158 160 160 158 6 6 6 6 6 6 6 6 6 6 42 28 28 28 39 39 39 39 39 39 39 39 39 39 39 39 39 39 3 96 56 67 89 51 49 51 143 92 62 103 116 240 229 217 155 177 129 129 203 92 146 -9999 -9999 89 236 116 -9999 -9999 -9999 -9999 -9999 -9999 -9999 -9999
-9999 -9999 -9999 -9999 -9999 159 159 109 109 158 158 158 158 158 160 160 158 158 158 158 6 160 6 6 6 6 6 6 28 28 28 39 39 39 39 39 39 39 39 39 39 39 39 39 39 39 68 39 102 140 85 43 59 111 52 80 64 75 93 61 50 67 149 170 147 222 177 109 178 146 129 -9999 -9999 -9999 -9999 -9999 -9999 -9999 -9999 -9999 -9999
-9999 -9999 -9999 -9999 -9999 -9999 -9999 159 159 159 159 159 159 158 160 160 160 160 158 158 160 160 160 6 6 6 6 6 6 28 28 39 39 39 39 39 39 39 39 39 39 39 39 39 39 39 39 18 90 178 63 37 25 59 51 95 60 58 110 36 44 38 55 215 139 196 176 244 193 176 153 102 -9999 -9999 -9999 -9999 -9999 -9999 -9999 -9999 -9999
-9999 -9999 -9999 -9999 -9999 -9999 -9999 -9999 159 159 159 159 159 159 160 160 160 160 160 160 160 160 160 160 6 6 6 6 6 28 28 28 39 39 39 39 39 39 39 39 39 39 39 39 39 39 39 18 18 103 61 68 85 41 42 42 33 102 53 34 34 40 35 126 154 169 184 161 133 103 177 167 -9999 -9999 -9999 -9999 -9999 -9999 -9999 -9999 -9999
-9999 -9999 -9999 -9999 -9999 -9999 -9999 -9999 -9999 -9999 159 159 159 159 160 160 160 160 160 160 160 160 160 160 6 6 6 6 6 28 28 28 28 39 39 39 39 39 39 39 39 39 39 39 39 39 18 18 18 18 18 96 95 41 54 80 19 72 52 65 47 42 33 117 138 115 182 144 133 133 139 132 -9999 -9999 -9999 -9999 -9999 -9999 -9999 -9999 -9999
-9999 -9999 -9999 -9999 -9999 -9999 -9999 -9999 -9999 -9999 -9999 159 159 159 160 160 160 160 160 160 160 160 160 160 6 6 6 6 55 28 28 28 28 28 39 39 39 39 39 39 39 39 39 39 39 39 18 18 18 18 18 18 36 44 76 35 35 20 36 90 101 40 31 69 112 107 130 117 158 196 110 127 -9999 -9999 -9999 -9999 -9999 -9999 -9999 -9999 -9999
-9999 -9999 -9999 -9999 -9999 -9999 -9999 -9999 -9999 -9999 -9999 -9999 -9999 159 160 160 160 160 160 160 160 160 160 160 6 6 6 6 28 28 28 28 28 28 39 39 39 39 39 39 39 39 39 39 39 28 18 18 18 18 18 18 39 90 79 47 29 19 33 113 120 35 74 82 95 149 135 120 166 163 142 128 -9999 -9999 -9999 -9999 -9999 -9999 -9999 -9999 -9999
-9999 -9999 -9999 -9999 -9999 -9999 -9999 -9999 -9999 -9999 -9999 -9999 -9999 -9999 -9999 159 160 160 160 160 160 160 160 160 160 6 6 28 28 28 28 28 28 28 28 28 28 28 28 28 28 39 28 28 28 28 18 18 18 18 18 18 39 39 39 83 40 19 23 80 60 53 40 56 130 230 209 163 153 150 143 156 -9999 -9999 -9999 -9999 -9999 -9999 -9999 -9999 -9999
-9999 -9999 -9999 -9999 -9999 -9999 -9999 -9999 -9999 -9999 -9999 -9999 -9999 -9999 -9999 -9999 -9999 160 160 160 160 160 160 160 160 160 6 104 28 28 28 28 28 28 28 28 28 28 28 28 28 28 28 28 28 18 18 18 18 18 18 18 39 39 39 39 82 35 30 54 91 50 113 66 85 142 121 127 100 171 160 120 -9999 -9999 -9999 -9999 -9999 -9999 -9999 -9999 -9999
-9999 -9999 -9999 -9999 -9999 -9999 -9999 -9999 -9999 -9999 -9999 -9999 -9999 -9999 -9999 -9999 -9999 -9999 160 160 160 160 160 160 160 160 160 121 28 28 28 28 28 28 28 28 28 28 28 28 28 28 28 28 28 18 18 18 18 18 18 85 85 39 39 39 36 36 16 47 37 45 170 68 64 224 121 130 144 212 134 139 -9999 -9999 -9999 -9999 -9999 -9999 -9999 -9999 -9999
-9999 -9999 -9999 -9999 -9999 -9999 -9999 -9999 -9999 -9999 -9999 -9999 -9999 -9999 -9999 -9999 -9999 -9999 -9999 -9999 127 127 127 127 160 160 160 160 28 28 28 28 28 28 28 28 28 28 28 28 28 28 28 28 28 18 18 18 18 18 85 85 85 39 39 39 36 36 36 44 30 34 67 48 82 112 141 152 288 227 246 222 -9999 -9999 -9999 -9999 -9999 -9999 -9999 -9999 -9999
-9999 -9999 -9999 -9999 -9999 -9999 -9999 -9999 -9999 -9999 -9999 -9999 -9999 -9999 -9999 -9999 -9999 -9999 -9999 -9999 -9999 -9999 127 127 127 127 160 160 160 95 28 28 28 28 28 28 28 28 28 28 28 28 28 28 28 18 18 18 18 85 0 0 85 85 39 39 36 36 36 36 36 23 30 38 49 130 241 278 264 253 179 232 -9999 -9999 -9999 -9999 -9999 -9999 -9999 -9999 -9999
-9999 -9999 -9999 -9999 -9999 -9999 -9999 -9999 -9999 -9999 -9999 -9999 -9999 -9999 -9999 -9999 -9999 -9999 -9999 -9999 -9999 -9999 -9999 -9999 127 127 127 127 127 160 160 160 11 143 89 58 57 105 28 28 28 28 28 28 28 18 18 18 18 85 0 0 0 85 39 39 39 36 36 36 36 36 31 21 29 73 208 225 220 235 223 218 -9999 -9999 -9999 -9999 -9999 -9999 -9999 -9999 -9999
-9999 -9999 -9999 -9999 -9999 -9999 -9999 -9999 -9999 -9999 -9999 -9999 -9999 -9999 -9999 -9999 -9999 -9999 -9999 -9999 -9999 -9999 -9999 -9999 -9999 -9999 127 127 127 127 127 127 127 11 11 11 11 11 28 28 28 28 28 28 28 18 18 18 18 85 0 0 0 85 39 39 39 36 36 36 36 36 36 36 54 83 162 305 259 253 254 133 -9999 -9999 -9999 -9999 -9999 -9999 -9999 -9999 -9999
-9999 -9999 -9999 -9999 -9999 -9999 -9999 -9999 -9999 -9999 -9999 -9999 -9999 -9999 -9999 -9999 -9999 -9999 -9999 -9999 -9999 -9999 -9999 -9999 -9999 -9999 6 -9999 127 127 127 127 127 127 11 11 11 11 11 11 28 28 28 28 28 18 18 18 28 85 85 0 0 85 39 39 39 39 36 36 36 36 36 36 36 11 135 161 198 209 -9999 -9999 -9999 -9999 -9999 -9999 -9999 -9999 -9999 -9999 -9999
-9999 -9999 -9999 -9999 -9999 -9999 -9999 -9999 -9999 -9999 -9999 -9999 -9999 -9999 -9999 -9999 -9999 -9999 -9999 -9999 -9999 -9999 -9999 -9999 -9999 -9999 -9999 139 -9999 -9999 127 127 127 127 127 127 127 11 11 11 11 11 118 28 28 28 28 28 28 28 85 0 0 85 39 39 39 39 36 36 36 36 36 36 36 36 36 166 201 -9999 -9999 -9999 -9999 -9999 -9999 -9999 -9999 -9999 -9999 -9999 -9999
-9999 -9999 -9999 -9999 -9999 -9999 -9999 -9999 -9999 -9999 -9999 -9999 -9999 -9999 -9999 -9999 -9999 -9999 -9999 -9999 -9999 -9999 -9999 -9999 -9999 -9999 -9999 -9999 -9999 139 -9999 127 127 127 127 127 127 127 127 127 11 11 11 11 28 28 28 28 28 28 85 0 0 0 85 39 39 39 39 36 36 36 36 36 36 36 36 36 -9999 -9999 -9999 -9999 -9999 -9999 -9999 -9999 -9999 -9999 -9999 -9999 -9999
-9999 -9999 -9999 -9999 -9999 -9999 -9999 -9999 -9999 -9999 -9999 -9999 -9999 -9999 -9999 -9999 -9999 -9999 -9999 -9999 -9999 -9999 -9999 -9999 -9999 -9999 -9999 -9999 -9999 -9999 139 -9999 127 127 127 127 127 127 127 127 127 11 11 11 11 78 28 28 28 28 28 0 0 0 85 39 39 39 39 36 36 36 36 36 36 36 36 36 -9999 -9999 -9999 -9999 -9999 -9999 -9999 -9999 -9999 -9999 -9999 -9999 -9999
-9999 -9999 -9999 -9999 -9999 -9999 -9999 -9999 -9999 -9999 -9999 -9999 -9999 -9999 -9999 -9999 -9999 -9999 -9999 -9999 -9999 -9999 -9999 -9999 -9999 -9999 -9999 -9999 -9999 -9999 -9999 -9999 -9999 127 127 127 127 127 127 127 127 127 11 11 11 102 28 28 28 28 28 0 0 0 0 85 39 39 39 39 36 36 36 36 36 36 36 36 -9999 -9999 -9999 -9999 -9999 -9999 -9999 -9999 -9999 -9999 -9999 -9999 -9999
-9999 -9999 -9999 -9999 -9999 -9999 -9999 -9999 -9999 -9999 -9999 -9999 -9999 -9999 -9999 -9999 -9999 -9999 -9999 -9999 -9999 -9999 -9999 -9999 -9999 -9999 -9999 -9999 -9999 -9999 -9999 -9999 -9999 -9999 127 127 127 127 127 127 127 127 11 11 28 28 28 28 28 28 28 28 0 0 0 85 85 39 39 39 36 36 36 36 36 36 36 36 -9999 -9999 -9999 -9999 -9999 -9999 -9999 -9999 -9999 -9999 -9999 -9999 -9999
-9999 -9999 -9999 -9999 -9999 -9999 -9999 -9999 -9999 -9999 -9999 -9999 -9999 -9999 -9999 -9999 -9999 -9999 -9999 -9999 -9999 -9999 -9999 -9999 -9999 -9999 -9999 -9999 -9999 -9999 -9999 -9999 -9999 -9999 -9999 127 127 127 127 127 127 154 154 28 28 28 28 28 28 28 28 28 85 0 0 85 85 39 39 39 39 36 36 36 36 36 36 36 -9999 -9999 -9999 -9999 -9999 -9999 -9999 -9999 -9999 -9999 -9999 -9999 -9999
-9999 -9999 -9999 -9999 -9999 -9999 -9999 -9999 -9999 -9999 -9999 -9999 -9999 -9999 -9999 -9999 -9999 -9999 -9999 -9999 -9999 -9999 -9999 -9999 -9999 -9999 -9999 -9999 -9999 -9999 -9999 -9999 -9999 -9999 -9999 139 -9999 127 127 127 154 154 172 28 28 28 61 61 61 61 28 28 28 85 85 85 85 39 39 39 39 36 36 36 36 36 36 36 -9999 -9999 -9999 -9999 -9999 -9999 -9999 -9999 -9999 -9999 -9999 -9999 -9999
-9999 -9999 -9999 -9999 -9999 -9999 -9999 -9999 -9999 -9999 -9999 -9999 -9999 -9999 -9999 -9999 -9999 -9999 -9999 -9999 -9999 -9999 -9999 -9999 -9999 -9999 -9999 -9999 -9999 -9999 -9999 -9999 -9999 -9999 -9999 -9999 72 -9999 127 154 154 154 137 61 61 61 61 61 61 61 61 28 28 28 85 85 39 39 39 39 39 36 36 36 36 36 36 36 -9999 -9999 -9999 -9999 -9999 -9999 -9999 -9999 -9999 -9999 -9999 -9999 -9999
-9999 -9999 -9999 -9999 -9999 -9999 -9999 -9999 -9999 -9999 -9999 -9999 -9999 -9999 -9999 -9999 -9999 -9999 -9999 -9999 -9999 -9999 -9999 -9999 -9999 -9999 -9999 -9999 -9999 -9999 -9999 -9999 -9999 -9999 -9999 -9999 72 72 -9999 154 154 154 154 61 61 61 61 61 61 61 61 64 64 28 85 39 39 39 39 39 39 39 39 39 64 64 64 64 -9999 -9999 -9999 -9999 -9999 -9999 -9999 -9999 -9999 -9999 -9999 -9999 -9999
-9999 -9999 -9999 -9999 -9999 -9999 -9999 -9999 -9999 -9999 -9999 -9999 -9999 -9999 -9999 -9999 -9999 -9999 -9999 -9999 -9999 -9999 -9999 -9999 -9999 -9999 -9999 -9999 -9999 -9999 -9999 -9999 -9999 -9999 -9999 72 72 72 72 -9999 154 154 79 61 61 61 61 61 208 61 61 64 64 64 64 64 64 39 39 39 39 39 39 64 64 64 64 64 -9999 -9999 -9999 -9999 -9999 -9999 -9999 -9999 -9999 -9999 -9999 -9999 -9999
-9999 -9999 -9999 -9999 -9999 -9999 -9999 -9999 -9999 -9999 -9999 -9999 -9999 -9999 -9999 -9999 -9999 -9999 -9999 -9999 -9999 -9999 -9999 -9999 -9999 -9999 -9999 -9999 -9999 -9999 -9999 -9999 -9999 -9999 72 72 72 72 72 72 90 154 61 61 61 61 61 208 208 208 61 64 64 64 64 64 64 64 64 39 39 39 64 64 64 64 64 64 -9999 -9999 -9999 -9999 -9999 -9999 -9999 -9999 -9999 -9999 -9999 -9999 -9999
-9999 -9999 -9999 -9999 -9999 -9999 -9999 -9999 -9999 -9999 -9999 -9999 -9999 -9999 -9999 -9999 -9999 -9999 -9999 -9999 -9999 -9999 -9999 -9999 -9999 -9999 -9999 -9999 -9999 -9999 -9999 -9999 -9999 -9999 72 72 72 72 72 72 41 23 61 61 61 61 208 208 208 208 208 64 64 64 64 64 64 64 64 64 64 64 64 64 64 64 64 64 -9999 -9999 -9999 -9999 -9999 -9999 -9999 -9999 -9999 -9999 -9999 -9999 -9999
-9999 -9999 -9999 -9999 -9999 -9999 -9999 -9999 -9999 -9999 -9999 -9999 -9999 -9999 -9999 -9999 -9999 -9999 -9999 -9999 -9999 -9999 -9999 -9999 -9999 -9999 -9999 -9999 -9999 -9999 -9999 -9999 -9999 72 72 72 72 72 72 72 61 61 -9999 61 61 208 208 208 208 208 208 208 64 64 64 64 64 64 64 64 64 64 64 64 64 64 64 64 64 -9999 -9999 -9999 -9999 -9999 -9999 -9999 -9999 -9999 -9999 -9999 -9999
-9999 -9999 -9999 -9999 -9999 -9999 -9999 -9999 -9999 -9999 -9999 -9999 -9999 -9999 -9999 -9999 -9999 -9999 -9999 -9999 -9999 -9999 -9999 -9999 -9999 -9999 -9999 -9999 -9999 -9999 -9999 -9999 72 72 72 72 72 72 72 161 61 61 61 61 -9999 -9999 208 208 208 208 208 208 208 208 64 64 64 64 64 64 64 64 64 64 64 64 64 64 64 -9999 -9999 -9999 -9999 -9999 -9999 -9999 -9999 -9999 -9999 -9999 -9999
-9999 -9999 -9999 -9999 -9999 -9999 -9999 -9999 -9999 -9999 -9999 -9999 -9999 -9999 -9999 -9999 -9999 -9999 -9999 -9999 -9999 -9999 -9999 -9999 -9999 -9999 -9999 -9999 -9999 -9999 -9999 72 72 72 72 72 72 72 72 261 198 61 61 61 185 185 193 -9999 208 208 208 208 -9999 -9999 64 64 64 64 64 64 64 64 64 64 64 24 24 24 -9999 -9999 -9999 -9999 -9999 -9999 -9999 -9999 -9999 -9999 -9999 -9999 -9999
