04_184A004/twi.asc
ncols 172
nrows 237
xllcorner 610032
yllcorner 6876144
cellsize 16
nodata_value -9999
[rows 32 to 63 of 237, columns 73 to 145 of 172]
5.401556 5.163682 11.4758 6.768623 6.129186 5.538704 5.385098 5.770451 5.281349 4.735723 4.615234 4.752616 5.107868 5.586523 5.850306 5.742669 6.208788 6.632987 6.525871 7.208601 10.98684 9.737273 7.372447 7.508239 6.265402 5.945568 5.479017 5.637468 5.6974 5.997485 7.08112 6.365647 5.493836 7.531787 7.763242 6.911498 8.102551 9.589606 5.974588 5.839081 6.62224 6.813232 6.633366 6.09413 5.560269 5.667689 -9999 -9999 -9999 -9999 -9999 -9999 -9999 -9999 -9999 -9999 -9999 -9999 -9999 -9999 -9999 -9999 -9999 -9999 -9999 -9999 -9999 -9999 -9999 -9999 -9999 -9999 -9999
5.50939 11.38926 6.586523 6.339272 6.746036 5.660866 6.042756 5.630674 5.425002 5.191735 5.099442 5.139196 5.322855 5.442056 5.629375 5.826584 5.400989 6.114653 6.611923 7.310345 6.826363 11.51812 8.077043 8.18656 7.499822 6.37861 6.074748 5.818817 5.314974 5.821804 6.339492 7.29238 7.495086 7.136281 6.994279 8.005943 8.1516 9.42332 6.139557 6.131011 6.917794 7.439182 7.73341 6.288427 6.108871 6.074342 -9999 -9999 -9999 -9999 -9999 -9999 -9999 -9999 -9999 -9999 -9999 -9999 -9999 -9999 -9999 -9999 -9999 -9999 -9999 -9999 -9999 -9999 -9999 -9999 -9999 -9999 -9999
5.816802 11.63951 7.362429 8.064333 7.651724 7.081216 6.673949 5.920717 5.388883 5.477165 5.431489 5.417 5.380321 5.340365 5.569539 5.587202 5.793137 6.239352 6.652075 6.512093 7.196938 7.509806 10.66593 8.372407 8.533276 6.554276 5.807068 5.500576 5.666525 5.604576 5.55911 6.132291 6.477871 7.370755 7.869 8.680847 9.512619 9.722212 6.872968 6.800165 8.089641 6.91969 7.28717 7.626264 6.944685 6.716921 6.577646 -9999 -9999 -9999 -9999 -9999 -9999 -9999 -9999 -9999 -9999 -9999 -9999 -9999 -9999 -9999 -9999 -9999 -9999 -9999 -9999 -9999 -9999 -9999 -9999 -9999 -9999
5.929558 12.00838 8.559946 8.480798 8.303285 7.830513 7.259359 6.827011 6.352336 5.72012 5.376296 5.279103 5.235669 5.44271 5.935027 5.868441 6.022768 6.116839 5.95279 5.842929 6.018466 6.092112 7.079974 9.999464 8.870615 6.586606 5.62496 5.540389 5.520623 5.525565 5.820405 5.544408 6.062346 6.224072 6.94984 7.753868 8.450517 9.917964 9.507504 7.071812 8.558465 6.902929 7.095151 6.063618 6.204536 6.723214 7.186409 7.384877 7.382485 -9999 -9999 -9999 -9999 -9999 -9999 -9999 -9999 -9999 -9999 -9999 -9999 -9999 -9999 -9999 -9999 -9999 -9999 -9999 -9999 -9999 -9999 -9999 -9999
12.6425 8.415015 8.17433 6.989468 7.743988 8.209274 7.7979 7.127509 6.585025 6.166816 5.61156 5.272479 5.390432 5.697506 6.006405 6.241155 6.167141 5.620039 5.507585 5.721059 5.956895 5.793262 6.165213 9.06643 9.542881 7.928114 6.262855 5.37863 5.522975 5.808864 5.775842 5.695032 5.616539 6.106722 5.883568 5.506424 7.928515 9.850698 9.393907 8.247368 6.961676 6.755538 7.434239 6.097548 5.905959 5.933966 5.239004 5.329498 6.06513 6.225792 -9999 -9999 -9999 -9999 -9999 -9999 -9999 -9999 -9999 -9999 -9999 -9999 -9999 -9999 -9999 -9999 -9999 -9999 -9999 -9999 -9999 -9999 -9999
9.047611 7.94726 7.869777 7.463359 6.789478 6.490929 7.331923 7.132814 6.517279 5.757733 5.927709 5.439456 5.518103 5.683496 6.123065 5.970158 6.042383 5.5308 5.493653 5.31384 5.889818 5.915069 6.435257 8.893941 7.7981 9.842012 7.328657 6.080668 5.65427 5.803642 5.826461 5.743659 5.572579 5.713436 6.31873 5.827217 6.624308 10.08658 6.737467 8.049303 6.630681 7.716073 5.907304 5.830812 6.213754 6.003118 6.017592 5.458046 5.472182 6.375043 6.400836 -9999 -9999 -9999 -9999 -9999 -9999 -9999 -9999 -9999 -9999 -9999 -9999 -9999 -9999 -9999 -9999 -9999 -9999 -9999 -9999 -9999 -9999
9.069646 8.998486 7.890799 7.256696 6.296192 7.021601 7.224864 6.552416 6.118717 6.499164 6.505349 6.154659 5.65798 5.914063 6.082133 6.119569 5.550653 5.482976 5.344625 5.330783 5.404737 6.013625 7.255787 9.196899 8.228332 7.669775 10.29026 7.065419 6.267101 5.581923 5.829628 5.952597 5.765064 5.564977 6.248498 6.313334 6.859378 9.941009 6.268837 7.859928 6.338205 7.612325 5.857099 5.465688 5.753096 6.292194 6.401348 6.869706 6.270251 6.340553 6.21631 6.442955 7.295712 -9999 -9999 -9999 -9999 -9999 -9999 -9999 -9999 -9999 -9999 -9999 -9999 -9999 -9999 -9999 -9999 -9999 -9999 -9999 -9999
8.885412 9.167349 8.335215 7.534266 7.096509 7.3599 6.821361 6.32423 6.820672 7.314593 6.456889 6.332874 6.471169 6.226444 6.375999 6.145329 5.697427 5.468586 5.515081 5.27386 5.664816 6.597457 8.763472 7.649692 6.213243 6.18859 8.943066 9.803158 6.812396 5.889872 5.711297 6.036082 6.155719 5.912014 6.223283 6.669011 6.955051 9.731274 7.122143 7.78787 7.204161 6.814298 5.9164 5.299428 5.363197 5.773107 6.469375 7.543963 7.486472 6.943405 6.301078 5.74378 6.495944 9.715651 -9999 -9999 -9999 -9999 -9999 -9999 -9999 -9999 -9999 -9999 -9999 -9999 -9999 -9999 -9999 -9999 -9999 -9999 -9999
9.83271 8.566561 8.676704 7.996797 8.091486 7.619658 6.825502 7.168653 7.395181 7.245115 6.971224 6.794879 6.650161 6.776885 6.435403 6.341012 5.833789 5.749562 5.684634 5.761469 6.261299 7.999676 7.071157 5.557041 5.602348 5.374062 5.9449 9.597925 8.670064 6.502273 5.930612 6.176398 6.570694 6.853335 5.47104 6.123736 7.145352 9.377398 7.493326 7.377815 7.364986 6.439382 5.285861 4.867194 5.677958 5.828395 6.875249 7.806346 6.036803 7.346012 7.222025 7.430606 7.993036 10.655 -9999 -9999 -9999 -9999 -9999 -9999 -9999 -9999 -9999 -9999 -9999 -9999 -9999 -9999 -9999 -9999 -9999 -9999 -9999
8.866407 10.08177 8.548436 8.810122 8.465619 8.164505 7.64912 7.726567 7.824049 7.181241 7.093604 7.113784 6.84161 6.319313 6.363471 6.146799 6.25837 6.260978 6.029395 6.383406 7.953277 6.992305 5.518427 5.456796 5.622643 5.679399 5.826612 9.325397 8.493426 7.575295 6.742776 6.026423 7.350471 6.620732 5.023712 5.079584 6.881795 9.149999 8.182375 7.395271 7.338265 6.318769 4.723657 4.733376 5.773577 6.433526 7.512894 7.184904 6.012908 6.179965 7.313139 6.63624 7.289778 9.042117 -9999 -9999 -9999 -9999 -9999 -9999 -9999 -9999 -9999 -9999 -9999 -9999 -9999 -9999 -9999 -9999 -9999 -9999 -9999
15.01594 9.083332 10.26454 9.603214 8.975657 8.645772 8.642551 8.581232 8.17066 7.531678 7.321503 7.034717 6.374672 6.281171 6.160087 6.2454 6.552759 6.678102 7.059022 8.347042 7.432563 6.111171 5.823313 5.788364 5.296967 5.898238 6.341444 9.613282 8.293218 6.739031 7.322966 6.717463 7.705061 6.160156 5.235117 5.238813 6.909007 8.949409 8.540027 7.998981 7.842787 6.851366 4.881028 4.809111 6.071387 7.584344 7.079831 5.315346 5.879134 6.536662 7.469174 6.179746 6.525419 7.070159 -9999 -9999 -9999 -9999 -9999 -9999 -9999 -9999 -9999 -9999 -9999 -9999 -9999 -9999 -9999 -9999 -9999 -9999 -9999
8.659436 15.11718 15.95993 9.916963 9.387879 8.57879 9.805175 9.832827 9.030183 7.804744 7.097899 6.457279 6.433965 6.513181 6.463438 6.705288 6.882068 7.235686 8.415863 7.207009 5.751919 5.90902 6.076557 5.508317 5.318399 6.23851 6.687907 10.02955 7.46047 7.804329 7.314419 6.834764 8.044573 6.437176 5.643695 5.751939 6.97806 8.950189 7.491321 8.514138 8.184386 7.842333 5.51761 5.143856 6.781566 7.97822 5.468387 5.058039 6.06604 6.682483 7.533874 6.8739 7.066715 7.045558 -9999 -9999 -9999 -9999 -9999 -9999 -9999 -9999 -9999 -9999 -9999 -9999 -9999 -9999 -9999 -9999 -9999 -9999 -9999
8.170764 9.47729 7.41916 15.8119 8.632368 10.87616 10.39171 11.51584 9.394777 8.305757 7.554298 7.103127 6.682563 7.141576 7.530657 7.433653 7.222636 8.50377 7.188731 5.897345 5.910007 5.832106 5.600963 5.436512 7.656695 7.363831 5.597266 7.769162 9.381972 7.511289 7.689492 7.091477 8.450647 6.456699 6.083842 5.931045 6.82059 8.867324 7.957007 8.241156 8.355814 7.936396 6.850201 5.707928 7.704913 7.782852 5.550234 5.49526 6.540786 6.168981 7.462607 7.885369 6.688207 6.892737 -9999 -9999 -9999 -9999 -9999 -9999 -9999 -9999 -9999 -9999 -9999 -9999 -9999 -9999 -9999 -9999 -9999 -9999 -9999
7.383229 7.445193 8.383413 8.207426 15.43465 7.991913 12.35186 11.16471 10.10129 9.422773 9.105746 9.027921 8.980097 8.717281 8.313538 8.198338 8.664249 7.773839 6.863904 6.335052 5.803357 5.685937 6.301055 7.360691 5.878846 7.365212 7.212626 7.600515 9.12195 9.109614 6.430827 7.85797 9.062577 6.713895 6.445138 6.119888 5.642594 7.850178 8.861954 8.152689 8.400132 7.790398 6.908359 7.348514 7.951199 7.215006 5.890974 6.059968 6.491053 6.882457 6.61784 7.397213 6.32164 6.649847 -9999 -9999 -9999 -9999 -9999 -9999 -9999 -9999 -9999 -9999 -9999 -9999 -9999 -9999 -9999 -9999 -9999 -9999 -9999
6.397081 7.024358 6.781164 7.549065 8.919826 14.59811 6.763667 7.171945 7.430901 6.304412 5.592214 5.450658 8.465014 8.829928 8.4325 8.8892 8.067607 7.25619 7.117681 6.843088 6.606206 6.462604 6.493167 5.378453 5.729578 8.135124 6.404591 6.089534 7.073725 9.597713 9.415762 6.382327 9.329963 7.884546 6.461586 6.324077 5.988814 7.280472 8.594005 8.88469 8.738737 8.128641 6.825698 7.830909 8.209158 6.205975 6.165237 6.439436 6.723836 6.818649 6.614485 6.606397 6.432955 5.6955 -9999 -9999 -9999 -9999 -9999 -9999 -9999 -9999 -9999 -9999 -9999 -9999 -9999 -9999 -9999 -9999 -9999 -9999 -9999
6.046442 6.333775 6.256066 6.936728 8.294942 8.95185 14.11708 7.172114 5.899844 6.116665 5.986309 8.02647 7.172008 6.967378 8.348097 9.030863 7.32644 6.996754 7.056343 6.945631 6.777509 6.446086 5.709012 5.626212 5.583756 6.210176 6.094539 6.008922 5.676854 6.147363 9.5158 10.22444 10.2058 9.653381 7.105779 6.668814 6.491807 7.431985 8.470073 9.246169 8.760434 9.255266 8.009517 8.532199 8.251972 6.528785 6.149055 6.5302 7.232481 6.921642 6.61754 6.839418 5.284166 5.464922 -9999 -9999 -9999 -9999 -9999 -9999 -9999 -9999 -9999 -9999 -9999 -9999 -9999 -9999 -9999 -9999 -9999 -9999 -9999
5.677999 5.697446 5.848516 7.015913 7.861069 8.373261 8.787129 13.93316 6.549394 6.45893 7.275007 7.738756 6.810861 7.161357 8.943101 7.271895 6.701893 6.914291 6.657303 6.527288 6.340288 5.861055 5.540496 5.180833 5.570965 5.758413 5.752747 6.045363 6.428622 6.07137 5.908207 5.707222 8.626026 10.11958 10.02938 8.177564 7.413414 7.627425 8.912164 9.529352 8.652218 9.178451 9.748998 9.514276 8.514346 6.925105 6.781896 7.038486 7.708553 7.233255 7.493815 5.026164 5.723995 5.849356 6.14755 -9999 -9999 -9999 -9999 -9999 -9999 -9999 -9999 -9999 -9999 -9999 -9999 -9999 -9999 -9999 -9999 -9999 -9999
5.103877 5.635259 6.347748 6.753601 6.403531 6.351722 7.057227 7.414575 13.91843 6.819083 7.8568 7.973154 7.384664 8.630562 8.40736 7.572137 6.646346 6.564704 6.904019 6.511627 5.931854 5.615349 5.08511 4.91826 5.415394 5.319149 5.887535 5.914571 6.44114 6.692943 6.596039 6.293122 6.114137 8.310438 9.775351 10.74055 8.903428 6.27099 6.781131 8.557542 9.345882 9.569234 10.47635 10.59331 9.070722 8.472038 7.905672 8.101502 7.126017 8.034324 7.14608 5.456789 6.400483 6.430911 -9999 -9999 -9999 -9999 -9999 -9999 -9999 -9999 -9999 -9999 -9999 -9999 -9999 -9999 -9999 -9999 -9999 -9999 -9999
5.797766 5.647627 5.816249 6.12083 5.650916 6.076311 6.618975 6.957377 7.118397 13.92649 8.611084 8.106256 8.733028 9.012712 7.734387 6.33504 5.610315 6.532789 7.374095 6.84676 6.265354 5.688008 5.3473 5.163804 5.009845 4.866248 5.808328 6.02695 6.143534 6.704946 6.635052 6.752162 6.724207 6.697006 8.453827 9.444099 11.22971 6.096428 6.121124 6.474677 8.110268 9.755774 11.53212 12.4294 11.48621 9.921847 8.502424 7.220945 7.579856 7.772147 7.385993 6.544141 6.849409 -9999 -9999 -9999 -9999 -9999 -9999 -9999 -9999 -9999 -9999 -9999 -9999 -9999 -9999 -9999 -9999 -9999 -9999 -9999 -9999
6.547872 6.118347 6.076703 5.242709 5.609843 6.32655 6.577477 6.58251 7.053396 14.20679 8.672613 8.713345 8.876951 8.924125 7.145994 5.904613 6.013489 7.544931 8.288972 7.128313 6.238285 5.80082 5.572258 5.185029 4.810003 5.343905 5.235663 5.218236 6.468477 6.308766 6.613997 6.710835 7.494995 7.031037 6.765542 7.483086 9.233191 10.92139 5.580871 6.130007 7.356583 11.01469 11.05707 7.06149 6.934331 7.520938 7.64439 8.07823 7.574362 8.092667 7.563455 6.963202 -9999 -9999 -9999 -9999 -9999 -9999 -9999 -9999 -9999 -9999 -9999 -9999 -9999 -9999 -9999 -9999 -9999 -9999 -9999 -9999 -9999
9.445868 8.168091 7.659367 7.551555 7.676211 8.210621 8.45956 8.440944 8.682905 6.729337 14.73785 9.076785 9.361343 8.637867 7.505259 6.644485 7.793653 8.800081 6.787196 6.820329 6.514328 6.303802 5.919361 5.671311 5.393915 4.991173 4.978446 5.439127 6.315624 6.230774 6.367526 6.687579 7.402644 7.943554 6.648515 6.708449 6.360331 8.500622 10.39263 5.405059 7.563542 11.13232 6.182162 6.418962 6.687605 7.094384 6.527 8.3384 8.502349 8.638642 7.308486 6.937168 -9999 -9999 -9999 -9999 -9999 -9999 -9999 -9999 -9999 -9999 -9999 -9999 -9999 -9999 -9999 -9999 -9999 -9999 -9999 -9999 -9999
5.928645 5.843722 5.471598 5.703708 7.066702 7.573847 7.766628 7.793216 8.28886 8.897882 7.968789 15.00406 8.458059 9.085606 7.858043 8.241341 9.333975 6.746999 7.071742 6.078287 6.327453 6.270665 6.108905 5.63079 5.114495 4.995242 4.760509 5.364214 5.797503 5.684575 6.489018 6.827211 7.312371 7.729468 7.266747 6.261722 6.432022 5.898857 7.62783 9.756227 10.10641 9.297501 5.850053 5.972081 5.592541 5.760422 6.732094 7.139584 9.630764 8.726994 6.302328 7.196223 -9999 -9999 -9999 -9999 -9999 -9999 -9999 -9999 -9999 -9999 -9999 -9999 -9999 -9999 -9999 -9999 -9999 -9999 -9999 -9999 -9999
5.900212 5.636345 6.035749 7.253811 7.097892 5.86237 6.456783 7.463868 7.756744 8.303961 8.857962 8.916185 15.65203 7.680305 9.070811 9.537687 9.085176 7.664663 6.969879 6.578345 6.499989 6.307195 6.014338 5.440547 5.153046 4.882201 4.862177 5.408504 5.731955 5.715698 6.367702 7.064099 7.234963 7.292064 6.910934 6.446124 6.040875 5.921928 5.582598 8.431539 10.58662 5.472472 4.988994 5.005876 5.059113 5.460909 6.527061 10.56986 7.744401 6.034088 8.113871 -9999 -9999 -9999 -9999 -9999 -9999 -9999 -9999 -9999 -9999 -9999 -9999 -9999 -9999 -9999 -9999 -9999 -9999 -9999 -9999 -9999 -9999
5.912038 6.51481 6.899594 5.930142 6.094841 6.226619 6.615767 6.983238 7.312896 7.40343 8.079578 8.194097 8.235991 16.05178 10.12081 9.835364 9.727197 8.375669 7.745156 6.974553 6.398408 6.056389 6.157685 5.67452 5.321045 5.167444 5.294262 5.87141 5.879907 4.624372 6.116074 7.271571 7.356817 7.051049 7.036772 6.426338 6.184947 5.796082 5.867645 5.543686 10.70024 4.164648 4.820558 5.352974 4.975121 8.87824 9.993103 6.923628 10.33912 8.933989 -9999 -9999 -9999 -9999 -9999 -9999 -9999 -9999 -9999 -9999 -9999 -9999 -9999 -9999 -9999 -9999 -9999 -9999 -9999 -9999 -9999 -9999 -9999
5.260795 5.487562 5.989753 6.076637 5.776587 5.962625 6.385772 7.311265 6.993298 6.851585 6.927557 7.537184 8.208166 8.508638 16.47381 9.974155 10.2555 9.679442 8.532102 7.217115 6.482405 6.021693 6.19312 6.152058 5.65769 5.782447 6.200005 6.378437 5.900879 5.77238 6.187002 5.660186 4.846581 6.861772 7.068977 6.947063 6.32967 6.079353 5.701719 5.746948 10.60435 4.492037 5.162575 7.08287 7.812933 3.77429 4.509619 5.271235 5.936419 6.620881 -9999 -9999 -9999 -9999 -9999 -9999 -9999 -9999 -9999 -9999 -9999 -9999 -9999 -9999 -9999 -9999 -9999 -9999 -9999 -9999 -9999 -9999 -9999
5.222242 5.445326 5.337043 5.914036 5.428745 5.922352 6.594988 6.876709 6.908884 6.407863 6.161805 6.957582 7.429585 7.950672 8.933536 16.16064 9.809562 10.8226 9.435079 8.374068 6.766665 5.562428 6.747128 6.902125 6.464903 6.674784 6.758528 5.827615 6.326906 6.114978 5.889975 4.939523 4.770639 5.294039 6.458856 7.148564 6.816236 6.431094 5.746148 5.876088 9.477704 10.15633 5.670983 8.680476 3.979677 3.282913 4.535732 4.693305 4.818823 5.071589 -9999 -9999 -9999 -9999 -9999 -9999 -9999 -9999 -9999 -9999 -9999 -9999 -9999 -9999 -9999 -9999 -9999 -9999 -9999 -9999 -9999 -9999 -9999
6.27202 5.948331 5.42115 5.571724 5.475255 5.880455 5.679626 5.404301 5.913198 6.248567 6.831963 6.31949 6.780006 7.689879 8.297817 7.866822 17.22705 10.17698 7.55371 7.027974 7.968102 8.487514 8.118937 8.112881 7.306916 7.132358 6.501348 5.910472 6.181906 6.323298 5.931651 5.256143 5.141603 5.463038 6.320059 6.414573 6.976638 6.809306 6.188353 6.293093 9.019622 10.48358 9.845773 9.330229 4.774184 3.666337 3.765475 5.178276 4.44131 4.168272 -9999 -9999 -9999 -9999 -9999 -9999 -9999 -9999 -9999 -9999 -9999 -9999 -9999 -9999 -9999 -9999 -9999 -9999 -9999 -9999 -9999 -9999 -9999
7.901165 6.511368 6.098641 5.495086 5.74952 5.29902 6.110522 5.803991 6.13131 6.632066 5.799638 6.177461 6.805046 7.006251 7.516805 8.662548 16.18755 7.831031 7.055646 5.634416 5.95832 6.678925 7.403181 6.108011 8.018306 7.994189 6.594602 5.711838 6.101191 6.656155 6.237516 5.816828 5.726736 5.936548 5.831199 6.594378 6.60655 7.054757 7.004614 6.906089 8.828444 10.91463 11.18431 10.50632 5.875271 3.886918 3.038581 3.858525 6.123034 4.488333 -9999 -9999 -9999 -9999 -9999 -9999 -9999 -9999 -9999 -9999 -9999 -9999 -9999 -9999 -9999 -9999 -9999 -9999 -9999 -9999 -9999 -9999 -9999
5.976397 7.938996 6.23807 4.520953 5.614184 5.801638 5.045526 5.257344 5.566381 6.196148 5.939345 6.378272 6.066927 6.79518 7.457179 8.031642 7.134773 15.3135 6.6186 6.067785 5.995547 6.220302 5.62029 5.399536 7.196998 9.01694 7.179939 6.060399 6.61319 6.759009 6.468302 6.083767 6.298161 5.867914 5.068225 6.348046 6.43512 6.8518 7.668939 7.843572 8.860296 11.58462 12.3814 11.64013 7.181036 3.931251 3.621076 3.703436 3.70367 6.348572 -9999 -9999 -9999 -9999 -9999 -9999 -9999 -9999 -9999 -9999 -9999 -9999 -9999 -9999 -9999 -9999 -9999 -9999 -9999 -9999 -9999 -9999 -9999
4.850292 4.659276 7.609015 5.326465 6.229292 5.676705 5.616714 5.25914 5.975063 6.164069 5.924736 6.065536 6.723497 6.825824 6.895877 6.925279 7.797111 15.37944 7.811287 7.631124 7.772633 6.662233 5.857252 5.388226 7.832106 10.86844 6.658744 7.231497 7.326262 7.451515 6.788281 6.513313 6.544714 5.988079 5.172043 6.389938 6.576062 6.762225 7.843671 8.646255 9.714727 11.98457 13.33922 7.547828 11.83224 4.969917 5.397638 3.956161 3.634226 3.543872 5.650584 -9999 -9999 -9999 -9999 -9999 -9999 -9999 -9999 -9999 -9999 -9999 -9999 -9999 -9999 -9999 -9999 -9999 -9999 -9999 -9999 -9999 -9999
5.356666 6.338131 8.469421 8.854822 8.274655 7.516698 7.668285 7.554699 6.719502 6.574403 6.01814 5.630589 6.077065 6.550797 6.721691 6.615947 6.64234 6.805704 15.95899 9.542866 6.941893 6.466816 6.680412 10.45491 10.7037 6.857207 5.881174 5.752182 7.068666 9.084332 9.367505 7.047287 7.125494 6.492692 6.25529 6.792109 7.326442 7.486925 7.113179 10.47943 6.735094 11.31431 11.44845 13.32044 7.573515 9.987375 6.850056 5.401076 4.581106 3.626844 3.581589 5.115335 -9999 -9999 -9999 -9999 -9999 -9999 -9999 -9999 -9999 -9999 -9999 -9999 -9999 -9999 -9999 -9999 -9999 -9999 -9999 -9999 -9999
8.478134 5.830346 10.53064 5.944173 5.79329 4.903739 5.009848 4.979627 5.981413 8.069338 6.299489 5.709361 5.78948 5.266737 5.6515 6.163946 6.285871 7.401587 7.760162 16.19849 6.858718 6.986454 10.95939 6.419987 6.451673 6.256144 6.227417 5.949232 6.493871 7.24749 6.471567 10.62205 7.108395 6.090709 7.366698 7.632606 7.292244 8.996382 6.442397 11.3103 7.096231 7.100992 13.55146 6.874715 9.978776 7.75934 6.303368 5.7112 4.26686 3.746154 3.651549 3.372192 3.946468 4.459513 4.987553 5.478731 5.741789 5.57151 5.399172 5.646303 -9999 -9999 -9999 -9999 -9999 -9999 -9999 -9999 -9999 -9999 -9999 -9999 -9999
