04_184A004/twi.asc
ncols 172
nrows 237
xllcorner 610032
yllcorner 6876144
cellsize 16
nodata_value -9999
[rows 64 to 95 of 237, columns 73 to 145 of 172]
5.988371 6.299351 6.670107 9.436762 4.679955 4.573539 5.902252 5.089488 5.198231 6.036966 8.069121 7.092777 6.366475 5.721087 5.829591 5.595335 5.515724 6.103891 6.983357 8.282876 16.28758 9.804698 10.87973 6.150462 5.993834 5.575014 5.320775 6.02026 6.693408 7.399381 8.057641 10.657 6.060528 5.680923 6.166209 7.673952 8.753447 6.620428 11.99515 7.66378 7.657009 14.35028 7.379011 9.971566 6.876169 8.078863 6.889491 10.04599 5.355168 4.913023 4.369984 3.731578 3.658766 4.205759 4.501254 4.658306 4.988958 4.493731 4.645323 4.856065 -9999 -9999 -9999 -9999 -9999 -9999 -9999 -9999 -9999 -9999 -9999 -9999 -9999
7.16104 7.435773 8.540708 9.546596 4.816142 4.207971 4.573516 4.66951 4.873412 5.256771 6.386512 8.443504 8.562386 7.091881 6.124263 6.003158 5.767053 5.614021 5.418042 5.853076 6.993636 15.32757 15.88633 14.21636 5.883239 5.338036 5.429822 5.785436 6.873796 8.085755 8.397349 5.877431 9.848582 5.577161 6.822775 8.507269 6.792987 12.15332 7.855077 7.898517 14.49527 7.882664 10.54574 7.225655 8.258806 7.008967 11.50062 7.078007 10.38996 9.753667 8.597555 7.75177 6.989115 5.505939 4.91236 4.814579 5.053903 4.932037 5.142722 -9999 -9999 -9999 -9999 -9999 -9999 -9999 -9999 -9999 -9999 -9999 -9999 -9999 -9999
6.410336 6.981995 5.965026 10.39672 5.315039 4.740155 4.550767 4.956624 5.391367 5.249622 5.66481 5.716051 8.024393 9.442338 9.31282 6.877573 6.677396 6.152771 5.851523 6.288627 5.461722 6.359324 6.976668 6.158597 13.89796 13.48397 5.48263 6.626816 6.710689 7.861015 7.015693 7.989841 6.147617 10.46596 6.543432 9.602888 7.411097 12.93948 8.104185 14.4767 8.043466 11.20098 7.610804 9.251834 7.046811 11.34631 6.638175 7.279951 6.281971 5.899415 5.744378 6.309257 7.519331 8.129157 7.916545 8.012191 8.131747 8.228707 7.845842 6.409287 -9999 -9999 -9999 -9999 -9999 -9999 -9999 -9999 -9999 -9999 -9999 -9999 -9999
6.454067 6.094029 5.673636 9.97726 5.296829 5.911176 5.164015 5.490407 6.075019 5.415555 5.753271 5.657718 5.923656 6.178807 8.11114 10.42782 10.74192 8.470489 8.168751 8.377615 6.895987 5.755332 6.394793 6.075449 5.905397 5.613529 13.59899 13.64721 13.88865 14.4362 5.803418 6.335309 8.740443 6.934228 11.6276 7.448911 12.83437 8.503554 15.58252 9.674154 11.88742 7.834025 9.923401 7.733052 11.7343 6.238812 6.548043 5.563376 5.169829 4.840175 4.87184 5.071814 5.043637 6.344811 6.479548 5.252964 5.524842 5.926013 5.177573 -9999 -9999 -9999 -9999 -9999 -9999 -9999 -9999 -9999 -9999 -9999 -9999 -9999 -9999
11.10443 6.354282 5.707959 9.741739 5.768569 6.948077 6.515126 5.97804 6.275925 6.081822 5.32084 5.843997 6.047533 5.819992 5.842937 6.371976 11.135 6.179299 5.78425 7.167336 6.322021 5.653674 7.010345 7.053439 5.770774 5.678686 5.904019 6.010612 6.003127 6.001168 13.54621 13.5067 14.30815 9.574297 7.303774 12.99532 8.2327 15.27436 8.368885 11.91822 7.963306 8.917126 8.411752 12.36873 7.224258 7.536853 4.509488 4.369268 4.533627 4.40854 4.549408 4.541644 4.664647 4.815042 6.593921 4.872064 5.050642 5.292782 5.776758 -9999 -9999 -9999 -9999 -9999 -9999 -9999 -9999 -9999 -9999 -9999 -9999 -9999 -9999
7.004511 10.92041 10.264 10.01148 10.8959 6.958665 7.641289 7.07118 6.954563 6.611188 5.835005 6.619475 6.173693 5.475085 6.00916 9.549582 7.868234 5.365348 5.21898 5.944962 6.831398 5.410358 6.441378 5.730084 7.274614 6.755231 5.578421 5.666451 6.040075 6.453813 5.597502 5.629098 7.259674 15.06374 7.381467 15.31164 15.37934 7.65975 14.05329 8.341927 9.539864 9.459579 8.776253 8.197597 11.90141 6.375464 5.210952 4.453703 4.092725 4.325543 4.444559 4.472161 4.501031 4.520882 5.520393 7.21202 6.956496 7.23404 6.380264 5.537488 6.334216 -9999 -9999 -9999 -9999 -9999 -9999 -9999 -9999 -9999 -9999 -9999 -9999
5.518429 5.724146 5.619157 6.646661 8.458105 11.51483 12.02888 7.443159 7.683483 7.438118 6.719261 7.69211 6.230543 5.698353 6.338916 9.707041 7.800761 5.893402 5.7815 7.837369 6.448458 5.697227 6.667669 6.148964 7.903746 8.193511 8.33779 8.32121 6.827259 5.930636 5.631537 5.560912 5.967531 6.603743 16.21404 8.218153 9.314624 7.430308 8.303923 15.99204 8.884254 8.916375 8.406291 13.4039 9.553773 6.872871 5.270061 4.331291 4.099953 4.43876 4.697255 5.07792 5.666674 6.862361 5.241638 5.251924 6.736855 6.393834 6.553826 6.005036 6.712848 7.972621 -9999 -9999 -9999 -9999 -9999 -9999 -9999 -9999 -9999 -9999 -9999
-9999 5.91991 6.452528 7.993714 7.990323 6.74839 5.996557 11.39516 11.80965 7.298348 8.443007 7.443474 6.434052 6.636039 6.916266 10.04108 9.650581 9.379151 9.015772 6.679308 5.396119 6.016305 6.223504 8.223469 5.95823 6.27806 7.402645 8.927263 8.893571 8.078657 6.6265 6.126428 5.891636 7.234726 9.007247 15.92251 7.290888 8.906834 8.523795 8.158729 15.56075 8.704476 13.58646 11.66744 8.798558 7.884974 5.944625 4.926615 4.595119 4.673583 5.036401 5.341948 5.122941 5.42562 6.349384 5.451998 5.902083 6.870988 7.774757 8.118417 7.730689 7.550611 7.052197 -9999 -9999 -9999 -9999 -9999 -9999 -9999 -9999 -9999 -9999
-9999 7.269445 7.798021 7.961574 6.41369 5.708361 5.706456 5.833758 6.387037 12.74072 8.157008 7.165326 7.339866 7.691634 9.538089 10.2877 9.086 5.431902 6.476633 6.61101 5.782009 6.238651 5.965346 6.742862 5.979521 5.725554 6.214867 6.688548 8.651731 7.409576 7.723449 7.320765 7.042989 15.84223 8.159918 15.80068 8.044503 6.859535 6.446119 7.978493 7.991938 12.63599 6.842965 7.535763 8.31057 8.950723 7.266843 6.189888 5.739587 5.723725 5.769061 5.576915 5.351582 6.39509 5.381982 5.45751 5.645907 6.03921 6.316022 6.753575 9.155824 11.46078 7.171269 6.883003 -9999 -9999 -9999 -9999 -9999 -9999 -9999 -9999 -9999
-9999 5.34048 5.71367 6.146291 6.222888 6.19476 5.255077 6.111388 6.976983 12.17338 7.745546 7.882017 8.120317 9.679105 10.35002 9.575567 5.758765 5.350181 5.199538 6.260815 5.389246 7.315219 5.658068 5.627422 5.455126 5.150856 5.231221 6.425489 7.561412 8.403801 8.453128 8.057704 15.87911 7.756074 15.55522 6.850398 10.17278 7.67663 6.867596 6.744997 6.153656 6.274839 11.78418 6.353508 9.975308 10.039 8.433435 7.003328 6.363285 5.776252 4.995082 4.89604 6.07667 6.732632 5.716668 5.64252 6.241447 5.945935 6.120696 6.349243 6.361145 7.155842 10.82949 7.668878 -9999 -9999 -9999 -9999 -9999 -9999 -9999 -9999 -9999
-9999 6.020761 5.799723 6.61916 7.143575 5.981565 5.545276 5.822773 7.847716 11.39373 7.260807 9.261289 10.09286 9.997854 11.35079 5.686614 4.680573 5.144414 5.679345 5.623725 6.617282 5.556154 5.957757 6.789866 5.751673 5.731062 5.51261 5.738793 6.531557 8.139887 9.166923 15.55853 7.615351 7.608948 6.35558 6.889624 7.78715 8.592308 7.035561 6.769866 5.699068 5.556944 5.707856 11.3704 11.99503 10.84407 11.44461 6.922239 5.899886 5.725675 5.587193 5.626658 4.922666 6.397233 6.468842 6.193727 6.596317 6.70433 6.675736 5.997574 7.066444 6.931351 6.446929 9.797168 -9999 -9999 -9999 -9999 -9999 -9999 -9999 -9999 -9999
-9999 6.493866 5.576645 6.063404 7.578815 8.179365 8.51195 8.415071 5.736619 6.49609 11.8848 13.36753 8.640398 12.36128 10.93981 5.268896 4.503164 4.675627 5.110432 5.926823 5.873121 5.752751 6.688822 7.407563 7.907551 7.900622 7.428012 7.267477 7.242441 7.744377 8.940311 16.31839 7.33882 8.308211 7.244575 6.378539 6.295689 8.248137 7.887996 6.37316 4.911959 4.84745 5.044908 5.813794 6.53377 11.08491 10.78212 10.20238 6.132733 5.381093 5.39676 5.312425 6.153151 6.242103 6.137692 6.74397 6.448144 5.970266 7.46816 7.53364 6.210556 6.485602 7.325207 6.51385 -9999 -9999 -9999 -9999 -9999 -9999 -9999 -9999 -9999
-9999 5.867709 5.49608 5.582807 7.068801 7.897781 6.926518 6.611328 6.099854 5.94316 6.161575 7.729888 15.8628 14.57021 7.441188 6.602939 5.652648 5.263198 5.112322 4.664352 5.019022 5.700597 5.78659 5.799645 6.305411 7.41631 7.74674 7.886621 8.415601 9.159545 16.65394 8.270154 10.59911 7.135005 5.612256 4.813811 5.237901 5.809966 8.174561 5.57864 4.946956 4.693382 4.369 5.250904 6.290711 7.424596 8.418705 10.73723 5.973247 4.809553 4.446197 5.219141 6.860165 6.432839 6.442941 6.639303 6.247934 5.355658 5.929437 8.654025 6.933605 6.340645 6.192097 6.096835 -9999 -9999 -9999 -9999 -9999 -9999 -9999 -9999 -9999
-9999 5.79991 5.221494 5.163782 6.306657 6.220406 7.985095 6.786801 6.075372 5.723897 6.465995 8.553319 9.599625 7.7375 13.35749 13.49708 6.372678 6.49867 5.523324 5.232793 5.355365 6.206975 6.017086 5.850327 5.578916 5.543403 7.226489 7.965503 9.032183 9.666497 16.32019 9.482401 6.944497 8.070902 5.448392 4.350384 4.32223 4.552489 5.399973 7.829617 5.434751 5.305297 5.282051 5.269455 6.442865 7.120091 7.616405 9.503936 10.38232 5.371354 4.986958 5.201383 6.947133 6.615521 6.531015 7.035506 6.054609 5.620025 6.22286 7.839236 7.057501 6.187255 6.824531 7.040467 -9999 -9999 -9999 -9999 -9999 -9999 -9999 -9999 -9999
5.503804 4.781137 5.766949 5.453238 7.171628 5.956569 8.038735 6.321076 6.360878 5.465731 6.665349 7.792231 6.52376 6.263721 6.331452 6.071238 13.06293 6.758704 6.868982 5.853342 4.899897 5.412153 6.92595 5.276624 6.262091 5.900013 6.099781 7.752545 9.633842 15.27729 6.32277 8.570292 8.33927 6.878474 5.409827 4.709735 4.033623 4.25833 4.730232 5.387362 7.762014 5.759328 6.166719 6.707828 6.968828 7.216464 8.080418 9.567451 9.718629 10.33136 5.528585 6.414009 6.789022 6.263274 6.975438 6.806804 6.394467 6.153628 7.132642 6.908143 5.812831 6.391909 6.587407 6.657853 -9999 -9999 -9999 -9999 -9999 -9999 -9999 -9999 -9999
5.737041 5.740026 4.842912 4.829628 6.90071 6.070999 5.799242 8.5984 6.188159 5.983951 5.974577 7.341426 5.950664 5.434596 5.024435 5.773411 6.273734 12.66896 12.79201 6.342645 5.776526 4.941784 6.798493 6.087397 6.342034 6.770773 6.671745 7.149397 15.88798 6.329468 5.719106 6.718073 7.199429 6.147086 5.09854 5.078094 4.706148 4.719024 4.025782 4.745388 5.523458 6.814725 7.058168 7.419668 6.264559 8.592941 8.438435 10.6038 9.182849 5.698318 11.39444 11.01048 6.925015 6.958155 7.213561 7.114247 6.093236 6.157849 7.748625 6.84838 6.083139 5.63637 5.345447 6.675716 -9999 -9999 -9999 -9999 -9999 -9999 -9999 -9999 -9999
6.906798 6.72121 5.523517 6.422941 6.275029 5.251747 5.864603 9.214918 6.589953 6.193118 5.833125 6.918401 5.873215 5.489953 6.124518 5.367232 4.907892 6.026539 7.87585 13.32285 6.178245 6.812508 6.758585 6.87769 7.015033 7.672188 7.933286 15.53849 6.711723 6.328737 5.601309 5.843528 6.340144 5.410128 4.993574 5.00865 5.082285 4.782441 4.322977 4.638863 4.949322 5.750289 6.069028 6.236065 8.719396 7.87676 8.559445 10.43013 9.894829 5.860571 5.901019 5.923902 11.91613 7.906055 8.359511 7.608225 6.53878 5.124033 8.145915 6.985637 6.009199 5.749817 5.689161 5.198949 6.751009 5.932802 -9999 -9999 -9999 -9999 -9999 -9999 -9999
8.378742 7.0806 6.877753 7.928811 7.141929 5.970667 5.43492 5.813844 8.569339 5.924973 5.71379 7.368618 6.750309 5.214319 4.943346 5.137178 5.434876 5.685586 6.004749 6.755251 13.36059 7.291618 7.808101 6.640252 6.176827 7.480018 8.535031 16.23234 7.893564 6.915704 6.249484 5.193781 5.454879 5.000147 4.943406 5.054953 5.258228 5.291488 4.923336 5.169749 5.149228 4.941207 5.441257 6.30533 7.756808 7.683525 8.427146 9.344203 10.83447 6.68945 5.626043 5.351548 6.314756 10.54705 12.14247 11.39134 10.34062 7.492108 8.227034 7.124053 6.437024 6.062989 5.593549 5.670414 5.22708 6.485251 -9999 -9999 -9999 -9999 -9999 -9999 -9999
-9999 6.90774 7.821463 8.744793 8.136412 7.665171 5.643979 5.543045 8.463593 6.945442 6.03897 7.664488 7.458425 6.733626 6.077118 5.835458 5.270734 5.529829 5.871798 6.899541 7.052495 13.15561 6.744626 6.157123 14.65285 6.453043 15.60138 7.484294 7.490259 7.062096 5.969082 5.002347 4.545934 4.635542 4.664353 4.923792 5.397681 5.659944 5.418819 5.604356 5.212801 5.155657 5.574362 6.163412 6.258994 7.251173 7.816872 8.654975 8.689584 9.749575 5.359177 5.024984 4.742184 5.657282 6.346577 8.27471 7.875014 11.62992 10.43832 6.613815 7.075588 6.45296 6.187531 5.706276 5.890219 5.709445 -9999 -9999 -9999 -9999 -9999 -9999 -9999
-9999 16.3875 6.28884 6.091376 6.090945 8.903059 5.741095 5.753287 8.51801 8.619321 7.309895 8.106527 6.094347 6.392942 7.682093 7.189967 6.50505 6.363203 6.436255 6.915948 6.839438 6.972745 13.12073 -9999 -9999 15.57238 6.942174 6.944805 7.718468 6.834157 5.624958 4.597866 4.095644 4.16786 4.393263 4.833776 5.257382 5.860057 5.595608 5.789322 5.340673 5.394393 5.323985 5.688548 6.230824 6.899769 7.754333 8.314432 7.836565 8.678346 7.831978 4.886411 5.004977 4.529789 5.253374 7.256999 8.451445 9.243249 8.764296 10.61943 9.045717 7.640632 6.552117 6.386772 6.687339 -9999 -9999 -9999 -9999 -9999 -9999 -9999 -9999
-9999 -9999 16.21934 15.9946 16.06984 16.28549 16.02396 6.029935 9.820966 10.03404 8.803602 8.789423 7.034179 6.363678 7.510636 8.162146 7.543085 6.989134 7.368699 7.741401 7.382646 15.67195 -9999 -9999 -9999 -9999 -9999 13.08614 12.48137 6.465742 5.294184 4.689578 4.217695 4.328666 4.69028 5.028916 5.270443 6.760521 6.050137 5.541636 5.290206 5.299641 5.575914 6.089767 6.094841 6.877743 7.914467 7.735305 7.730662 7.697799 8.484112 5.942593 5.715981 5.175464 5.421238 7.05039 7.79083 8.225832 8.487217 7.945333 8.015962 6.521066 7.574818 5.775071 -9999 -9999 -9999 -9999 -9999 -9999 -9999 -9999 -9999
-9999 -9999 -9999 -9999 -9999 -9999 -9999 -9999 9.563802 10.94572 11.73201 10.90746 9.492286 8.659186 9.185626 9.796945 8.914039 8.012896 7.242123 15.50316 -9999 -9999 -9999 -9999 -9999 -9999 -9999 -9999 -9999 -9999 5.703818 5.033625 5.329812 5.157284 4.855395 4.872491 5.382763 4.947046 5.301039 5.193262 5.147675 5.372861 6.017413 6.347733 6.775311 6.373778 7.781945 6.538347 7.792177 7.624016 8.226768 7.257335 6.112587 5.877351 6.482458 6.507828 7.645169 7.585074 5.949341 5.760267 6.351675 8.539969 8.355706 -9999 -9999 -9999 -9999 -9999 -9999 -9999 -9999 -9999 -9999
-9999 -9999 -9999 -9999 -9999 -9999 -9999 -9999 16.7925 8.171245 10.48125 8.426244 6.728935 6.698906 6.879477 7.020685 9.372228 9.132366 15.8027 -9999 -9999 -9999 -9999 -9999 -9999 -9999 -9999 -9999 -9999 -9999 10.58422 5.436379 4.508255 5.061668 5.269968 5.257064 5.150653 5.506693 5.266268 5.172403 5.308526 5.695218 6.463682 7.067173 6.883527 7.71656 5.972992 5.876131 7.053515 7.570381 8.19823 6.972699 6.565406 6.481435 6.466423 6.704782 7.056922 5.633353 4.82687 5.004424 6.273666 8.313284 -9999 -9999 -9999 -9999 -9999 -9999 -9999 -9999 -9999 -9999 -9999
-9999 -9999 -9999 -9999 -9999 -9999 -9999 -9999 -9999 8.230764 10.31996 8.004743 5.897381 5.575001 5.902971 6.154797 6.160711 14.84809 -9999 -9999 -9999 -9999 -9999 -9999 -9999 -9999 -9999 -9999 -9999 -9999 -9999 5.837064 5.474694 5.12951 4.962783 5.270418 5.864241 5.554042 6.126813 5.82135 5.030452 5.071043 5.908 6.175336 7.457616 5.745535 5.316627 6.034627 6.225893 6.098332 8.140016 6.533584 5.867832 6.012311 6.389597 6.830515 5.878163 5.163145 4.361911 4.888487 5.713867 8.014316 -9999 -9999 -9999 -9999 -9999 -9999 -9999 -9999 -9999 -9999 -9999
-9999 -9999 -9999 -9999 -9999 -9999 -9999 -9999 -9999 16.97467 8.281759 7.887147 6.374848 5.520886 5.82798 5.361749 5.400682 5.930511 -9999 -9999 -9999 -9999 -9999 -9999 -9999 -9999 -9999 -9999 -9999 -9999 -9999 6.846581 5.967984 5.790021 5.611783 5.452803 5.270713 4.886263 5.630654 6.406675 6.443582 5.650158 5.639486 7.336901 6.419809 5.550765 5.307991 5.669218 5.624115 5.826693 7.923107 6.865607 5.481509 5.746025 6.220491 6.59918 5.82815 5.488938 4.753141 4.823274 5.633333 -9999 -9999 -9999 -9999 -9999 -9999 -9999 -9999 -9999 -9999 -9999 -9999
-9999 -9999 -9999 -9999 -9999 -9999 -9999 -9999 -9999 -9999 16.76213 7.66097 6.307139 5.321898 5.442995 5.602271 5.488188 -9999 -9999 -9999 -9999 -9999 -9999 -9999 -9999 7.979497 -9999 -9999 -9999 -9999 12.25523 11.23588 6.836084 5.875542 5.686624 5.425901 5.053468 5.235206 4.972042 5.034369 7.113523 7.593321 7.980185 7.588677 9.393824 5.654477 -9999 6.043714 5.420462 5.708858 6.292141 8.139188 5.188621 5.719531 6.065035 6.203861 6.045371 5.382628 5.240921 5.838771 5.992264 -9999 -9999 -9999 -9999 -9999 -9999 -9999 -9999 -9999 -9999 -9999 -9999
-9999 -9999 -9999 -9999 -9999 -9999 -9999 -9999 -9999 -9999 16.24434 6.236535 6.994902 6.704384 5.805449 5.061355 5.757095 -9999 -9999 -9999 -9999 6.227644 6.127339 5.716332 5.198618 5.054394 4.720711 5.002867 5.49639 6.302495 7.158277 9.563212 10.99489 6.719161 5.747617 5.031255 4.945345 4.782488 4.947834 6.471748 6.130117 6.117114 6.744364 5.704074 -9999 -9999 -9999 -9999 -9999 -9999 5.220319 6.250052 8.287205 6.006432 6.012159 5.490898 5.74284 5.494728 6.437509 6.272896 6.16009 -9999 -9999 -9999 -9999 -9999 -9999 -9999 -9999 -9999 -9999 -9999 -9999
16.94171 -9999 -9999 -9999 -9999 -9999 -9999 -9999 -9999 16.89738 6.272356 6.33696 6.893172 7.565339 -9999 -9999 -9999 -9999 -9999 -9999 15.51505 6.317277 5.893068 5.365219 4.578558 4.708467 4.386946 4.07323 4.448933 4.678399 5.582354 6.706915 9.638705 10.91915 6.123028 5.051029 4.80086 4.223324 5.641332 6.419402 6.117387 5.347689 6.317931 5.795676 -9999 -9999 -9999 -9999 -9999 -9999 5.416095 5.17569 7.484479 7.880151 6.363853 5.644448 5.446634 5.778511 5.863041 6.326015 6.13079 -9999 -9999 -9999 -9999 -9999 -9999 -9999 -9999 -9999 -9999 -9999 -9999
9.259947 7.008535 -9999 -9999 -9999 -9999 -9999 -9999 -9999 -9999 -9999 5.806876 5.831431 -9999 -9999 -9999 -9999 -9999 -9999 -9999 6.260882 5.630325 5.725364 5.588407 5.006822 4.585661 4.20091 4.166719 3.890928 4.136724 4.981925 5.479638 6.209219 9.231245 11.06634 5.300034 5.204639 5.418222 6.255177 5.85493 6.151695 5.9453 5.766973 5.569596 -9999 -9999 -9999 -9999 -9999 -9999 -9999 5.700602 7.174602 8.164931 5.989975 6.526516 6.315854 5.586941 5.248 6.087603 5.615316 -9999 -9999 -9999 -9999 -9999 -9999 -9999 -9999 -9999 -9999 -9999 -9999
8.026109 7.105731 -9999 -9999 -9999 -9999 -9999 9.080677 8.860731 -9999 -9999 -9999 -9999 -9999 -9999 -9999 -9999 -9999 -9999 8.739022 8.539943 6.149849 5.345207 4.689174 4.955305 4.882681 4.778054 4.356376 4.014874 4.340849 4.437132 4.985309 5.165456 6.267837 7.269432 11.74723 10.72902 7.63407 6.695606 5.865074 5.042884 5.483721 5.965572 5.43128 -9999 -9999 -9999 -9999 -9999 -9999 -9999 5.59446 6.749271 7.938451 5.846149 5.914977 6.80452 7.076281 6.833211 -9999 -9999 -9999 -9999 -9999 -9999 -9999 -9999 -9999 -9999 -9999 -9999 -9999 -9999
7.01367 7.97778 7.239486 -9999 -9999 -9999 -9999 -9999 6.461214 5.904185 -9999 -9999 -9999 -9999 -9999 -9999 -9999 15.81315 5.638439 5.544341 7.57482 8.473184 5.674516 4.739782 4.166559 4.726165 5.129182 4.755653 4.686426 4.521232 4.365137 4.512385 4.986719 5.425773 6.074072 6.478497 8.50869 11.1685 6.800093 5.48327 5.053448 4.54596 5.003481 5.139091 -9999 -9999 -9999 -9999 -9999 -9999 -9999 5.414255 5.155172 7.46356 6.453164 6.788311 5.578063 6.464231 7.344026 -9999 -9999 -9999 -9999 -9999 -9999 -9999 -9999 -9999 -9999 -9999 -9999 -9999 -9999
6.039075 6.668621 7.735893 17.32776 -9999 -9999 -9999 -9999 5.785762 5.990761 -9999 -9999 -9999 -9999 -9999 -9999 -9999 6.1687 5.646629 4.842403 4.544052 7.851218 8.309436 5.616257 4.981253 5.035748 5.287413 5.203009 5.07781 4.5232 4.684734 4.319422 4.47492 5.312467 5.458947 5.633774 6.487661 8.265075 10.94785 6.161981 4.894679 4.489087 4.814585 5.574686 5.566203 5.602952 -9999 -9999 -9999 -9999 -9999 -9999 5.486506 6.906103 8.362498 6.181334 5.869938 6.015868 7.757408 -9999 -9999 -9999 -9999 -9999 -9999 -9999 -9999 -9999 -9999 -9999 -9999 -9999 -9999
