04_184A004/twi.asc
ncols 172
nrows 237
xllcorner 610032
yllcorner 6876144
cellsize 16
nodata_value -9999
[rows 160 to 191 of 237, columns 73 to 145 of 172]
6.421968 6.784891 7.170716 9.758623 10.80311 9.701782 7.567292 7.64939 11.88626 11.31271 10.41134 9.73559 6.157154 6.330378 5.791877 5.53054 5.275431 4.799773 4.736985 5.922007 6.389841 8.614928 7.26706 6.156976 5.787804 5.566665 5.888307 6.386668 5.383613 4.732164 4.757313 4.624266 4.588083 4.656128 4.877888 5.540879 5.017377 4.507932 5.588127 8.428069 5.054239 4.607512 6.317714 5.21512 5.758892 9.605984 6.617137 5.808967 7.633666 7.782291 6.160544 5.171104 4.348286 4.592123 6.22788 6.045917 -9999 -9999 -9999 -9999 -9999 -9999 -9999 -9999 -9999 -9999 -9999 -9999 -9999 -9999 -9999 -9999 -9999
7.142916 6.710618 7.342845 10.65296 9.68791 6.299563 6.640963 6.371667 6.279318 7.08402 7.236074 8.081367 12.35879 10.84014 7.026249 7.662502 6.264709 5.898073 5.31454 7.495553 6.408807 6.360374 6.417287 5.936496 5.645784 6.092207 6.095115 6.275551 5.079466 5.024738 5.387464 5.977707 5.426438 5.068634 4.954952 4.927317 4.414416 4.610773 8.431392 6.123379 4.980344 4.735336 5.87933 5.17083 6.12945 10.95356 6.707479 5.979021 6.213439 5.970611 7.12697 6.398936 5.184187 6.766865 5.800464 4.97064 5.480291 6.088546 -9999 -9999 -9999 -9999 -9999 -9999 -9999 -9999 -9999 -9999 -9999 -9999 -9999 -9999 -9999
6.553301 7.375723 10.99421 10.81957 6.339478 5.749733 6.204271 5.626667 5.059932 5.9209 6.510093 6.983454 6.864604 9.418925 6.413138 5.886652 9.159836 10.08829 8.68157 6.854072 7.014911 8.377567 6.177362 6.162678 6.31677 7.437054 7.356903 6.081745 4.92833 4.691567 4.49451 4.903552 5.28687 5.191395 4.618458 4.848017 4.644589 7.354498 7.244344 5.972332 5.464792 4.934104 5.617565 5.508092 6.656472 9.75297 7.242499 5.326806 5.292644 5.168045 5.880768 6.21043 7.059138 6.071951 5.724499 5.604998 5.126027 5.220881 5.520817 -9999 -9999 -9999 -9999 -9999 -9999 -9999 -9999 -9999 -9999 -9999 -9999 -9999 -9999
10.16952 10.98704 9.672218 7.940735 10.5478 6.563197 6.154632 6.39673 5.717389 5.942355 6.582883 7.906692 8.896695 7.16025 5.883879 5.862413 7.125227 7.26186 10.68562 11.31594 7.49445 10.15469 6.492013 6.549764 5.977062 9.173489 8.340257 7.271042 5.670393 5.101871 4.515541 5.367201 6.982384 6.092741 5.960157 6.067822 6.438334 9.288757 4.569805 4.532324 5.283787 5.176937 5.372532 5.571906 7.020967 7.957175 6.367235 5.284788 5.003098 4.962455 5.831229 6.103488 6.633255 6.182797 6.10972 5.385885 5.442294 5.186937 4.854925 5.511292 -9999 -9999 -9999 -9999 -9999 -9999 -9999 -9999 7.05337 -9999 -9999 -9999 -9999
9.774035 9.035112 7.55204 6.264637 6.741907 10.37777 10.08958 6.322412 6.531739 6.089373 6.268084 6.056301 6.326098 7.199062 6.623324 6.030951 6.269543 6.617879 6.753868 6.545705 10.18005 11.78021 6.815278 6.371296 6.146354 9.115543 8.700503 10.77408 9.010819 7.528484 7.504104 8.26932 5.353509 4.401275 5.073101 5.072546 5.903281 6.282308 5.490422 5.230371 5.269444 5.408806 5.354023 5.782151 5.593093 6.783972 6.014873 5.090059 5.468596 5.191665 6.190862 6.607328 6.155619 5.984659 5.799826 5.833615 5.425797 4.848222 5.300663 5.528324 5.350585 5.556747 -9999 -9999 -9999 -9999 -9999 -9999 6.700128 11.59361 -9999 -9999 -9999
7.941537 8.122622 7.177081 5.644886 5.604729 7.173971 7.810257 10.2487 10.71167 9.468608 6.620513 5.711961 5.65373 6.050586 6.247496 5.621798 5.130777 5.965036 5.637356 5.723187 5.94016 10.29488 6.672671 6.652892 6.588435 8.592184 12.55065 8.029787 9.929588 9.128505 7.462478 6.034172 5.403154 4.721788 5.845085 5.147175 5.619197 6.051493 5.411701 5.106184 5.163473 5.086531 5.972709 4.813852 5.793145 5.894421 4.867539 5.591138 5.473317 5.620776 5.831511 6.567324 6.014917 5.647784 5.748046 6.065917 4.878397 5.369526 5.738039 5.365408 5.390385 5.399146 -9999 -9999 -9999 -9999 -9999 -9999 10.56527 5.666565 10.87773 -9999 -9999
7.13394 7.171406 7.542642 5.688039 5.636731 7.084725 7.114895 7.150762 7.274041 9.740789 8.550879 6.538888 6.417492 5.648233 5.431143 5.525581 5.53357 5.387027 5.320379 5.269145 5.109081 5.995842 13.39594 7.156443 7.102016 7.746661 12.03298 8.91453 8.271065 7.499323 5.739307 4.803046 5.896182 5.281314 5.207092 4.960166 4.727374 6.73811 5.980808 5.167531 5.204398 5.026141 5.890746 4.884284 5.803256 6.421135 5.533459 5.654279 5.184748 5.259835 5.475093 5.503019 6.776103 5.286134 5.881557 5.675762 5.370254 5.832908 5.562688 5.727255 4.844114 5.741741 6.816036 5.324223 -9999 -9999 -9999 -9999 5.205098 5.752494 5.833964 -9999 -9999
6.766272 6.659788 6.888728 7.180582 6.368726 7.270755 7.582977 6.94511 6.224613 7.728788 7.818786 8.276164 6.029925 6.046259 6.821251 7.708321 7.302989 6.146275 5.93425 5.901477 5.281276 6.215456 9.173611 11.54935 11.71014 13.55393 9.317102 8.760481 6.777437 5.622055 5.835232 5.737803 5.528396 5.299921 4.649358 4.53673 5.328162 8.292103 7.04218 5.934282 5.019196 4.950281 4.764626 4.754363 6.002049 7.382802 6.256342 5.426574 5.441532 5.578722 5.409649 6.52163 6.608685 5.738555 5.645697 5.141112 5.466755 5.635997 5.816029 5.493174 5.377353 5.830418 5.666182 4.949143 5.151866 -9999 -9999 8.12965 5.565872 5.781901 5.930659 -9999 -9999
6.247932 6.670315 6.645525 6.995337 6.652853 7.047219 7.897121 6.503179 7.244351 6.489326 6.194792 6.917731 7.435427 6.502781 6.008255 5.652022 5.413519 6.039977 5.633153 6.216308 6.55528 7.247492 7.991024 6.792125 6.379592 7.531049 13.75103 7.765272 6.817432 5.304948 4.83958 5.538406 6.229869 6.24927 5.496883 5.546968 8.643298 8.683734 6.550865 5.250706 5.407802 4.887764 4.938813 5.311693 6.97507 7.652295 5.13377 4.41765 5.234476 5.238024 5.615035 5.763575 6.249874 5.11734 5.380141 5.413384 5.122666 5.697938 5.659025 5.063533 5.553271 5.51907 5.448656 5.035298 4.969129 5.335601 6.564502 7.810745 7.163768 5.699756 8.245826 -9999 -9999
6.524653 6.847547 6.632027 6.792696 6.404626 6.71026 7.27784 6.837513 6.550974 6.074609 6.057563 6.284883 7.290449 7.985594 6.847094 6.581792 5.890785 6.472576 5.961602 5.616385 6.552255 7.174274 7.319682 7.236863 6.519247 6.615318 7.518231 13.50074 6.241858 5.629203 4.62434 4.822309 5.582684 6.239345 10.68504 10.1545 7.082061 7.046468 6.082598 5.895065 5.900076 5.675383 4.527314 6.26999 7.952912 6.856905 5.710688 5.21771 5.339542 5.402872 5.193624 5.831536 4.985239 4.900991 5.918491 8.416714 5.934659 5.801785 5.184283 5.010611 5.629665 5.477206 5.212662 5.094923 5.26173 5.580995 5.581595 6.660927 6.881979 6.037917 7.792638 5.731552 6.714234
8.157985 7.621022 7.01209 6.492726 6.211976 6.756233 6.552773 6.607181 6.839471 6.746341 6.213214 6.084924 6.981334 7.018831 7.296653 7.975929 7.462734 7.615242 6.998525 6.409703 6.30563 6.819288 7.320935 8.215123 6.59525 6.672299 7.52448 8.149333 12.40898 6.037896 5.111902 5.085728 7.413573 8.282517 5.506035 5.933149 6.027534 5.987816 7.725713 6.409171 6.454359 6.527339 5.681637 7.068421 7.235576 6.115072 6.438082 5.34762 5.841467 5.338421 5.460606 5.166525 5.727573 4.789855 5.748373 5.29537 5.891992 5.31729 5.321849 5.097806 5.47874 5.209841 5.186351 5.17028 5.517003 5.318469 5.185847 6.271566 5.362203 6.283928 6.200483 5.048633 6.917113
9.745335 8.565483 7.710181 7.536781 6.927044 6.555768 6.627286 6.785203 6.968008 7.266106 7.07641 6.652348 6.136247 5.535254 6.694653 9.106402 10.75207 10.98789 10.68222 7.040257 7.240439 7.388778 7.806133 6.808729 6.489058 7.478917 8.563629 7.746763 13.1055 7.197261 6.804646 7.229958 8.918902 5.308981 4.807039 6.391747 6.315809 5.660947 7.448362 9.235703 9.578892 6.019008 7.284806 7.371326 5.79889 5.112651 6.507724 6.346105 6.365834 5.892347 5.098089 5.792727 4.936542 5.441787 5.593724 5.505227 5.553134 5.365682 5.559404 5.350954 5.34847 5.303515 5.102646 5.304327 5.356081 5.040117 4.959909 5.230372 5.134743 5.826712 5.817187 7.15995 5.436007
7.01925 7.344383 7.920615 7.233407 6.780847 6.180507 6.13119 6.037695 6.237348 6.992129 7.879113 7.962199 6.309356 6.043242 6.397981 8.216805 7.951028 7.672648 7.890601 12.06695 11.71551 11.38033 7.115609 7.343836 7.57162 7.516255 9.283911 9.5689 7.735299 13.23879 14.4487 11.53417 7.654339 5.685164 5.290509 5.645584 6.410655 7.049971 7.440868 7.306846 7.313752 11.2532 7.365371 8.139745 5.404638 4.993408 5.036593 7.768563 5.395071 6.652574 5.900746 4.993054 4.651169 6.252363 5.418178 5.110121 5.035471 5.207381 5.586899 7.07851 5.605658 5.045988 5.286423 5.321189 4.872306 4.817314 4.922145 4.994525 5.694133 5.71184 7.318259 7.414526 7.461826
6.765234 6.923451 6.499731 7.836527 8.124201 7.72728 6.63643 6.199499 6.234426 6.151794 6.449232 7.718245 8.156894 7.043498 8.249767 7.675259 9.440996 9.804919 10.5063 8.625053 8.615368 8.347906 12.96701 12.82319 12.22108 8.418029 8.859518 8.908133 7.922802 13.89579 15.30507 10.14685 8.094668 6.178032 5.320283 5.184252 6.36095 6.242523 7.446652 8.886733 9.600306 7.6041 11.85239 6.477228 6.155405 5.192332 4.884595 8.121757 7.871122 7.605467 5.399362 4.786913 5.416738 6.503126 5.362968 4.851095 4.782227 4.977301 4.667276 5.365339 7.326737 5.91561 5.007156 4.645548 4.451657 4.899707 4.937104 5.191682 5.865776 6.749544 6.573602 5.60342 5.217215
6.609706 7.015462 6.625899 6.786464 7.024003 7.972394 8.695197 8.718214 7.671322 6.970255 6.381291 5.630677 7.383661 9.229328 7.218276 9.851525 7.888652 8.231202 8.086193 10.83688 11.53474 11.27142 8.608001 9.187809 8.621781 12.48839 8.905087 14.75765 14.25283 7.584225 14.86356 10.37201 9.393723 7.173502 5.695673 4.914425 5.399315 5.260448 5.872966 6.199416 7.23152 8.951078 8.258427 11.35119 5.500677 5.329155 5.409452 9.077037 6.585197 5.483455 6.55841 5.70268 5.752227 6.633385 5.738874 5.082659 4.891239 4.78028 4.861059 5.275015 5.012735 5.097636 5.181949 5.299216 5.043323 5.343184 5.08448 5.093271 5.416696 6.08323 7.188884 7.608686 5.615231
8.507747 7.229751 6.836803 7.210606 7.496421 7.519298 7.616172 8.387671 8.862162 7.46944 6.852016 6.729505 7.22964 9.910878 7.577161 7.852128 10.8661 10.94543 8.009352 8.30473 8.80927 8.547888 11.37824 11.81389 11.52372 8.398069 15.08675 8.58617 8.431846 7.977086 14.59045 10.5135 9.841664 8.094501 6.056753 5.21265 4.858021 5.595852 5.4241 5.11561 5.464018 6.789363 8.696877 6.898941 10.2811 5.736107 6.586755 9.453318 5.795439 6.928312 5.06757 4.853963 7.056854 5.993055 5.748331 5.88169 5.794145 5.336532 5.024588 4.487194 4.192642 4.624448 4.972747 5.519062 6.314556 4.990314 4.776931 4.894191 5.116442 5.671594 6.696814 8.097783 8.236965
8.7818 10.45523 7.179704 6.91336 6.674081 6.561124 6.698788 6.87986 7.80445 8.703982 8.458733 8.889901 9.5086 11.10172 7.640178 8.054399 8.155979 8.202241 11.23068 11.23853 11.24956 8.049634 8.312772 8.39358 7.943164 13.9063 7.847195 7.815931 8.566689 14.14266 8.062409 8.620949 9.26511 8.867306 6.337486 5.168553 4.803479 5.392013 5.805229 5.062297 5.280092 5.841141 7.697176 9.227917 9.000019 10.67807 9.031837 9.836057 7.160675 7.147492 4.888367 4.839668 7.772339 6.434846 6.099803 6.480752 5.699134 4.726038 5.805912 4.855055 4.462935 5.334064 5.723623 5.144267 5.894759 5.722844 4.618015 4.043812 4.69746 5.369498 7.015345 4.972704 4.77958
6.590382 7.899905 10.10803 7.098958 6.473927 6.348039 6.452274 6.856845 8.048003 9.290442 10.01699 10.42386 10.81551 11.3515 12.457 13.36842 8.002631 8.034625 8.375594 8.070964 8.097181 11.83925 11.68859 8.111762 8.063394 14.24378 8.160237 8.085908 11.58089 7.684428 15.15667 9.134227 9.164348 9.189301 7.016208 5.677433 5.103737 5.15732 5.636415 6.745328 5.000638 5.219334 6.769483 6.161551 5.961188 6.68864 12.36224 8.310003 8.790542 5.804734 5.195019 5.572419 8.836986 6.716585 6.446853 5.681808 4.972205 4.541034 5.063874 6.540843 6.239269 6.035328 4.643036 4.335882 4.465703 4.912645 4.762245 4.152265 4.553686 5.769573 6.395811 4.639928 4.443627
6.077038 7.067065 8.251333 10.07347 10.14004 9.152191 8.66628 8.995613 9.192337 8.523636 7.747559 8.439201 9.3617 8.417287 9.62028 7.474306 13.36487 13.69306 8.688248 8.287033 8.121964 8.347362 8.441227 12.80308 12.22714 14.33449 8.537446 11.83961 8.60602 7.90483 15.04247 9.149955 9.183718 9.852183 7.678145 6.150151 5.484549 5.177989 5.103153 5.632996 5.617429 5.554477 6.088352 5.570445 5.327807 7.419759 6.005184 11.49745 11.98461 6.10706 6.440064 8.882637 8.829514 6.409505 6.100381 5.36484 5.138435 4.11592 4.144682 6.428834 4.405078 6.889596 5.03521 4.21351 4.098066 4.395053 4.336504 4.734316 4.941918 5.216283 7.829375 5.357981 7.706458
-9999 5.626113 6.163664 6.792809 7.505646 9.153991 9.074775 9.001916 8.812503 5.992099 8.27707 8.916784 8.186023 8.088718 6.889673 10.81482 7.63987 8.276769 14.09195 13.92944 13.86624 8.19335 8.479101 8.740636 14.34014 8.224463 8.477035 11.70294 8.300948 7.906209 12.14266 15.27363 10.26202 9.719676 7.940229 6.260684 5.470766 5.25987 5.500933 5.472594 5.888595 6.524809 5.395991 5.333509 6.342519 6.172366 5.702245 7.484334 9.884066 12.55497 9.330679 9.821444 8.931972 7.83435 6.408867 4.806655 5.84087 4.473168 4.521881 6.449538 4.578903 7.179971 5.989587 4.994264 4.624321 4.205125 3.746625 3.786413 4.729218 4.60919 5.222211 6.035553 4.830904
-9999 -9999 5.530231 5.733155 6.03134 7.160093 8.402654 8.812866 9.148509 8.981401 9.228607 8.858649 8.124111 6.267552 7.017956 7.599193 10.75267 7.458158 7.920599 8.040497 8.171312 13.65868 13.8079 8.779553 14.82552 8.278866 11.52395 8.938833 8.526815 12.72949 8.014664 7.708398 15.79258 10.15048 8.342328 6.912556 5.800682 5.65658 5.655621 5.649521 5.784281 5.570881 5.687636 5.892123 5.559982 6.310433 6.808643 7.596917 6.669965 6.569002 12.33351 9.42856 9.469354 8.494517 5.23246 4.69202 4.674322 6.356919 7.021685 4.572813 7.055381 6.369257 4.879722 7.055018 6.803773 5.810972 4.767154 4.602735 5.247619 5.097839 5.318401 6.331504 5.891094
-9999 -9999 -9999 -9999 5.616154 5.701989 6.511763 7.234421 8.134936 9.468873 9.424879 8.860915 6.638844 6.696272 7.439075 9.166353 8.543973 8.462562 7.340547 6.933654 7.701643 8.187331 8.133542 14.33783 10.32194 8.484584 11.43942 9.095069 8.72508 13.09887 8.665671 7.990986 14.86402 9.870214 8.876859 7.933291 6.856984 6.292182 5.92609 5.598775 6.045859 5.527545 5.324378 6.50676 6.327191 5.19228 5.471691 6.400916 5.313585 5.970507 6.265506 11.7813 13.06141 6.983385 6.363886 5.568284 5.003041 7.719407 7.865034 6.682288 7.325006 6.035095 5.854753 9.645851 7.105415 5.690844 5.790146 7.402901 8.730186 8.38437 7.614275 7.039466 5.047345
-9999 -9999 -9999 -9999 -9999 -9999 5.64202 6.270029 7.253781 7.777257 8.51682 7.43997 7.238562 8.0404 9.122636 9.160867 7.702978 6.684816 6.189395 7.436635 8.435396 7.456873 7.826663 12.46861 8.653282 8.502798 11.46312 8.68685 8.675615 13.23879 8.658216 10.38708 7.956886 15.2918 10.04489 8.47636 7.126775 5.920265 5.601919 6.189333 6.691725 6.003551 5.660112 6.669336 5.574657 6.016108 5.501673 5.621663 6.445083 6.086938 5.635682 6.29623 6.27821 13.2415 7.366642 7.028903 7.568642 8.982061 9.234433 9.120645 8.657861 8.481294 9.028682 6.753153 6.323282 6.797566 5.712953 5.414167 5.457759 5.601253 7.790177 10.51472 6.617101
-9999 -9999 -9999 -9999 -9999 -9999 -9999 5.38267 5.941016 6.517814 6.945948 7.032378 7.695202 8.052435 9.270774 9.0651 7.321916 6.980173 6.222541 6.548809 6.683205 9.981251 10.51564 11.0572 8.143682 10.79733 8.492722 8.175587 12.75942 9.462978 8.707738 10.18852 8.041338 7.701071 16.13207 9.753941 7.525828 6.528031 6.234051 6.838942 7.374651 5.682986 6.625929 6.6677 5.076416 5.888739 5.559993 6.243125 6.968326 6.491511 6.494203 5.695325 6.661709 7.45096 13.90853 8.708359 10.08515 10.31451 10.60572 9.512415 9.172851 8.073092 5.954951 5.80983 5.747695 5.968878 5.470013 4.791397 4.859054 4.718565 5.391401 6.243989 9.842821
-9999 -9999 -9999 -9999 -9999 -9999 -9999 -9999 -9999 5.882468 6.28578 6.496149 7.374852 7.460675 8.728893 8.407508 9.400218 10.5312 7.135692 6.591219 9.633708 7.214324 6.921505 10.23657 7.520151 10.45631 8.352097 8.059939 12.58371 9.063049 9.772285 8.803329 8.330623 7.694719 14.8248 8.552155 8.017767 7.020476 6.578056 7.689057 7.335702 6.891131 8.93073 7.333131 5.693592 5.681769 5.864272 5.645814 6.437746 8.551513 10.55527 5.991457 6.042278 7.041738 7.68021 13.65011 11.35082 10.32556 9.471675 10.6439 8.813729 6.571373 5.70285 5.099685 5.310485 5.36473 5.447311 4.753712 4.885029 4.604726 4.680389 5.256377 6.379653
-9999 -9999 -9999 -9999 -9999 -9999 -9999 -9999 -9999 -9999 5.566362 6.657178 6.36699 8.121515 7.826068 6.983521 6.899077 7.678137 9.711466 10.42772 8.064917 6.682899 9.641096 7.729702 8.62967 7.755614 8.023783 12.34938 8.623968 8.336139 9.969899 9.021193 8.337521 9.150899 7.733665 15.90743 10.49349 9.029295 8.50662 9.35076 10.15757 10.25047 8.207866 7.519174 6.977847 6.538908 6.962008 5.837498 6.229126 10.36226 6.906457 9.764044 5.861166 6.986277 12.00822 7.696897 13.9187 10.77332 10.70756 10.08692 8.186539 6.403276 5.412894 5.447887 5.027297 5.128962 5.331332 5.274846 4.843003 4.555605 4.35451 4.862785 5.524664
-9999 -9999 -9999 -9999 -9999 -9999 -9999 -9999 -9999 -9999 -9999 -9999 7.605747 7.553099 7.166613 5.9298 6.653829 6.774822 7.322694 8.352236 9.493605 10.20694 7.931006 8.017264 8.630481 9.561258 11.12359 11.71613 7.980692 7.928631 10.41796 8.707287 10.96278 7.975475 7.742681 16.32052 7.749119 9.455841 8.461572 6.060109 6.257941 7.194271 8.856741 8.366713 7.825032 6.74314 6.224758 5.707694 6.500493 10.10819 6.573015 6.595443 9.663057 10.19122 6.922342 7.037481 12.86645 10.65259 10.18723 9.547382 8.053454 5.911187 5.169727 5.078003 5.664577 5.364326 5.039518 5.130278 4.569393 4.638055 4.551077 4.799448 5.496906
-9999 -9999 -9999 -9999 -9999 -9999 -9999 -9999 -9999 -9999 -9999 -9999 -9999 6.767728 6.843411 6.852655 6.764843 7.147254 6.23899 7.208016 7.793064 7.411629 7.930795 7.793703 7.926694 9.571458 7.163158 10.44016 7.706261 8.699962 8.11725 10.16692 7.88316 11.85559 11.98814 16.15589 11.76043 9.722532 6.23896 4.936871 5.791712 5.873894 6.762708 6.311093 7.091012 6.596599 6.201433 6.060748 10.45266 5.781075 5.709951 5.463974 6.895308 6.424187 6.940157 6.528057 6.597498 13.97437 11.01169 11.37045 9.141036 5.529881 4.68524 4.710004 4.916478 5.060418 4.822347 4.576015 4.820825 5.046996 5.078948 4.72689 5.147061
-9999 -9999 -9999 -9999 -9999 -9999 -9999 -9999 -9999 -9999 -9999 -9999 -9999 -9999 -9999 7.011396 7.485163 6.84198 6.049764 8.182369 6.844655 6.384518 7.376146 7.506126 7.526683 8.339605 9.902412 6.95694 6.753284 7.174907 6.849742 6.769957 10.79972 7.80583 7.953077 8.372221 15.69927 8.345659 6.737661 5.679111 5.039262 6.218037 6.806786 6.917457 6.626046 8.017746 8.567171 9.62133 7.041739 5.653515 6.251947 6.170906 6.631839 7.400778 8.261151 6.575078 7.052441 13.82914 9.651045 7.252331 9.827106 6.670644 5.333228 4.939542 4.86938 5.284107 5.143947 5.104942 4.956084 5.25132 5.206387 4.862935 4.486998
-9999 -9999 -9999 -9999 -9999 -9999 -9999 -9999 -9999 -9999 -9999 -9999 -9999 -9999 -9999 -9999 7.143669 7.823696 8.929363 8.045596 6.297958 6.626868 7.368756 6.597761 7.7678 7.565313 7.500575 9.256202 6.882552 6.859661 6.87468 10.08034 6.815595 8.342088 7.889572 8.391612 8.278311 15.10455 7.738861 6.486603 5.818916 5.156175 5.47391 6.117819 6.939825 6.018195 5.902189 8.570436 6.505923 5.698599 6.561391 5.293249 5.881823 6.689265 7.742513 9.737802 9.898889 13.80126 6.3254 5.978842 7.292567 8.077724 6.742875 6.215457 5.913008 5.867363 5.901762 5.38371 5.15207 4.909804 5.493208 4.78667 4.596869
-9999 -9999 -9999 -9999 -9999 -9999 -9999 -9999 -9999 -9999 -9999 -9999 -9999 -9999 -9999 -9999 -9999 -9999 7.461079 7.508031 8.538222 8.421233 6.113266 7.691351 7.346317 7.081166 7.520606 6.79389 7.844435 7.021776 7.101018 10.13732 6.813461 7.480644 7.661561 8.635681 9.046969 15.34078 9.069623 6.59058 5.727258 5.851397 5.913847 5.242606 5.654811 6.094886 6.080407 7.255765 6.905488 5.888255 6.059263 7.0157 5.092032 5.276296 5.540497 8.171705 9.98827 13.77386 7.55486 6.737579 6.201262 7.079979 6.924872 6.397637 5.780188 5.620218 5.574878 5.376947 4.816005 4.589571 5.161804 4.942988 4.612254
-9999 -9999 -9999 -9999 -9999 -9999 -9999 -9999 -9999 -9999 -9999 -9999 -9999 -9999 -9999 -9999 -9999 -9999 -9999 6.52453 7.484533 8.111026 8.548063 8.220478 6.307235 7.893924 6.194006 6.418196 6.369139 9.321087 9.885102 6.805491 6.927889 7.4572 7.560723 8.123199 14.76509 8.582071 10.23108 7.667765 6.181578 6.426438 6.407503 5.535136 5.739334 5.84537 5.513458 6.07759 6.112897 6.022374 6.122466 5.485757 5.464671 5.472009 6.35165 7.721697 9.51653 13.85016 6.608271 5.338433 6.710409 6.344783 6.547086 6.995663 7.19377 6.655855 6.231836 5.685502 5.134122 4.849137 5.467926 5.11763 4.890446
