04_184A004/twi.asc
ncols 172
nrows 237
xllcorner 610032
yllcorner 6876144
cellsize 16
nodata_value -9999
[rows 64 to 95 of 237, columns 0 to 72 of 172]
-9999 -9999 -9999 -9999 -9999 -9999 -9999 -9999 -9999 -9999 -9999 -9999 -9999 -9999 -9999 -9999 -9999 -9999 -9999 -9999 -9999 -9999 -9999 6.327293 9.27738 10.28312 6.663821 5.685848 4.972715 4.244925 5.078131 4.904352 -9999 -9999 -9999 -9999 -9999 -9999 -9999 -9999 -9999 -9999 -9999 -9999 -9999 -9999 -9999 -9999 -9999 -9999 -9999 -9999 -9999 -9999 -9999 -9999 -9999 -9999 -9999 -9999 -9999 -9999 -9999 -9999 -9999 -9999 -9999 -9999 6.685401 9.42645 8.309777 8.531697 9.181165
-9999 -9999 -9999 -9999 -9999 -9999 -9999 -9999 -9999 -9999 -9999 -9999 -9999 -9999 -9999 -9999 -9999 -9999 -9999 -9999 -9999 -9999 -9999 6.546574 7.78067 8.89645 11.25322 10.00686 8.86978 5.16585 4.198439 4.617172 5.611539 7.033212 5.761626 5.598658 -9999 -9999 -9999 -9999 -9999 -9999 -9999 -9999 -9999 -9999 -9999 -9999 -9999 -9999 -9999 -9999 -9999 -9999 -9999 -9999 -9999 -9999 -9999 -9999 -9999 -9999 -9999 -9999 -9999 -9999 -9999 -9999 9.025419 5.479411 7.97987 8.108617 10.38376
-9999 -9999 -9999 -9999 -9999 -9999 -9999 -9999 -9999 -9999 -9999 -9999 -9999 -9999 -9999 -9999 -9999 -9999 -9999 -9999 -9999 -9999 -9999 6.853076 6.770072 6.726432 6.663613 6.367476 8.071298 9.817227 9.005548 5.071489 4.799651 4.39819 4.764912 5.59515 5.924677 -9999 -9999 -9999 -9999 -9999 -9999 -9999 -9999 -9999 -9999 -9999 -9999 -9999 -9999 -9999 -9999 -9999 -9999 -9999 -9999 -9999 -9999 -9999 -9999 -9999 -9999 -9999 -9999 -9999 -9999 -9999 -9999 5.900479 6.044 5.416588 9.861153
-9999 -9999 -9999 -9999 -9999 -9999 -9999 -9999 -9999 -9999 -9999 -9999 -9999 -9999 -9999 -9999 -9999 -9999 -9999 -9999 -9999 -9999 5.772779 6.178207 5.733776 5.956976 5.549105 5.792952 7.008438 7.420897 6.272461 9.761989 9.243524 5.290049 5.070044 4.340833 4.694297 5.606133 5.514797 5.219869 -9999 -9999 -9999 -9999 -9999 -9999 -9999 -9999 -9999 -9999 -9999 -9999 -9999 -9999 -9999 -9999 -9999 -9999 -9999 -9999 -9999 -9999 -9999 -9999 -9999 -9999 -9999 -9999 -9999 7.533831 5.830945 5.798966 9.601786
-9999 -9999 -9999 -9999 -9999 -9999 -9999 -9999 -9999 -9999 -9999 -9999 -9999 -9999 -9999 -9999 -9999 -9999 -9999 -9999 -9999 -9999 -9999 5.933043 5.050324 5.595384 5.531181 6.48419 7.294051 5.950761 5.411874 5.511547 6.779203 10.29258 9.466126 5.396422 4.686654 5.823171 5.916679 5.70164 6.669773 -9999 -9999 -9999 -9999 -9999 -9999 -9999 -9999 -9999 -9999 -9999 -9999 -9999 -9999 -9999 -9999 -9999 -9999 -9999 -9999 -9999 -9999 -9999 -9999 -9999 -9999 -9999 -9999 -9999 5.647058 5.803619 6.225798
-9999 -9999 -9999 -9999 -9999 -9999 -9999 -9999 -9999 -9999 -9999 -9999 -9999 -9999 -9999 -9999 -9999 -9999 -9999 -9999 -9999 -9999 -9999 6.555658 6.466057 5.341402 5.234514 5.748223 7.036428 5.947665 5.989565 5.796293 5.174905 4.736607 7.781948 10.68926 6.392908 6.409883 5.777802 6.440643 6.230768 6.807558 -9999 -9999 -9999 -9999 -9999 -9999 -9999 -9999 -9999 -9999 -9999 -9999 -9999 -9999 -9999 -9999 -9999 -9999 -9999 -9999 -9999 -9999 -9999 -9999 -9999 -9999 -9999 -9999 -9999 4.726129 5.593939
-9999 -9999 -9999 -9999 -9999 -9999 -9999 -9999 -9999 -9999 -9999 -9999 -9999 -9999 -9999 -9999 -9999 -9999 -9999 -9999 -9999 -9999 -9999 -9999 5.610933 5.083014 4.839301 4.905523 5.713581 6.659117 6.001136 5.763886 6.325408 4.878046 6.256662 6.068347 10.95137 10.73177 6.401074 7.113062 6.178113 5.827464 -9999 -9999 -9999 -9999 -9999 -9999 -9999 -9999 -9999 -9999 -9999 -9999 -9999 -9999 -9999 -9999 -9999 -9999 -9999 -9999 -9999 -9999 -9999 -9999 -9999 -9999 -9999 -9999 -9999 -9999 5.324349
-9999 -9999 -9999 -9999 -9999 -9999 -9999 -9999 -9999 -9999 -9999 -9999 -9999 -9999 -9999 -9999 -9999 -9999 -9999 -9999 -9999 -9999 -9999 4.77374 4.527414 4.091146 4.83963 5.350851 6.535593 7.186215 6.756271 5.456202 5.607524 5.718376 6.12081 5.352509 5.767311 6.990777 10.81982 7.861003 6.001674 4.947207 -9999 -9999 -9999 -9999 -9999 -9999 -9999 -9999 -9999 -9999 -9999 -9999 -9999 -9999 -9999 -9999 -9999 -9999 -9999 -9999 -9999 -9999 -9999 -9999 -9999 -9999 -9999 -9999 -9999 -9999 -9999
-9999 -9999 -9999 -9999 -9999 -9999 -9999 -9999 -9999 -9999 -9999 -9999 -9999 -9999 -9999 -9999 -9999 -9999 -9999 -9999 -9999 -9999 5.04836 5.232676 4.694883 4.828415 5.507087 6.622666 6.804931 5.395923 6.96977 6.956408 5.485055 5.5704 5.767235 5.545851 5.264956 6.448302 7.014911 11.05211 6.530011 5.264686 -9999 -9999 -9999 -9999 -9999 -9999 -9999 -9999 -9999 -9999 -9999 -9999 -9999 -9999 -9999 -9999 -9999 -9999 -9999 -9999 -9999 -9999 -9999 -9999 -9999 -9999 -9999 -9999 -9999 -9999 -9999
-9999 -9999 -9999 -9999 -9999 -9999 -9999 -9999 -9999 -9999 -9999 -9999 -9999 -9999 -9999 -9999 -9999 -9999 -9999 -9999 -9999 5.315795 5.399873 5.800597 6.318394 7.503278 8.399901 9.116773 8.423647 7.154299 6.604768 7.18147 5.324814 5.624516 5.694813 5.936305 5.468525 5.839157 5.693348 5.577037 10.59848 7.933644 -9999 -9999 -9999 -9999 -9999 -9999 -9999 -9999 -9999 -9999 -9999 -9999 -9999 -9999 -9999 -9999 -9999 -9999 -9999 -9999 -9999 -9999 -9999 -9999 -9999 -9999 -9999 -9999 -9999 -9999 -9999
-9999 -9999 -9999 5.181633 4.572919 5.181914 4.968138 5.014947 5.90271 6.104761 -9999 -9999 -9999 -9999 -9999 -9999 -9999 -9999 -9999 -9999 6.493887 5.883342 4.91192 6.785896 8.422737 7.486841 8.217365 5.805005 6.045501 8.200788 8.00331 7.109064 7.395818 6.505239 6.577431 7.460186 6.79582 6.915676 6.05822 6.092566 6.64697 11.39187 -9999 -9999 -9999 -9999 -9999 -9999 -9999 -9999 -9999 -9999 -9999 -9999 -9999 -9999 -9999 -9999 -9999 -9999 -9999 -9999 -9999 -9999 -9999 -9999 -9999 -9999 -9999 -9999 -9999 -9999 -9999
-9999 -9999 -9999 5.756615 4.169713 4.235235 4.629228 5.085131 5.19555 5.32729 5.505588 4.793179 -9999 -9999 -9999 -9999 -9999 -9999 -9999 8.534415 7.802837 6.216025 6.483132 10.09716 10.37382 8.898027 6.917539 5.904709 5.586527 6.137558 5.855489 5.603921 6.573031 9.168822 8.351162 7.483841 7.105388 5.624707 7.477187 8.475831 9.616946 6.265688 -9999 -9999 -9999 -9999 -9999 -9999 -9999 -9999 -9999 -9999 -9999 -9999 -9999 -9999 -9999 -9999 -9999 -9999 -9999 -9999 -9999 -9999 -9999 -9999 -9999 -9999 -9999 -9999 -9999 -9999 -9999
-9999 -9999 7.412964 7.15016 6.488461 5.363536 4.626232 5.110699 5.169294 5.429045 5.217648 5.380027 -9999 -9999 -9999 -9999 -9999 -9999 -9999 13.06975 6.630071 6.011182 8.612716 5.055206 5.92485 7.796154 7.290245 6.626109 5.945429 5.519682 6.091973 6.210905 5.650267 7.009467 9.168262 5.647974 5.803427 6.294861 6.2218 6.728897 7.38773 6.46171 -9999 -9999 -9999 -9999 -9999 -9999 -9999 -9999 -9999 -9999 -9999 -9999 -9999 -9999 -9999 -9999 -9999 -9999 -9999 -9999 -9999 -9999 -9999 -9999 -9999 -9999 -9999 -9999 -9999 -9999 -9999
-9999 -9999 8.031666 10.44993 6.509028 5.474102 5.291454 5.267971 4.522062 5.782029 5.856834 6.164664 6.607737 -9999 -9999 -9999 -9999 5.787974 7.225503 7.795503 12.27642 10.60706 8.084444 5.327653 6.607746 4.952674 5.246657 5.216598 5.43109 6.819455 6.582243 6.321249 5.620464 5.604771 8.740955 7.4303 5.708792 5.195202 6.282622 7.177619 6.67453 6.215889 6.083699 5.66237 -9999 -9999 -9999 -9999 -9999 -9999 -9999 -9999 -9999 -9999 -9999 -9999 -9999 -9999 -9999 -9999 -9999 -9999 -9999 -9999 -9999 -9999 -9999 -9999 -9999 -9999 -9999 -9999 -9999
-9999 -9999 6.929121 7.157059 10.5585 9.350387 8.410999 5.841391 5.576252 4.283301 6.059729 4.469104 4.926519 5.326939 5.377585 5.934292 6.366451 5.833569 6.490302 6.65114 6.315597 6.209208 11.22093 6.972804 5.928749 5.202172 5.33941 6.621656 6.284204 4.910001 5.286384 5.703976 5.464664 5.035537 5.132496 8.593505 7.095026 6.039941 6.310849 7.947293 6.07548 5.840415 6.442975 6.452292 -9999 -9999 -9999 -9999 -9999 -9999 -9999 -9999 -9999 -9999 -9999 -9999 -9999 -9999 -9999 -9999 -9999 -9999 -9999 -9999 -9999 -9999 -9999 -9999 -9999 -9999 -9999 -9999 -9999
-9999 -9999 6.151784 6.595216 6.975282 7.12517 8.023328 9.42561 6.373467 4.821485 6.223822 4.994359 4.961123 4.463243 5.370304 5.917747 6.208335 6.148998 5.286185 5.708478 5.91463 5.367834 6.183297 11.35083 6.812507 5.924886 6.748903 5.365087 4.690609 5.237492 4.753163 5.01174 6.120279 5.182903 5.497224 8.124685 9.589643 10.11081 8.123698 7.985135 5.734096 6.424072 6.531875 5.887707 -9999 -9999 -9999 -9999 -9999 -9999 -9999 -9999 -9999 -9999 -9999 -9999 -9999 -9999 -9999 -9999 -9999 -9999 -9999 -9999 -9999 -9999 -9999 -9999 -9999 -9999 -9999 -9999 6.332463
-9999 6.353128 6.538621 5.513953 6.335589 6.378215 6.001139 6.579185 10.23786 10.00757 9.882062 6.074611 5.679382 5.472803 5.878766 5.32591 4.868372 5.608118 5.800654 6.305162 6.718096 5.359454 5.166943 10.27385 9.889297 7.302563 5.88285 4.843145 3.922204 4.325104 4.050077 5.587852 6.635256 5.850635 6.567397 6.714791 8.742243 7.602826 10.86534 12.60536 10.44514 9.888799 9.841908 6.563192 5.761535 -9999 -9999 -9999 6.844962 -9999 -9999 -9999 -9999 -9999 -9999 -9999 -9999 -9999 -9999 8.25396 10.8419 6.499213 5.648419 6.153303 -9999 -9999 -9999 -9999 -9999 -9999 -9999 9.200703 6.432124
-9999 6.634854 6.58376 5.562852 6.262536 5.035019 5.091369 6.342328 8.301015 7.984067 7.84286 11.6164 10.69598 10.08565 6.247712 5.861914 5.178002 4.526275 4.759754 6.06878 4.97257 4.72504 5.688837 10.63563 10.10408 7.916011 6.755324 4.992107 4.390843 4.145983 4.127636 6.292602 7.332572 6.68717 6.717786 6.046153 7.368838 7.181304 6.78585 6.673769 6.154681 6.129384 8.952545 10.36325 5.75825 5.502928 -9999 6.269667 7.706249 6.292953 -9999 -9999 -9999 -9999 -9999 -9999 -9999 -9999 7.812611 8.06366 11.1417 6.900512 5.558451 5.93379 5.576661 5.638971 4.921265 5.770283 10.0551 7.331277 -9999 17.35826 -9999
-9999 -9999 6.658253 7.125084 6.419052 5.382662 5.470883 7.047856 6.342572 6.641517 7.954332 8.143868 7.83708 8.071513 11.14466 6.852107 5.929363 4.894074 4.684895 5.968605 5.692615 5.250316 10.08691 9.633614 5.797078 6.860478 8.563785 6.042973 5.049623 4.763525 4.555926 6.331371 4.962272 7.677035 6.557873 5.700759 5.438839 6.083517 6.973726 6.97805 6.853157 7.446341 6.281442 7.819256 9.575881 4.733474 5.075556 6.049935 7.502203 8.549349 6.020372 -9999 -9999 -9999 -9999 -9999 -9999 6.250382 5.514467 6.834174 10.68623 7.229478 5.840936 5.708842 6.320681 5.307446 5.237 8.814876 6.778118 7.044334 18.15495 -9999 -9999
-9999 -9999 6.062624 5.693791 5.573923 5.453948 6.067046 6.155462 5.884964 7.454892 6.402688 6.680098 6.420452 6.740918 11.69299 7.543857 7.421677 6.113614 5.959839 6.814116 6.598114 10.47579 9.538624 8.656029 5.287156 6.09108 5.635214 8.439309 6.558815 5.769336 6.18952 5.948589 5.969923 7.242891 6.564176 5.876897 5.442287 5.219776 6.6581 7.115727 6.336581 5.933256 5.241942 5.529555 10.934 6.401799 6.144138 6.548068 6.062667 5.853021 6.433997 6.828275 -9999 -9999 -9999 -9999 -9999 -9999 5.691693 6.323125 7.637816 10.69768 6.608128 5.743973 7.162814 8.263168 9.305111 6.996665 6.781147 -9999 -9999 -9999 -9999
-9999 10.47393 6.528513 6.89765 6.995734 6.117261 6.041381 7.396624 7.767434 5.75865 5.419376 5.75803 6.016079 10.55336 11.62285 6.999384 8.463693 8.056309 8.494572 8.462474 8.171663 6.790774 11.94214 6.515042 5.980683 5.570007 5.459838 8.943393 10.0258 9.167586 7.850573 6.736324 6.575603 7.35602 6.542454 6.246816 5.527796 5.946877 5.523203 5.554293 5.575081 5.717196 6.027701 5.32505 6.432137 10.89313 6.682838 5.45954 6.17549 5.85554 7.180491 6.421227 7.39016 -9999 -9999 -9999 -9999 5.60607 6.36434 7.347015 8.178288 10.73042 6.669129 5.69969 6.56321 8.051492 8.922533 7.955085 7.459643 -9999 -9999 -9999 -9999
-9999 10.4254 10.68605 9.862613 11.09502 7.107093 6.140847 7.533969 6.93652 5.962559 5.678886 6.509317 11.14884 5.967229 6.03054 11.93049 6.896743 6.786713 6.887685 9.11789 10.18515 7.238454 7.095441 11.89291 6.02902 6.222233 6.500145 10.74708 8.262144 7.779399 6.901872 6.723961 7.855883 8.254958 7.044306 6.346879 6.131423 5.827044 4.634098 4.749038 5.921746 4.758964 4.552451 5.188495 6.060993 11.80414 7.417501 6.386066 6.261574 6.271049 7.51615 6.224173 6.687704 -9999 -9999 -9999 6.758458 7.2487 8.160931 9.18933 8.570763 11.02551 6.685737 6.105459 6.439353 7.148976 8.11223 8.958255 10.60812 16.80042 -9999 -9999 -9999
-9999 7.32256 6.120705 6.173265 10.37184 8.297338 7.447973 7.236955 5.946048 5.832208 6.491455 11.29593 6.182865 5.782917 5.834438 6.247228 12.57741 6.68584 7.461256 7.816375 9.353165 11.68648 7.440561 6.911452 12.16194 7.419672 7.31788 10.66061 7.623162 7.286394 6.312915 7.170334 -9999 7.411948 7.822464 7.639307 7.183323 5.615921 4.703808 5.321559 6.057031 5.705667 5.533823 6.164012 6.438005 6.383364 11.06824 7.817305 7.402693 7.863862 8.237612 5.927058 6.398986 7.233499 6.904853 6.254973 6.07519 7.125865 7.041895 6.164813 6.993112 11.0998 6.716624 6.628939 5.667931 6.620754 9.045134 11.54467 9.154311 7.138718 17.01972 -9999 -9999
-9999 -9999 -9999 5.791772 9.634624 6.632561 5.993824 6.984301 6.986915 10.81524 12.00955 6.497747 5.828681 5.453454 6.467544 11.57754 6.764205 12.49272 7.257545 10.76494 8.56031 8.098769 10.40665 6.830167 12.18828 6.743441 6.541469 10.3039 6.395101 6.354506 -9999 -9999 -9999 -9999 9.172997 8.47621 6.949911 5.681813 6.190118 5.299628 6.805533 6.874042 6.997933 6.146582 5.282781 7.87393 6.304646 11.82945 10.50264 9.654569 7.865144 8.330079 9.174022 6.840625 6.316672 5.525001 7.243428 5.872928 6.321579 7.387772 7.856993 9.218253 9.440069 6.790505 5.723905 6.917342 11.36038 7.602121 7.283165 7.927504 16.82385 -9999 -9999
-9999 -9999 -9999 5.201812 6.037454 9.900553 10.27693 10.48996 11.16233 8.368138 6.595212 6.378154 5.565947 10.159 11.1151 7.060473 6.309352 6.551829 13.27902 8.788241 7.29183 12.9215 -9999 -9999 12.57371 11.19135 -9999 -9999 9.679298 -9999 -9999 -9999 -9999 -9999 -9999 8.646103 6.755264 6.040687 7.00698 5.945802 7.463098 8.004653 6.715856 5.746845 5.089241 5.774841 5.379893 11.12248 6.22717 6.471102 5.825534 5.978862 6.337687 7.887391 6.155041 5.663222 6.266659 6.538781 6.249485 6.007143 6.531582 6.752713 6.777717 6.149498 6.838388 10.12861 8.450269 5.908229 6.168492 6.852271 7.454641 -9999 -9999
-9999 -9999 -9999 -9999 4.837656 6.374562 6.633542 6.642418 6.763748 6.369807 10.82805 10.40541 9.818693 6.414155 8.565229 7.31924 5.986084 6.298738 7.282233 13.77383 -9999 -9999 -9999 -9999 -9999 -9999 -9999 -9999 -9999 -9999 -9999 -9999 -9999 -9999 -9999 -9999 16.44515 16.19096 -9999 15.75298 7.026818 15.62313 6.726612 5.549419 5.425981 4.945301 5.136519 10.3495 5.938085 6.415198 7.157846 5.878566 5.86004 5.619704 5.572514 5.474558 6.058649 7.385938 6.7387 5.149065 4.915297 5.197248 5.087944 5.384819 6.39833 10.69743 6.771523 6.567296 6.207821 6.607697 6.739708 6.586891 -9999
-9999 -9999 -9999 5.211559 5.178442 5.551998 5.856411 6.106124 6.674729 11.04883 6.271144 5.888975 5.112446 6.772891 6.651389 6.402589 6.03161 7.580052 14.37764 -9999 -9999 -9999 -9999 -9999 -9999 -9999 -9999 -9999 7.895665 -9999 -9999 -9999 -9999 -9999 -9999 -9999 -9999 -9999 -9999 -9999 -9999 -9999 -9999 15.18141 5.034433 5.316936 9.173431 9.474244 6.657602 7.146513 5.893711 6.02201 5.125863 5.453965 5.803339 5.768737 5.802437 7.973396 7.047878 5.100812 5.136959 4.617972 5.045721 5.758564 7.103899 8.548092 9.753921 7.509374 7.284783 6.099935 5.549407 6.405241 16.50867
-9999 -9999 6.111334 5.968227 5.40452 5.857248 6.06283 6.402273 11.39563 6.709096 6.211025 5.809204 6.060252 5.732406 5.987325 8.733211 8.985246 -9999 -9999 -9999 -9999 -9999 -9999 -9999 -9999 -9999 -9999 -9999 -9999 -9999 -9999 -9999 -9999 -9999 -9999 -9999 -9999 -9999 -9999 -9999 -9999 -9999 -9999 -9999 -9999 -9999 -9999 8.933759 6.635927 5.237352 5.403604 6.087685 5.358433 5.454135 5.020947 4.797822 5.425032 6.12382 8.866868 5.522452 4.99308 6.663351 4.73884 4.70717 6.199675 7.594412 7.657506 8.392615 7.224638 7.021774 5.850896 6.206841 7.147273
-9999 -9999 11.39662 11.54819 12.26902 11.3103 10.50851 10.51657 7.063066 6.110031 4.898379 4.979207 5.533977 7.053609 8.709328 7.616426 7.131261 7.40934 -9999 -9999 -9999 -9999 -9999 -9999 -9999 -9999 -9999 -9999 -9999 -9999 -9999 -9999 -9999 -9999 19.62041 10.00134 -9999 -9999 -9999 -9999 -9999 -9999 -9999 -9999 -9999 -9999 -9999 -9999 -9999 5.593538 5.815409 5.647285 6.017393 5.892321 5.950725 5.973822 5.92516 5.988537 8.650208 5.619249 5.021499 4.945981 4.809679 4.530803 6.030766 7.506638 6.332446 6.595677 6.7119 6.724688 5.696904 6.354856 10.27777
-9999 -9999 6.219277 7.424735 8.256721 7.158817 6.467883 6.033928 6.544869 5.491609 5.113933 4.72767 6.541965 6.967227 6.106326 4.986821 5.038006 5.399467 5.409983 6.179784 6.128881 12.02752 -9999 -9999 -9999 -9999 -9999 -9999 -9999 -9999 -9999 9.60855 -9999 19.91603 -9999 -9999 -9999 -9999 -9999 -9999 -9999 -9999 -9999 -9999 -9999 -9999 -9999 -9999 -9999 -9999 -9999 6.284299 6.806514 6.476593 6.443509 5.881572 5.13385 5.230657 8.178157 5.694941 5.248409 5.634552 5.53921 6.081008 7.098602 6.847903 6.110768 5.709464 5.619701 6.521797 8.268165 9.38441 9.386354
-9999 -9999 5.029095 6.148666 6.72611 6.133605 5.828563 4.880431 6.115744 5.973868 5.306163 5.392006 5.787948 5.578986 4.679523 4.331715 4.654715 4.887997 5.120277 5.553037 6.505731 6.664223 6.935622 -9999 -9999 -9999 -9999 -9999 -9999 -9999 -9999 -9999 -9999 -9999 -9999 -9999 -9999 -9999 -9999 -9999 -9999 -9999 -9999 -9999 -9999 -9999 -9999 -9999 -9999 -9999 -9999 -9999 -9999 -9999 5.502381 5.992307 5.347619 7.132586 7.66827 6.486106 5.701804 7.2342 7.061613 7.162255 8.05352 7.440532 6.57496 7.190672 5.543627 7.20341 7.642067 6.675638 7.353151
-9999 -9999 -9999 5.477076 5.767762 5.35922 5.515009 5.564691 6.192085 6.239707 5.222833 5.621703 5.113118 5.449649 4.214139 4.350942 4.662298 4.882444 5.154534 5.662855 6.176354 6.359275 5.775439 5.863813 7.367924 12.22999 -9999 -9999 -9999 -9999 -9999 -9999 -9999 -9999 -9999 -9999 -9999 -9999 -9999 -9999 -9999 -9999 -9999 -9999 -9999 -9999 -9999 -9999 -9999 -9999 -9999 -9999 -9999 -9999 -9999 -9999 -9999 7.409419 7.029624 5.099822 5.119335 5.608568 7.052963 5.62529 6.254236 9.024693 7.03609 5.927548 6.962872 7.336633 5.605309 5.232354 6.139244
