04_184A001/bm_kuusi_neulaset.asc
ncols 378
nrows 390
xllcorner 613424
yllcorner 6870896
cellsize 16
nodata_value -9999
[rows 36 to 71 of 390, columns 81 to 161 of 378]
0 0 272 290 131 39 33 40 57 152 274 367 385 227 392 213 366 566 115 389 267 304 328 328 328 328 328 328 328 733 733 733 733 2098 2098 -9999 0 0 0 0 0 0 149 633 633 633 633 633 633 633 633 633 1681 1681 1681 1681 197 197 197 -9999 -9999 -9999 -9999 -9999 -9999 -9999 -9999 -9999 -9999 -9999 -9999 -9999 -9999 -9999 -9999 -9999 -9999 -9999 -9999 -9999 -9999
0 0 411 919 121 11 89 20 3 78 113 326 74 119 331 666 563 806 917 405 289 369 328 328 328 328 328 328 328 328 733 733 733 733 2098 -9999 1632 1632 1632 0 0 0 149 149 633 633 633 633 633 633 633 633 633 1681 1681 1681 1681 197 1681 1681 -9999 -9999 -9999 -9999 -9999 -9999 -9999 -9999 -9999 -9999 -9999 -9999 -9999 -9999 -9999 -9999 -9999 -9999 -9999 -9999 -9999
0 0 1207 698 146 222 71 20 0 240 20 117 187 453 1030 1294 1538 1136 937 1221 441 280 328 328 328 328 328 328 328 328 733 733 733 0 0 -9999 1632 1632 1632 0 0 149 149 149 149 149 633 633 633 633 633 633 633 1681 1681 1681 1681 1681 1681 1681 197 484 -9999 -9999 -9999 -9999 -9999 -9999 -9999 -9999 -9999 132 1350 1350 1350 1350 1464 -9999 -9999 -9999 -9999
0 0 1142 941 390 161 11 27 0 22 130 28 192 1379 1471 1304 1415 1425 1419 1379 1162 1049 657 328 328 328 328 328 328 328 328 0 0 0 0 -9999 1632 1632 1632 1632 149 149 149 149 149 149 149 633 633 633 633 633 633 633 1681 1681 1681 1681 1681 1681 132 132 132 132 132 132 132 132 132 132 132 1464 1464 1464 1464 1464 1464 1464 1464 -9999 -9999
0 0 0 774 440 172 23 144 28 106 126 233 453 505 1362 1275 1290 1208 1172 1240 1383 1303 577 328 328 328 328 328 328 328 328 0 0 0 0 -9999 1632 1632 1632 149 149 149 149 149 149 149 149 149 149 633 633 633 633 633 1681 1681 1681 1681 1681 132 127 132 132 132 132 228 228 228 228 132 132 1464 1464 1464 1464 1464 1464 1464 0 0 0
0 0 0 396 259 -9999 -9999 421 214 -9999 -9999 475 158 817 1154 1166 1292 1382 1274 1219 1306 1229 870 328 328 168 328 328 328 328 328 0 0 0 0 -9999 1632 1632 149 149 149 149 149 149 149 149 149 149 149 149 149 633 633 633 633 1681 1681 1681 477 477 127 127 132 132 228 228 228 228 228 228 132 1464 1464 1464 1464 1464 1464 0 0 0 0
0 0 0 -9999 319 479 686 701 374 191 168 173 -9999 -9999 1095 993 1152 1164 1284 1269 752 1351 -9999 -9999 1591 173 173 173 -9999 -9999 328 0 0 0 0 12 415 415 149 149 149 415 415 415 415 415 149 149 149 149 149 149 633 633 633 1681 477 477 477 477 477 127 127 127 127 228 228 228 228 228 228 1464 1464 1464 1464 1464 0 0 0 0 1260
0 0 -9999 1031 297 645 666 640 771 376 389 532 465 671 1081 -9999 640 995 1056 1391 -9999 857 811 1591 1591 173 173 173 173 173 173 -9999 -9999 -9999 0 1632 1632 415 415 415 415 415 415 415 415 415 149 149 149 149 149 149 633 633 1681 477 477 477 477 477 477 477 477 127 127 127 228 228 228 228 228 1464 1464 1464 1464 0 0 0 0 0 1260
89 -9999 1169 1169 788 647 646 549 864 723 486 399 305 737 734 915 748 1156 1286 956 1077 1312 1230 1591 1591 1591 173 173 173 173 173 173 1655 1655 1655 -9999 -9999 415 415 415 415 415 415 415 415 415 415 149 149 149 149 149 633 415 221 221 477 477 477 477 477 477 477 127 127 127 228 228 228 228 1464 1464 1464 1464 0 0 0 0 0 1260 1260
89 1169 1169 1169 686 634 803 701 745 532 544 390 195 66 260 982 1045 1051 1124 1115 1216 1314 1303 1591 1591 1591 173 173 173 173 1655 1655 1655 1655 1655 1655 1655 1655 617 -9999 -9999 415 415 415 415 415 415 415 149 149 415 415 415 415 221 221 221 477 477 477 477 477 477 127 127 127 228 228 228 228 1464 1464 1464 0 0 0 0 0 0 1190 1260
-9999 1169 1169 1169 921 649 676 799 928 797 885 160 78 67 83 544 1148 1394 1516 1335 1236 1119 1110 1591 1591 1591 1210 173 173 173 1655 1655 1655 1655 1655 1655 1655 1655 1655 1655 1655 1655 -9999 -9999 415 415 415 415 415 415 415 415 415 221 221 221 221 221 477 477 477 477 477 477 127 127 228 228 228 1464 1464 1464 0 0 0 0 0 1190 1190 1190 1190
1169 1169 1169 1169 833 724 837 770 876 1035 1207 710 159 133 379 383 1182 1285 1118 1134 1420 1264 1500 1591 1591 1591 1591 1210 173 173 1655 1655 1655 1655 1655 1655 1655 1655 1655 1655 1655 1655 1655 1655 1655 -9999 -9999 602 415 415 415 415 415 224 221 221 221 221 221 477 477 477 477 477 224 224 228 228 1464 1464 1464 1464 0 0 0 1190 1190 1190 1190 1190 1190
1169 1169 1169 1169 1169 1042 1165 897 940 859 1017 1396 427 562 795 495 948 1239 1367 1302 1512 1266 1508 1591 1591 1591 1210 1210 1210 1210 1655 1655 1655 1655 1655 1655 1655 1655 1655 1655 1655 1655 1655 1655 1655 1655 1655 1655 -9999 -9999 -9999 415 224 224 224 224 224 221 221 221 477 477 477 477 224 224 228 1464 1464 1464 1464 0 0 0 0 1190 1190 1190 1190 1190 1360
1169 1169 1169 1169 1169 653 1081 640 607 879 1219 1085 1349 1197 867 746 668 1241 1263 1256 1289 920 1225 1591 1210 1210 1210 1210 1210 1210 1655 1655 1655 1655 1655 1655 1655 1655 1655 1655 1655 1655 1655 1655 1655 1655 1655 1655 1655 1655 1655 1655 -9999 -9999 224 224 224 224 221 221 221 477 477 477 224 224 224 224 1464 1464 0 0 0 0 1190 1190 1190 1190 1190 1360 1360
178 1169 1169 1169 1169 336 318 221 628 544 922 1156 1092 1362 1281 1397 1268 1304 841 931 1122 1346 1228 1210 1210 1210 1210 1210 1210 1210 1655 1655 1655 1655 1655 1655 1655 1655 1655 1655 1655 1655 1655 1655 1655 1655 1655 1655 1655 1655 1655 823 823 823 823 -9999 174 224 224 224 221 221 221 221 224 224 224 224 1464 0 0 0 0 0 1190 1190 1190 1410 -9999 -9999 -9999
178 178 1169 1169 1169 455 487 142 81 825 572 892 1103 1121 737 1289 1409 1444 1550 1220 974 1269 1302 1210 1210 1210 1210 1210 1210 1210 1655 1655 1655 1655 1655 1655 1655 1655 1655 1655 1655 1655 1655 1655 1655 1655 181 181 181 1655 1655 823 823 823 823 823 823 -9999 -9999 224 224 224 224 224 224 224 224 224 0 0 0 539 -9999 -9999 -9999 243 1567 1567 1567 1567 1567
178 178 1169 1169 1169 1169 730 447 152 246 458 959 1080 822 878 1194 1371 1437 1297 820 927 1325 1265 861 1210 1210 1210 1210 1210 1210 1210 1655 1655 1655 1655 1655 1655 1655 1655 1655 1655 1655 1655 1655 1655 181 181 181 181 181 823 823 823 823 823 823 823 823 444 444 -9999 -9999 224 224 224 -9999 -9999 -9999 -9999 802 802 1207 1207 1207 -9999 1530 1530 1530 1530 1567 1567
178 178 178 1169 1169 1169 588 728 495 196 287 684 1162 1084 1139 1272 1261 923 735 583 943 1417 1234 1060 1210 1210 1210 1210 1210 1210 1655 1655 1655 1655 1655 1655 1655 1655 1655 1655 1655 1655 1655 1655 1655 181 181 181 181 181 823 823 823 823 823 823 823 823 444 444 444 444 444 444 444 444 743 802 802 802 802 1207 1207 1207 429 1530 1530 1530 1530 1567 1567
178 178 178 178 1169 1169 865 515 651 523 184 690 1189 1296 1067 1249 1302 904 560 523 739 1313 1304 853 1210 1210 1210 1210 1210 1210 1655 1655 1655 1655 1655 1655 1655 1655 1655 1655 1655 1655 1655 1655 181 181 181 181 181 181 823 823 823 823 823 823 823 823 444 444 444 444 444 444 444 743 743 743 802 802 802 802 802 802 1207 1530 1530 1530 1530 1567 1567
178 178 178 178 0 0 1245 783 685 676 571 772 1171 1146 672 856 873 754 526 644 791 1224 1530 450 1210 1210 1210 1210 1210 1210 1655 1655 1655 1655 1655 1655 1655 1655 1655 1655 1655 1655 1655 1655 181 181 181 181 181 823 823 823 823 823 823 823 823 823 444 444 444 444 444 444 743 743 743 743 743 743 802 802 802 1207 1207 1530 1530 1530 1567 1567 1567
178 178 178 178 0 0 0 946 698 562 514 837 1057 1004 896 678 769 1003 1124 1213 1162 1269 1416 1305 1210 1210 1210 1210 1210 1210 1655 1655 1655 1655 1655 1655 1655 1655 1655 1655 1655 1655 1655 1655 181 181 181 181 181 823 823 823 823 823 823 823 823 0 0 0 444 444 444 743 743 743 743 743 743 743 802 802 1207 1207 -9999 429 1530 1530 1530 1567 1567
0 178 178 0 0 0 0 926 548 609 453 1071 1242 1201 900 742 708 1071 1403 1224 1212 1656 1697 1113 1210 1210 1210 1210 1210 1210 1655 1655 1655 1655 1655 1655 1655 1655 1655 1655 1655 1655 1655 1655 181 181 181 181 823 823 823 823 823 823 823 823 0 0 0 0 444 444 444 743 743 743 743 743 743 743 1207 1207 1207 1207 -9999 429 1530 429 1530 429 1238
376 0 0 0 0 0 0 696 342 179 254 1110 1260 1271 1169 933 831 912 806 937 1319 1522 1399 993 1210 1210 1210 1210 1210 209 1655 1655 1655 1655 1655 0 1655 1655 1655 1655 1655 1655 1655 1655 181 181 181 181 823 823 823 823 823 823 0 0 0 0 0 0 444 444 743 743 743 743 743 743 743 743 1207 1207 1207 1207 -9999 429 429 429 429 1238 1238
376 0 0 0 0 0 0 701 284 252 75 507 785 1151 319 346 445 521 503 597 310 1144 1386 1104 1210 1210 1210 209 209 209 1655 1655 1655 0 0 0 0 0 0 0 1655 1655 1655 1655 0 181 181 823 823 823 823 823 0 0 0 0 0 0 0 0 444 743 743 743 743 743 743 743 743 1207 1207 1207 1207 1207 -9999 429 429 429 429 1238 1137
376 0 0 0 0 0 0 0 187 152 436 495 609 782 479 250 642 201 461 411 484 850 1143 670 209 1210 209 209 209 209 209 1655 1655 0 0 0 0 0 0 0 0 0 1655 0 0 0 181 823 823 823 823 0 0 0 0 0 0 0 0 0 743 743 743 743 743 743 743 743 743 1207 1207 1207 1207 1207 1207 1207 1207 1207 1238 1137 1137
376 0 0 0 0 0 0 0 544 248 320 402 413 383 617 686 432 622 549 588 616 819 1281 686 209 209 209 209 209 209 209 209 209 0 0 0 0 0 0 0 0 0 0 0 0 0 0 823 823 823 823 0 0 0 0 0 0 0 0 0 0 0 0 743 743 743 1033 743 1207 1207 1207 1207 1207 1207 450 1207 1207 1238 1238 1137 1137
0 0 0 0 0 0 0 0 1235 527 745 400 346 305 422 513 468 534 749 758 843 945 1236 635 209 209 209 209 209 209 209 209 209 0 0 0 0 0 0 0 0 0 0 0 0 0 823 823 823 823 0 0 0 0 0 0 0 0 0 0 0 0 0 0 0 1033 1033 1033 1033 1207 1207 1207 1207 1207 -9999 1207 1426 1238 1238 1137 1137
0 0 0 0 0 0 0 0 0 665 535 415 395 496 566 586 520 655 772 881 984 959 776 550 209 209 209 209 209 209 209 209 209 0 875 875 875 0 0 0 977 977 977 977 977 977 439 823 823 823 0 0 0 0 0 0 0 0 0 0 0 0 0 0 0 1033 1033 1033 1033 1033 1207 1207 1207 -9999 1207 1426 1426 1426 1238 1238 1137
0 0 0 0 0 0 0 0 0 614 417 263 410 886 331 410 739 752 923 978 954 945 853 652 209 209 209 875 875 875 209 209 875 875 875 875 875 875 977 977 977 977 977 977 977 439 439 439 439 0 0 0 0 0 0 0 0 0 0 0 0 0 0 0 0 0 1299 1033 1033 1033 1207 1207 -9999 1473 1473 1426 1426 1426 1426 1426 1137
0 0 0 -9999 -9999 -9999 -9999 0 0 70 0 0 0 94 159 449 871 931 976 802 948 945 1150 803 1245 875 875 875 875 875 875 875 875 875 875 875 875 875 977 977 977 977 977 977 977 439 439 439 439 0 0 0 0 0 0 0 1241 0 0 0 0 0 0 0 1299 1299 1299 1207 1207 1207 1207 -9999 1473 1473 1426 1426 1426 1426 1426 1426 1426
0 0 -9999 -9999 -9999 -9999 -9999 0 0 -9999 -9999 -9999 0 52 -9999 119 687 937 945 943 930 841 935 720 738 875 875 875 875 875 875 875 875 875 875 875 875 977 977 977 977 977 977 977 439 439 439 439 439 439 0 0 0 0 0 1241 1241 1241 1241 1241 1241 1241 1241 1241 1241 1299 1299 1207 1207 1207 -9999 1473 1473 1426 1426 1426 1426 1426 1426 1426 1426
0 0 -9999 -9999 -9999 -9999 -9999 -9999 -9999 -9999 -9999 -9999 0 -9999 -9999 -9999 641 863 972 924 879 841 566 553 1227 875 875 875 875 875 875 875 875 875 875 977 977 977 977 977 977 977 977 977 439 439 439 439 439 439 0 0 0 0 0 1241 1241 1241 1241 0 0 1241 1241 1241 1241 1299 1207 1207 1207 -9999 1473 1473 1426 1426 1426 1426 1426 1426 1426 1426 1426
0 -9999 -9999 -9999 -9999 -9999 -9999 -9999 -9999 -9999 -9999 -9999 -9999 -9999 -9999 -9999 965 576 789 404 645 586 1236 1276 1649 875 875 875 875 875 875 875 875 779 875 977 977 977 977 977 977 977 977 439 439 439 439 439 439 439 439 0 0 0 1241 1241 1241 0 0 0 0 1241 1241 1241 1241 1299 1299 1207 1207 1473 1473 1473 1473 0 0 0 1426 1426 1426 1426 1426
-9999 -9999 -9999 -9999 -9999 -9999 -9999 -9999 -9999 -9999 -9999 -9999 -9999 -9999 -9999 -9999 -9999 -9999 -9999 -9999 658 791 1133 1219 1203 875 875 875 875 875 875 875 875 779 779 977 977 977 977 977 977 977 977 439 439 439 439 439 439 439 439 552 519 1241 1241 1241 0 0 0 0 0 1241 1241 1241 1241 1299 1299 1299 -9999 1473 1473 1473 0 0 0 0 1426 1426 1426 1426 1426
-9999 -9999 -9999 -9999 -9999 5 -9999 -9999 -9999 -9999 -9999 -9999 -9999 -9999 -9999 -9999 -9999 -9999 -9999 -9999 -9999 1237 963 922 1544 875 875 779 779 875 875 875 779 779 779 977 977 977 977 977 977 977 977 439 439 439 439 439 552 552 552 519 519 1241 1241 0 0 0 0 0 0 1241 959 1241 1241 1241 1299 -9999 1211 1211 1473 0 0 0 0 -9999 -9999 1426 468 468 468
-9999 -9999 -9999 -9999 -9999 5 300 -9999 -9999 -9999 -9999 -9999 -9999 -9999 -9999 -9999 -9999 -9999 -9999 -9999 -9999 -9999 673 734 1020 779 779 779 779 779 779 779 779 779 779 779 779 977 977 977 977 977 439 439 439 439 439 439 552 552 519 519 1241 1241 0 0 0 0 0 0 0 959 959 1241 1241 1241 -9999 1211 1211 1211 1211 0 0 -9999 -9999 -9999 -9999 -9999 186 -9999 468
