04_184A001/bm_kuusi_neulaset.asc
ncols 378
nrows 390
xllcorner 613424
yllcorner 6870896
cellsize 16
nodata_value -9999
[rows 324 to 359 of 390, columns 243 to 323 of 378]
84 84 84 84 84 84 21 -9999 -9999 -9999 -9999 -9999 -9999 -9999 -9999 851 851 0 0 0 0 0 418 0 228 228 228 228 504 504 504 504 504 504 504 504 504 504 504 504 504 504 504 504 504 0 0 0 0 0 0 893 357 357 357 357 357 357 357 357 -9999 0 0 0 0 0 0 0 1142 1142 1142 1142 1918 1918 1918 1918 1918 1918 1918 1798 1798
84 84 84 84 84 84 976 976 -9999 86 381 -9999 976 976 976 976 -9999 -9999 0 0 0 0 0 0 0 0 0 0 504 504 504 504 504 300 300 300 504 504 504 504 504 504 504 504 504 0 0 0 0 0 0 401 401 401 401 357 357 357 357 -9999 61 61 0 0 0 0 0 677 677 677 677 1918 1918 1918 1918 1918 1918 1918 2150 1918 1918
65 65 65 65 65 84 976 976 976 976 976 976 976 976 976 976 976 976 107 -9999 -9999 0 0 0 0 0 0 0 0 504 504 504 300 300 300 300 300 504 504 504 504 504 504 504 504 0 0 0 0 401 401 401 401 401 401 401 401 401 -9999 61 61 61 61 0 0 0 0 677 677 677 677 1251 1918 1918 1918 1918 1918 2150 2150 2150 1918
65 65 65 65 65 84 976 976 976 976 976 976 914 914 914 914 976 976 976 976 976 109 -9999 311 0 0 0 0 0 1037 1037 504 300 300 300 300 504 504 504 504 504 504 504 504 504 0 0 0 0 401 401 401 401 401 401 401 -9999 61 61 61 61 61 61 61 61 61 677 677 677 677 677 1251 1251 1918 1918 2150 2150 2150 2150 2150 2150
196 65 65 65 65 84 976 976 976 976 976 976 976 914 914 914 914 914 976 976 976 0 0 0 -9999 -9999 0 0 0 1037 1037 1037 300 300 300 300 504 504 504 504 504 1272 504 1272 504 1345 1345 1345 1345 401 401 401 401 401 401 -9999 61 61 61 61 61 61 61 61 61 61 677 677 677 677 677 1251 1251 1918 2150 2150 2150 2150 2150 2150 2150
196 196 196 196 196 976 976 976 976 976 0 0 0 0 0 0 0 914 914 976 976 0 0 0 0 0 33 -9999 0 0 1037 1037 1037 300 300 300 300 504 504 504 504 1272 1272 1272 1272 1345 1345 1345 1345 1345 401 401 401 -9999 61 61 0 0 61 0 61 61 61 61 61 677 677 677 677 677 677 1251 1251 1251 2150 2150 2150 2150 2150 2150 2150
196 196 196 196 196 491 491 976 0 0 0 0 0 0 0 0 0 0 0 914 0 0 0 0 0 0 0 0 0 -9999 -9999 -9999 -9999 274 -9999 -9999 -9999 -9999 -9999 -9999 -9999 -9999 1272 1272 1272 1345 1345 1345 1345 1345 401 -9999 -9999 66 61 0 0 0 0 0 0 61 61 61 677 677 677 1518 1518 1518 677 1251 1251 1251 2150 2150 2150 2150 2150 2150 2150
196 196 196 196 196 491 491 491 513 513 513 513 513 850 850 0 0 0 0 0 0 0 0 0 634 634 0 0 1037 1037 1037 1037 1037 1037 407 407 407 407 407 407 407 407 407 -9999 -9999 -9999 -9999 -9999 -9999 -9999 66 66 66 66 0 0 0 0 0 0 0 61 61 61 1518 1518 1518 1518 1518 1518 1518 1251 1251 1251 1251 1251 2150 2150 2150 2150 2150
196 196 196 196 491 491 491 513 513 513 513 513 513 850 850 850 850 850 935 935 0 0 634 634 634 634 634 634 1037 1037 1037 1037 1037 1037 407 407 407 407 407 407 407 407 407 974 974 974 974 974 974 66 66 66 66 66 66 0 0 0 0 0 0 0 990 1518 1518 1518 1518 1518 1518 1518 1518 1251 1251 1251 1251 1251 1251 2150 2150 2150 2150
196 196 196 196 491 491 491 491 491 513 513 513 513 850 850 850 850 935 935 935 935 935 1047 1047 1047 1047 634 1037 1037 1037 1037 1037 1037 1037 407 407 407 407 407 407 407 407 407 974 974 974 974 974 974 66 66 66 66 66 66 66 66 990 990 990 990 990 1518 1518 1518 1518 1518 1518 1518 1518 155 155 1251 1251 1251 1251 1251 1251 1251 2150 2150
196 196 196 196 491 491 491 491 491 491 513 513 513 513 850 169 169 935 935 935 935 935 1047 1047 1047 1047 1047 634 1037 1037 1037 1037 1037 1037 407 407 407 407 407 407 407 407 66 66 974 974 974 974 974 66 66 66 66 66 66 66 990 990 990 66 66 990 1518 1518 1518 1518 1518 1518 1518 1518 155 155 155 1251 1251 1251 1251 1251 1251 1251 1251
196 196 196 196 491 491 491 491 491 491 491 513 513 513 513 169 169 935 935 935 935 935 0 0 1047 1047 1047 634 634 634 634 407 407 407 407 407 407 407 407 407 407 407 66 66 66 974 974 974 974 66 66 66 66 66 66 990 990 990 66 66 66 1518 1518 1518 1518 1518 1518 1518 1518 1518 155 155 155 155 1251 1251 1251 1251 1251 1251 1301
401 401 196 491 491 491 491 491 491 491 491 491 513 513 169 169 169 169 935 935 935 0 0 0 0 0 0 0 0 634 634 407 407 407 407 407 407 407 186 407 407 407 407 66 66 66 974 974 66 66 66 66 66 66 990 990 990 66 66 66 66 1518 1518 1518 1518 1518 1518 1518 1518 1518 155 155 155 155 1251 1251 1251 1251 1251 1251 1301
401 401 401 491 491 491 491 491 491 491 491 491 236 236 236 236 236 935 935 935 935 0 0 0 0 0 0 0 236 186 186 186 186 407 407 407 186 186 186 186 186 407 0 66 66 66 66 66 66 66 66 66 66 66 990 990 990 66 66 66 1518 1518 1518 1518 1518 1518 1518 1518 1518 1518 155 155 155 155 155 1251 1251 1251 1251 1251 1684
0 0 0 401 401 491 491 491 491 491 236 236 236 236 236 236 236 236 236 236 236 236 236 236 236 236 236 236 236 186 186 186 186 186 186 186 186 186 186 0 0 0 0 0 66 66 66 66 66 66 66 66 66 66 66 66 66 66 66 431 1518 1518 1518 1518 1518 1518 1518 1518 1518 1518 155 155 155 155 155 155 155 155 1684 1684 1684
0 0 0 0 401 401 401 401 401 236 236 236 236 236 236 236 236 236 236 236 236 236 236 236 236 236 236 236 236 236 236 236 236 186 186 0 0 186 0 0 0 0 0 0 0 66 66 66 66 1204 1204 706 706 706 66 66 66 66 66 431 1518 1518 1518 1518 1518 1518 1518 1518 1518 1518 155 155 155 155 155 155 155 1684 1684 1684 1684
0 0 0 0 0 0 401 401 401 401 401 401 401 401 401 0 0 236 236 236 236 236 236 236 236 236 236 236 236 236 236 236 0 0 0 0 0 0 0 0 0 0 0 0 0 0 0 66 66 1204 1204 706 706 706 66 66 66 66 431 431 431 1518 1518 1518 1518 1518 1518 1518 1518 155 155 155 155 155 155 155 1684 1684 1684 1684 1684
0 0 0 0 0 0 0 0 0 0 401 401 401 401 401 0 0 0 0 0 0 0 0 0 236 236 236 236 236 236 0 0 0 0 0 0 0 0 0 0 0 0 0 0 0 0 0 0 66 66 1204 706 706 706 66 66 66 431 431 431 431 431 431 1518 1518 1518 1518 1518 1518 155 155 155 155 155 155 1684 1684 1684 1684 1684 1684
0 0 0 0 0 0 0 0 0 0 0 0 0 0 0 0 0 0 0 0 0 0 0 0 0 0 0 0 0 0 0 0 0 0 0 0 0 0 0 0 0 0 0 0 0 0 0 0 0 131 131 1204 1204 706 706 66 66 431 431 431 431 431 431 1175 1175 1175 1175 1518 1518 155 155 155 155 155 1684 1684 1684 1684 1684 1684 1684
0 0 0 0 0 0 0 0 0 0 0 0 0 0 0 0 0 0 0 0 0 0 0 0 0 0 0 0 0 0 0 1266 1266 1266 1266 1266 1266 0 0 0 0 0 0 0 0 0 0 0 0 131 131 131 1204 1204 706 706 431 431 431 431 431 431 431 1175 1175 1175 1175 1175 1518 155 155 155 155 155 1684 1684 1684 1684 1684 1684 1684
0 0 0 0 0 0 0 0 0 0 0 0 0 0 0 0 0 0 0 0 0 0 0 0 0 0 0 0 0 0 1266 1266 1266 1266 1266 1266 1266 1266 0 0 0 0 0 0 0 0 0 0 131 131 131 131 1204 1204 1204 706 431 431 431 431 431 431 1175 1175 1175 1175 1175 1518 1518 155 155 155 155 155 1684 1684 1684 1684 1684 1684 1684
0 0 0 0 0 0 0 0 0 0 0 0 0 0 0 0 0 0 0 0 0 0 0 0 0 0 0 0 0 1266 1266 1266 1266 1266 1266 1266 1266 1266 112 112 0 0 0 0 0 0 0 0 131 131 131 131 131 131 1204 1122 1122 1122 1122 1122 431 431 1175 1175 1175 1175 1175 1175 1518 155 155 155 155 155 155 1684 1684 1684 1684 1684 1684
0 0 0 0 0 0 0 0 0 0 0 0 0 0 0 0 0 0 0 0 0 0 0 0 0 0 0 0 1266 1266 1266 1266 1266 1266 1266 1266 1266 1266 112 112 112 0 0 0 0 0 0 0 131 131 131 131 131 131 498 498 1122 1122 1122 1122 1122 431 431 1175 1175 1175 1175 1175 1175 155 358 358 155 155 155 1684 1684 1684 1684 1684 1684
0 0 0 0 0 0 0 0 0 0 0 0 0 0 0 0 0 0 0 0 0 0 0 0 0 0 0 1266 1266 1266 1266 1266 1266 1266 391 391 1266 112 112 112 112 112 0 0 0 0 0 131 131 131 131 131 131 131 498 498 498 2076 2076 2076 1122 1122 1122 1175 1175 1175 1175 1175 1175 358 358 358 358 358 358 358 358 1684 1684 1684 1684
1019 0 0 0 0 0 0 0 0 0 0 0 0 0 0 0 0 0 0 0 0 0 0 0 0 1266 1266 1266 1266 1266 1266 1266 1266 1266 391 391 112 112 112 112 112 206 206 0 0 0 0 131 131 131 131 131 131 498 498 498 498 498 498 2076 2076 1122 1122 1122 1175 1175 1175 1175 1752 358 358 1752 1752 1752 358 358 358 358 1684 1684 1684
1019 1019 0 0 0 0 0 0 0 0 0 0 0 0 0 0 0 0 0 0 0 0 0 0 529 1266 1266 1266 1266 1266 1266 1266 1266 391 391 112 112 112 112 112 206 206 206 206 206 0 131 131 131 131 131 131 498 498 498 498 498 498 498 2076 2076 2076 2076 1175 2076 1175 1175 1175 1752 1752 1752 1752 1752 1752 1752 1752 1752 1752 1051 1684 1683
0 0 1019 0 0 0 0 0 0 0 0 0 0 0 0 0 0 0 0 0 0 0 0 465 529 529 1266 1266 1266 1266 1266 1266 1266 391 391 112 112 112 206 206 206 206 206 206 206 206 131 131 131 131 131 131 498 498 498 498 498 498 498 2076 2076 2076 2076 2076 2076 2076 1175 2076 1752 1752 1752 1752 1752 1752 1752 1752 1752 1051 1051 1051 1051
0 1019 1019 0 0 0 0 0 0 0 0 0 0 0 0 0 0 0 0 0 0 0 465 465 529 529 1266 1266 1266 1266 1266 1266 391 391 112 112 112 206 206 206 206 206 206 206 206 1281 206 206 131 131 131 498 498 498 498 498 498 498 2076 2076 2076 2076 2076 2076 2076 2076 2076 2076 1752 1752 1752 1752 1752 1752 2081 2081 2081 1051 1051 1051 1051
0 1019 1019 0 0 0 0 0 0 0 0 0 0 0 0 0 0 0 0 0 0 465 465 465 465 529 529 529 1266 529 1266 529 391 112 112 112 1600 206 206 206 206 206 206 206 206 1281 1281 1281 206 206 131 498 498 498 498 498 498 2076 2076 2076 2076 2076 2076 2076 2076 2076 2076 2076 1752 1752 1752 1752 1752 1752 2081 2081 2081 2081 2081 2081 2081
0 1019 0 0 0 0 0 0 0 0 0 0 0 0 0 0 0 0 0 0 465 465 465 465 465 465 529 529 529 529 529 529 529 112 112 1600 1600 1600 206 206 206 206 206 206 1281 1281 1281 1281 1281 1281 1281 1281 206 498 498 498 2076 2076 2076 2076 2076 2076 2076 2076 2076 2076 2076 2076 1752 1752 1752 1752 2081 2081 2081 2081 2081 2081 2081 2081 2081
0 0 0 0 0 0 0 0 0 0 0 0 0 0 0 0 0 0 0 495 465 465 465 465 465 465 529 529 529 529 529 529 112 112 112 1600 1600 1600 1600 206 1281 1281 206 1281 1281 1281 1281 1281 1281 1281 1281 1281 1281 206 206 498 498 498 2076 2076 2076 2076 2076 2076 2076 2076 2076 2076 1752 1752 1752 2081 2081 2081 2081 2081 2081 2081 2081 2081 2081
0 0 0 0 0 0 0 0 0 0 0 0 0 0 0 0 0 495 495 495 495 465 465 465 465 465 79 79 529 529 529 112 112 112 112 112 112 1600 1600 1600 1600 1281 1281 1281 1281 1281 1281 1281 1281 1281 1281 1281 1281 206 206 206 206 498 498 498 2076 2076 2076 2076 2076 2076 2076 1752 1752 1752 2194 2194 2194 2081 2081 2081 2081 2081 2081 2081 2081
0 0 0 0 0 0 0 0 0 0 0 0 0 0 0 0 495 495 495 495 495 495 465 465 465 79 79 79 79 79 529 112 112 112 112 112 112 112 1600 1600 1600 1600 1600 198 1281 1281 1281 1281 1281 1281 1281 1281 1281 206 206 1281 206 1281 0 0 2076 2076 2076 2076 2076 2076 2076 1752 1752 2194 2194 2194 2194 2194 2194 2081 2081 2081 2081 2081 2081
0 0 0 0 0 0 0 0 0 0 0 0 0 0 0 0 495 495 495 495 551 551 465 465 465 465 529 529 79 529 112 112 112 112 112 112 112 112 112 1600 1600 1600 1600 198 198 198 198 1281 1281 1281 1281 1281 1281 206 1281 1281 1281 1281 0 0 0 0 0 2076 2076 2076 2076 1752 1752 2194 2194 2194 2194 2194 2194 2194 2081 2081 2081 2081 2081
-9999 0 0 0 0 0 0 0 0 0 0 0 0 0 0 0 0 0 495 551 551 551 551 465 529 529 529 529 529 110 112 112 112 112 112 112 112 112 112 112 1600 1600 198 198 198 198 198 198 198 198 1281 1281 1281 1281 1281 1281 1281 0 0 0 0 0 0 0 0 2076 2076 1752 2194 2194 2194 2194 2194 2194 2194 2194 2156 2156 2081 2081 2081
-9999 -9999 0 0 0 0 0 0 0 0 0 0 0 0 0 0 0 0 551 551 551 551 551 529 529 529 529 529 529 110 110 112 112 112 112 112 112 112 112 112 112 198 198 198 198 198 198 198 198 198 198 1092 1092 1281 1281 1281 1281 0 0 0 0 0 0 0 0 0 111 256 2194 2194 2194 2194 2194 2194 2194 2194 2156 2156 2156 2081 2081
