04_184A001/bm_kuusi_neulaset.asc
ncols 378
nrows 390
xllcorner 613424
yllcorner 6870896
cellsize 16
nodata_value -9999
[rows 108 to 143 of 390, columns 0 to 80 of 378]
-9999 -9999 -9999 -9999 1089 114 114 114 114 114 1244 1244 114 114 114 804 804 804 471 471 804 804 804 37 37 37 37 37 115 115 66 -9999 115 115 -9999 2163 2163 2163 2163 2163 2163 2163 674 674 674 1104 513 513 513 513 513 513 513 2034 2034 2034 2034 2034 0 0 0 334 334 334 334 2034 2034 2034 -9999 -9999 -9999 -9999 -9999 -9999 -9999 -9999 -9999 -9999 -9999 -9999 -9999
-9999 -9999 1089 1089 1089 114 114 114 114 114 114 114 114 114 114 114 804 804 804 804 804 804 804 114 114 37 37 37 115 115 20 115 115 -9999 -9999 -9999 959 2163 2163 2163 2163 2163 674 674 674 674 674 513 513 513 513 513 513 513 2034 2034 2034 2034 2034 2034 0 0 334 334 334 334 334 2034 2034 -9999 -9999 -9999 -9999 -9999 -9999 -9999 -9999 -9999 -9999 -9999 -9999
-9999 420 420 1089 1089 114 114 114 114 114 114 114 114 114 114 114 804 804 804 804 804 804 804 114 114 114 114 37 115 115 27 115 115 -9999 -9999 -9999 2163 2163 2163 2163 2163 2163 674 674 674 674 674 674 513 513 513 513 513 513 683 2034 2034 2034 2034 2034 2034 0 0 0 334 334 334 334 334 334 334 -9999 -9999 -9999 -9999 -9999 -9999 -9999 -9999 -9999 -9999
-9999 420 420 1089 1089 1089 114 114 114 114 114 114 114 114 114 114 114 114 114 114 804 804 804 114 114 114 114 114 204 115 13 115 115 -9999 -9999 -9999 2163 2163 2163 2163 2163 2163 2163 674 674 674 674 674 674 674 513 513 513 683 683 683 2034 2034 2034 2034 2034 2034 2034 2034 2034 2034 2034 334 334 334 334 334 -9999 -9999 -9999 -9999 -9999 -9999 -9999 -9999 -9999
-9999 -9999 1089 1089 1089 1089 1089 1089 1089 114 114 114 114 114 114 114 114 114 114 114 114 804 114 114 114 114 204 204 204 204 204 -9999 115 -9999 -9999 77 174 2163 2163 2163 2163 2163 2163 674 674 674 674 674 674 674 674 674 683 683 683 683 683 2034 2034 2034 2034 2034 2034 2034 2034 2034 2034 2034 2034 334 334 334 334 -9999 -9999 -9999 -9999 -9999 -9999 -9999 -9999
-9999 -9999 1089 1089 1089 1089 1089 1089 114 114 114 114 114 114 114 114 114 114 114 114 114 114 114 114 114 114 204 204 204 204 204 -9999 204 -9999 8 150 144 213 441 2163 2163 2163 2163 674 674 674 674 674 674 674 674 674 674 520 683 683 683 683 2034 2034 2034 2034 2034 2034 2034 2034 2034 2034 2034 2034 334 334 149 -9999 -9999 -9999 -9999 -9999 -9999 -9999 -9999
-9999 -9999 764 764 764 1089 1089 1089 114 114 114 114 114 114 114 114 114 114 114 114 114 114 114 114 114 114 114 114 204 204 204 -9999 204 -9999 536 54 159 53 166 168 885 2163 2163 2163 674 674 674 674 674 674 674 674 674 520 520 520 683 683 683 683 2034 2034 2034 2034 2034 2034 2034 2034 2034 2034 2034 319 319 149 149 -9999 -9999 -9999 -9999 -9999 -9999
-9999 -9999 -9999 -9999 764 764 764 1089 114 114 114 114 114 114 114 114 114 114 114 114 114 342 114 114 114 114 89 89 89 204 204 -9999 204 -9999 -9999 -9999 -9999 -9999 -9999 46 103 206 2163 2163 2163 674 674 674 674 674 674 674 674 520 520 520 520 520 683 683 1240 1240 1240 1240 1240 2034 2034 2034 2034 2034 2034 319 319 149 149 149 149 -9999 -9999 -9999 -9999
-9999 -9999 -9999 -9999 764 764 764 764 764 114 114 114 114 114 114 114 114 114 114 114 114 342 342 114 342 89 89 89 89 89 89 204 204 -9999 30 -9999 -9999 -9999 -9999 5 6 0 2163 2163 2163 2163 674 674 674 674 674 520 520 520 520 520 520 520 520 520 1240 1240 1240 1240 1240 1240 1240 2034 2034 319 319 319 319 149 149 149 149 -9999 -9999 -9999 -9999
-9999 -9999 -9999 -9999 764 764 764 764 2128 2128 2128 2128 114 114 114 114 114 114 114 114 342 342 342 342 342 89 89 89 89 89 89 89 204 204 -9999 -9999 -9999 -9999 -9999 -9999 -9999 40 2163 2163 2163 2163 2163 2163 674 674 674 520 520 520 520 520 520 520 520 520 520 1240 1240 1240 1240 1240 1240 1240 1086 319 319 319 149 149 149 149 149 149 149 -9999 -9999
-9999 -9999 -9999 -9999 421 764 764 764 764 2128 2128 2128 2128 2128 114 114 114 114 114 114 114 342 342 342 342 342 89 89 89 89 89 89 -9999 204 -9999 -9999 -9999 -9999 5 179 179 14 -9999 -9999 84 2163 2163 2163 903 903 903 520 520 520 520 520 520 520 520 520 520 520 921 921 1240 1240 1240 1086 1086 1086 1086 319 149 149 149 149 149 149 758 588 -9999
-9999 -9999 -9999 -9999 421 764 764 764 764 2128 2128 2128 2128 2128 2128 2128 114 114 114 114 342 342 342 342 342 342 342 89 89 89 89 89 -9999 204 -9999 179 179 0 179 179 179 179 179 -9999 -9999 179 179 903 903 903 903 903 520 520 520 520 520 520 520 520 520 520 921 921 921 921 1240 1086 1086 1086 1086 1086 1086 149 149 149 149 149 149 -9999 -9999
-9999 -9999 -9999 -9999 0 764 764 764 764 2128 2128 2128 2128 2128 2128 2128 2128 928 928 342 342 342 342 342 342 342 342 342 89 89 89 89 89 204 -9999 179 179 179 179 179 179 179 179 179 179 179 179 179 179 903 903 903 903 903 903 903 1873 1873 1873 1873 1873 520 520 921 921 921 921 1288 1086 1086 1086 1086 1086 1086 1086 1086 1086 149 149 -9999 -9999
-9999 -9999 -9999 -9999 -9999 0 764 764 2128 550 0 2128 2128 2128 2128 2128 928 928 928 928 928 342 342 342 342 342 342 342 342 89 89 89 89 9 -9999 179 179 179 179 179 179 179 179 179 179 179 179 179 179 179 179 903 903 903 903 1873 1873 1873 1873 1873 1873 1873 1873 1873 921 921 921 1288 1288 1288 1086 1086 1086 1086 1086 1086 1086 -9999 -9999 -9999 -9999
-9999 -9999 -9999 -9999 -9999 -9999 764 550 0 0 0 0 2128 2128 2128 928 928 928 928 928 928 288 288 342 342 342 342 342 342 342 342 89 342 -9999 -9999 179 179 179 179 491 491 179 491 179 179 179 179 179 179 179 0 0 0 0 1873 1873 1873 1873 1873 1873 1873 1873 1873 1873 921 921 1288 1288 1288 1288 1288 1086 1086 1086 1086 1086 -9999 -9999 -9999 -9999 -9999
-9999 -9999 -9999 -9999 -9999 -9999 -9999 -9999 -9999 -9999 -9999 -9999 -9999 2128 -9999 -9999 928 928 928 928 928 288 -9999 -9999 288 288 342 342 342 342 342 342 342 -9999 -9999 179 179 179 491 491 491 491 491 491 491 491 179 179 179 0 0 0 0 0 0 0 1873 1369 1369 1873 1873 1873 1873 1873 1873 1288 1288 1288 1288 1288 1288 1288 1288 1086 1086 1086 -9999 -9999 -9999 -9999 -9999
-9999 -9999 -9999 -9999 -9999 -9999 -9999 -9999 -9999 -9999 -9999 -9999 -9999 -9999 -9999 -9999 -9999 928 928 928 288 288 -9999 -9999 -9999 288 318 318 342 342 342 342 342 342 0 -9999 179 179 179 179 491 968 968 968 968 491 491 491 491 491 0 0 0 0 0 0 0 1369 1369 1873 1873 1873 1873 1873 1873 1873 1288 1288 1288 1288 1288 1288 1288 1288 1288 1086 -9999 -9999 -9999 -9999 -9999
-9999 -9999 -9999 -9999 -9999 -9999 -9999 -9999 -9999 -9999 -9999 -9999 -9999 -9999 -9999 -9999 -9999 -9999 -9999 -9999 -9999 -9999 -9999 -9999 -9999 -9999 -9999 -9999 -9999 318 342 342 342 342 -9999 -9999 179 179 179 179 179 968 968 968 968 968 968 491 491 491 491 0 0 0 0 0 1369 1369 1369 1369 1873 1873 1873 1873 1873 1873 664 1288 164 164 164 1288 1288 1288 1288 538 538 -9999 -9999 -9999 -9999
-9999 -9999 -9999 -9999 -9999 -9999 -9999 -9999 -9999 -9999 -9999 -9999 -9999 -9999 -9999 -9999 -9999 -9999 -9999 -9999 -9999 -9999 -9999 -9999 -9999 -9999 -9999 -9999 -9999 -9999 318 318 75 342 -9999 -9999 179 179 179 179 179 92 968 968 968 968 968 968 968 491 1224 1224 1224 0 0 0 1369 1369 1369 1369 1873 1873 1873 1873 664 664 105 105 164 164 164 164 1288 1288 538 538 538 538 -9999 -9999 -9999
-9999 -9999 -9999 -9999 -9999 -9999 -9999 -9999 -9999 -9999 -9999 -9999 -9999 -9999 -9999 -9999 -9999 -9999 -9999 -9999 -9999 -9999 -9999 -9999 -9999 -9999 -9999 -9999 -9999 -9999 -9999 -9999 -9999 75 -9999 27 -9999 179 179 179 117 -9999 -9999 968 968 968 968 968 968 968 1224 1224 1224 1224 1224 1369 1369 1369 1369 877 877 1873 1873 1873 664 664 105 105 105 164 164 164 164 538 538 538 538 538 1194 1194 -9999
-9999 -9999 -9999 -9999 -9999 -9999 -9999 -9999 -9999 -9999 -9999 -9999 -9999 -9999 -9999 -9999 -9999 -9999 -9999 -9999 -9999 -9999 -9999 -9999 -9999 -9999 -9999 -9999 -9999 -9999 -9999 -9999 -9999 -9999 -9999 -9999 -9999 179 -9999 64 -9999 -9999 -9999 -9999 -9999 968 968 968 968 1224 1224 1224 1224 1224 1224 1966 1369 1369 1369 877 877 664 664 664 664 664 105 105 105 164 164 164 164 538 538 538 538 538 1194 1194 1194
-9999 -9999 -9999 -9999 -9999 -9999 -9999 -9999 -9999 -9999 -9999 -9999 -9999 -9999 -9999 -9999 -9999 -9999 -9999 -9999 -9999 -9999 -9999 -9999 -9999 -9999 -9999 -9999 -9999 -9999 -9999 -9999 -9999 -9999 -9999 -9999 -9999 66 -9999 -9999 -9999 -9999 -9999 -9999 -9999 -9999 -9999 -9999 1224 1224 1224 1224 1224 1224 1966 1966 1966 1966 877 877 877 664 664 664 664 105 105 105 164 164 164 164 164 538 538 538 538 1194 1194 1194 1194
-9999 -9999 -9999 -9999 -9999 -9999 -9999 -9999 -9999 -9999 -9999 -9999 -9999 -9999 -9999 -9999 -9999 -9999 -9999 -9999 -9999 -9999 -9999 -9999 -9999 -9999 -9999 -9999 -9999 -9999 -9999 -9999 -9999 -9999 -9999 -9999 -9999 -9999 -9999 -9999 -9999 -9999 -9999 -9999 -9999 -9999 -9999 -9999 -9999 -9999 -9999 -9999 1224 1224 1966 1966 1966 1966 877 877 877 877 664 664 664 105 105 105 164 164 164 164 164 538 538 538 1194 -9999 -9999 1194 1194
-9999 -9999 -9999 -9999 -9999 -9999 -9999 -9999 -9999 -9999 -9999 -9999 -9999 -9999 -9999 -9999 -9999 -9999 -9999 -9999 -9999 -9999 -9999 -9999 -9999 -9999 -9999 -9999 -9999 -9999 -9999 -9999 -9999 -9999 -9999 -9999 -9999 -9999 -9999 -9999 -9999 -9999 -9999 -9999 -9999 -9999 -9999 -9999 -9999 -9999 -9999 -9999 -9999 1966 1966 1966 1966 1966 1966 1966 877 877 877 877 105 105 105 164 164 164 164 164 164 164 538 538 -9999 1194 1194 1194 1194
-9999 -9999 -9999 -9999 -9999 -9999 -9999 -9999 -9999 -9999 -9999 -9999 -9999 -9999 -9999 -9999 -9999 -9999 -9999 -9999 -9999 -9999 -9999 -9999 -9999 -9999 -9999 -9999 -9999 -9999 -9999 -9999 -9999 -9999 -9999 -9999 -9999 -9999 -9999 -9999 -9999 -9999 -9999 -9999 -9999 -9999 -9999 -9999 -9999 -9999 -9999 -9999 -9999 1966 1966 1966 1966 1966 1966 1966 877 877 877 877 0 105 105 164 164 164 164 164 164 164 164 -9999 1194 1194 1194 1194 1194
-9999 -9999 -9999 -9999 -9999 -9999 -9999 -9999 -9999 -9999 -9999 -9999 -9999 -9999 -9999 -9999 -9999 -9999 -9999 -9999 -9999 -9999 -9999 -9999 -9999 -9999 -9999 -9999 -9999 -9999 -9999 -9999 -9999 -9999 -9999 -9999 -9999 -9999 -9999 -9999 -9999 -9999 -9999 -9999 -9999 -9999 0 0 0 -9999 -9999 -9999 1966 1966 1966 1966 1966 1966 1966 1966 877 877 877 0 0 0 164 164 164 164 164 164 164 164 164 1194 1194 1194 1194 1194 1194
-9999 -9999 -9999 -9999 -9999 -9999 -9999 -9999 -9999 -9999 -9999 -9999 -9999 -9999 -9999 -9999 -9999 -9999 -9999 -9999 -9999 -9999 -9999 -9999 -9999 -9999 -9999 -9999 -9999 -9999 -9999 -9999 -9999 -9999 -9999 -9999 -9999 -9999 -9999 -9999 -9999 -9999 -9999 -9999 -9999 -9999 -9999 -9999 -9999 -9999 -9999 -9999 1966 1966 1966 1966 1966 1966 1966 877 877 877 877 0 0 0 0 0 0 164 164 164 164 164 -9999 1194 1194 1194 1194 1194 1194
-9999 -9999 -9999 -9999 -9999 -9999 -9999 -9999 -9999 -9999 -9999 -9999 -9999 -9999 -9999 -9999 -9999 -9999 -9999 -9999 -9999 -9999 -9999 -9999 -9999 -9999 -9999 -9999 -9999 -9999 -9999 -9999 -9999 -9999 -9999 -9999 -9999 -9999 -9999 -9999 -9999 -9999 -9999 -9999 -9999 -9999 -9999 -9999 -9999 -9999 -9999 1966 1966 1966 1966 1966 1966 1966 1966 877 877 877 877 0 0 0 0 0 0 0 0 0 164 -9999 -9999 -9999 -9999 1194 1194 1194 1194
-9999 -9999 -9999 -9999 -9999 -9999 -9999 -9999 -9999 -9999 -9999 -9999 -9999 -9999 -9999 -9999 -9999 -9999 -9999 -9999 -9999 -9999 -9999 -9999 -9999 -9999 -9999 -9999 -9999 -9999 -9999 -9999 -9999 -9999 -9999 -9999 -9999 -9999 -9999 -9999 -9999 -9999 -9999 -9999 -9999 -9999 -9999 -9999 -9999 -9999 -9999 1966 1966 1966 1966 1966 1966 1966 1966 1966 1966 1966 0 0 0 0 0 0 0 0 0 0 0 -9999 -9999 -9999 -9999 -9999 1194 1194 1194
-9999 -9999 -9999 -9999 -9999 -9999 -9999 -9999 -9999 -9999 -9999 -9999 -9999 -9999 -9999 -9999 -9999 -9999 -9999 -9999 -9999 -9999 -9999 -9999 -9999 -9999 -9999 -9999 -9999 -9999 -9999 -9999 -9999 -9999 -9999 -9999 -9999 -9999 -9999 -9999 -9999 -9999 -9999 -9999 -9999 -9999 -9999 -9999 -9999 -9999 1966 1966 1966 1966 1966 1966 1966 1966 1966 1966 1966 1966 0 0 0 0 0 0 0 0 0 0 -9999 -9999 -9999 -9999 -9999 1194 1194 1194 1194
-9999 -9999 -9999 -9999 -9999 -9999 -9999 -9999 -9999 -9999 -9999 -9999 -9999 -9999 -9999 -9999 -9999 -9999 -9999 -9999 -9999 -9999 -9999 -9999 -9999 -9999 -9999 -9999 -9999 -9999 -9999 -9999 -9999 -9999 -9999 -9999 -9999 -9999 -9999 -9999 -9999 -9999 -9999 -9999 -9999 -9999 -9999 -9999 -9999 -9999 0 1966 1966 1966 1966 1966 1966 1966 1966 1966 1966 0 0 0 0 0 0 0 0 0 0 -9999 -9999 -9999 -9999 -9999 -9999 1194 1194 1194 1194
-9999 -9999 -9999 -9999 -9999 -9999 -9999 -9999 -9999 -9999 -9999 -9999 -9999 -9999 -9999 -9999 -9999 -9999 -9999 -9999 -9999 -9999 -9999 -9999 -9999 -9999 -9999 -9999 -9999 -9999 -9999 -9999 -9999 -9999 -9999 -9999 -9999 -9999 -9999 -9999 -9999 -9999 -9999 -9999 -9999 -9999 -9999 -9999 -9999 0 0 1966 1966 1966 1966 1966 1966 1966 1966 1966 1966 0 0 0 0 0 0 0 0 0 0 -9999 -9999 -9999 -9999 -9999 -9999 -9999 1194 1194 1194
-9999 -9999 -9999 -9999 -9999 -9999 -9999 -9999 -9999 -9999 -9999 -9999 -9999 -9999 -9999 -9999 -9999 -9999 -9999 -9999 -9999 -9999 -9999 -9999 -9999 -9999 -9999 -9999 -9999 -9999 -9999 -9999 -9999 -9999 -9999 -9999 -9999 -9999 -9999 -9999 -9999 -9999 -9999 -9999 -9999 -9999 -9999 -9999 -9999 0 0 0 0 0 0 1966 1966 1966 1966 1966 0 0 0 0 0 0 0 0 0 0 -9999 -9999 -9999 -9999 -9999 -9999 -9999 -9999 -9999 -9999 1194
-9999 -9999 -9999 -9999 -9999 -9999 -9999 -9999 -9999 -9999 -9999 -9999 -9999 -9999 -9999 -9999 -9999 -9999 -9999 -9999 -9999 -9999 -9999 -9999 -9999 -9999 -9999 -9999 -9999 -9999 -9999 -9999 -9999 -9999 -9999 -9999 -9999 -9999 -9999 -9999 -9999 -9999 -9999 -9999 -9999 -9999 -9999 -9999 0 0 0 0 0 0 0 1966 1966 1966 1966 1966 0 0 0 0 0 0 0 0 0 0 -9999 -9999 -9999 -9999 -9999 -9999 -9999 -9999 -9999 -9999 -9999
-9999 -9999 -9999 -9999 -9999 -9999 -9999 -9999 -9999 -9999 -9999 -9999 -9999 -9999 -9999 -9999 -9999 -9999 -9999 -9999 -9999 -9999 -9999 -9999 -9999 -9999 -9999 -9999 -9999 -9999 -9999 -9999 -9999 -9999 -9999 -9999 -9999 -9999 -9999 -9999 -9999 -9999 -9999 -9999 -9999 -9999 -9999 -9999 0 0 0 0 0 0 0 1966 1966 0 1966 1966 0 0 0 0 0 0 0 0 0 -9999 94 94 -9999 -9999 -9999 -9999 -9999 -9999 -9999 -9999 95
-9999 -9999 -9999 -9999 -9999 -9999 -9999 -9999 -9999 -9999 -9999 -9999 -9999 -9999 -9999 -9999 -9999 -9999 -9999 -9999 -9999 -9999 -9999 -9999 -9999 -9999 -9999 -9999 -9999 -9999 -9999 -9999 -9999 -9999 -9999 -9999 -9999 -9999 -9999 -9999 -9999 -9999 -9999 -9999 -9999 -9999 -9999 0 0 0 0 0 0 0 0 0 0 0 0 0 0 0 0 0 0 0 0 0 0 -9999 94 94 94 94 -9999 -9999 -9999 -9999 -9999 -9999 95
