04_184A001/bm_kuusi_juuret.asc
ncols 378
nrows 390
xllcorner 613424
yllcorner 6870896
cellsize 16
nodata_value -9999
[rows 36 to 71 of 390, columns 160 to 239 of 378]
-9999 -9999 -9999 -9999 -9999 -9999 -9999 -9999 -9999 -9999 -9999 -9999 -9999 -9999 -9999 0 0 0 0 0 0 0 0 0 0 0 0 0 0 0 0 0 0 0 0 0 0 307 307 307 307 307 307 307 307 307 307 48 48 48 48 48 48 48 268 1129 1129 1129 1129 0 0 0 0 0 0 1981 1981 1981 395 245 245 1449 1449 1449 -9999 -9999 -9999 -9999 -9999 -9999
-9999 -9999 -9999 -9999 -9999 -9999 -9999 -9999 -9999 -9999 -9999 -9999 -9999 -9999 0 0 0 0 0 0 0 0 0 0 0 0 0 0 0 0 0 0 0 0 0 0 0 307 307 307 307 307 307 307 307 307 307 307 48 48 48 48 48 48 0 1129 1129 1129 1129 1129 1129 0 0 0 1981 1981 1981 1981 -9999 245 245 1449 1449 1449 -9999 -9999 -9999 -9999 -9999 -9999
-9999 -9999 -9999 -9999 -9999 -9999 -9999 -9999 -9999 -9999 -9999 -9999 -9999 0 0 0 0 0 0 0 0 0 0 0 0 0 0 0 0 0 0 0 0 0 0 0 0 0 0 307 307 307 307 307 307 307 307 307 307 48 48 48 48 48 0 0 0 1129 1129 1129 1129 1129 0 2415 2415 1981 1981 -9999 245 2213 2213 2213 2213 1449 1449 -9999 -9999 -9999 -9999 -9999
-9999 -9999 -9999 -9999 -9999 -9999 -9999 -9999 -9999 -9999 -9999 -9999 -9999 0 0 0 0 0 0 0 0 0 0 0 0 0 0 0 0 0 0 0 0 0 0 0 0 0 0 307 307 307 307 307 307 307 307 307 274 48 48 48 48 48 0 0 0 0 1129 1129 1129 1129 2415 2415 2415 1981 1981 -9999 245 2213 2213 2213 2213 2213 1449 -9999 -9999 -9999 -9999 -9999
0 0 0 -9999 -9999 -9999 -9999 -9999 -9999 -9999 2605 2605 0 0 0 0 0 0 0 0 0 0 0 0 0 0 0 0 0 0 0 0 0 0 0 0 0 0 307 307 307 307 307 307 307 307 307 274 274 274 48 48 48 48 48 48 0 0 0 1129 1129 2415 2415 2415 1981 1981 -9999 245 245 2213 2213 2213 2213 2213 2213 2213 -9999 -9999 -9999 -9999
0 0 0 0 0 0 0 0 0 2605 2605 2605 2605 2605 0 0 0 0 0 0 0 0 0 261 261 0 0 0 0 0 0 0 0 0 0 0 0 0 307 307 307 307 307 307 307 307 307 274 274 274 274 48 48 48 48 48 48 0 0 0 1129 2415 2415 2415 1981 1981 -9999 245 245 2213 2213 2213 2213 2213 2213 2213 -9999 -9999 -9999 -9999
0 2546 2546 0 0 0 0 0 0 0 2605 2605 2605 0 0 0 0 0 261 261 261 261 261 261 261 261 261 0 0 0 0 0 0 0 0 0 0 0 307 307 307 307 307 307 307 307 274 274 274 274 274 274 48 48 48 48 48 48 48 0 2415 2415 2415 2415 2415 -9999 245 245 245 245 2213 2213 2213 2213 2213 2213 -9999 -9999 -9999 -9999
0 2546 2546 2546 2546 0 0 0 0 2605 2605 2605 343 343 0 261 261 261 261 261 261 261 261 261 261 261 0 0 0 0 0 0 0 0 0 0 0 0 307 307 307 307 307 307 307 274 274 274 274 274 274 274 274 48 48 48 48 48 48 2415 2415 2415 2415 2415 2415 2164 245 245 245 245 245 245 2213 2213 2213 2213 1390 -9999 -9999 -9999
2546 2546 2546 2546 2546 2546 2546 0 0 2605 2605 2605 343 343 343 343 343 261 261 261 261 261 261 261 261 0 0 0 0 0 0 0 0 0 0 0 0 0 307 307 307 307 307 307 307 274 274 274 274 274 274 274 274 274 48 48 48 48 2415 2415 2415 2415 2415 2415 -9999 2164 245 245 245 245 245 245 245 245 245 484 484 -9999 -9999 -9999
2156 2546 2546 2156 2546 2546 2546 2605 2605 2605 2605 149 149 343 343 343 343 343 343 343 343 261 261 261 261 0 0 0 0 0 0 0 0 0 0 0 0 307 307 307 307 307 307 307 274 274 274 274 274 274 274 274 274 274 274 48 48 2415 2415 2415 1307 1307 1307 1307 2164 2164 2164 2164 245 245 245 245 245 245 484 484 484 -9999 -9999 -9999
2156 2156 2156 2156 2156 2605 2605 2605 2605 2605 149 149 149 149 343 343 343 343 343 343 343 343 343 261 0 0 0 0 0 0 0 0 0 0 0 0 0 307 307 307 307 307 307 274 274 274 274 274 274 274 274 274 274 274 274 274 2415 2415 2415 2415 1307 1307 1307 -9999 2164 2164 2164 2164 2164 245 245 245 245 484 484 484 484 484 -9999 -9999
2156 2156 2156 2156 2605 2605 2605 2605 2605 149 149 149 149 149 149 149 343 343 343 343 343 343 343 44 44 44 0 0 0 0 0 0 0 0 0 0 307 307 307 307 307 307 307 307 274 274 274 274 274 274 274 274 274 274 274 274 1307 1307 1307 1307 1307 1307 1307 1307 2164 2164 2164 2164 2164 2164 2164 245 484 484 484 484 484 484 -9999 -9999
2156 2605 2605 2605 2605 2605 2605 2605 149 149 149 149 149 149 149 216 216 216 216 216 343 343 343 44 44 44 44 44 0 0 0 0 0 0 0 0 508 307 307 307 307 307 307 307 307 307 274 274 274 274 274 274 274 274 274 1307 1307 1307 1307 1307 1307 1307 -9999 1307 1307 2164 2164 2164 2164 2164 2164 245 484 484 484 484 484 484 -9999 -9999
2605 2605 2605 2605 1275 -9999 466 2605 149 149 149 149 149 149 216 216 216 216 216 216 216 216 44 44 44 44 44 44 0 0 0 0 0 0 508 508 508 508 508 307 307 307 307 307 307 307 307 274 274 274 274 274 274 274 1307 1307 1307 1307 1307 1307 1307 -9999 1307 1307 1307 1307 2164 2164 2164 2164 2164 3377 484 484 484 484 484 484 -9999 -9999
-9999 -9999 1808 3000 3000 3000 3000 141 -9999 149 149 149 149 149 216 216 216 216 216 216 216 216 44 44 44 44 44 44 44 0 0 0 0 508 508 508 508 508 508 508 307 307 307 307 307 307 307 307 307 274 274 274 274 274 1307 1307 1307 1307 1307 1307 1307 -9999 63 1307 1307 2164 2164 2164 2164 2164 3377 3377 3377 484 484 484 484 484 -9999 -9999
3000 3000 3000 3000 3000 3000 930 930 930 -9999 149 149 216 216 216 216 216 216 216 216 216 44 44 44 44 44 44 44 644 0 0 0 0 508 508 508 508 508 508 508 307 307 307 307 307 307 307 307 307 307 274 274 274 274 410 1307 1307 1307 1307 1307 -9999 63 63 63 1209 1209 2164 2164 2164 3377 3377 3377 3377 3377 3377 3377 484 484 484 -9999
3000 3000 3000 3000 3000 1912 1912 930 930 930 -9999 216 216 216 216 216 216 216 216 216 44 44 44 44 44 44 44 44 644 0 0 0 0 0 0 508 508 508 508 508 508 307 307 307 307 307 307 307 307 307 307 307 274 274 410 410 1307 1307 410 1307 63 63 63 63 63 1209 1209 1209 1562 3377 3377 3377 3377 3377 3377 3377 3377 3377 3377 -9999
3000 3000 3000 3000 1912 1912 1912 930 930 930 810 -9999 216 216 216 216 216 216 216 216 44 44 44 44 44 44 44 644 644 0 0 0 0 0 0 508 508 508 508 508 508 307 307 307 307 307 307 307 307 307 307 307 307 307 410 410 410 410 410 -9999 63 63 63 63 1209 1209 1209 1562 1562 1562 3377 3377 3377 3377 3377 3377 3377 3377 3377 -9999
3000 3000 3000 3000 1912 1912 1912 930 930 810 810 810 -9999 216 216 216 216 216 216 479 479 479 644 644 44 644 644 644 644 0 0 0 0 0 0 0 508 508 508 508 508 307 307 307 307 307 307 307 307 307 307 307 307 307 307 410 410 410 -9999 63 63 63 63 63 1209 1209 1562 1562 1562 1562 3377 3377 3377 707 707 707 3377 3377 3377 -9999
3000 3000 3000 1912 1912 1912 930 930 930 810 810 810 810 -9999 216 216 216 216 216 479 479 479 479 479 644 644 644 644 0 0 0 0 0 0 0 0 0 508 508 508 508 508 307 307 307 307 307 307 307 307 307 307 307 307 307 904 410 410 -9999 388 63 63 63 63 1209 1562 1562 1562 1562 4437 4437 3377 707 707 707 707 707 707 707 -9999
3000 3000 1912 1912 1912 1912 1912 930 930 810 810 810 810 810 -9999 216 216 216 479 479 479 479 479 479 479 479 479 644 0 0 0 0 0 0 0 0 0 0 508 508 508 508 307 307 307 307 307 307 307 307 307 307 307 307 904 904 904 -9999 388 388 388 388 63 63 1209 1562 1562 1562 1562 4437 4437 4437 707 707 707 707 707 707 707 707
772 2230 1912 1912 1912 1912 1912 930 930 810 810 810 810 810 810 -9999 216 479 479 479 479 479 479 479 479 479 479 0 0 0 0 0 0 0 0 0 0 0 508 508 508 508 508 307 307 307 307 307 307 -9999 307 307 307 307 904 904 904 264 264 388 388 388 388 63 1562 1562 1562 1562 4437 4437 4437 4437 707 707 707 707 707 707 707 707
2230 2230 2230 2230 1912 1912 1912 930 930 810 810 810 810 810 810 810 -9999 90 479 479 479 479 479 479 479 479 0 0 0 0 0 0 0 0 0 0 0 0 0 0 0 508 508 307 307 307 307 307 307 307 307 307 904 904 904 904 -9999 264 264 264 388 388 388 1562 1562 1562 1562 4437 4437 4437 4437 4437 707 707 707 707 707 707 707 707
2230 2187 2230 2230 2230 2187 2187 1912 810 810 810 810 810 2902 810 810 479 479 -9999 479 479 479 479 479 479 0 0 0 0 0 0 0 0 0 0 0 0 0 0 0 0 217 217 217 217 743 743 307 307 307 307 307 904 904 904 -9999 264 264 264 264 388 388 2771 2771 1562 4437 4437 4437 4437 4437 4437 707 707 707 707 707 707 707 707 593
2187 2187 2187 2230 2230 2187 2187 1912 1912 810 810 810 2902 2902 2902 810 479 479 479 479 -9999 479 479 479 2412 2412 2412 2412 2412 2412 2412 0 0 0 0 0 0 0 0 0 0 0 217 217 217 743 743 743 743 743 743 743 743 904 904 -9999 264 264 264 264 264 2771 2771 2771 4437 4437 4437 4437 4437 4437 4437 707 707 707 707 707 707 707 707 707
2187 2187 2187 2230 2187 2187 2187 2187 2187 1912 810 2902 2902 2902 2902 676 676 479 479 479 676 676 -9999 2412 2412 2412 2412 2412 2412 2412 2412 2412 2412 0 0 0 0 0 0 0 0 0 217 217 217 743 743 743 743 743 743 743 743 33 -9999 264 264 264 264 264 2771 2771 2771 2771 2771 4437 4437 4437 4437 2771 2771 707 707 707 707 707 707 707 707 707
2187 2187 2187 2187 2187 2187 2187 2187 2187 1912 810 810 2902 2902 676 676 676 676 676 -9999 676 676 676 676 -9999 2412 2412 2412 2412 2412 2412 2412 2412 0 0 0 0 0 0 0 0 0 217 217 743 743 436 -9999 -9999 -9999 -9999 -9999 0 0 0 -9999 264 264 264 2771 2771 2771 2771 2771 2771 2771 2771 2771 2771 2771 2771 2771 707 707 707 707 707 707 707 707
2230 2187 2187 2187 2187 2187 2187 2187 2187 1912 810 810 810 2902 676 676 676 676 -9999 676 676 676 676 714 714 1475 -9999 2412 2412 2412 2412 2412 0 0 0 0 0 0 0 0 0 0 78 -9999 42 1515 1515 1515 1515 0 0 0 0 0 0 0 -9999 243 2771 2771 2771 2771 2771 2771 2771 2771 2771 2771 2771 2771 2771 707 707 707 707 707 707 359 707 707
3358 2187 2187 2187 2187 2187 2187 2187 2187 2187 2187 810 810 0 676 676 676 -9999 676 676 676 714 714 714 714 714 2676 465 -9999 2412 2412 2412 2412 0 0 0 0 0 0 0 0 -9999 1515 1515 1515 1515 1515 1515 0 0 0 0 0 0 0 0 0 1166 -9999 -9999 2771 2771 2771 2771 2771 2771 2771 707 707 707 707 707 707 707 707 359 359 359 359 359
3358 3358 3358 2187 2187 2187 2187 2187 2187 2187 2187 810 810 0 0 0 196 676 676 676 676 714 714 2676 2676 2676 2676 2676 0 -9999 -9999 2412 2412 0 0 0 0 0 0 -9999 1515 1515 1515 1515 1515 1515 1515 0 0 0 0 0 0 0 0 0 0 1166 1166 1166 -9999 2771 2771 707 707 707 707 707 707 707 707 707 707 707 707 707 359 359 359 359
3358 3358 3358 3358 2187 2187 2187 2187 2187 2187 2187 810 0 0 0 0 -9999 0 0 676 714 714 714 2676 2676 2676 2676 0 0 0 0 -9999 -9999 -9999 -9999 -9999 -9999 -9999 1515 1515 1515 1515 1515 1515 1515 1515 1515 0 0 0 0 0 0 0 0 0 1166 1166 1166 1166 1166 -9999 2771 707 707 707 707 707 707 707 707 526 526 707 707 707 359 359 359 359
3358 3358 3358 3358 3358 3358 2187 2187 2187 2187 2187 0 0 0 0 -9999 0 0 0 0 714 714 714 2676 2676 0 0 0 0 0 0 1515 1515 1515 1515 1515 1515 1515 1515 1515 1515 1515 705 705 705 705 705 464 0 0 0 0 0 0 0 1166 1166 1166 1166 1166 1166 -9999 526 526 707 707 526 526 526 526 526 526 526 295 295 295 295 359 359 359
3358 3358 3358 3358 3358 3358 3358 3358 2187 2187 2187 0 0 0 -9999 0 0 0 0 0 0 714 714 2676 2676 0 0 0 0 0 1515 1515 1515 1515 1515 1515 1515 1515 705 705 705 705 705 705 705 705 464 464 464 0 0 0 0 0 1166 1166 1166 1166 1166 1166 1166 1166 -9999 526 526 526 526 526 591 591 526 526 526 295 295 295 295 295 359 359
3358 3358 3358 1006 1006 3358 3358 3358 1006 2187 0 -9999 -9999 -9999 0 0 0 0 0 0 0 0 714 2676 2676 0 0 0 0 0 1515 1515 1515 1515 1515 1515 1515 705 705 705 705 705 705 705 705 705 705 464 464 464 0 0 0 1166 1166 1166 1166 1166 1166 1166 1166 1166 -9999 526 526 526 591 591 591 591 526 526 295 295 295 295 295 295 295 359
1006 1006 1006 1006 1006 1006 1006 1006 1006 -9999 0 0 0 -9999 0 0 0 0 0 0 0 0 0 2676 2676 2676 2676 0 0 0 1515 1515 705 705 705 705 705 705 705 705 705 705 705 705 705 705 464 464 464 464 464 0 0 0 1166 1166 1166 1166 1166 1166 1166 1166 1166 526 591 591 591 591 591 526 526 526 526 295 295 295 295 295 295 295
-9999 1006 1006 1006 1006 1006 1006 1006 -9999 827 135 0 0 0 0 0 0 0 0 0 0 0 2676 2676 2676 2676 2383 2383 2383 2383 705 705 705 705 705 705 705 705 705 705 705 144 144 144 144 144 464 464 464 464 464 0 0 0 0 1166 1166 1166 1166 1166 1166 1166 1166 305 591 591 591 591 591 591 591 363 526 295 295 295 295 295 295 295
