04_184A001/bm_kuusi_juuret.asc
ncols 378
nrows 390
xllcorner 613424
yllcorner 6870896
cellsize 16
nodata_value -9999
[rows 108 to 143 of 390, columns 0 to 79 of 378]
-9999 -9999 -9999 -9999 2383 253 253 253 253 253 2540 2540 253 253 253 1499 1499 1499 801 801 1499 1499 1499 55 55 55 55 55 222 222 112 -9999 222 222 -9999 5068 5068 5068 5068 5068 5068 5068 1242 1242 1242 2763 1195 1195 1195 1195 1195 1195 1195 4724 4724 4724 4724 4724 0 0 0 560 560 560 560 4724 4724 4724 -9999 -9999 -9999 -9999 -9999 -9999 -9999 -9999 -9999 -9999 -9999 -9999
-9999 -9999 2383 2383 2383 253 253 253 253 253 253 253 253 253 253 253 1499 1499 1499 1499 1499 1499 1499 253 253 55 55 55 222 222 35 222 222 -9999 -9999 -9999 2005 5068 5068 5068 5068 5068 1242 1242 1242 1242 1242 1195 1195 1195 1195 1195 1195 1195 4724 4724 4724 4724 4724 4724 0 0 560 560 560 560 560 4724 4724 -9999 -9999 -9999 -9999 -9999 -9999 -9999 -9999 -9999 -9999 -9999
-9999 717 717 2383 2383 253 253 253 253 253 253 253 253 253 253 253 1499 1499 1499 1499 1499 1499 1499 253 253 253 253 55 222 222 44 222 222 -9999 -9999 -9999 5068 5068 5068 5068 5068 5068 1242 1242 1242 1242 1242 1242 1195 1195 1195 1195 1195 1195 1227 4724 4724 4724 4724 4724 4724 0 0 0 560 560 560 560 560 560 560 -9999 -9999 -9999 -9999 -9999 -9999 -9999 -9999 -9999
-9999 717 717 2383 2383 2383 253 253 253 253 253 253 253 253 253 253 253 253 253 253 1499 1499 1499 253 253 253 253 253 434 222 18 222 222 -9999 -9999 -9999 5068 5068 5068 5068 5068 5068 5068 1242 1242 1242 1242 1242 1242 1242 1195 1195 1195 1227 1227 1227 4724 4724 4724 4724 4724 4724 4724 4724 4724 4724 4724 560 560 560 560 560 -9999 -9999 -9999 -9999 -9999 -9999 -9999 -9999
-9999 -9999 2383 2383 2383 2383 2383 2383 2383 253 253 253 253 253 253 253 253 253 253 253 253 1499 253 253 253 253 434 434 434 434 434 -9999 222 -9999 -9999 143 265 5068 5068 5068 5068 5068 5068 1242 1242 1242 1242 1242 1242 1242 1242 1242 1227 1227 1227 1227 1227 4724 4724 4724 4724 4724 4724 4724 4724 4724 4724 4724 4724 560 560 560 560 -9999 -9999 -9999 -9999 -9999 -9999 -9999
-9999 -9999 2383 2383 2383 2383 2383 2383 253 253 253 253 253 253 253 253 253 253 253 253 253 253 253 253 253 253 434 434 434 434 434 -9999 434 -9999 11 452 319 370 843 5068 5068 5068 5068 1242 1242 1242 1242 1242 1242 1242 1242 1242 1242 956 1227 1227 1227 1227 4724 4724 4724 4724 4724 4724 4724 4724 4724 4724 4724 4724 560 560 298 -9999 -9999 -9999 -9999 -9999 -9999 -9999
-9999 -9999 1331 1331 1331 2383 2383 2383 253 253 253 253 253 253 253 253 253 253 253 253 253 253 253 253 253 253 253 253 434 434 434 -9999 434 -9999 1314 90 442 76 319 256 1763 5068 5068 5068 1242 1242 1242 1242 1242 1242 1242 1242 1242 956 956 956 1227 1227 1227 1227 4724 4724 4724 4724 4724 4724 4724 4724 4724 4724 4724 617 617 298 298 -9999 -9999 -9999 -9999 -9999
-9999 -9999 -9999 -9999 1331 1331 1331 2383 253 253 253 253 253 253 253 253 253 253 253 253 253 619 253 253 253 253 177 177 177 434 434 -9999 434 -9999 -9999 -9999 -9999 -9999 -9999 128 169 315 5068 5068 5068 1242 1242 1242 1242 1242 1242 1242 1242 956 956 956 956 956 1227 1227 2994 2994 2994 2994 2994 4724 4724 4724 4724 4724 4724 617 617 298 298 298 298 -9999 -9999 -9999
-9999 -9999 -9999 -9999 1331 1331 1331 1331 1331 253 253 253 253 253 253 253 253 253 253 253 253 619 619 253 619 177 177 177 177 177 177 434 434 -9999 99 -9999 -9999 -9999 -9999 8 7 0 5068 5068 5068 5068 1242 1242 1242 1242 1242 956 956 956 956 956 956 956 956 956 2994 2994 2994 2994 2994 2994 2994 4724 4724 617 617 617 617 298 298 298 298 -9999 -9999 -9999
-9999 -9999 -9999 -9999 1331 1331 1331 1331 4952 4952 4952 4952 253 253 253 253 253 253 253 253 619 619 619 619 619 177 177 177 177 177 177 177 434 434 -9999 -9999 -9999 -9999 -9999 -9999 -9999 98 5068 5068 5068 5068 5068 5068 1242 1242 1242 956 956 956 956 956 956 956 956 956 956 2994 2994 2994 2994 2994 2994 2994 2252 617 617 617 298 298 298 298 298 298 298 -9999
-9999 -9999 -9999 -9999 864 1331 1331 1331 1331 4952 4952 4952 4952 4952 253 253 253 253 253 253 253 619 619 619 619 619 177 177 177 177 177 177 -9999 434 -9999 -9999 -9999 -9999 6 369 369 17 -9999 -9999 130 5068 5068 5068 1770 1770 1770 956 956 956 956 956 956 956 956 956 956 956 2262 2262 2994 2994 2994 2252 2252 2252 2252 617 298 298 298 298 298 298 1711 1235
-9999 -9999 -9999 -9999 864 1331 1331 1331 1331 4952 4952 4952 4952 4952 4952 4952 253 253 253 253 619 619 619 619 619 619 619 177 177 177 177 177 -9999 434 -9999 369 369 0 369 369 369 369 369 -9999 -9999 369 369 1770 1770 1770 1770 1770 956 956 956 956 956 956 956 956 956 956 2262 2262 2262 2262 2994 2252 2252 2252 2252 2252 2252 298 298 298 298 298 298 -9999
-9999 -9999 -9999 -9999 0 1331 1331 1331 1331 4952 4952 4952 4952 4952 4952 4952 4952 1681 1681 619 619 619 619 619 619 619 619 619 177 177 177 177 177 434 -9999 369 369 369 369 369 369 369 369 369 369 369 369 369 369 1770 1770 1770 1770 1770 1770 1770 4267 4267 4267 4267 4267 956 956 2262 2262 2262 2262 3209 2252 2252 2252 2252 2252 2252 2252 2252 2252 298 298 -9999
-9999 -9999 -9999 -9999 -9999 0 1331 1331 4952 1058 0 4952 4952 4952 4952 4952 1681 1681 1681 1681 1681 619 619 619 619 619 619 619 619 177 177 177 177 10 -9999 369 369 369 369 369 369 369 369 369 369 369 369 369 369 369 369 1770 1770 1770 1770 4267 4267 4267 4267 4267 4267 4267 4267 4267 2262 2262 2262 3209 3209 3209 2252 2252 2252 2252 2252 2252 2252 -9999 -9999 -9999
-9999 -9999 -9999 -9999 -9999 -9999 1331 1058 0 0 0 0 4952 4952 4952 1681 1681 1681 1681 1681 1681 494 494 619 619 619 619 619 619 619 619 177 619 -9999 -9999 369 369 369 369 841 841 369 841 369 369 369 369 369 369 369 0 0 0 0 4267 4267 4267 4267 4267 4267 4267 4267 4267 4267 2262 2262 3209 3209 3209 3209 3209 2252 2252 2252 2252 2252 -9999 -9999 -9999 -9999
-9999 -9999 -9999 -9999 -9999 -9999 -9999 -9999 -9999 -9999 -9999 -9999 -9999 4952 -9999 -9999 1681 1681 1681 1681 1681 494 -9999 -9999 494 494 619 619 619 619 619 619 619 -9999 -9999 369 369 369 841 841 841 841 841 841 841 841 369 369 369 0 0 0 0 0 0 0 4267 2654 2654 4267 4267 4267 4267 4267 4267 3209 3209 3209 3209 3209 3209 3209 3209 2252 2252 2252 -9999 -9999 -9999 -9999
-9999 -9999 -9999 -9999 -9999 -9999 -9999 -9999 -9999 -9999 -9999 -9999 -9999 -9999 -9999 -9999 -9999 1681 1681 1681 494 494 -9999 -9999 -9999 494 576 576 619 619 619 619 619 619 0 -9999 369 369 369 369 841 1789 1789 1789 1789 841 841 841 841 841 0 0 0 0 0 0 0 2654 2654 4267 4267 4267 4267 4267 4267 4267 3209 3209 3209 3209 3209 3209 3209 3209 3209 2252 -9999 -9999 -9999 -9999
-9999 -9999 -9999 -9999 -9999 -9999 -9999 -9999 -9999 -9999 -9999 -9999 -9999 -9999 -9999 -9999 -9999 -9999 -9999 -9999 -9999 -9999 -9999 -9999 -9999 -9999 -9999 -9999 -9999 576 619 619 619 619 -9999 -9999 369 369 369 369 369 1789 1789 1789 1789 1789 1789 841 841 841 841 0 0 0 0 0 2654 2654 2654 2654 4267 4267 4267 4267 4267 4267 1224 3209 322 322 322 3209 3209 3209 3209 1155 1155 -9999 -9999 -9999
-9999 -9999 -9999 -9999 -9999 -9999 -9999 -9999 -9999 -9999 -9999 -9999 -9999 -9999 -9999 -9999 -9999 -9999 -9999 -9999 -9999 -9999 -9999 -9999 -9999 -9999 -9999 -9999 -9999 -9999 576 576 131 619 -9999 -9999 369 369 369 369 369 172 1789 1789 1789 1789 1789 1789 1789 841 2214 2214 2214 0 0 0 2654 2654 2654 2654 4267 4267 4267 4267 1224 1224 215 215 322 322 322 322 3209 3209 1155 1155 1155 1155 -9999 -9999
-9999 -9999 -9999 -9999 -9999 -9999 -9999 -9999 -9999 -9999 -9999 -9999 -9999 -9999 -9999 -9999 -9999 -9999 -9999 -9999 -9999 -9999 -9999 -9999 -9999 -9999 -9999 -9999 -9999 -9999 -9999 -9999 -9999 131 -9999 88 -9999 369 369 369 327 -9999 -9999 1789 1789 1789 1789 1789 1789 1789 2214 2214 2214 2214 2214 2654 2654 2654 2654 2009 2009 4267 4267 4267 1224 1224 215 215 215 322 322 322 322 1155 1155 1155 1155 1155 2790 2790
-9999 -9999 -9999 -9999 -9999 -9999 -9999 -9999 -9999 -9999 -9999 -9999 -9999 -9999 -9999 -9999 -9999 -9999 -9999 -9999 -9999 -9999 -9999 -9999 -9999 -9999 -9999 -9999 -9999 -9999 -9999 -9999 -9999 -9999 -9999 -9999 -9999 369 -9999 128 -9999 -9999 -9999 -9999 -9999 1789 1789 1789 1789 2214 2214 2214 2214 2214 2214 4686 2654 2654 2654 2009 2009 1224 1224 1224 1224 1224 215 215 215 322 322 322 322 1155 1155 1155 1155 1155 2790 2790
-9999 -9999 -9999 -9999 -9999 -9999 -9999 -9999 -9999 -9999 -9999 -9999 -9999 -9999 -9999 -9999 -9999 -9999 -9999 -9999 -9999 -9999 -9999 -9999 -9999 -9999 -9999 -9999 -9999 -9999 -9999 -9999 -9999 -9999 -9999 -9999 -9999 98 -9999 -9999 -9999 -9999 -9999 -9999 -9999 -9999 -9999 -9999 2214 2214 2214 2214 2214 2214 4686 4686 4686 4686 2009 2009 2009 1224 1224 1224 1224 215 215 215 322 322 322 322 322 1155 1155 1155 1155 2790 2790 2790
-9999 -9999 -9999 -9999 -9999 -9999 -9999 -9999 -9999 -9999 -9999 -9999 -9999 -9999 -9999 -9999 -9999 -9999 -9999 -9999 -9999 -9999 -9999 -9999 -9999 -9999 -9999 -9999 -9999 -9999 -9999 -9999 -9999 -9999 -9999 -9999 -9999 -9999 -9999 -9999 -9999 -9999 -9999 -9999 -9999 -9999 -9999 -9999 -9999 -9999 -9999 -9999 2214 2214 4686 4686 4686 4686 2009 2009 2009 2009 1224 1224 1224 215 215 215 322 322 322 322 322 1155 1155 1155 2790 -9999 -9999 2790
-9999 -9999 -9999 -9999 -9999 -9999 -9999 -9999 -9999 -9999 -9999 -9999 -9999 -9999 -9999 -9999 -9999 -9999 -9999 -9999 -9999 -9999 -9999 -9999 -9999 -9999 -9999 -9999 -9999 -9999 -9999 -9999 -9999 -9999 -9999 -9999 -9999 -9999 -9999 -9999 -9999 -9999 -9999 -9999 -9999 -9999 -9999 -9999 -9999 -9999 -9999 -9999 -9999 4686 4686 4686 4686 4686 4686 4686 2009 2009 2009 2009 215 215 215 322 322 322 322 322 322 322 1155 1155 -9999 2790 2790 2790
-9999 -9999 -9999 -9999 -9999 -9999 -9999 -9999 -9999 -9999 -9999 -9999 -9999 -9999 -9999 -9999 -9999 -9999 -9999 -9999 -9999 -9999 -9999 -9999 -9999 -9999 -9999 -9999 -9999 -9999 -9999 -9999 -9999 -9999 -9999 -9999 -9999 -9999 -9999 -9999 -9999 -9999 -9999 -9999 -9999 -9999 -9999 -9999 -9999 -9999 -9999 -9999 -9999 4686 4686 4686 4686 4686 4686 4686 2009 2009 2009 2009 0 215 215 322 322 322 322 322 322 322 322 -9999 2790 2790 2790 2790
-9999 -9999 -9999 -9999 -9999 -9999 -9999 -9999 -9999 -9999 -9999 -9999 -9999 -9999 -9999 -9999 -9999 -9999 -9999 -9999 -9999 -9999 -9999 -9999 -9999 -9999 -9999 -9999 -9999 -9999 -9999 -9999 -9999 -9999 -9999 -9999 -9999 -9999 -9999 -9999 -9999 -9999 -9999 -9999 -9999 -9999 0 0 0 -9999 -9999 -9999 4686 4686 4686 4686 4686 4686 4686 4686 2009 2009 2009 0 0 0 322 322 322 322 322 322 322 322 322 2790 2790 2790 2790 2790
-9999 -9999 -9999 -9999 -9999 -9999 -9999 -9999 -9999 -9999 -9999 -9999 -9999 -9999 -9999 -9999 -9999 -9999 -9999 -9999 -9999 -9999 -9999 -9999 -9999 -9999 -9999 -9999 -9999 -9999 -9999 -9999 -9999 -9999 -9999 -9999 -9999 -9999 -9999 -9999 -9999 -9999 -9999 -9999 -9999 -9999 -9999 -9999 -9999 -9999 -9999 -9999 4686 4686 4686 4686 4686 4686 4686 2009 2009 2009 2009 0 0 0 0 0 0 322 322 322 322 322 -9999 2790 2790 2790 2790 2790
-9999 -9999 -9999 -9999 -9999 -9999 -9999 -9999 -9999 -9999 -9999 -9999 -9999 -9999 -9999 -9999 -9999 -9999 -9999 -9999 -9999 -9999 -9999 -9999 -9999 -9999 -9999 -9999 -9999 -9999 -9999 -9999 -9999 -9999 -9999 -9999 -9999 -9999 -9999 -9999 -9999 -9999 -9999 -9999 -9999 -9999 -9999 -9999 -9999 -9999 -9999 4686 4686 4686 4686 4686 4686 4686 4686 2009 2009 2009 2009 0 0 0 0 0 0 0 0 0 322 -9999 -9999 -9999 -9999 2790 2790 2790
-9999 -9999 -9999 -9999 -9999 -9999 -9999 -9999 -9999 -9999 -9999 -9999 -9999 -9999 -9999 -9999 -9999 -9999 -9999 -9999 -9999 -9999 -9999 -9999 -9999 -9999 -9999 -9999 -9999 -9999 -9999 -9999 -9999 -9999 -9999 -9999 -9999 -9999 -9999 -9999 -9999 -9999 -9999 -9999 -9999 -9999 -9999 -9999 -9999 -9999 -9999 4686 4686 4686 4686 4686 4686 4686 4686 4686 4686 4686 0 0 0 0 0 0 0 0 0 0 0 -9999 -9999 -9999 -9999 -9999 2790 2790
-9999 -9999 -9999 -9999 -9999 -9999 -9999 -9999 -9999 -9999 -9999 -9999 -9999 -9999 -9999 -9999 -9999 -9999 -9999 -9999 -9999 -9999 -9999 -9999 -9999 -9999 -9999 -9999 -9999 -9999 -9999 -9999 -9999 -9999 -9999 -9999 -9999 -9999 -9999 -9999 -9999 -9999 -9999 -9999 -9999 -9999 -9999 -9999 -9999 -9999 4686 4686 4686 4686 4686 4686 4686 4686 4686 4686 4686 4686 0 0 0 0 0 0 0 0 0 0 -9999 -9999 -9999 -9999 -9999 2790 2790 2790
-9999 -9999 -9999 -9999 -9999 -9999 -9999 -9999 -9999 -9999 -9999 -9999 -9999 -9999 -9999 -9999 -9999 -9999 -9999 -9999 -9999 -9999 -9999 -9999 -9999 -9999 -9999 -9999 -9999 -9999 -9999 -9999 -9999 -9999 -9999 -9999 -9999 -9999 -9999 -9999 -9999 -9999 -9999 -9999 -9999 -9999 -9999 -9999 -9999 -9999 0 4686 4686 4686 4686 4686 4686 4686 4686 4686 4686 0 0 0 0 0 0 0 0 0 0 -9999 -9999 -9999 -9999 -9999 -9999 2790 2790 2790
-9999 -9999 -9999 -9999 -9999 -9999 -9999 -9999 -9999 -9999 -9999 -9999 -9999 -9999 -9999 -9999 -9999 -9999 -9999 -9999 -9999 -9999 -9999 -9999 -9999 -9999 -9999 -9999 -9999 -9999 -9999 -9999 -9999 -9999 -9999 -9999 -9999 -9999 -9999 -9999 -9999 -9999 -9999 -9999 -9999 -9999 -9999 -9999 -9999 0 0 4686 4686 4686 4686 4686 4686 4686 4686 4686 4686 0 0 0 0 0 0 0 0 0 0 -9999 -9999 -9999 -9999 -9999 -9999 -9999 2790 2790
-9999 -9999 -9999 -9999 -9999 -9999 -9999 -9999 -9999 -9999 -9999 -9999 -9999 -9999 -9999 -9999 -9999 -9999 -9999 -9999 -9999 -9999 -9999 -9999 -9999 -9999 -9999 -9999 -9999 -9999 -9999 -9999 -9999 -9999 -9999 -9999 -9999 -9999 -9999 -9999 -9999 -9999 -9999 -9999 -9999 -9999 -9999 -9999 -9999 0 0 0 0 0 0 4686 4686 4686 4686 4686 0 0 0 0 0 0 0 0 0 0 -9999 -9999 -9999 -9999 -9999 -9999 -9999 -9999 -9999 -9999
-9999 -9999 -9999 -9999 -9999 -9999 -9999 -9999 -9999 -9999 -9999 -9999 -9999 -9999 -9999 -9999 -9999 -9999 -9999 -9999 -9999 -9999 -9999 -9999 -9999 -9999 -9999 -9999 -9999 -9999 -9999 -9999 -9999 -9999 -9999 -9999 -9999 -9999 -9999 -9999 -9999 -9999 -9999 -9999 -9999 -9999 -9999 -9999 0 0 0 0 0 0 0 4686 4686 4686 4686 4686 0 0 0 0 0 0 0 0 0 0 -9999 -9999 -9999 -9999 -9999 -9999 -9999 -9999 -9999 -9999
-9999 -9999 -9999 -9999 -9999 -9999 -9999 -9999 -9999 -9999 -9999 -9999 -9999 -9999 -9999 -9999 -9999 -9999 -9999 -9999 -9999 -9999 -9999 -9999 -9999 -9999 -9999 -9999 -9999 -9999 -9999 -9999 -9999 -9999 -9999 -9999 -9999 -9999 -9999 -9999 -9999 -9999 -9999 -9999 -9999 -9999 -9999 -9999 0 0 0 0 0 0 0 4686 4686 0 4686 4686 0 0 0 0 0 0 0 0 0 -9999 167 167 -9999 -9999 -9999 -9999 -9999 -9999 -9999 -9999
-9999 -9999 -9999 -9999 -9999 -9999 -9999 -9999 -9999 -9999 -9999 -9999 -9999 -9999 -9999 -9999 -9999 -9999 -9999 -9999 -9999 -9999 -9999 -9999 -9999 -9999 -9999 -9999 -9999 -9999 -9999 -9999 -9999 -9999 -9999 -9999 -9999 -9999 -9999 -9999 -9999 -9999 -9999 -9999 -9999 -9999 -9999 0 0 0 0 0 0 0 0 0 0 0 0 0 0 0 0 0 0 0 0 0 0 -9999 167 167 167 167 -9999 -9999 -9999 -9999 -9999 -9999
