04_184A001/bm_kuusi_neulaset.asc
ncols 378
nrows 390
xllcorner 613424
yllcorner 6870896
cellsize 16
nodata_value -9999
[rows 36 to 71 of 390, columns 162 to 242 of 378]
-9999 -9999 -9999 -9999 -9999 -9999 -9999 -9999 -9999 -9999 -9999 -9999 -9999 0 0 0 0 0 0 0 0 0 0 0 0 0 0 0 0 0 0 0 0 0 0 159 159 159 159 159 159 159 159 159 159 24 24 24 24 24 24 24 155 592 592 592 592 0 0 0 0 0 0 1102 1102 1102 252 134 134 821 821 821 -9999 -9999 -9999 -9999 -9999 -9999 -9999 -9999 -9999
-9999 -9999 -9999 -9999 -9999 -9999 -9999 -9999 -9999 -9999 -9999 -9999 0 0 0 0 0 0 0 0 0 0 0 0 0 0 0 0 0 0 0 0 0 0 0 159 159 159 159 159 159 159 159 159 159 159 24 24 24 24 24 24 0 592 592 592 592 592 592 0 0 0 1102 1102 1102 1102 -9999 134 134 821 821 821 -9999 -9999 -9999 -9999 -9999 -9999 -9999 -9999 -9999
-9999 -9999 -9999 -9999 -9999 -9999 -9999 -9999 -9999 -9999 -9999 0 0 0 0 0 0 0 0 0 0 0 0 0 0 0 0 0 0 0 0 0 0 0 0 0 0 159 159 159 159 159 159 159 159 159 159 24 24 24 24 24 0 0 0 592 592 592 592 592 0 1177 1177 1102 1102 -9999 134 1092 1092 1092 1092 821 821 -9999 -9999 -9999 -9999 -9999 -9999 -9999 -9999
-9999 -9999 -9999 -9999 -9999 -9999 -9999 -9999 -9999 -9999 -9999 0 0 0 0 0 0 0 0 0 0 0 0 0 0 0 0 0 0 0 0 0 0 0 0 0 0 159 159 159 159 159 159 159 159 159 143 24 24 24 24 24 0 0 0 0 592 592 592 592 1177 1177 1177 1102 1102 -9999 134 1092 1092 1092 1092 1092 821 -9999 -9999 -9999 -9999 -9999 -9999 -9999 -9999
0 -9999 -9999 -9999 -9999 -9999 -9999 -9999 1360 1360 0 0 0 0 0 0 0 0 0 0 0 0 0 0 0 0 0 0 0 0 0 0 0 0 0 0 159 159 159 159 159 159 159 159 159 143 143 143 24 24 24 24 24 24 0 0 0 592 592 1177 1177 1177 1102 1102 -9999 134 134 1092 1092 1092 1092 1092 1092 1092 -9999 -9999 -9999 -9999 -9999 -9999 -9999
0 0 0 0 0 0 0 1360 1360 1360 1360 1360 0 0 0 0 0 0 0 0 0 137 137 0 0 0 0 0 0 0 0 0 0 0 0 0 159 159 159 159 159 159 159 159 159 143 143 143 143 24 24 24 24 24 24 0 0 0 592 1177 1177 1177 1102 1102 -9999 134 134 1092 1092 1092 1092 1092 1092 1092 -9999 -9999 -9999 -9999 -9999 -9999 -9999
1260 0 0 0 0 0 0 0 1360 1360 1360 0 0 0 0 0 137 137 137 137 137 137 137 137 137 0 0 0 0 0 0 0 0 0 0 0 159 159 159 159 159 159 159 159 143 143 143 143 143 143 24 24 24 24 24 24 24 0 1177 1177 1177 1177 1177 -9999 134 134 134 134 1092 1092 1092 1092 1092 1092 -9999 -9999 -9999 -9999 -9999 -9999 -9999
1260 1260 1260 0 0 0 0 1360 1360 1360 193 193 0 137 137 137 137 137 137 137 137 137 137 137 0 0 0 0 0 0 0 0 0 0 0 0 159 159 159 159 159 159 159 143 143 143 143 143 143 143 143 24 24 24 24 24 24 1177 1177 1177 1177 1177 1177 1139 134 134 134 134 134 134 1092 1092 1092 1092 754 -9999 -9999 -9999 -9999 -9999 -9999
1260 1260 1260 1260 1260 0 0 1360 1360 1360 193 193 193 193 193 137 137 137 137 137 137 137 137 0 0 0 0 0 0 0 0 0 0 0 0 0 159 159 159 159 159 159 159 143 143 143 143 143 143 143 143 143 24 24 24 24 1177 1177 1177 1177 1177 1177 -9999 1139 134 134 134 134 134 134 134 134 134 277 277 -9999 -9999 -9999 -9999 -9999 -9999
1260 1190 1260 1260 1260 1360 1360 1360 1360 83 83 193 193 193 193 193 193 193 193 137 137 137 137 0 0 0 0 0 0 0 0 0 0 0 0 159 159 159 159 159 159 159 143 143 143 143 143 143 143 143 143 143 143 24 24 1177 1177 1177 655 655 655 655 1139 1139 1139 1139 134 134 134 134 134 134 277 277 277 -9999 -9999 -9999 -9999 -9999 -9999
1190 1190 1190 1360 1360 1360 1360 1360 83 83 83 83 193 193 193 193 193 193 193 193 193 137 0 0 0 0 0 0 0 0 0 0 0 0 0 159 159 159 159 159 159 143 143 143 143 143 143 143 143 143 143 143 143 143 1177 1177 1177 1177 655 655 655 -9999 1139 1139 1139 1139 1139 134 134 134 134 277 277 277 277 277 -9999 -9999 -9999 -9999 -9999
1190 1190 1360 1360 1360 1360 1360 83 83 83 83 83 83 83 193 193 193 193 193 193 193 18 18 18 0 0 0 0 0 0 0 0 0 0 159 159 159 159 159 159 159 159 143 143 143 143 143 143 143 143 143 143 143 143 655 655 655 655 655 655 655 655 1139 1139 1139 1139 1139 1139 1139 134 277 277 277 277 277 277 -9999 -9999 -9999 -9999 -9999
1360 1360 1360 1360 1360 1360 83 83 83 83 83 83 83 93 93 93 93 93 193 193 193 18 18 18 18 18 0 0 0 0 0 0 0 0 290 159 159 159 159 159 159 159 159 159 143 143 143 143 143 143 143 143 143 655 655 655 655 655 655 655 -9999 655 655 1139 1139 1139 1139 1139 1139 134 277 277 277 277 277 277 -9999 -9999 -9999 -9999 -9999
1360 1360 669 -9999 254 1360 83 83 83 83 83 83 93 93 93 93 93 93 93 93 18 18 18 18 18 18 0 0 0 0 0 0 290 290 290 290 290 159 159 159 159 159 159 159 159 143 143 143 143 143 143 143 655 655 655 655 655 655 655 -9999 655 655 655 655 1139 1139 1139 1139 1139 1465 277 277 277 277 277 277 -9999 -9999 -9999 -9999 -9999
979 1567 1567 1567 1567 74 -9999 83 83 83 83 83 93 93 93 93 93 93 93 93 18 18 18 18 18 18 18 0 0 0 0 290 290 290 290 290 290 290 159 159 159 159 159 159 159 159 159 143 143 143 143 143 655 655 655 655 655 655 655 -9999 28 655 655 1139 1139 1139 1139 1139 1465 1465 1465 277 277 277 277 277 -9999 -9999 -9999 -9999 -9999
1567 1567 1567 1567 531 531 531 -9999 83 83 93 93 93 93 93 93 93 93 93 18 18 18 18 18 18 18 361 0 0 0 0 290 290 290 290 290 290 290 159 159 159 159 159 159 159 159 159 159 143 143 143 143 209 655 655 655 655 655 -9999 28 28 28 628 628 1139 1139 1139 1465 1465 1465 1465 1465 1465 1465 277 277 277 -9999 -9999 -9999 -9999
1567 1567 1567 1019 1019 531 531 531 -9999 93 93 93 93 93 93 93 93 93 18 18 18 18 18 18 18 18 361 0 0 0 0 0 0 290 290 290 290 290 290 159 159 159 159 159 159 159 159 159 159 159 143 143 209 209 655 655 209 655 28 28 28 28 28 628 628 628 845 1465 1465 1465 1465 1465 1465 1465 1465 1465 1465 -9999 -9999 -9999 -9999
1567 1567 1019 1019 1019 531 531 531 466 -9999 93 93 93 93 93 93 93 93 18 18 18 18 18 18 18 361 361 0 0 0 0 0 0 290 290 290 290 290 290 159 159 159 159 159 159 159 159 159 159 159 159 159 209 209 209 209 209 -9999 28 28 28 28 628 628 628 845 845 845 1465 1465 1465 1465 1465 1465 1465 1465 1465 -9999 -9999 -9999 -9999
1567 1567 1019 1019 1019 531 531 466 466 466 -9999 93 93 93 93 93 93 224 224 224 361 361 18 361 361 361 361 0 0 0 0 0 0 0 290 290 290 290 290 159 159 159 159 159 159 159 159 159 159 159 159 159 159 209 209 209 -9999 28 28 28 28 28 628 628 845 845 845 845 1465 1465 1465 392 392 392 1465 1465 1465 -9999 -9999 -9999 -9999
1567 1019 1019 1019 531 531 531 466 466 466 466 -9999 93 93 93 93 93 224 224 224 224 224 361 361 361 361 0 0 0 0 0 0 0 0 0 290 290 290 290 290 159 159 159 159 159 159 159 159 159 159 159 159 159 468 209 209 -9999 196 28 28 28 28 628 845 845 845 845 2024 2024 1465 392 392 392 392 392 392 392 -9999 -9999 -9999 -9999
1019 1019 1019 1019 1019 531 531 466 466 466 466 466 -9999 93 93 93 224 224 224 224 224 224 224 224 224 361 0 0 0 0 0 0 0 0 0 0 290 290 290 290 159 159 159 159 159 159 159 159 159 159 159 159 468 468 468 -9999 196 196 196 196 28 28 628 845 845 845 845 2024 2024 2024 392 392 392 392 392 392 392 392 -9999 -9999 -9999
1019 1019 1019 1019 1019 531 531 466 466 466 466 466 466 -9999 93 224 224 224 224 224 224 224 224 224 224 0 0 0 0 0 0 0 0 0 0 0 290 290 290 290 290 159 159 159 159 159 159 -9999 159 159 159 159 468 468 468 121 121 196 196 196 196 28 845 845 845 845 2024 2024 2024 2024 392 392 392 392 392 392 392 392 -9999 -9999 -9999
1238 1238 1019 1019 1019 531 531 466 466 466 466 466 466 466 -9999 45 224 224 224 224 224 224 224 224 0 0 0 0 0 0 0 0 0 0 0 0 0 0 0 290 290 159 159 159 159 159 159 159 159 159 468 468 468 468 -9999 121 121 121 196 196 196 845 845 845 845 2024 2024 2024 2024 2024 392 392 392 392 392 392 392 392 -9999 -9999 -9999
1238 1238 1238 1137 1137 1019 466 466 466 466 466 1381 466 466 224 224 -9999 224 224 224 224 224 224 0 0 0 0 0 0 0 0 0 0 0 0 0 0 0 0 114 114 114 114 404 404 159 159 159 159 159 468 468 468 -9999 121 121 121 121 196 196 1151 1151 845 2024 2024 2024 2024 2024 2024 392 392 392 392 392 392 392 392 328 328 -9999 -9999
1137 1238 1238 1137 1137 1019 1019 466 466 466 1381 1381 1381 466 224 224 224 224 -9999 224 224 224 1101 1101 1101 1101 1101 1101 1101 0 0 0 0 0 0 0 0 0 0 0 114 114 114 404 404 404 404 404 404 404 404 468 468 -9999 121 121 121 121 121 1151 1151 1151 2024 2024 2024 2024 2024 2024 2024 392 392 392 392 392 392 392 392 392 392 -9999 -9999
1137 1238 1137 1137 1137 1137 1137 1019 466 1381 1381 1381 1381 385 385 224 224 224 385 385 -9999 1101 1101 1101 1101 1101 1101 1101 1101 1101 1101 0 0 0 0 0 0 0 0 0 114 114 114 404 404 404 404 404 404 404 404 22 -9999 121 121 121 121 121 1151 1151 1151 1151 1151 2024 2024 2024 2024 1151 1151 392 392 392 392 392 392 392 392 392 392 392 -9999
1137 1137 1137 1137 1137 1137 1137 1019 466 466 1381 1381 385 385 385 385 385 -9999 385 385 385 385 -9999 1101 1101 1101 1101 1101 1101 1101 1101 0 0 0 0 0 0 0 0 0 114 114 404 404 229 -9999 -9999 -9999 -9999 -9999 0 0 0 -9999 121 121 121 1151 1151 1151 1151 1151 1151 1151 1151 1151 1151 1151 1151 1151 392 392 392 392 392 392 392 392 392 392 -9999
1137 1137 1137 1137 1137 1137 1137 1019 466 466 466 1381 385 385 385 385 -9999 385 385 385 385 317 317 586 -9999 1101 1101 1101 1101 1101 0 0 0 0 0 0 0 0 0 0 42 -9999 23 706 706 706 706 0 0 0 0 0 0 0 -9999 73 1151 1151 1151 1151 1151 1151 1151 1151 1151 1151 1151 1151 1151 392 392 392 392 392 392 201 392 392 201 201 201
1137 1137 1137 1137 1137 1137 1137 1137 1137 466 466 0 385 385 385 -9999 385 385 385 317 317 317 317 317 1241 254 -9999 1101 1101 1101 1101 0 0 0 0 0 0 0 0 -9999 706 706 706 706 706 706 0 0 0 0 0 0 0 0 0 633 -9999 -9999 1151 1151 1151 1151 1151 1151 1151 392 392 392 392 392 392 392 392 201 201 201 201 201 201 201 201
1426 1137 1137 1137 1137 1137 1137 1137 1137 466 466 0 0 0 139 385 385 385 385 317 317 1241 1241 1241 1241 1241 0 -9999 -9999 1101 1101 0 0 0 0 0 0 -9999 706 706 706 706 706 706 706 0 0 0 0 0 0 0 0 0 0 633 633 633 -9999 1151 1151 392 392 392 392 392 392 392 392 392 392 392 392 392 201 201 201 201 201 201 298
1426 1426 1137 1137 1137 1137 1137 1137 1137 466 0 0 0 0 -9999 0 0 385 317 317 317 1241 1241 1241 1241 0 0 0 0 -9999 -9999 -9999 -9999 -9999 -9999 -9999 706 706 706 706 706 706 706 706 706 0 0 0 0 0 0 0 0 0 633 633 633 633 633 -9999 1151 392 392 392 392 392 392 392 392 293 293 392 392 392 201 201 201 201 201 201 201
1426 1426 1426 1426 1137 1137 1137 1137 1137 0 0 0 0 -9999 0 0 0 0 317 317 317 1241 1241 0 0 0 0 0 0 706 706 706 706 706 706 706 706 706 706 706 387 387 387 387 387 267 0 0 0 0 0 0 0 633 633 633 633 633 633 -9999 293 293 392 392 293 293 293 293 293 293 293 163 163 163 163 201 201 201 201 201 298
1426 1426 1426 1426 1426 1426 1137 1137 1137 0 0 0 -9999 0 0 0 0 0 0 317 317 1241 1241 0 0 0 0 0 706 706 706 706 706 706 706 706 387 387 387 387 387 387 387 387 267 267 267 0 0 0 0 0 633 633 633 633 633 633 633 633 -9999 293 293 293 293 293 325 325 293 293 293 163 163 163 163 163 201 201 201 201 298
1426 468 468 1426 1426 1426 468 1137 0 -9999 -9999 -9999 0 0 0 0 0 0 0 0 317 1241 1241 0 0 0 0 0 706 706 706 706 706 706 706 387 387 387 387 387 387 387 387 387 387 267 267 267 0 0 0 633 633 633 633 633 633 633 633 633 -9999 293 293 293 325 325 325 325 293 293 163 163 163 163 163 163 163 201 201 298 298
468 468 468 468 468 468 468 -9999 0 0 0 -9999 0 0 0 0 0 0 0 0 0 1241 1241 1241 1241 0 0 0 706 706 387 387 387 387 387 387 387 387 387 387 387 387 387 387 267 267 267 267 267 0 0 0 633 633 633 633 633 633 633 633 633 293 325 325 325 325 325 293 293 293 293 163 163 163 163 163 163 163 462 298 298
468 468 468 468 468 468 -9999 347 61 0 0 0 0 0 0 0 0 0 0 0 1241 1241 1241 1241 1265 1265 1265 1265 387 387 387 387 387 387 387 387 387 387 387 71 71 71 71 71 267 267 267 267 267 0 0 0 0 633 633 633 633 633 633 633 633 186 325 325 325 325 325 325 325 201 293 163 163 163 163 163 163 163 462 462 462
