04_184A001/bm_kuusi_juuret.asc
ncols 378
nrows 390
xllcorner 613424
yllcorner 6870896
cellsize 16
nodata_value -9999
[rows 72 to 107 of 390, columns 0 to 79 of 378]
-9999 -9999 -9999 -9999 -9999 -9999 -9999 -9999 -9999 -9999 -9999 -9999 1896 1896 -9999 -9999 -9999 -9999 -9999 -9999 -9999 -9999 -9999 -9999 -9999 -9999 -9999 -9999 -9999 1704 1704 1704 1704 1704 1704 1704 1704 -9999 1403 -9999 2683 2683 453 159 89 -9999 -9999 -9999 -9999 -9999 -9999 -9999 -9999 -9999 -9999 -9999 -9999 -9999 -9999 -9999 -9999 -9999 -9999 -9999 -9999 -9999 -9999 -9999 -9999 -9999 -9999 -9999 -9999 -9999 -9999 -9999 -9999 -9999 -9999 -9999
-9999 -9999 -9999 -9999 -9999 -9999 -9999 -9999 899 -9999 -9999 899 1896 1896 1896 1896 -9999 -9999 -9999 -9999 -9999 -9999 -9999 -9999 -9999 -9999 -9999 -9999 -9999 1704 1704 1704 1704 1704 1704 1704 1704 -9999 -9999 2683 2683 2683 1141 64 159 14 285 285 256 -9999 -9999 -9999 -9999 -9999 0 -9999 -9999 -9999 -9999 -9999 -9999 -9999 -9999 -9999 -9999 -9999 -9999 -9999 -9999 -9999 -9999 -9999 -9999 -9999 -9999 -9999 -9999 -9999 -9999 -9999
-9999 -9999 -9999 -9999 -9999 -9999 -9999 -9999 899 899 899 1896 1896 1896 1896 1896 1896 -9999 -9999 -9999 -9999 -9999 -9999 -9999 -9999 -9999 -9999 -9999 -9999 1473 1704 1704 1704 1704 1704 1704 1704 1403 -9999 2683 2683 2683 1141 1141 1141 1141 374 511 256 256 126 -9999 -9999 -9999 0 -9999 -9999 -9999 -9999 -9999 -9999 -9999 -9999 -9999 -9999 -9999 -9999 -9999 -9999 -9999 -9999 -9999 -9999 -9999 -9999 -9999 -9999 -9999 -9999 -9999
-9999 -9999 -9999 -9999 -9999 -9999 -9999 -9999 899 899 1896 1896 1896 1896 1896 1896 1896 1896 1473 -9999 -9999 -9999 -9999 -9999 -9999 -9999 -9999 -9999 -9999 1704 1704 1704 1704 1704 1704 1704 327 1403 -9999 882 882 1141 1141 1141 1141 1141 1141 1141 594 511 1038 918 -9999 -9999 0 -9999 -9999 -9999 -9999 -9999 -9999 -9999 -9999 -9999 -9999 -9999 -9999 -9999 -9999 -9999 -9999 -9999 -9999 -9999 -9999 -9999 -9999 -9999 -9999 -9999
-9999 -9999 -9999 -9999 -9999 -9999 -9999 899 899 899 0 1896 1896 1896 1896 1896 1896 1473 1473 -9999 -9999 -9999 -9999 -9999 -9999 -9999 -9999 -9999 -9999 1704 1704 1704 1704 1704 1704 1704 -9999 -9999 882 882 882 1141 1141 1141 1141 1141 1141 1141 1141 1141 1141 276 -9999 473 78 -9999 -9999 -9999 -9999 -9999 -9999 -9999 -9999 -9999 -9999 -9999 -9999 -9999 -9999 -9999 -9999 -9999 -9999 -9999 -9999 -9999 -9999 -9999 -9999 -9999
-9999 -9999 -9999 -9999 -9999 -9999 2011 2011 899 0 0 0 0 1896 1896 1896 138 138 138 1473 1473 1473 -9999 -9999 -9999 -9999 -9999 -9999 1473 1704 1704 1704 1704 1704 1704 1704 -9999 -9999 882 882 387 387 387 387 387 1141 1141 1141 1141 1141 1141 -9999 -9999 -9999 -9999 -9999 -9999 1498 382 -9999 -9999 -9999 -9999 -9999 -9999 -9999 -9999 -9999 -9999 -9999 -9999 -9999 -9999 -9999 -9999 -9999 -9999 -9999 -9999 -9999
-9999 -9999 -9999 -9999 -9999 -9999 2011 2011 0 0 0 0 0 1896 1896 138 138 138 138 138 138 1473 1473 1473 -9999 -9999 -9999 -9999 -9999 1704 1704 1704 1704 1704 1704 1704 -9999 -9999 882 882 387 387 387 387 387 387 387 1141 1141 -9999 -9999 -9999 -9999 -9999 -9999 -9999 -9999 380 65 -9999 -9999 -9999 -9999 -9999 -9999 -9999 -9999 -9999 -9999 -9999 -9999 -9999 -9999 -9999 -9999 -9999 -9999 -9999 -9999 -9999
-9999 -9999 -9999 -9999 -9999 -9999 400 400 0 0 0 0 0 138 138 138 138 138 138 138 138 138 138 1473 138 -9999 -9999 -9999 1704 1704 1704 1704 1704 1704 1704 361 1403 -9999 882 882 387 387 387 387 387 387 387 0 0 -9999 -9999 -9999 -9999 -9999 -9999 -9999 -9999 -9999 -9999 -9999 -9999 -9999 -9999 -9999 -9999 -9999 -9999 -9999 -9999 -9999 -9999 -9999 -9999 -9999 -9999 -9999 -9999 -9999 -9999 -9999
-9999 -9999 -9999 -9999 -9999 -9999 400 0 0 0 0 0 0 0 138 138 138 138 138 138 138 138 138 138 138 138 1473 1473 1473 1704 1704 1704 1704 1704 1704 -9999 1403 -9999 882 387 387 387 387 387 387 387 387 387 0 -9999 -9999 -9999 -9999 -9999 -9999 -9999 -9999 -9999 -9999 -9999 -9999 -9999 -9999 -9999 -9999 -9999 -9999 -9999 -9999 -9999 -9999 -9999 -9999 -9999 -9999 -9999 -9999 -9999 -9999 -9999
-9999 -9999 -9999 -9999 -9999 -9999 0 0 0 0 0 0 0 0 138 138 138 138 138 138 138 138 138 721 721 721 721 1473 1473 1704 1704 1704 1704 1704 1704 -9999 1403 -9999 882 387 387 387 387 387 387 387 387 387 0 0 -9999 -9999 -9999 -9999 -9999 -9999 -9999 -9999 -9999 -9999 -9999 -9999 -9999 -9999 -9999 -9999 -9999 -9999 -9999 -9999 -9999 -9999 -9999 -9999 -9999 -9999 -9999 -9999 -9999 -9999
-9999 -9999 -9999 -9999 -9999 -9999 0 0 0 0 0 0 0 0 138 138 138 138 138 138 138 138 138 721 721 721 721 721 721 2116 2116 1704 1704 1704 1704 -9999 1403 -9999 882 387 387 387 387 387 387 387 387 387 387 387 -9999 -9999 -9999 -9999 -9999 -9999 -9999 -9999 -9999 -9999 -9999 -9999 -9999 -9999 -9999 -9999 -9999 -9999 -9999 -9999 -9999 -9999 -9999 -9999 -9999 -9999 -9999 -9999 -9999 -9999
-9999 -9999 -9999 -9999 -9999 -9999 0 0 0 0 0 0 0 0 138 138 138 138 138 138 138 138 138 721 721 721 721 721 721 2116 2116 2116 2116 2116 1704 1403 1403 -9999 387 387 387 387 387 387 387 387 387 387 387 387 1303 -9999 -9999 -9999 -9999 -9999 -9999 -9999 -9999 -9999 -9999 -9999 -9999 -9999 -9999 -9999 -9999 -9999 -9999 -9999 -9999 -9999 -9999 -9999 -9999 -9999 -9999 -9999 -9999 -9999
-9999 -9999 -9999 -9999 -9999 -9999 0 0 0 0 0 0 0 0 138 138 138 138 138 138 138 138 721 721 721 721 721 721 721 2116 2116 2116 2116 2116 -9999 1403 1403 -9999 387 387 387 387 387 387 387 387 387 387 387 1303 1303 1303 1413 -9999 -9999 -9999 -9999 -9999 -9999 -9999 -9999 -9999 -9999 -9999 -9999 -9999 -9999 -9999 -9999 -9999 -9999 -9999 -9999 -9999 -9999 -9999 -9999 -9999 -9999 -9999
-9999 -9999 -9999 -9999 -9999 -9999 0 0 0 0 0 0 0 138 138 138 138 138 138 138 138 138 721 721 721 721 721 721 721 2116 2116 2116 2116 2116 -9999 1403 1403 -9999 387 4754 387 387 387 387 387 387 387 387 1303 1303 1303 1303 1413 1413 1413 -9999 -9999 -9999 -9999 -9999 -9999 -9999 -9999 -9999 -9999 -9999 -9999 -9999 -9999 -9999 -9999 -9999 -9999 -9999 -9999 -9999 -9999 -9999 -9999 -9999
-9999 -9999 -9999 -9999 -9999 -9999 0 0 0 0 0 0 0 138 138 138 138 138 138 138 138 138 721 721 721 721 721 721 721 721 2116 2116 2116 2116 -9999 1403 1403 -9999 4754 4754 4754 4754 387 387 387 387 387 4754 4754 1303 1303 1303 1413 1413 1413 1413 1413 -9999 -9999 -9999 -9999 -9999 -9999 -9999 -9999 -9999 -9999 -9999 -9999 -9999 -9999 -9999 -9999 -9999 -9999 -9999 -9999 -9999 -9999 -9999
-9999 -9999 -9999 -9999 -9999 -9999 0 0 0 0 0 0 0 138 138 138 138 138 138 138 138 138 138 721 721 721 721 721 721 721 2116 2116 2116 2116 -9999 0 0 -9999 4754 4754 4754 4754 4754 4754 4754 4754 4754 4754 4754 1303 1303 1413 1413 1413 1413 1413 -9999 -9999 -9999 -9999 -9999 -9999 -9999 -9999 -9999 -9999 -9999 -9999 -9999 -9999 -9999 -9999 -9999 -9999 -9999 -9999 -9999 -9999 -9999 -9999
-9999 -9999 -9999 -9999 -9999 -9999 0 0 0 0 0 0 0 0 0 138 138 138 138 138 138 138 138 138 138 2116 2116 721 721 2116 2116 2116 2116 2116 0 0 882 -9999 4754 4754 4754 4754 4754 4754 4754 4754 4754 4754 4754 4754 4754 4754 1413 1413 -9999 1413 -9999 -9999 -9999 -9999 -9999 -9999 -9999 -9999 -9999 -9999 -9999 -9999 -9999 -9999 -9999 -9999 -9999 -9999 -9999 -9999 -9999 -9999 -9999 -9999
-9999 -9999 -9999 -9999 -9999 -9999 0 0 0 0 0 0 0 0 0 0 0 138 138 138 138 138 138 138 138 4243 4243 2116 2116 2116 2116 2116 0 0 0 0 882 -9999 4754 4754 4754 4754 4754 4754 4754 4754 4754 4754 4754 4754 4754 4754 4754 -9999 -9999 -9999 -9999 -9999 -9999 -9999 -9999 -9999 -9999 -9999 -9999 -9999 -9999 -9999 -9999 -9999 -9999 -9999 -9999 -9999 -9999 -9999 -9999 -9999 -9999 -9999
-9999 -9999 -9999 -9999 -9999 -9999 -9999 0 0 0 0 0 0 0 0 0 0 0 0 138 138 4243 4243 138 4243 4243 4243 2116 0 0 0 0 0 -9999 0 882 882 -9999 4754 4754 4754 4754 4754 4754 4754 4754 4754 4754 4754 4754 4754 4754 4754 4754 -9999 -9999 -9999 -9999 -9999 -9999 -9999 -9999 -9999 -9999 -9999 -9999 -9999 -9999 -9999 -9999 -9999 -9999 -9999 -9999 -9999 -9999 -9999 -9999 -9999 -9999
-9999 -9999 -9999 -9999 -9999 -9999 -9999 -9999 -9999 -9999 42 0 0 0 0 0 0 0 0 0 4243 4243 4243 4243 4243 4243 4243 4243 0 0 0 0 0 -9999 0 882 882 -9999 4754 4754 4754 4754 4754 4754 4754 4754 4754 4754 4754 4754 4754 4754 4754 4754 4754 -9999 -9999 -9999 -9999 -9999 -9999 -9999 -9999 -9999 -9999 -9999 -9999 -9999 -9999 -9999 -9999 -9999 -9999 -9999 -9999 -9999 -9999 -9999 -9999 -9999
-9999 -9999 -9999 -9999 -9999 -9999 338 0 0 0 0 -9999 0 0 0 0 0 0 0 0 0 0 4243 4243 4243 4243 4243 4243 0 0 4243 4243 4243 -9999 0 882 882 -9999 0 0 0 0 4754 4754 4754 4754 4754 4754 4754 1321 4754 4754 4754 4754 1321 -9999 -9999 -9999 -9999 -9999 -9999 -9999 -9999 -9999 -9999 -9999 -9999 -9999 -9999 -9999 -9999 -9999 -9999 -9999 -9999 -9999 -9999 -9999 -9999 -9999
-9999 -9999 -9999 -9999 -9999 -9999 338 0 0 0 0 0 -9999 0 0 0 0 0 730 730 0 0 0 4243 4243 4243 4243 4243 4243 4243 4243 4243 4243 0 882 882 882 -9999 0 0 0 4754 4754 4754 4754 4754 4754 4754 4754 1321 1321 1321 1321 1321 1321 -9999 -9999 -9999 -9999 -9999 -9999 -9999 -9999 -9999 -9999 -9999 -9999 -9999 -9999 -9999 -9999 -9999 -9999 -9999 -9999 -9999 -9999 -9999 -9999 -9999
-9999 -9999 -9999 -9999 -9999 338 338 338 0 0 0 0 0 146 730 730 730 730 730 730 730 0 48 48 48 4243 4243 4243 4243 4243 4243 4243 4243 -9999 882 882 -9999 0 0 0 0 4754 4754 4754 4754 4754 4754 4754 4754 1321 1321 1321 1321 1321 1321 -9999 -9999 -9999 -9999 -9999 -9999 -9999 -9999 -9999 -9999 -9999 -9999 -9999 -9999 -9999 -9999 -9999 -9999 -9999 -9999 -9999 -9999 -9999 -9999 -9999
-9999 -9999 338 -9999 -9999 -9999 -9999 338 338 0 0 0 338 0 -9999 730 730 730 730 730 48 48 48 48 48 48 48 4243 4243 4243 4243 4243 4243 0 882 -9999 -9999 0 0 0 1321 1321 1321 4754 4754 4754 4754 4754 1321 1321 1321 1321 1321 1321 1321 2837 -9999 -9999 -9999 -9999 -9999 -9999 -9999 -9999 -9999 -9999 -9999 -9999 -9999 -9999 -9999 -9999 -9999 -9999 -9999 -9999 -9999 -9999 -9999 -9999
-9999 -9999 338 338 338 -9999 -9999 -9999 -9999 338 338 338 338 338 338 -9999 17 730 730 730 48 48 48 48 48 48 48 48 4243 4243 4243 4243 4243 882 882 882 -9999 0 0 0 1321 1321 1321 1321 4754 4754 4754 1321 1321 1321 1321 1321 1321 1321 2837 2837 2837 2837 -9999 -9999 -9999 -9999 -9999 -9999 -9999 -9999 -9999 -9999 -9999 -9999 -9999 -9999 -9999 -9999 -9999 -9999 -9999 -9999 -9999 -9999
-9999 338 338 -9999 338 338 338 338 338 338 338 -9999 -9999 223 926 926 926 -9999 377 730 730 48 48 48 48 48 48 48 222 4243 4243 4243 -9999 882 882 882 -9999 0 1321 1321 1321 1321 1321 1321 1321 1321 1321 1321 1321 1321 1321 1321 1321 1321 2837 2837 2837 -9999 -9999 -9999 -9999 -9999 -9999 -9999 -9999 -9999 -9999 -9999 -9999 -9999 -9999 -9999 -9999 -9999 -9999 -9999 -9999 -9999 -9999 -9999
-9999 338 338 338 338 338 338 338 338 338 338 338 338 338 926 926 926 926 926 -9999 48 48 48 48 48 48 48 48 222 222 4243 222 -9999 882 882 882 -9999 2736 4506 4506 1321 1321 1321 1321 1321 1321 1321 1321 1321 1321 1321 1321 1321 2837 2837 2837 2837 -9999 -9999 -9999 -9999 -9999 -9999 -9999 -9999 -9999 -9999 -9999 -9999 -9999 -9999 -9999 -9999 -9999 -9999 -9999 -9999 -9999 -9999 -9999
-9999 3075 801 338 338 338 338 338 338 338 338 338 338 338 926 926 926 926 926 55 -9999 48 48 48 48 48 48 48 222 222 222 222 -9999 882 882 882 -9999 2736 4506 4506 4506 1321 1321 1321 1321 1321 1321 2653 2653 2653 2653 1321 1259 1259 1259 1259 1259 -9999 -9999 -9999 -9999 -9999 -9999 -9999 -9999 -9999 -9999 -9999 -9999 -9999 -9999 -9999 -9999 -9999 -9999 -9999 -9999 -9999 -9999 -9999
-9999 3075 801 801 801 338 338 338 338 338 338 338 338 338 926 926 926 55 55 55 97 5 48 48 48 48 48 48 222 222 222 222 -9999 882 882 882 -9999 2736 2736 4506 4506 4506 4506 4506 1321 2653 2653 2653 2653 2653 2653 2653 1259 1259 1259 1259 1259 -9999 -9999 -9999 -9999 -9999 -9999 -9999 -9999 -9999 -9999 -9999 -9999 -9999 -9999 -9999 -9999 -9999 -9999 -9999 -9999 -9999 -9999 -9999
-9999 801 801 801 801 801 801 338 338 338 338 338 338 338 926 926 926 55 55 55 55 55 -9999 -9999 48 48 48 48 222 222 222 496 -9999 882 882 49 -9999 2736 2736 2736 4506 4506 4506 4506 4506 4506 2653 2653 2653 2653 2653 1259 1259 1259 1259 1259 1259 1259 1259 4724 -9999 -9999 -9999 -9999 -9999 -9999 -9999 -9999 -9999 -9999 -9999 -9999 -9999 -9999 -9999 -9999 -9999 -9999 -9999 -9999
-9999 801 801 801 801 801 801 801 801 338 338 338 338 926 926 926 55 55 55 55 55 55 55 55 55 -9999 -9999 48 222 222 222 222 222 882 882 -9999 2736 2736 2736 2736 4506 4506 4506 4506 4506 4506 2653 2653 2653 2653 2653 4724 4724 1259 1259 1259 1259 1259 1259 4724 4724 4724 -9999 -9999 -9999 -9999 -9999 -9999 -9999 -9999 -9999 -9999 -9999 -9999 -9999 -9999 -9999 -9999 -9999 -9999
-9999 801 801 801 801 801 801 801 801 801 801 338 338 926 926 55 55 55 55 55 55 55 55 55 55 55 55 -9999 -9999 222 222 411 222 222 222 -9999 2736 2736 2736 2736 4506 4506 4506 4506 4506 4506 2653 2653 2653 2653 2653 4724 4724 4724 1259 1259 1259 1259 4724 4724 4724 4724 4724 4724 4724 -9999 -9999 -9999 -9999 -9999 -9999 -9999 -9999 -9999 -9999 -9999 -9999 -9999 -9999 -9999
-9999 2540 2540 2540 2540 2540 2540 2540 801 801 801 801 801 801 926 55 55 55 55 55 55 55 55 55 55 55 55 55 222 222 -9999 -9999 -9999 -9999 -9999 -9999 5068 2736 2736 2736 2736 2736 4506 4506 2763 4506 1195 2653 2653 2653 2653 2653 4724 1259 1259 4724 4724 4724 4724 4724 4724 4724 4724 4724 -9999 -9999 -9999 -9999 -9999 -9999 -9999 -9999 -9999 -9999 -9999 -9999 -9999 -9999 -9999 -9999
-9999 2540 2540 2383 2540 2540 2540 2540 801 801 801 801 801 801 801 801 55 55 55 55 55 55 55 55 55 55 55 55 222 222 222 -9999 222 222 222 -9999 5068 5068 5068 2736 2736 2763 2763 4506 2763 2763 1195 1195 1195 1195 2653 4724 4724 4724 4724 4724 560 560 560 560 560 4724 4724 4724 -9999 -9999 -9999 -9999 -9999 -9999 -9999 -9999 -9999 -9999 -9999 -9999 -9999 -9999 -9999 -9999
-9999 2540 2540 2383 2383 253 253 2540 2540 2540 2540 2540 1499 1499 801 801 801 801 55 55 55 55 55 55 55 55 55 55 222 222 222 -9999 222 222 -9999 5068 5068 5068 5068 5068 1242 2763 2763 2763 2763 2763 1195 1195 1195 1195 1195 4724 4724 4724 4724 560 560 560 560 560 560 560 560 4724 4724 -9999 -9999 -9999 -9999 -9999 -9999 -9999 -9999 -9999 -9999 -9999 -9999 -9999 -9999 -9999
-9999 -9999 -9999 -9999 2383 253 253 253 253 2540 2540 2540 253 253 1499 1499 1499 801 801 801 55 55 55 55 55 55 55 55 222 222 222 -9999 222 222 -9999 5068 5068 5068 5068 5068 5068 1242 1242 2763 2763 2763 1195 1195 1195 1195 1195 1195 4724 4724 4724 4724 560 0 0 0 560 560 560 560 4724 4724 4724 4724 -9999 -9999 -9999 -9999 -9999 -9999 -9999 -9999 -9999 -9999 -9999 -9999
