04_184A001/bm_kuusi_juuret.asc
ncols 378
nrows 390
xllcorner 613424
yllcorner 6870896
cellsize 16
nodata_value -9999
[rows 288 to 323 of 390, columns 240 to 319 of 378]
2055 2055 2055 2055 478 478 478 478 478 478 478 478 478 478 478 478 4325 384 384 384 384 384 1242 695 695 695 0 0 -9999 -9999 -9999 -9999 156 156 65 -9999 -9999 -9999 -9999 -9999 -9999 -9999 -9999 -9999 -9999 -9999 -9999 135 253 253 253 253 253 253 253 253 253 477 477 477 477 0 0 0 0 521 -9999 -9999 -9999 -9999 -9999 -9999 -9999 -9999 -9999 -9999 -9999 -9999 -9999 -9999
2055 2055 2055 2055 478 478 478 478 478 478 478 478 478 478 478 4325 4325 384 384 384 384 384 1242 1242 695 0 0 -9999 258 258 258 258 -9999 -9999 507 -9999 -9999 135 135 135 135 135 135 135 135 135 135 253 253 253 253 253 253 253 253 253 477 477 477 477 0 0 0 0 0 521 -9999 -9999 -9999 -9999 -9999 -9999 -9999 -9999 -9999 -9999 -9999 -9999 -9999 -9999
478 478 478 478 478 478 478 478 478 478 478 478 478 478 4325 4325 4325 384 384 384 384 384 1242 1242 695 0 0 -9999 258 258 258 258 258 258 -9999 -9999 -9999 135 135 135 135 135 135 135 135 253 253 253 253 253 253 253 253 253 253 253 477 477 477 477 -9999 0 0 0 0 0 521 -9999 -9999 -9999 -9999 -9999 -9999 -9999 -9999 -9999 -9999 -9999 -9999 -9999
478 478 478 478 478 478 478 478 478 478 478 478 478 4325 4325 4325 4325 384 384 384 384 384 384 1242 695 0 -9999 0 258 258 258 258 258 258 258 258 258 253 253 253 253 253 253 253 253 253 253 253 253 253 253 253 253 253 253 253 477 477 477 -9999 0 0 0 0 0 0 521 521 -9999 -9999 -9999 -9999 -9999 -9999 -9999 -9999 -9999 -9999 -9999 -9999
478 478 478 478 478 478 478 478 478 478 478 478 478 4325 4325 4325 4325 384 384 384 384 384 1242 1242 0 0 -9999 0 258 258 258 258 258 258 258 258 258 253 253 253 253 253 253 253 253 253 253 253 253 253 253 253 253 253 253 253 253 253 477 -9999 845 0 0 0 0 0 521 0 -9999 -9999 -9999 -9999 -9999 -9999 -9999 -9999 -9999 -9999 -9999 -9999
478 478 478 478 478 478 478 478 478 478 478 478 4325 4325 4325 4325 4325 384 384 384 384 384 1242 695 0 0 0 0 258 258 258 258 258 258 258 258 253 253 253 253 253 253 253 253 253 253 253 253 253 253 253 253 253 253 253 253 253 253 -9999 845 845 0 0 0 0 0 0 -9999 -9999 -9999 -9999 -9999 -9999 -9999 -9999 -9999 -9999 -9999 -9999 -9999
478 478 478 478 478 478 478 478 478 478 478 4325 4325 4325 4325 4325 4325 384 384 384 384 384 695 695 0 -9999 0 0 258 258 258 258 258 258 258 2338 2338 2338 2338 253 253 253 253 253 2915 2915 253 253 253 253 1701 253 253 253 253 253 253 -9999 845 845 845 845 0 0 0 0 0 -9999 -9999 -9999 -9999 -9999 -9999 -9999 -9999 -9999 -9999 2423 2423 2423
478 478 478 478 478 478 478 478 478 478 478 1449 1449 4325 4325 1449 1449 1449 384 384 384 695 695 0 0 -9999 0 0 258 258 258 258 258 258 2338 2338 2338 2338 2338 2338 253 253 253 2915 2915 2915 2915 253 253 1701 1701 1701 253 253 253 253 253 -9999 845 845 845 845 845 0 0 0 0 -9999 -9999 -9999 -9999 2423 2423 -9999 -9999 2423 2423 2423 2423 2423
1587 478 478 478 478 478 478 478 478 478 1449 1449 1449 1449 1449 527 1449 1449 384 384 695 695 695 0 0 0 0 478 478 258 258 258 258 258 1763 2338 2338 2338 2338 2338 253 253 2915 2915 2915 2915 2915 253 1701 1701 1701 1701 253 253 253 253 -9999 845 845 845 845 845 0 0 0 0 0 0 0 -9999 -9999 346 2423 2423 2423 2423 2423 2423 2423 2423
1587 1587 1587 1587 478 478 478 478 478 1449 1449 1449 1449 1449 527 527 527 527 384 4204 4204 695 695 0 -9999 0 0 478 478 478 1763 1763 1763 1763 1763 1763 2338 2338 2338 2338 2338 2915 2915 2915 2915 2915 2915 2915 2915 1701 1701 1701 4190 4190 4190 -9999 2592 845 845 845 845 845 845 0 0 0 0 0 0 0 0 2423 2423 2423 2423 2423 2423 2423 2423 2423
1587 1587 1587 1587 1587 1587 478 478 1449 1449 1449 1449 1449 527 527 527 527 527 4204 4204 4204 695 695 0 -9999 0 478 478 478 478 478 1763 1763 1763 1763 1763 1763 2338 2338 2338 2915 2915 2915 2915 2915 2915 2915 2915 2915 1701 1701 4190 4190 4190 4190 -9999 2592 2592 2592 845 845 845 845 845 845 845 0 0 0 0 0 2423 2423 2423 2423 2423 2423 2423 920 920
1587 1587 1587 1587 1587 1587 1587 1587 1449 1449 1449 1449 1449 527 527 527 527 4204 4204 4204 4204 695 0 0 0 0 478 478 478 478 478 478 1763 1763 1763 1763 1763 1763 2338 2338 2915 2915 2915 2915 2915 2915 2915 4190 4190 4190 4190 4190 4190 4190 -9999 2592 2592 2592 2592 2592 845 845 845 845 845 845 845 0 0 0 0 2423 2423 2423 2423 2423 920 920 920 920
1587 1587 1587 1587 1587 1587 1587 3965 3965 3965 1449 1449 527 527 527 3965 3965 4204 4204 695 695 695 0 -9999 0 0 478 478 478 478 478 478 478 478 1763 1763 1763 1763 2338 2338 2915 2915 2915 2915 2915 2915 2915 4190 4190 4190 4190 4190 4190 4190 -9999 2592 2592 2592 2592 2592 2592 845 845 845 845 845 845 0 0 0 2423 920 2423 920 920 920 920 920 920 920
1587 1587 1587 1587 1587 1587 3965 3965 3965 3965 3965 527 527 527 3965 3965 3965 3965 3965 3965 695 0 0 -9999 0 0 478 478 478 478 478 478 478 478 478 1763 1763 1763 2338 2338 2338 2915 2915 2915 2915 4190 4190 4190 4190 2438 4190 4190 4190 4190 -9999 2592 2592 2592 2592 2592 2592 845 845 845 845 845 271 0 0 0 920 920 920 920 920 920 920 920 920 920
1587 1587 1587 1587 1587 1587 3965 3965 3965 3965 3965 527 527 3965 3965 3965 3965 3965 3965 3965 3965 0 0 0 0 0 478 478 478 478 478 478 336 478 478 478 1763 1763 1763 2338 2338 2338 4190 4190 4190 4190 4190 4190 2438 2438 2438 4190 4190 4190 3159 2592 2592 2592 2592 2592 2592 2592 271 271 271 271 271 271 271 271 1673 1673 920 1673 920 920 920 920 920 920
2559 1587 1587 1587 1587 512 3965 3965 3965 3965 3965 527 3965 3965 3965 3965 3965 3965 3965 3965 3157 0 -9999 0 0 3157 3157 478 478 478 478 336 336 336 478 478 336 1763 1763 1763 2338 2338 4190 4190 4190 4190 2438 2438 2438 2438 2438 2438 2438 3159 3159 -9999 600 2592 2592 2592 2592 271 271 271 271 271 271 271 271 271 1673 1673 1673 1673 1673 1673 1673 920 920 920
2559 1587 1587 1587 512 512 512 3965 3965 3965 3965 3965 3965 3965 3965 3965 3965 3965 3965 3965 3157 616 3157 3157 3157 3157 3157 3157 3157 3157 336 336 336 336 336 336 336 336 1763 1763 1763 2338 4190 4190 2438 2438 2438 2438 2438 2438 2438 2438 3159 3159 3159 3159 3159 -9999 417 2592 2592 2592 271 271 2592 271 271 271 271 271 1673 1673 1673 2255 2255 2255 920 920 920 920
1587 1587 1587 512 512 512 512 512 3965 3965 3965 3965 3965 3965 3965 3965 3965 3965 3965 3157 3157 -9999 3157 3157 3157 3157 3157 3157 3157 3157 336 336 2671 2671 2671 2671 2671 2671 2671 2671 1763 1763 1763 1763 2438 2438 2438 2438 2438 2438 2438 2739 2739 3159 3159 3159 3159 3159 0 2592 2592 2592 2592 2592 2592 2592 2592 271 271 271 1673 1673 1673 2255 2255 2255 4049 4049 4049 4049
1587 1587 1587 512 512 512 512 512 3965 3965 3965 3965 3965 3965 3965 3965 3965 3965 3157 3157 -9999 3157 3157 3157 3157 3157 3157 3157 3157 3157 3157 2671 2671 2671 2671 2671 2671 2671 2671 2671 2671 1763 1763 1763 2438 2438 2438 2438 2739 2739 2739 2739 2739 2739 2739 2739 2739 3159 3159 -9999 2592 2592 2592 2592 2592 2592 2592 2592 271 271 271 1673 2255 2255 2255 2255 4049 4049 4049 4049
1587 1587 512 512 512 512 512 2027 3965 3965 3965 3965 3965 3965 3965 3965 3965 3965 3157 3157 -9999 3157 3157 3157 3157 3157 3157 3157 3157 3157 2671 2671 2671 2671 2671 2671 2671 2671 2671 2671 2939 2939 1763 1763 2438 2438 2739 2739 2739 2739 2739 2739 2739 2739 2739 2739 239 239 3159 3159 2580 2580 2580 2580 2580 2580 2592 2592 2592 2592 2592 1673 1673 2255 2255 4049 4049 4049 4049 4049
1549 3419 512 512 512 512 2027 2027 2027 2027 3965 734 3965 734 3965 734 3965 3157 3157 -9999 3157 3157 3157 3157 3157 3157 3157 3157 3157 3157 2671 2671 2671 2671 2671 2671 2671 2671 2671 2671 2939 2939 2939 1763 1763 1763 2739 2739 2739 2739 239 239 239 2739 2739 239 239 239 239 239 -9999 2580 2580 2580 2580 2580 2580 2580 2592 2592 2592 2592 2592 4049 4049 4049 4049 4049 4049 -9999
1549 3419 3419 3419 3419 3419 2027 2027 2027 2027 734 734 734 734 734 734 734 1535 -9999 3157 3157 3157 3157 3157 3157 3157 3157 3157 3157 2671 2671 2671 2671 2671 2671 2671 2671 2671 2671 2939 2939 2939 2939 2939 1763 1763 239 239 239 239 239 239 239 239 239 239 239 239 239 239 -9999 2580 2580 2580 2580 2580 2580 2580 2592 2592 2592 2592 2592 2592 4049 4049 4049 295 -9999 2623
3419 3419 3419 3419 3419 3419 2027 2027 2027 734 734 734 734 734 734 734 1535 -9999 1535 1535 1535 3157 3157 3157 3157 3157 3157 3157 2671 2671 2671 2671 2671 2671 2671 2671 2671 2671 2671 2939 2939 2939 2939 2939 2939 2939 2939 2939 239 239 239 239 239 239 239 239 239 239 239 239 239 -9999 0 2580 0 2580 2580 2580 2580 2580 2592 2592 2592 2592 2592 4049 -9999 1239 2623 2623
3419 3419 3419 3419 3419 3419 2027 2027 2027 734 734 734 734 734 734 734 1535 -9999 1535 1535 1535 0 0 3157 3157 3157 3157 3157 2671 2671 2671 2671 2671 2671 2671 2671 2671 2671 2939 2939 2939 2939 2939 2939 2939 2939 2939 125 125 125 125 125 125 239 239 239 239 239 239 239 239 239 -9999 0 0 0 2580 2580 2580 2580 2592 2592 2592 2592 2592 -9999 3325 3325 3325 3325
3419 3419 3419 3419 3419 3419 2027 2027 2027 2027 734 734 734 734 734 0 61 1535 1535 1535 0 0 0 0 0 3157 3157 3157 2671 2671 2671 2671 2671 2671 2671 2671 2671 2671 2939 2939 2939 2939 2939 2939 2939 2939 2939 125 125 125 125 125 125 125 239 239 239 239 239 239 239 239 0 330 -9999 0 0 2580 2580 2580 2580 2592 -9999 -9999 361 361 3325 3325 3325 3325
3419 3419 3419 3419 3419 3419 3419 3419 2027 2027 2027 3419 734 734 734 0 -9999 1535 1535 1535 0 0 0 0 0 0 0 2671 2671 2671 2671 2671 2671 2671 2671 2671 2671 2671 2939 2939 2939 2939 2939 2939 2939 2939 125 125 125 125 1837 125 125 125 125 125 239 239 239 239 239 239 239 0 0 -9999 0 0 2580 2580 2580 153 314 3738 361 361 3325 3325 3325 3325
3419 3419 3419 3419 3419 3419 3419 3419 2027 2027 3419 3419 734 734 0 0 1535 1535 1535 1535 1535 0 0 0 0 0 0 0 0 2671 2671 2671 2671 2671 2671 2671 2671 2939 2939 2939 2939 2939 2939 2939 2939 2939 1868 1837 1837 1837 1837 1837 125 125 125 125 125 125 239 239 239 239 239 0 0 0 -9999 0 0 0 0 -9999 314 3738 3738 361 3325 3325 3325 3325
3419 3419 3419 3419 3419 3419 3419 3419 2027 3419 0 0 734 734 -9999 -9999 1535 1535 1535 1535 1535 1535 1535 0 0 0 0 0 0 0 0 2671 2671 2671 2671 2671 2939 2939 2939 2939 2939 2939 2939 2939 2939 1868 1868 1868 1868 1868 1868 1837 1837 1837 1837 125 125 125 125 125 239 239 239 239 239 0 0 -9999 172 0 -9999 314 314 3738 3738 361 3325 3325 3325 3325
1014 3419 3419 3419 3419 3419 3419 3419 3419 3419 0 0 0 1535 -9999 -9999 1535 1535 1535 1535 1535 1535 1535 825 825 825 825 825 825 0 0 0 0 2671 2671 2671 2939 2939 2939 2939 2939 2939 2939 2939 2939 1868 1868 1868 1868 1868 1868 1837 1837 1837 1837 1837 1837 1837 1837 125 125 794 239 239 239 239 239 239 239 -9999 2689 314 314 314 314 314 3325 3325 3325 3325
1014 1014 1014 1014 1014 1014 1014 3419 3419 0 0 0 0 1535 -9999 -9999 1535 1535 1535 1535 1535 1535 1535 1535 825 825 825 825 825 0 0 0 0 0 0 2671 2939 2939 2939 2939 2939 2939 2939 2939 1868 1868 1868 1868 1868 1868 1868 1837 1837 1837 1837 1837 1837 1837 1837 794 794 794 794 794 239 239 239 239 -9999 2689 2689 314 314 314 314 314 3325 3325 3325 3325
-9999 0 1014 1014 1014 1014 1014 1014 1014 0 0 0 1535 1535 1535 -9999 1535 1535 1535 1535 1535 1535 1535 825 825 825 825 825 825 0 0 0 0 0 0 0 1100 2939 2939 2939 2939 2939 2939 2939 1868 1868 1868 1868 1868 1868 1868 1868 1837 1837 1837 1837 1837 794 794 794 794 794 794 794 794 794 239 303 2689 2689 2689 2689 314 2689 2689 3325 4442 3325 3325 3325
-9999 0 0 0 1014 1014 1014 1014 1014 0 0 0 1535 1535 1535 -9999 1535 1535 1535 1535 1535 1535 825 825 825 825 825 825 825 825 1100 0 0 0 0 1100 1100 1100 1100 2939 2939 2939 2939 1868 1868 1868 1868 1868 1868 1868 1868 1868 1868 1837 1837 1837 1868 1868 794 794 794 794 794 794 794 794 794 7 2689 2689 2689 2689 2689 2689 2689 4442 4442 4442 3325 3325
0 0 0 0 0 0 0 0 0 0 0 0 -9999 -9999 -9999 -9999 1529 1529 1535 1535 1535 1535 1535 825 825 825 825 825 825 825 825 1100 1100 1100 1100 1100 1100 1100 1100 1100 1100 2939 2939 1868 1868 1868 1868 1868 1868 1868 1868 1868 1868 1868 1868 1868 1868 1868 1868 1868 794 794 794 794 794 794 51 0 0 0 0 2689 2689 2689 2689 4442 4442 4442 3325 3325
0 0 0 0 0 0 0 0 0 0 0 -9999 -9999 -9999 -9999 -9999 1529 1529 1529 1529 1535 1535 1535 825 825 825 825 825 825 825 825 1100 1100 1100 1100 1100 1100 1100 1100 1100 1100 1100 1100 1100 1868 1868 1868 1868 1868 1868 1868 1868 1868 1868 1868 1868 1868 1868 1868 1868 1868 1868 794 794 794 -9999 2353 0 0 0 0 0 0 2689 2689 4442 4442 4442 4442 3325
140 0 0 0 0 0 0 0 0 0 0 -9999 -9999 -9999 -9999 -9999 1529 1529 1529 1529 1529 0 825 825 825 825 825 825 415 415 825 1100 1100 1100 1100 1100 1100 1100 1100 1100 1100 1100 1100 1100 1100 1100 1100 1868 1868 1868 1868 1868 1868 1868 1868 1868 633 633 633 633 1868 1868 1868 1868 -9999 2353 2353 2353 2353 2353 0 0 2689 2689 2689 4442 4442 4442 4442 3325
142 142 -9999 -9999 -9999 -9999 -9999 0 0 0 -9999 -9999 -9999 -9999 -9999 -9999 1529 1529 1529 1529 0 0 0 0 825 825 825 415 415 415 415 1100 1100 1100 1100 1100 1100 1100 1100 1100 1100 1100 1100 1100 1100 1100 1100 1100 0 0 0 1868 1868 1868 1868 1868 633 633 633 633 633 1868 1868 1868 0 0 0 2353 2353 2353 2353 2353 2689 2689 2689 4442 4442 4442 4442 4442
