04_184A001/bm_lehtip_neulaset.asc
ncols 378
nrows 390
xllcorner 613424
yllcorner 6870896
cellsize 16
nodata_value -9999
[rows 36 to 71 of 390, columns 82 to 163 of 378]
0 170 21 26 52 20 26 10 7 133 175 179 152 183 145 181 108 77 6 0 0 95 95 95 95 95 95 95 78 78 78 78 0 0 -9999 0 0 0 0 0 0 59 190 190 190 190 190 190 190 190 190 31 31 31 31 0 0 0 -9999 -9999 -9999 -9999 -9999 -9999 -9999 -9999 -9999 -9999 -9999 -9999 -9999 -9999 -9999 -9999 -9999 -9999 -9999 -9999 -9999 -9999 -9999 -9999
0 125 45 23 35 65 4 5 16 12 100 94 89 127 184 59 74 51 82 10 4 95 95 95 95 95 95 95 95 78 78 78 78 0 -9999 0 0 0 0 0 0 59 59 190 190 190 190 190 190 190 190 190 31 31 31 31 0 31 31 -9999 -9999 -9999 -9999 -9999 -9999 -9999 -9999 -9999 -9999 -9999 -9999 -9999 -9999 -9999 -9999 -9999 -9999 -9999 -9999 -9999 -9999 -9999
0 90 32 27 131 50 0 18 10 9 13 24 32 67 75 47 55 34 46 9 68 95 95 95 95 95 95 95 95 78 78 78 0 0 -9999 0 0 0 0 0 59 59 59 59 59 190 190 190 190 190 190 190 31 31 31 31 31 31 31 0 28 -9999 -9999 -9999 -9999 -9999 -9999 -9999 -9999 -9999 5 61 61 61 61 21 -9999 -9999 -9999 -9999 -9999 -9999
0 87 14 51 7 32 44 15 12 32 39 15 50 30 31 28 20 20 42 75 52 97 95 95 95 95 95 95 95 95 0 0 0 0 -9999 0 0 0 0 59 59 59 59 59 59 59 190 190 190 190 190 190 190 31 31 31 31 31 31 5 5 5 5 5 5 5 5 5 5 5 21 21 21 21 21 21 21 21 -9999 -9999 -9999 -9999
0 0 41 129 28 40 6 1 9 63 130 59 8 22 50 44 34 47 49 38 62 95 95 95 95 95 95 95 95 95 0 0 0 0 -9999 0 0 0 59 59 59 59 59 59 59 59 59 59 190 190 190 190 190 31 31 31 31 31 5 168 5 5 5 5 17 17 17 17 5 5 21 21 21 21 21 21 21 0 0 0 0 -9999
0 0 99 102 -9999 -9999 10 19 -9999 -9999 142 64 14 50 60 47 34 47 49 42 68 34 95 95 68 95 95 95 95 95 0 0 0 0 -9999 0 0 59 59 59 59 59 59 59 59 59 59 59 59 59 190 190 190 190 31 31 31 5 5 168 168 5 5 17 17 17 17 17 17 5 21 21 21 21 21 21 0 0 0 0 0 0
0 0 -9999 65 78 51 48 9 21 60 25 -9999 -9999 84 101 82 78 84 57 42 71 -9999 -9999 136 134 134 134 -9999 -9999 95 0 0 0 0 6 31 31 59 59 59 31 31 31 31 31 59 59 59 59 59 59 190 190 190 31 5 5 5 5 5 168 168 168 168 17 17 17 17 17 17 21 21 21 21 21 0 0 0 0 29 29 0
0 -9999 81 109 27 50 47 18 20 18 0 10 54 55 -9999 46 82 81 40 -9999 107 96 136 136 134 134 134 134 134 134 -9999 -9999 -9999 0 0 0 31 31 31 31 31 31 31 31 31 59 59 59 59 59 59 190 190 31 5 5 5 5 5 5 5 5 168 168 168 17 17 17 17 17 21 21 21 21 0 0 0 0 0 29 29 29
-9999 56 56 47 51 42 41 8 10 13 3 13 89 63 64 47 44 35 57 18 79 75 136 136 136 134 134 134 134 134 134 17 17 17 -9999 -9999 31 31 31 31 31 31 31 31 31 31 59 59 59 59 59 190 31 147 147 5 5 5 5 5 5 5 168 168 168 17 17 17 17 21 21 21 21 0 0 0 0 0 29 29 29 29
56 56 56 47 51 48 13 11 12 8 3 18 40 103 53 42 86 81 31 57 35 55 136 136 136 134 134 134 134 17 17 17 17 17 17 17 17 8 -9999 -9999 31 31 31 31 31 31 31 59 59 31 31 31 31 147 147 147 5 5 5 5 5 5 168 168 168 17 17 17 17 21 21 21 0 0 0 0 0 0 66 29 29 66
56 56 56 32 20 20 14 18 9 3 6 3 0 48 32 64 54 38 53 56 23 37 136 136 136 57 134 134 134 17 17 17 17 17 17 17 17 17 17 17 17 -9999 -9999 31 31 31 31 31 31 31 31 31 147 147 147 147 147 5 5 5 5 5 5 168 168 17 17 17 21 21 21 0 0 0 0 0 66 66 66 66 66 66
56 56 56 10 42 26 18 28 33 46 11 35 47 14 20 68 48 51 58 45 44 35 136 136 136 136 57 134 134 17 17 17 17 17 17 17 17 17 17 17 17 17 17 17 -9999 -9999 55 31 31 31 31 31 39 147 147 147 147 147 5 5 5 5 5 39 39 17 17 21 21 21 21 0 0 0 66 66 66 66 66 66 66 66
56 56 56 56 24 44 50 8 38 45 21 6 3 3 3 11 61 58 46 45 40 36 136 136 136 57 57 57 57 17 17 17 17 17 17 17 17 17 17 17 17 17 17 17 17 17 17 -9999 -9999 -9999 31 39 39 39 39 39 147 147 147 5 5 5 5 39 39 17 21 21 21 21 0 0 0 0 66 66 66 66 66 45 45 45
56 56 56 56 85 57 28 7 38 47 52 26 19 4 12 61 17 24 39 28 17 51 136 57 57 57 57 57 57 17 17 17 17 17 17 17 17 17 17 17 17 17 17 17 17 17 17 17 17 17 17 -9999 -9999 39 39 39 39 147 147 147 5 5 5 39 39 39 39 21 21 0 0 0 0 66 66 66 66 66 45 45 45 45
56 56 56 56 80 63 94 34 10 58 46 35 45 57 36 24 66 70 21 87 21 71 57 57 57 57 57 57 57 17 17 17 17 17 17 17 17 17 17 17 17 17 17 17 17 17 17 17 17 17 105 105 105 105 -9999 6 39 39 39 147 147 147 147 39 39 39 39 21 0 0 0 0 0 66 66 66 43 -9999 -9999 -9999 75 41
20 56 56 56 80 64 34 8 24 14 60 65 37 11 15 29 23 14 70 19 24 36 57 57 57 57 57 57 57 17 17 17 17 17 17 17 17 17 17 17 17 17 17 17 17 0 0 0 17 17 105 105 105 105 105 105 -9999 -9999 39 39 39 39 39 39 39 39 39 0 0 0 41 -9999 -9999 -9999 118 41 41 41 41 41 41 41
20 56 56 56 56 49 18 41 7 4 46 49 68 38 81 39 43 60 8 22 34 59 19 57 57 57 57 57 57 57 17 17 17 17 17 17 17 17 17 17 17 17 17 17 0 0 0 0 0 105 105 105 105 105 105 105 105 52 52 -9999 -9999 39 39 39 -9999 -9999 -9999 -9999 85 85 37 37 37 -9999 70 70 70 70 41 41 41 41
20 20 56 56 56 77 46 10 2 0 24 44 58 58 68 48 43 19 10 72 18 70 28 57 57 57 57 57 57 17 17 17 17 17 17 17 17 17 17 17 17 17 17 17 0 0 0 0 0 105 105 105 105 105 105 105 105 52 52 52 52 52 52 52 52 87 85 85 85 85 37 37 37 0 70 70 70 70 41 41 41 41
20 20 20 56 56 28 69 62 46 24 31 58 16 23 35 51 25 56 47 73 19 67 41 57 57 57 57 57 57 17 17 17 17 17 17 17 17 17 17 17 17 17 17 0 0 0 0 0 0 105 105 105 105 105 105 105 105 52 52 52 52 52 52 52 87 87 87 85 85 85 85 85 85 37 70 70 70 70 41 41 41 41
20 20 20 0 0 36 11 57 9 157 39 69 60 18 14 44 20 11 20 7 37 61 99 57 57 57 57 57 57 17 17 17 17 17 17 17 17 17 17 17 17 17 17 0 0 0 0 0 105 105 105 105 105 105 105 105 105 52 52 52 52 52 52 87 87 87 87 87 87 85 85 85 37 37 70 70 70 41 41 41 41 76
20 20 20 0 0 0 12 74 52 205 79 57 64 30 17 34 92 51 23 31 27 52 66 57 57 57 57 57 57 17 17 17 17 17 17 17 17 17 17 17 17 17 17 0 0 0 0 0 105 105 105 105 105 105 105 105 0 0 0 52 52 52 87 87 87 87 87 87 87 85 85 37 37 -9999 178 70 70 70 41 41 76 76
20 20 0 0 0 0 10 23 96 71 72 35 45 63 27 19 65 22 46 38 16 21 49 57 57 57 57 57 57 17 17 17 17 17 17 17 17 17 17 17 17 17 17 0 0 0 0 105 105 105 105 105 105 105 105 0 0 0 0 52 52 52 87 87 87 87 87 87 87 37 37 37 37 -9999 178 70 178 70 178 50 76 76
0 0 0 0 0 0 20 17 85 19 22 46 63 64 31 41 31 39 59 57 57 46 45 57 57 57 57 57 191 17 17 17 17 17 0 17 17 17 17 17 17 17 17 0 0 0 0 105 105 105 105 105 105 0 0 0 0 0 0 52 52 87 87 87 87 87 87 87 87 37 37 37 37 -9999 178 178 178 178 50 50 50 50
0 0 0 0 0 0 70 134 103 20 55 8 27 53 45 76 13 70 225 158 63 20 22 57 57 57 191 191 191 17 17 17 0 0 0 0 0 0 0 17 17 17 17 0 0 0 105 105 105 105 105 0 0 0 0 0 0 0 0 52 87 87 87 87 87 87 87 87 37 37 37 37 37 -9999 178 178 178 178 50 61 50 50
0 0 0 0 0 0 0 14 33 12 7 9 80 59 115 145 95 65 143 216 12 59 75 191 57 191 191 191 191 191 17 17 0 0 0 0 0 0 0 0 0 17 0 0 0 0 105 105 105 105 0 0 0 0 0 0 0 0 0 87 87 87 87 87 87 87 87 87 37 37 37 37 37 37 37 37 37 50 61 61 61 50
0 0 0 0 0 0 0 35 65 14 9 9 19 15 110 103 99 69 140 173 40 42 76 191 191 191 191 191 191 191 191 191 0 0 0 0 0 0 0 0 0 0 0 0 0 0 105 105 105 105 0 0 0 0 0 0 0 0 0 0 0 0 87 87 87 100 87 37 37 37 37 37 37 47 37 37 50 50 61 61 61 50
0 0 0 0 0 0 0 57 56 8 10 15 10 14 50 51 50 115 168 112 18 46 42 191 191 191 191 191 191 191 191 191 0 0 0 0 0 0 0 0 0 0 0 0 0 105 105 105 105 0 0 0 0 0 0 0 0 0 0 0 0 0 0 0 100 100 100 100 37 37 37 37 37 -9999 37 47 50 50 61 61 61 61
0 0 0 0 0 0 0 0 46 24 9 11 29 38 16 54 56 53 27 20 18 11 101 191 191 191 191 191 191 191 191 191 0 55 55 55 0 0 0 66 66 66 66 66 66 58 105 105 105 0 0 0 0 0 0 0 0 0 0 0 0 0 0 0 100 100 100 100 100 37 37 37 -9999 37 47 47 47 50 50 61 61 61
0 0 0 0 66 66 0 0 107 126 109 21 69 152 32 23 21 18 19 72 76 46 183 191 191 191 55 55 55 191 191 55 55 55 55 55 55 66 66 66 66 66 66 66 58 58 58 58 0 0 0 0 0 0 0 0 0 0 0 0 0 0 0 0 0 93 100 100 100 37 37 -9999 37 37 47 47 47 47 47 61 61 61
0 0 -9999 -9999 -9999 -9999 66 66 16 1 9 8 131 83 31 54 17 19 8 67 23 88 205 99 55 55 55 55 55 55 55 55 55 55 55 55 55 66 66 66 66 66 66 66 58 58 58 58 0 0 0 0 0 0 0 35 0 0 0 0 0 0 0 93 93 93 37 37 37 37 -9999 37 37 47 47 47 47 47 47 47 47 61
0 -9999 -9999 -9999 -9999 -9999 66 66 -9999 -9999 -9999 1 19 -9999 13 33 18 23 23 18 70 143 249 59 55 55 55 55 55 55 55 55 55 55 55 55 66 66 66 66 66 66 66 58 58 58 58 58 58 0 0 0 0 0 35 35 35 35 35 35 35 35 35 35 93 93 37 37 37 -9999 37 37 47 47 47 47 47 47 47 47 47 47
0 -9999 -9999 -9999 -9999 -9999 -9999 -9999 -9999 -9999 -9999 0 -9999 -9999 -9999 48 8 19 18 59 109 84 45 72 55 55 55 55 55 55 55 55 55 55 66 66 66 66 66 66 66 66 66 58 58 58 58 58 58 0 0 0 0 0 35 35 35 35 0 0 35 35 35 35 93 37 37 37 -9999 37 37 47 47 47 47 47 47 47 47 47 47 47
-9999 -9999 -9999 -9999 -9999 -9999 -9999 -9999 -9999 -9999 -9999 -9999 -9999 -9999 -9999 23 9 36 129 108 59 34 58 19 55 55 55 55 55 55 55 55 177 55 66 66 66 66 66 66 66 66 58 58 58 58 58 58 58 58 0 0 0 35 35 35 0 0 0 0 35 35 35 35 93 93 37 37 37 37 37 37 0 0 0 47 47 47 47 47 47 47
-9999 -9999 -9999 -9999 -9999 -9999 -9999 -9999 -9999 -9999 -9999 -9999 -9999 -9999 -9999 -9999 -9999 -9999 -9999 49 61 45 42 35 55 55 55 55 55 55 55 55 177 177 66 66 66 66 66 66 66 66 58 58 58 58 58 58 58 58 224 221 35 35 35 0 0 0 0 0 35 35 35 35 93 93 93 -9999 37 37 37 0 0 0 0 47 47 47 47 47 47 183
-9999 -9999 -9999 -9999 120 -9999 -9999 -9999 -9999 -9999 -9999 -9999 -9999 -9999 -9999 -9999 -9999 -9999 -9999 -9999 40 62 41 45 55 55 177 177 55 55 55 177 177 177 66 66 66 66 66 66 66 66 58 58 58 58 58 224 224 224 221 221 35 35 0 0 0 0 0 0 35 117 35 35 35 93 -9999 72 72 37 0 0 0 0 -9999 -9999 47 183 183 183 183 183
-9999 -9999 -9999 -9999 116 174 -9999 -9999 -9999 -9999 -9999 -9999 -9999 -9999 -9999 -9999 -9999 -9999 -9999 -9999 -9999 113 84 40 177 177 177 177 177 177 177 177 177 177 177 177 66 66 66 66 66 58 58 58 58 58 58 224 224 221 221 35 35 0 0 0 0 0 0 0 117 117 35 35 35 -9999 72 72 72 72 0 0 -9999 -9999 -9999 -9999 -9999 45 -9999 183 183 183
