04_184A001/bm_lehtip_juuret.asc
ncols 378
nrows 390
xllcorner 613424
yllcorner 6870896
cellsize 16
nodata_value -9999
[rows 36 to 71 of 390, columns 160 to 239 of 378]
-9999 -9999 -9999 -9999 -9999 -9999 -9999 -9999 -9999 -9999 -9999 -9999 -9999 -9999 -9999 0 0 0 0 0 0 0 0 0 0 0 0 0 0 0 0 0 0 0 0 0 0 550 550 550 550 550 550 550 550 550 550 16 16 16 16 16 16 16 319 333 333 333 333 0 0 0 0 0 0 171 171 171 427 1157 1157 176 176 176 -9999 -9999 -9999 -9999 -9999 -9999
-9999 -9999 -9999 -9999 -9999 -9999 -9999 -9999 -9999 -9999 -9999 -9999 -9999 -9999 0 0 0 0 0 0 0 0 0 0 0 0 0 0 0 0 0 0 0 0 0 0 0 550 550 550 550 550 550 550 550 550 550 550 16 16 16 16 16 16 0 333 333 333 333 333 333 0 0 0 171 171 171 171 -9999 1157 1157 176 176 176 -9999 -9999 -9999 -9999 -9999 -9999
-9999 -9999 -9999 -9999 -9999 -9999 -9999 -9999 -9999 -9999 -9999 -9999 -9999 0 0 0 0 0 0 0 0 0 0 0 0 0 0 0 0 0 0 0 0 0 0 0 0 0 0 550 550 550 550 550 550 550 550 550 550 16 16 16 16 16 0 0 0 333 333 333 333 333 0 139 139 171 171 -9999 1157 0 0 0 0 176 176 -9999 -9999 -9999 -9999 -9999
-9999 -9999 -9999 -9999 -9999 -9999 -9999 -9999 -9999 -9999 -9999 -9999 -9999 0 0 0 0 0 0 0 0 0 0 0 0 0 0 0 0 0 0 0 0 0 0 0 0 0 0 550 550 550 550 550 550 550 550 550 578 16 16 16 16 16 0 0 0 0 333 333 333 333 139 139 139 171 171 -9999 1157 0 0 0 0 0 176 -9999 -9999 -9999 -9999 -9999
0 0 0 -9999 -9999 -9999 -9999 -9999 -9999 -9999 382 382 0 0 0 0 0 0 0 0 0 0 0 0 0 0 0 0 0 0 0 0 0 0 0 0 0 0 550 550 550 550 550 550 550 550 550 578 578 578 16 16 16 16 16 16 0 0 0 333 333 139 139 139 171 171 -9999 1157 1157 0 0 0 0 0 0 0 -9999 -9999 -9999 -9999
0 0 0 0 0 0 0 0 0 382 382 382 382 382 0 0 0 0 0 0 0 0 0 108 108 0 0 0 0 0 0 0 0 0 0 0 0 0 550 550 550 550 550 550 550 550 550 578 578 578 578 16 16 16 16 16 16 0 0 0 333 139 139 139 171 171 -9999 1157 1157 0 0 0 0 0 0 0 -9999 -9999 -9999 -9999
0 321 321 0 0 0 0 0 0 0 382 382 382 0 0 0 0 0 108 108 108 108 108 108 108 108 108 159 159 159 159 0 0 0 0 0 0 159 550 550 550 550 550 550 550 550 578 578 578 578 578 578 16 16 16 16 16 16 16 0 139 139 139 139 139 -9999 1157 1157 1157 1157 0 0 0 0 0 0 -9999 -9999 -9999 -9999
0 321 321 321 321 0 0 0 0 382 382 382 80 80 0 108 108 108 108 108 108 108 108 108 108 108 159 159 159 159 159 159 0 0 0 159 159 159 550 550 550 550 550 550 550 578 578 578 578 578 578 578 578 16 16 16 16 16 16 139 139 139 139 139 139 225 1157 1157 1157 1157 1157 1157 0 0 0 0 2442 -9999 -9999 -9999
321 321 321 321 321 321 321 0 0 382 382 382 80 80 80 80 80 108 108 108 108 108 108 108 108 159 159 159 159 159 159 159 159 159 159 159 159 159 550 550 550 550 550 550 550 578 578 578 578 578 578 578 578 578 16 16 16 16 139 139 139 139 139 139 -9999 225 1157 1157 1157 1157 1157 1157 1157 1157 1157 168 168 -9999 -9999 -9999
609 321 321 609 321 321 321 382 382 382 382 179 179 80 80 80 80 80 80 80 80 108 108 108 108 159 159 159 159 159 159 159 159 159 159 159 159 550 550 550 550 550 550 550 578 578 578 578 578 578 578 578 578 578 578 16 16 139 139 139 200 200 200 200 225 225 225 225 1157 1157 1157 1157 1157 1157 168 168 168 -9999 -9999 -9999
609 609 609 609 609 382 382 382 382 382 179 179 179 179 80 80 80 80 80 80 80 80 80 108 159 159 159 159 159 159 159 159 159 159 159 159 159 550 550 550 550 550 550 578 578 578 578 578 578 578 578 578 578 578 578 578 139 139 139 139 200 200 200 -9999 225 225 225 225 225 1157 1157 1157 1157 168 168 168 168 168 -9999 -9999
609 609 609 609 382 382 382 382 382 179 179 179 179 179 179 179 80 80 80 80 80 80 80 0 0 0 159 159 159 159 159 159 159 159 159 159 550 550 550 550 550 550 550 550 578 578 578 578 578 578 578 578 578 578 578 578 200 200 200 200 200 200 200 200 225 225 225 225 225 225 225 1157 168 168 168 168 168 168 -9999 -9999
609 382 382 382 382 382 382 382 179 179 179 179 179 179 179 145 145 145 145 145 80 80 80 0 0 0 0 0 159 159 159 159 159 159 159 159 677 550 550 550 550 550 550 550 550 550 578 578 578 578 578 578 578 578 578 200 200 200 200 200 200 200 -9999 200 200 225 225 225 225 225 225 1157 168 168 168 168 168 168 -9999 -9999
382 382 382 382 384 -9999 107 382 179 179 179 179 179 179 145 145 145 145 145 145 145 145 0 0 0 0 0 0 159 159 159 159 159 159 677 677 677 677 677 550 550 550 550 550 550 550 550 578 578 578 578 578 578 578 200 200 200 200 200 200 200 -9999 200 200 200 200 225 225 225 225 225 290 168 168 168 168 168 168 -9999 -9999
-9999 -9999 419 375 375 375 375 272 -9999 179 179 179 179 179 145 145 145 145 145 145 145 145 0 0 0 0 0 0 0 0 159 159 159 677 677 677 677 677 677 677 550 550 550 550 550 550 550 550 550 578 578 578 578 578 200 200 200 200 200 200 200 -9999 0 200 200 225 225 225 225 225 290 290 290 168 168 168 168 168 -9999 -9999
375 375 375 375 375 375 35 35 35 -9999 179 179 145 145 145 145 145 145 145 145 145 0 0 0 0 0 0 0 282 0 0 0 0 677 677 677 677 677 677 677 550 550 550 550 550 550 550 550 550 550 578 578 578 578 0 200 200 200 200 200 -9999 0 0 0 944 944 225 225 225 290 290 290 290 290 290 290 168 168 168 -9999
375 375 375 375 375 639 639 35 35 35 -9999 145 145 145 145 145 145 145 145 145 0 0 0 0 0 0 0 0 282 0 0 0 0 0 0 677 677 677 677 677 677 550 550 550 550 550 550 550 550 550 550 550 578 578 0 0 200 200 0 200 0 0 0 0 0 944 944 944 855 290 290 290 290 290 290 290 290 290 290 -9999
375 375 375 375 639 639 639 35 35 35 5 -9999 145 145 145 145 145 145 145 145 0 0 0 0 0 0 0 282 282 0 0 0 0 0 0 677 677 677 677 677 677 550 550 550 550 550 550 550 550 550 550 550 550 550 0 0 0 0 0 -9999 0 0 0 0 944 944 944 855 855 855 290 290 290 290 290 290 290 290 290 -9999
375 375 375 375 639 639 639 35 35 5 5 5 -9999 145 145 145 145 145 145 190 190 190 282 282 0 282 282 282 282 0 0 0 0 0 0 0 677 677 677 677 677 550 550 550 550 550 550 550 550 550 550 550 550 550 550 0 0 0 -9999 0 0 0 0 0 944 944 855 855 855 855 290 290 290 2466 2466 2466 290 290 290 -9999
375 375 375 639 639 639 35 35 35 5 5 5 5 -9999 145 145 145 145 145 190 190 190 190 190 282 282 282 282 0 0 0 0 0 0 0 0 0 677 677 677 677 677 550 550 550 550 550 550 550 550 550 550 550 550 550 2985 0 0 -9999 0 0 0 0 0 944 855 855 855 855 292 292 290 2466 2466 2466 2466 2466 2466 2466 -9999
375 375 639 639 639 639 639 35 35 5 5 5 5 5 -9999 145 145 145 190 190 190 190 190 190 190 190 190 282 0 0 0 0 0 0 0 0 0 0 677 677 677 677 550 550 550 550 550 550 550 550 550 550 550 550 2985 2985 2985 -9999 0 0 0 0 0 0 944 855 855 855 855 292 292 292 2466 2466 2466 2466 2466 2466 2466 2466
1781 463 639 639 639 639 639 35 35 5 5 5 5 5 5 -9999 145 190 190 190 190 190 190 190 190 190 190 0 0 0 0 0 0 0 0 0 0 0 677 677 677 677 677 550 550 550 550 550 550 -9999 550 550 550 550 2985 2985 2985 0 0 0 0 0 0 0 855 855 855 855 292 292 292 292 2466 2466 2466 2466 2466 2466 2466 2466
463 463 463 463 639 639 639 35 35 5 5 5 5 5 5 5 -9999 0 190 190 190 190 190 190 190 190 0 0 0 0 0 0 0 0 0 0 0 0 0 0 0 677 677 550 550 550 550 550 550 550 550 550 2985 2985 2985 2985 -9999 0 0 0 0 0 0 855 855 855 855 292 292 292 292 292 2466 2466 2466 2466 2466 2466 2466 2466
463 522 463 463 463 522 522 639 5 5 5 5 5 488 5 5 190 190 -9999 190 190 190 190 190 190 0 0 0 0 0 0 0 0 0 0 0 0 0 0 0 0 0 0 0 0 1085 1085 550 550 550 550 550 2985 2985 2985 -9999 0 0 0 0 0 0 903 903 855 292 292 292 292 292 292 2466 2466 2466 2466 2466 2466 2466 2466 176
522 522 522 463 463 522 522 639 639 5 5 5 488 488 488 5 190 190 190 190 -9999 190 190 190 134 134 134 134 134 134 134 0 0 0 0 0 0 0 0 0 0 0 0 0 0 1085 1085 1085 1085 1085 1085 1085 1085 2985 2985 -9999 0 0 0 0 0 903 903 903 292 292 292 292 292 292 292 2466 2466 2466 2466 2466 2466 2466 2466 2466
522 522 522 463 522 522 522 522 522 639 5 488 488 488 488 508 508 190 190 190 508 508 -9999 134 134 134 134 134 134 134 134 134 134 0 0 0 0 0 0 0 0 0 0 0 0 1085 1085 1085 1085 1085 1085 1085 1085 219 -9999 0 0 0 0 0 903 903 903 903 903 292 292 292 292 903 903 2466 2466 2466 2466 2466 2466 2466 2466 2466
522 522 522 522 522 522 522 522 522 639 5 5 488 488 508 508 508 508 508 -9999 508 508 508 508 -9999 134 134 134 134 134 134 134 134 0 0 0 0 0 0 0 0 0 0 0 1085 1085 348 -9999 -9999 -9999 -9999 -9999 111 111 111 -9999 0 0 0 903 903 903 903 903 903 903 903 903 903 903 903 903 2466 2466 2466 2466 2466 2466 2466 2466
463 522 522 522 522 522 522 522 522 639 5 5 5 488 508 508 508 508 -9999 508 508 508 508 504 504 200 -9999 134 134 134 134 134 0 0 0 0 0 0 0 0 0 0 5 -9999 12 327 327 327 327 111 111 111 111 111 111 111 -9999 64 903 903 903 903 903 903 903 903 903 903 903 903 903 2466 2466 2466 2466 2466 2466 547 2466 2466
458 522 522 522 522 522 522 522 522 522 522 5 5 0 508 508 508 -9999 508 508 508 504 504 504 504 504 450 345 -9999 134 134 134 134 0 0 0 0 0 0 0 0 -9999 327 327 327 327 327 327 111 111 111 111 111 111 111 111 111 864 -9999 -9999 903 903 903 903 903 903 903 2466 2466 2466 2466 2466 2466 2466 2466 547 547 547 547 547
458 458 458 522 522 522 522 522 522 522 522 5 5 0 0 0 0 508 508 508 508 504 504 450 450 450 450 450 10 -9999 -9999 134 134 0 0 0 0 0 0 -9999 327 327 327 327 327 327 327 111 111 111 111 111 111 111 111 111 111 864 864 864 -9999 903 903 2466 2466 2466 2466 2466 2466 2466 2466 2466 2466 2466 2466 2466 547 547 547 547
458 458 458 458 522 522 522 522 522 522 522 5 0 0 0 0 -9999 0 0 508 504 504 504 450 450 450 450 10 10 10 10 -9999 -9999 -9999 -9999 -9999 -9999 -9999 327 327 327 327 327 327 327 327 327 111 111 111 111 111 111 111 111 111 864 864 864 864 864 -9999 903 2466 2466 2466 2466 2466 2466 2466 2466 1881 1881 2466 2466 2466 547 547 547 547
458 458 458 458 458 458 522 522 522 522 522 0 0 0 0 -9999 0 0 0 0 504 504 504 450 450 10 10 10 10 10 10 327 327 327 327 327 327 327 327 327 327 327 79 79 79 79 79 814 111 111 111 111 111 111 111 864 864 864 864 864 864 -9999 1881 1881 2466 2466 1881 1881 1881 1881 1881 1881 1881 563 563 563 563 547 547 547
458 458 458 458 458 458 458 458 522 522 522 0 0 0 -9999 0 0 0 0 0 0 504 504 450 450 10 10 10 10 10 327 327 327 327 327 327 327 327 79 79 79 79 79 79 79 79 814 814 814 111 111 111 111 111 864 864 864 864 864 864 864 864 -9999 1881 1881 1881 1881 1881 154 154 1881 1881 1881 563 563 563 563 563 547 547
458 458 458 1720 1720 458 458 458 1720 522 0 -9999 -9999 -9999 0 0 0 0 0 0 0 0 504 450 450 10 10 10 10 10 327 327 327 327 327 327 327 79 79 79 79 79 79 79 79 79 79 814 814 814 111 111 111 864 864 864 864 864 864 864 864 864 -9999 1881 1881 1881 154 154 154 154 1881 1881 563 563 563 563 563 563 563 547
1720 1720 1720 1720 1720 1720 1720 1720 1720 -9999 0 0 0 -9999 0 0 0 0 0 0 0 0 0 450 450 450 450 10 10 10 327 327 79 79 79 79 79 79 79 79 79 79 79 79 79 79 814 814 814 814 814 111 0 0 864 864 864 864 864 864 864 864 864 1881 154 154 154 154 154 1881 1881 1881 1881 563 563 563 563 563 563 563
-9999 1720 1720 1720 1720 1720 1720 1720 -9999 181 92 0 0 0 0 0 0 0 0 0 0 0 450 450 450 450 1308 1308 1308 1308 79 79 79 79 79 79 79 79 79 79 79 0 0 0 0 0 814 814 814 814 814 0 0 0 0 864 864 864 864 864 864 864 864 580 154 154 154 154 154 154 154 257 1881 563 563 563 563 563 563 563
