04_184A001/bm_lehtip_juuret.asc
ncols 378
nrows 390
xllcorner 613424
yllcorner 6870896
cellsize 16
nodata_value -9999
[rows 324 to 359 of 390, columns 240 to 319 of 378]
1656 1656 1656 1656 1656 1656 1656 1656 1656 755 -9999 -9999 -9999 -9999 -9999 -9999 -9999 -9999 437 437 1821 1821 1821 1821 1821 2535 1869 264 264 264 264 526 526 526 526 526 526 526 526 526 526 526 526 526 526 526 526 526 0 0 0 0 0 0 551 35 35 35 35 35 35 35 35 -9999 0 0 0 0 0 0 0 758 758 758 758 172 172 172 172 172
1330 1656 1656 1656 1656 1656 1656 1656 1656 345 345 -9999 1035 441 -9999 345 345 345 345 -9999 -9999 1821 1821 1821 1821 1821 1869 1869 1869 1869 1869 526 526 526 526 526 426 426 426 526 526 526 526 526 526 526 526 526 0 0 0 0 0 0 575 575 575 575 35 35 35 35 -9999 17 17 0 0 0 0 0 576 576 576 576 172 172 172 172 172 172
1330 1330 1330 1330 1330 1330 1330 1330 1656 345 345 345 345 345 345 345 345 345 345 345 345 232 -9999 -9999 1821 1869 1869 1869 1869 1869 1869 1869 526 526 526 426 426 426 426 426 526 526 526 526 526 526 526 526 0 0 0 0 575 575 575 575 575 575 575 575 575 -9999 17 17 17 17 0 0 0 0 576 576 576 576 378 172 172 172 172 172
24 1330 1330 1330 1330 1330 1330 1330 1656 345 345 345 345 345 345 1491 1491 1491 1491 345 345 345 345 345 584 -9999 441 1869 1869 1869 1869 1869 311 311 526 426 426 426 426 526 526 526 526 526 526 526 526 526 0 0 0 0 575 575 575 575 575 575 575 -9999 17 17 17 17 17 17 17 17 17 576 576 576 576 576 378 378 172 172 162 162
24 24 24 24 1330 1330 1330 1330 1656 345 345 345 345 345 345 345 1491 1491 1491 1491 1491 345 345 345 1869 1869 1869 -9999 -9999 1869 1869 1869 311 311 311 426 426 426 426 526 526 526 526 526 200 526 200 526 503 503 503 503 575 575 575 575 575 575 -9999 17 17 17 17 17 17 17 17 17 17 576 576 576 576 576 378 378 172 162 162 162
24 24 24 24 24 24 24 24 345 345 345 345 345 0 0 0 0 0 0 0 1491 1491 345 345 1869 1869 1869 1869 1869 622 -9999 1869 1869 311 311 311 426 426 426 426 526 526 526 526 200 200 200 200 503 503 503 503 503 575 575 575 -9999 17 17 0 0 17 0 17 17 17 17 17 576 576 576 576 576 576 378 378 378 162 162 162
24 24 24 24 24 24 24 24 1196 1196 345 0 0 0 0 0 0 0 0 0 0 0 1491 0 0 1869 1869 1869 1869 1869 1869 1869 -9999 -9999 -9999 -9999 1713 -9999 -9999 -9999 -9999 -9999 -9999 -9999 -9999 200 200 200 503 503 503 503 503 575 -9999 -9999 0 17 0 0 0 0 0 0 17 17 17 576 576 576 652 652 652 576 378 378 378 162 162 162
24 24 24 24 24 24 24 24 1196 1196 1196 660 660 660 660 660 2609 2609 0 0 0 0 0 0 0 0 0 2025 2025 1869 1869 311 311 311 311 311 311 850 850 850 850 850 850 850 850 850 -9999 -9999 -9999 -9999 -9999 -9999 -9999 0 0 0 0 0 0 0 0 0 0 0 17 17 17 652 652 652 652 652 652 652 378 378 378 378 378 162
24 24 24 24 24 24 24 1196 1196 1196 660 660 660 660 660 660 2609 2609 2609 2609 2609 952 952 0 0 2025 2025 2025 2025 2025 2025 311 311 311 311 311 311 850 850 850 850 850 850 850 850 850 236 236 236 236 236 236 0 0 0 0 0 0 0 0 0 0 0 0 0 520 652 652 652 652 652 652 652 652 378 378 378 378 378 378
24 24 24 24 24 24 24 1196 1196 1196 1196 1196 660 660 660 660 2609 2609 2609 2609 952 952 952 952 952 0 0 0 0 2025 311 311 311 311 311 311 311 850 850 850 850 850 850 850 850 850 236 236 236 236 236 236 0 0 0 0 0 0 0 0 520 520 520 520 520 652 652 652 652 652 652 652 652 1692 1692 378 378 378 378 378
607 24 24 24 24 24 24 1196 1196 1196 1196 1196 1196 660 660 660 660 2609 925 925 952 952 952 952 952 0 0 0 0 0 2025 311 311 311 311 311 311 850 850 850 850 850 850 850 850 0 0 236 236 236 236 236 0 0 0 0 0 0 0 520 520 520 0 0 520 652 652 652 652 652 652 652 652 1692 1692 1692 378 378 378 378
607 607 607 24 24 24 24 1196 1196 1196 1196 1196 1196 1196 660 660 660 660 925 925 952 952 952 952 952 0 0 0 0 0 2025 2025 2025 2025 850 850 850 850 850 850 850 850 850 850 850 0 0 0 236 236 236 236 0 0 0 0 0 0 520 520 520 0 0 0 652 652 652 652 652 652 652 652 652 1692 1692 1692 1692 378 378 378
607 607 607 607 607 24 1196 1196 1196 1196 1196 1196 1196 1196 1196 660 660 925 925 925 925 952 952 952 0 0 0 0 0 0 0 0 2025 2025 850 850 850 850 850 850 850 461 850 850 850 850 0 0 0 236 236 0 0 0 0 0 0 520 520 520 0 0 0 0 652 652 652 652 652 652 652 652 652 1692 1692 1692 1692 378 378 378
0 0 607 607 607 607 1196 1196 1196 1196 1196 1196 1196 1196 1196 293 293 293 293 293 952 952 952 952 0 0 0 0 0 0 0 293 461 461 461 461 850 850 850 461 461 461 461 461 850 0 0 0 0 0 0 0 0 0 0 0 0 520 520 520 0 0 0 652 652 652 652 652 652 652 652 652 652 1692 1692 1692 1692 1692 378 378
0 0 0 0 0 0 607 607 1196 1196 1196 1196 1196 293 293 293 293 293 293 293 293 293 293 293 293 293 293 293 293 293 293 293 461 461 461 461 461 461 461 461 461 461 0 0 0 0 0 0 0 0 0 0 0 0 0 0 0 0 0 0 0 0 450 652 652 652 652 652 652 652 652 652 652 1692 1692 1692 1692 1692 1692 1692
0 0 0 0 0 0 121 607 607 607 607 607 293 293 293 293 293 293 293 293 293 293 293 293 293 293 293 293 293 293 293 293 293 293 293 293 461 461 0 0 461 0 0 0 0 0 0 0 0 0 0 0 440 440 154 154 154 0 0 0 0 0 450 652 652 652 652 652 652 652 652 652 652 1692 1692 1692 1692 1692 1692 1692
0 0 0 0 0 0 121 121 121 607 607 607 607 607 607 607 607 607 0 0 293 293 293 293 293 293 293 293 293 293 293 293 293 293 293 0 0 0 0 0 0 0 191 191 191 0 0 0 0 0 0 0 440 440 154 154 154 0 0 0 0 450 450 450 652 652 652 652 652 652 652 652 1692 1692 1692 1692 1692 1692 1692 0
121 121 121 121 0 0 121 121 121 121 121 121 121 607 607 607 607 607 0 0 0 0 0 0 0 0 0 293 293 293 293 293 293 0 0 0 0 0 0 0 191 191 191 191 191 0 0 0 0 0 0 0 0 440 154 154 154 0 0 0 450 450 450 450 450 450 652 652 652 652 652 652 1692 1692 1692 1692 1692 1692 0 0
121 121 121 121 121 121 121 121 121 121 121 121 121 121 121 121 121 121 0 0 0 0 0 0 0 0 0 0 0 0 0 0 0 0 0 0 0 0 0 0 191 191 191 191 191 0 0 0 0 0 0 0 2219 2219 440 440 154 154 0 0 450 450 450 450 450 450 205 205 205 205 652 652 1692 1692 1692 1692 1692 0 0 0
121 121 121 121 121 121 121 121 121 121 121 121 121 121 121 121 121 121 0 0 0 0 0 0 0 0 0 0 0 0 0 0 0 0 458 458 458 458 458 458 191 191 191 191 191 191 0 0 0 0 0 0 2219 2219 2219 440 440 154 154 450 450 450 450 450 450 450 205 205 205 205 205 652 1692 1692 1692 1692 1692 0 0 0
758 121 121 121 121 121 121 121 121 121 121 121 121 121 121 121 121 121 121 121 121 0 0 0 0 0 0 0 0 0 0 0 0 458 458 458 458 458 458 458 458 191 191 191 191 191 0 0 0 0 0 2219 2219 2219 2219 440 440 440 154 450 450 450 450 450 450 205 205 205 205 205 652 652 1692 1692 1692 1692 1692 0 0 0
758 758 121 121 121 121 121 121 121 121 121 121 121 121 121 121 121 121 121 121 121 0 0 0 0 0 0 0 0 0 0 0 458 458 458 458 458 458 458 458 458 0 0 191 191 0 0 0 0 0 0 2219 2219 2219 2219 2219 2219 440 359 359 359 359 359 450 450 205 205 205 205 205 205 652 1692 1692 1692 1692 1692 1692 0 0
758 758 121 121 121 121 121 121 121 121 121 121 121 121 121 121 121 121 121 121 121 0 0 0 0 0 0 0 0 0 0 458 458 458 458 458 458 458 458 458 458 0 0 0 191 0 0 0 0 0 0 2219 2219 2219 2219 2219 2219 1009 1009 359 359 359 359 359 450 450 205 205 205 205 205 205 1692 444 444 1692 1692 1692 0 0
758 758 758 121 121 121 121 121 121 121 121 121 121 121 121 121 121 121 121 121 121 0 0 0 0 0 0 0 0 0 458 458 458 458 458 458 458 1644 1644 458 0 0 0 0 0 0 0 0 0 0 2219 2219 2219 2219 2219 2219 2219 1009 1009 1009 220 220 220 359 359 359 205 205 205 205 205 205 444 444 444 444 444 444 444 444
758 758 758 758 121 121 121 121 121 121 121 121 121 121 121 121 121 121 121 121 121 121 121 0 0 0 0 0 458 458 458 458 458 458 458 458 458 1644 1644 0 0 0 0 0 1629 1629 0 0 0 0 2219 2219 2219 2219 2219 2219 1009 1009 1009 1009 1009 1009 220 220 359 359 359 205 205 205 205 807 444 444 807 807 807 444 444 444
758 758 758 758 758 121 121 121 121 121 121 121 121 121 121 121 121 121 121 121 121 121 121 121 0 0 0 1332 458 458 458 458 458 458 458 458 1644 1644 0 0 0 0 0 1629 1629 1629 1629 1629 0 2219 2219 2219 2219 2219 2219 1009 1009 1009 1009 1009 1009 1009 220 220 220 220 205 220 205 205 205 807 807 807 807 807 807 807 807 807
758 758 121 121 121 758 121 121 121 121 121 121 121 121 121 121 121 121 121 121 121 121 121 121 121 121 1362 1332 1332 458 458 458 458 458 458 458 1644 1644 0 0 0 1629 1629 1629 1629 1629 1629 1629 1629 2219 2219 2219 2219 2219 2219 1009 1009 1009 1009 1009 1009 1009 220 220 220 220 220 220 220 205 220 807 807 807 807 807 807 807 807 807
758 758 121 121 758 758 121 121 121 121 121 121 121 121 121 121 121 121 121 121 121 121 121 121 121 1362 1362 1332 1332 458 458 458 458 458 458 1644 1644 0 0 0 1629 1629 1629 1629 1629 1629 1629 1629 532 1629 1629 2219 2219 2219 1009 1009 1009 1009 1009 1009 1009 220 220 220 220 220 220 220 220 220 220 807 807 807 807 807 807 348 348 348
758 121 121 121 758 758 121 121 121 121 121 121 121 121 121 121 121 121 121 121 121 121 121 121 1362 1362 1362 1362 1332 1332 1332 458 1332 458 1332 1644 0 0 0 730 1629 1629 1629 1629 1629 1629 1629 1629 532 532 532 1629 1629 2219 1009 1009 1009 1009 1009 1009 220 220 220 220 220 220 220 220 220 220 220 807 807 807 807 807 807 348 348 348
121 121 121 121 758 121 121 121 121 121 121 121 121 121 121 121 121 121 121 121 121 121 121 1362 1362 1362 1362 1362 1362 1332 1332 1332 1332 1332 1332 1332 0 0 730 730 730 1629 1629 1629 1629 1629 1629 532 532 532 532 532 532 532 532 1629 1009 1009 1009 220 220 220 220 220 220 220 220 220 220 220 220 807 807 807 807 348 348 348 348 348
-9999 121 121 121 121 121 121 121 121 121 121 121 121 121 121 121 121 121 121 121 121 121 1477 1362 1362 1362 1362 1362 1362 1332 1332 1332 1332 1332 1332 0 0 0 730 730 730 730 1629 532 532 1629 532 532 532 532 532 532 532 532 532 532 1629 1629 1009 1009 1009 220 220 220 220 220 220 220 220 220 220 807 807 807 348 348 348 348 348 348
1632 121 121 121 121 121 121 121 121 121 121 121 121 121 121 121 121 121 121 121 1477 1477 1477 1477 1362 1362 1362 1362 1362 266 266 1332 1332 1332 0 0 0 0 0 0 730 730 730 730 532 532 532 532 532 532 532 532 532 532 532 532 1629 1629 1629 1629 1009 1009 1009 220 220 220 220 220 220 220 807 807 807 0 0 0 348 348 348 348
1632 -9999 121 121 121 121 121 121 121 121 121 121 121 121 121 121 121 121 121 1477 1477 1477 1477 1477 1477 1362 1362 1362 266 266 266 266 266 1332 0 0 0 0 0 0 0 730 730 730 730 730 420 532 532 532 532 532 532 532 532 532 1629 1629 532 1629 532 1316 1316 220 220 220 220 220 220 220 807 807 0 0 0 0 0 0 348 348
-9999 427 -9999 121 121 121 121 121 121 121 121 121 121 121 121 121 121 121 0 1477 1477 1477 1477 2555 2555 1362 1362 1362 1362 1332 1332 266 1332 0 0 0 0 0 0 0 0 0 730 730 730 730 420 420 420 420 532 532 532 532 532 532 1629 532 532 532 532 1316 1316 1316 1316 1316 220 220 220 220 807 807 0 0 0 0 0 0 0 348
-9999 427 427 -9999 121 121 121 121 121 121 121 121 121 121 121 121 121 0 0 0 0 1477 2555 2555 2555 2555 1362 1332 1332 1332 1332 1332 1547 0 0 0 0 0 0 0 0 0 0 730 730 420 420 420 420 420 420 420 420 532 532 532 532 532 532 532 1316 1316 1316 1316 1316 1316 1316 1316 220 220 807 0 0 0 0 0 0 0 0 0
-9999 -9999 -9999 -9999 -9999 121 121 121 121 121 121 121 121 121 121 121 0 0 0 0 0 2555 2555 2555 2555 2555 1332 1332 1332 1332 1332 1332 1547 1547 0 0 0 0 0 0 0 0 0 0 420 420 420 420 420 420 420 420 420 420 282 282 532 532 532 532 1316 1316 1316 1316 1316 1316 1316 1316 1316 1872 2102 0 0 0 0 0 0 0 0 0
