04_184A001/bm_lehtip_neulaset.asc
ncols 378
nrows 390
xllcorner 613424
yllcorner 6870896
cellsize 16
nodata_value -9999
[rows 288 to 323 of 390, columns 246 to 327 of 378]
154 154 154 154 154 154 154 154 154 154 20 174 174 174 174 174 150 236 236 236 236 236 -9999 -9999 -9999 -9999 129 129 41 -9999 -9999 -9999 -9999 -9999 -9999 -9999 -9999 -9999 -9999 -9999 -9999 39 32 32 32 32 32 32 32 32 32 28 28 28 28 151 151 151 151 129 -9999 -9999 -9999 -9999 -9999 -9999 -9999 -9999 -9999 -9999 -9999 -9999 -9999 -9999 -9999 -9999 -9999 -9999 -9999 -9999 -9999 -9999
154 154 154 154 154 154 154 154 154 20 20 174 174 174 174 174 150 150 236 236 236 -9999 242 242 242 242 -9999 -9999 454 -9999 -9999 39 39 39 39 39 39 39 39 39 39 32 32 32 32 32 32 32 32 32 28 28 28 28 5 151 151 151 151 129 -9999 -9999 -9999 -9999 -9999 -9999 -9999 -9999 -9999 -9999 -9999 -9999 -9999 -9999 -9999 -9999 -9999 -9999 -9999 -9999 -9999 -9999
154 154 154 154 154 154 154 154 20 20 20 174 174 174 174 174 150 150 236 236 236 -9999 242 242 242 242 242 242 -9999 -9999 -9999 39 39 39 39 39 39 39 39 32 32 32 32 32 32 32 32 32 32 32 28 28 28 28 -9999 151 151 151 151 151 129 -9999 -9999 -9999 -9999 -9999 -9999 -9999 -9999 -9999 -9999 -9999 -9999 -9999 -9999 -9999 -9999 -9999 -9999 -9999 -9999 -9999
154 154 154 154 154 154 154 20 20 20 20 174 174 174 174 174 174 150 236 236 -9999 236 242 242 242 242 242 242 242 242 242 32 32 32 32 32 32 32 32 32 32 32 32 32 32 32 32 32 32 32 28 28 28 -9999 151 151 151 151 151 151 129 129 -9999 -9999 -9999 -9999 -9999 -9999 -9999 -9999 -9999 -9999 -9999 -9999 -9999 -9999 -9999 -9999 -9999 -9999 -9999 -9999
154 154 154 154 154 154 154 20 20 20 20 174 174 174 174 174 150 150 236 236 -9999 236 242 242 242 242 242 242 242 242 242 32 32 32 32 32 32 32 32 32 32 32 32 32 32 32 32 32 32 32 32 32 28 -9999 90 151 151 151 151 151 129 151 -9999 -9999 -9999 -9999 -9999 -9999 -9999 -9999 -9999 -9999 -9999 -9999 -9999 -9999 59 -9999 -9999 -9999 -9999 -9999
154 154 154 154 154 154 20 20 20 20 20 174 174 174 174 174 150 236 236 236 236 236 242 242 242 242 242 242 242 242 32 32 32 32 32 32 32 32 32 32 32 32 32 32 32 32 32 32 32 32 32 32 -9999 90 90 151 151 151 151 151 151 -9999 -9999 -9999 -9999 -9999 -9999 -9999 -9999 -9999 -9999 -9999 -9999 -9999 -9999 59 59 -9999 -9999 -9999 -9999 -9999
154 154 154 154 154 20 20 20 20 20 20 174 174 174 174 174 236 236 236 -9999 236 236 242 242 242 242 242 242 242 26 26 26 26 32 32 32 32 32 0 0 32 32 32 32 66 32 32 32 32 32 32 -9999 90 90 90 90 151 151 151 151 151 -9999 -9999 -9999 -9999 -9999 -9999 -9999 -9999 -9999 -9999 59 59 59 59 59 59 66 66 -9999 -9999 -9999
154 154 154 154 154 111 111 20 20 111 111 111 174 174 174 236 236 236 236 -9999 236 236 242 242 242 242 242 242 26 26 26 26 26 26 32 32 32 0 0 0 0 32 32 66 66 66 32 32 32 32 32 -9999 90 90 90 90 90 151 151 151 151 -9999 -9999 -9999 -9999 59 59 -9999 -9999 59 59 59 59 59 59 59 59 66 66 66 -9999 66
154 154 154 154 111 111 111 111 111 150 111 111 174 174 236 236 236 236 236 236 236 2 2 242 242 242 242 242 225 26 26 26 26 26 32 32 0 0 0 0 0 32 66 66 66 66 32 32 32 32 -9999 90 90 90 90 90 151 151 151 151 151 151 151 -9999 -9999 25 59 59 59 59 59 59 59 59 59 59 59 66 66 -9999 -9999 -9999
154 154 154 111 111 111 111 111 150 150 150 150 174 29 29 236 236 236 -9999 236 236 2 2 2 225 225 225 225 225 225 26 26 26 26 26 0 0 0 0 0 0 0 0 66 66 66 35 35 35 -9999 46 90 90 90 90 90 90 151 151 151 151 151 151 151 151 59 59 59 59 59 59 59 59 59 59 59 66 66 66 66 66 66
154 154 111 111 111 111 111 150 150 150 150 150 29 29 29 236 236 236 -9999 236 2 2 2 2 2 225 225 225 225 225 225 26 26 26 0 0 0 0 0 0 0 0 0 66 66 35 35 35 35 -9999 46 46 46 90 90 90 90 90 90 90 151 151 151 151 151 59 59 59 59 59 59 59 34 34 34 34 66 66 66 66 66 66
100 100 111 111 111 111 111 150 150 150 150 29 29 29 29 236 236 236 236 236 2 2 2 2 2 2 225 225 225 225 225 225 26 26 0 0 0 0 0 0 0 35 35 35 35 35 35 35 -9999 46 46 46 46 46 90 90 90 90 90 90 90 151 151 151 151 59 59 59 59 59 34 34 34 34 34 34 66 66 66 66 66 66
100 49 49 49 111 111 150 150 150 49 49 29 29 236 236 236 236 -9999 236 236 2 2 2 2 2 2 2 2 225 225 225 225 26 26 0 0 0 0 0 0 0 35 35 35 35 35 35 35 -9999 46 46 46 46 46 46 90 90 90 90 90 90 151 151 151 59 34 59 34 34 34 34 34 34 34 34 34 66 66 66 66 66 66
49 49 49 49 49 150 150 150 49 49 49 49 49 49 236 236 236 -9999 236 236 2 2 2 2 2 2 2 2 2 225 225 225 26 26 26 0 0 0 0 35 35 35 35 58 35 35 35 35 -9999 46 46 46 46 46 46 90 90 90 90 90 189 151 151 151 34 34 34 34 34 34 34 34 34 34 34 34 66 66 66 66 66 66
49 49 49 49 49 150 150 49 49 49 49 49 49 49 49 236 236 236 236 236 2 2 2 2 2 2 195 2 2 2 225 225 225 26 26 26 35 35 35 35 35 35 58 58 58 35 35 35 34 46 46 46 46 46 46 46 189 189 189 189 189 189 189 189 88 88 34 88 34 34 34 34 34 34 34 66 66 66 66 66 66 66
49 49 49 49 49 150 49 49 49 49 49 49 49 49 68 236 -9999 236 236 68 68 2 2 2 2 195 195 195 2 2 195 225 225 225 26 26 35 35 35 35 58 58 58 58 58 58 58 34 34 -9999 61 46 46 46 46 189 189 189 189 189 189 189 189 189 88 88 88 88 88 88 88 34 34 34 34 66 66 66 66 66 66 66
3 49 49 49 49 49 49 49 49 49 49 49 49 49 68 132 68 68 68 68 68 68 68 68 195 195 195 195 195 195 195 195 225 225 225 26 35 35 58 58 58 58 58 58 58 58 34 34 34 34 34 -9999 26 46 46 46 189 189 46 189 189 189 189 189 88 88 88 40 40 40 34 34 34 34 34 66 66 66 66 66 66 66
3 3 49 49 49 49 49 49 49 49 49 49 49 68 68 -9999 68 68 68 68 68 68 68 68 195 195 46 46 46 46 46 46 46 46 225 225 225 225 58 58 58 58 58 58 58 55 55 34 34 34 34 34 4 46 46 46 46 46 46 46 46 189 189 189 88 88 88 40 40 40 37 37 37 37 34 118 59 44 36 -9999 -9999 -9999
3 3 49 49 49 49 49 49 49 49 49 49 68 68 -9999 68 68 68 68 68 68 68 68 68 68 46 46 46 46 46 46 46 46 46 46 225 225 225 58 58 58 58 55 55 55 55 55 55 55 55 55 34 34 -9999 46 46 46 46 46 46 46 46 189 189 189 88 40 40 40 40 37 37 37 37 37 248 201 376 61 26 -9999 -9999
3 35 49 49 49 49 49 49 49 49 49 49 68 68 -9999 68 68 68 68 68 68 68 68 68 46 46 46 46 46 46 46 46 46 46 45 45 225 225 58 58 55 55 55 55 55 55 55 55 55 55 0 0 34 34 55 55 55 55 55 55 46 46 46 46 46 88 88 40 40 37 37 37 37 37 37 159 -9999 -9999 -9999 -9999 -9999 -9999
35 35 35 35 49 343 49 343 49 343 49 68 68 -9999 68 68 68 68 68 68 68 68 68 68 46 46 46 46 46 46 46 46 46 46 45 45 45 225 225 225 55 55 55 55 0 0 0 55 55 0 0 0 0 0 -9999 55 55 55 55 55 55 55 46 46 46 46 46 37 37 37 37 37 37 -9999 -9999 136 136 136 136 136 136 136
35 35 35 35 343 343 343 343 343 343 343 77 -9999 68 68 68 68 68 68 68 68 68 68 46 46 46 46 46 46 46 46 46 46 45 45 45 45 45 225 225 0 0 0 0 0 0 0 0 0 0 0 0 0 0 -9999 55 55 55 55 55 55 55 46 46 46 46 46 46 37 37 37 58 -9999 136 136 136 136 136 136 136 136 136
35 35 35 343 343 343 343 343 343 343 77 -9999 77 77 77 68 68 68 68 68 68 68 46 46 46 46 46 46 46 46 46 46 46 45 45 45 45 45 45 45 45 45 0 0 0 0 0 0 0 0 0 0 0 0 0 -9999 239 55 239 55 55 55 55 55 46 46 46 46 46 37 -9999 79 136 136 136 136 136 136 136 136 136 136
35 35 35 343 343 343 343 343 343 343 77 -9999 77 77 77 0 0 68 68 68 68 68 46 46 46 46 46 46 46 46 46 46 45 45 45 45 45 45 45 45 45 0 0 0 0 0 0 0 0 0 0 0 0 0 0 0 -9999 239 239 239 55 55 55 55 46 46 46 46 46 -9999 46 46 46 46 136 136 136 136 136 136 136 17
35 35 35 35 343 343 343 343 343 0 0 77 77 77 0 0 0 0 0 68 68 68 46 46 46 46 46 46 46 46 46 46 45 45 45 45 45 45 45 45 45 0 0 0 0 0 0 0 0 0 0 0 0 0 0 0 239 242 -9999 239 239 55 55 55 55 46 -9999 -9999 8 8 46 46 46 46 46 46 136 136 136 136 136 17
94 94 35 35 35 94 343 343 343 0 -9999 77 77 77 0 0 0 0 0 0 0 46 46 46 46 46 46 46 46 46 46 46 45 45 45 45 45 45 45 45 0 0 0 0 51 0 0 0 0 0 0 0 0 0 0 0 0 239 239 -9999 239 239 55 55 55 37 16 0 8 8 46 46 46 46 46 46 136 136 136 136 136 17
94 94 35 35 94 94 343 343 0 0 77 77 77 77 77 0 0 0 0 0 0 0 0 46 46 46 46 46 46 46 46 45 45 45 45 45 45 45 45 45 60 51 51 51 51 51 0 0 0 0 0 0 0 0 0 0 0 239 239 239 -9999 239 239 239 239 -9999 16 0 0 8 46 46 46 46 46 46 46 136 136 136 136 17
94 94 35 94 180 180 343 343 -9999 -9999 77 77 77 77 77 77 77 0 0 0 0 0 0 0 0 46 46 46 46 46 45 45 45 45 45 45 45 45 45 60 60 60 60 60 60 51 51 51 51 0 0 0 0 0 0 0 0 0 0 239 239 -9999 5 239 -9999 16 16 0 0 8 46 46 46 46 46 46 46 46 46 46 46 17
94 94 94 94 180 180 180 77 -9999 -9999 77 77 77 77 77 77 77 261 261 261 261 261 261 0 0 0 0 46 46 46 45 45 45 45 45 45 45 45 45 60 60 60 60 60 60 51 51 51 51 51 51 51 51 0 0 42 0 0 0 0 0 0 0 -9999 78 16 16 16 16 16 46 46 46 46 46 46 46 46 46 46 17 17
281 94 94 180 180 180 180 77 -9999 -9999 77 77 77 77 77 77 77 77 261 261 261 261 261 0 0 0 0 0 0 46 45 45 45 45 45 45 45 45 60 60 60 60 60 60 60 51 51 51 51 51 51 51 51 42 42 42 42 42 0 0 0 0 -9999 78 78 16 16 16 16 16 46 46 46 46 46 46 46 46 46 46 29 0
281 281 281 180 180 180 77 77 77 -9999 77 77 77 77 77 77 77 261 261 261 261 261 261 0 0 0 0 0 0 0 57 45 45 45 45 45 45 45 60 60 60 60 60 60 60 60 51 51 51 51 51 42 42 42 42 42 42 42 42 42 0 72 78 78 78 78 16 78 78 46 20 46 46 46 46 46 46 46 46 46 0 0
281 281 281 180 180 180 77 77 77 -9999 77 77 77 77 77 77 261 261 261 261 261 261 261 261 57 0 0 0 0 57 57 57 57 45 45 45 45 60 60 60 60 60 60 60 60 60 60 51 51 51 60 60 42 42 42 42 42 42 42 42 42 81 78 78 78 78 78 78 78 20 20 20 46 46 46 46 46 46 46 46 0 0
180 180 180 143 143 143 -9999 -9999 -9999 -9999 48 48 77 77 77 77 77 261 261 261 261 261 261 261 261 57 57 57 57 57 57 57 57 57 57 45 45 60 60 60 60 60 60 60 60 60 60 60 60 60 60 60 60 60 42 42 42 42 42 42 48 0 0 0 0 78 78 78 78 20 20 20 46 46 46 46 46 46 46 46 0 0
180 143 143 143 143 -9999 -9999 -9999 -9999 -9999 48 48 48 48 77 77 77 261 261 261 261 261 261 261 261 57 57 57 57 57 57 57 57 57 57 57 57 57 60 60 60 60 60 60 60 60 60 60 60 60 60 60 60 60 60 60 42 42 42 -9999 45 0 0 0 0 0 0 78 78 20 20 20 20 46 46 46 46 46 46 0 0 0
143 143 143 143 143 -9999 -9999 -9999 -9999 -9999 48 48 48 48 48 256 261 261 261 261 261 261 6 6 261 57 57 57 57 57 57 57 57 57 57 57 57 57 57 57 57 60 60 60 60 60 60 60 60 60 2 2 2 2 60 60 60 60 -9999 45 45 45 45 45 0 0 78 78 78 20 20 20 20 46 46 46 46 46 46 0 0 0
-9999 143 143 143 -9999 -9999 -9999 -9999 -9999 -9999 48 48 48 48 256 256 256 256 261 261 261 6 6 6 6 57 57 57 57 57 57 57 57 57 57 57 57 57 57 57 57 57 0 0 0 60 60 60 60 60 2 2 2 2 2 60 60 60 0 0 0 45 45 45 45 45 78 78 78 20 20 20 20 20 46 46 46 46 46 0 0 0
