04_184A001/bm_lehtip_neulaset.asc
ncols 378
nrows 390
xllcorner 613424
yllcorner 6870896
cellsize 16
nodata_value -9999
[rows 324 to 359 of 390, columns 246 to 327 of 378]
157 157 157 120 -9999 -9999 -9999 -9999 -9999 -9999 -9999 -9999 48 48 256 256 256 256 256 261 423 6 6 6 6 57 57 57 57 57 57 57 57 57 57 57 57 57 57 57 57 57 0 0 0 0 0 0 60 2 2 2 2 2 2 2 2 -9999 0 0 0 0 0 0 0 78 78 78 78 20 20 20 20 20 20 20 46 46 46 0 0 0
157 157 157 40 40 -9999 125 87 -9999 40 40 40 40 -9999 -9999 256 256 256 256 256 423 423 423 423 423 57 57 57 57 57 7 7 7 57 57 57 57 57 57 57 57 57 0 0 0 0 0 0 42 42 42 42 2 2 2 2 -9999 7 7 0 0 0 0 0 62 62 62 62 20 20 20 20 20 20 20 17 20 20 46 0 0 0
143 143 157 40 40 40 40 40 40 40 40 40 40 40 40 65 -9999 -9999 256 423 423 423 423 423 423 423 57 57 57 7 7 7 7 7 57 57 57 57 57 57 57 57 0 0 0 0 42 42 42 42 42 42 42 42 42 -9999 7 7 7 7 0 0 0 0 62 62 62 62 44 20 20 20 20 20 17 17 17 20 20 285 0 0
143 143 157 40 40 40 40 40 40 169 169 169 169 40 40 40 40 40 148 -9999 138 423 423 423 423 423 17 17 57 7 7 7 7 57 57 57 57 57 57 57 57 57 0 0 0 0 42 42 42 42 42 42 42 -9999 7 7 7 7 7 7 7 7 7 62 62 62 62 62 44 44 20 20 17 17 17 17 17 17 285 285 285 285
143 143 157 40 40 40 40 40 40 40 169 169 169 169 169 40 40 40 423 423 423 -9999 -9999 423 423 423 17 17 17 7 7 7 7 57 57 57 57 57 24 57 24 57 60 60 60 60 42 42 42 42 42 42 -9999 7 7 7 7 7 7 7 7 7 7 62 62 62 62 62 44 44 20 17 17 17 17 17 17 17 285 285 285 285
1 1 40 40 40 40 40 0 0 0 0 0 0 0 169 169 40 40 423 423 423 423 423 134 -9999 423 423 17 17 17 7 7 7 7 57 57 57 57 24 24 24 24 60 60 60 60 60 42 42 42 -9999 7 7 0 0 7 0 7 7 7 7 7 62 62 62 62 62 62 44 44 44 17 17 17 17 17 17 17 285 285 285 285
1 1 128 128 40 0 0 0 0 0 0 0 0 0 0 0 169 0 0 423 423 423 423 423 423 423 -9999 -9999 -9999 -9999 313 -9999 -9999 -9999 -9999 -9999 -9999 -9999 -9999 24 24 24 60 60 60 60 60 42 -9999 -9999 0 7 0 0 0 0 0 0 7 7 7 62 62 62 72 72 72 62 44 44 44 17 17 17 17 17 17 17 285 285 285 285
1 1 128 128 128 74 74 74 74 74 273 273 0 0 0 0 0 0 0 0 0 233 233 423 423 17 17 17 17 17 17 98 98 98 98 98 98 98 98 98 -9999 -9999 -9999 -9999 -9999 -9999 -9999 0 0 0 0 0 0 0 0 0 0 0 7 7 7 72 72 72 72 72 72 72 44 44 44 44 44 17 17 17 17 17 285 285 285 285
1 128 128 128 74 74 74 74 74 74 273 273 273 273 273 108 108 0 0 233 233 233 233 233 233 17 17 17 17 17 17 98 98 98 98 98 98 98 98 98 13 13 13 13 13 13 0 0 0 0 0 0 0 0 0 0 0 0 0 58 72 72 72 72 72 72 72 72 44 44 44 44 44 44 17 17 17 17 17 285 285 285
1 128 128 128 128 128 74 74 74 74 273 273 273 273 108 108 108 108 108 0 0 0 0 233 17 17 17 17 17 17 17 98 98 98 98 98 98 98 98 98 13 13 13 13 13 13 0 0 0 0 0 0 0 0 58 58 58 58 58 72 72 72 72 72 72 72 72 186 186 44 44 44 44 44 44 44 17 17 17 17 17 285
1 128 128 128 128 128 128 74 74 74 74 273 102 102 108 108 108 108 108 0 0 0 0 0 233 17 17 17 17 17 17 98 98 98 98 98 98 98 98 0 0 13 13 13 13 13 0 0 0 0 0 0 0 58 58 58 0 0 58 72 72 72 72 72 72 72 72 186 186 186 44 44 44 44 44 44 44 44 0 0 0 0
1 128 128 128 128 128 128 128 74 74 74 74 102 102 108 108 108 108 108 0 0 0 0 0 233 233 233 233 98 98 98 98 98 98 98 98 98 98 98 0 0 0 13 13 13 13 0 0 0 0 0 0 58 58 58 0 0 0 72 72 72 72 72 72 72 72 72 186 186 186 186 44 44 44 44 44 44 0 0 0 0 0
128 128 128 128 128 128 128 128 128 74 74 102 102 102 102 108 108 108 0 0 0 0 0 0 0 0 233 233 98 98 98 98 98 98 98 39 98 98 98 98 0 0 0 13 13 0 0 0 0 0 0 58 58 58 0 0 0 0 72 72 72 72 72 72 72 72 72 186 186 186 186 44 44 44 44 44 44 0 0 0 0 0
128 128 128 128 128 128 128 128 128 32 32 32 32 32 108 108 108 108 0 0 0 0 0 0 0 32 39 39 39 39 98 98 98 39 39 39 39 39 98 0 0 0 0 0 0 0 0 0 0 0 0 58 58 58 0 0 0 72 72 72 72 72 72 72 72 72 72 186 186 186 186 186 44 44 44 44 44 0 0 0 0 0
68 68 128 128 128 128 128 32 32 32 32 32 32 32 32 32 32 32 32 32 32 32 32 32 32 32 39 39 39 39 39 39 39 39 39 39 0 0 0 0 0 0 0 0 0 0 0 0 0 0 0 0 0 0 0 0 51 72 72 72 72 72 72 72 72 72 72 186 186 186 186 186 186 186 186 0 0 0 0 0 0 0
1 68 68 68 68 68 32 32 32 32 32 32 32 32 32 32 32 32 32 32 32 32 32 32 32 32 32 32 32 32 39 39 0 0 39 0 0 0 0 0 0 0 0 0 0 0 53 53 15 15 15 0 0 0 0 0 51 72 72 72 72 72 72 72 72 72 72 186 186 186 186 186 186 186 0 0 0 0 0 0 0 0
1 1 1 68 68 68 68 68 68 68 68 68 0 0 32 32 32 32 32 32 32 32 32 32 32 32 32 32 32 0 0 0 0 0 0 0 23 23 23 0 0 0 0 0 0 0 53 53 15 15 15 0 0 0 0 51 51 51 72 72 72 72 72 72 72 72 186 186 186 186 186 186 186 0 0 0 0 0 0 0 0 0
1 1 1 1 1 1 1 68 68 68 68 68 0 0 0 0 0 0 0 0 0 32 32 32 32 32 32 0 0 0 0 0 0 0 23 23 23 23 23 0 0 0 0 0 0 0 0 53 15 15 15 0 0 0 51 51 51 51 51 51 72 72 72 72 72 72 186 186 186 186 186 186 0 0 0 0 0 0 0 0 0 0
1 1 1 1 1 1 1 1 1 1 1 1 0 0 0 0 0 0 0 0 0 0 0 0 0 0 0 0 0 0 0 0 0 0 23 23 23 23 23 0 0 0 0 0 0 0 238 238 53 53 15 15 0 0 51 51 51 51 51 51 23 23 23 23 72 72 186 186 186 186 186 0 0 0 0 0 0 0 0 0 0 0
1 1 1 1 1 1 1 1 1 1 1 1 0 0 0 0 0 0 0 0 0 0 0 0 0 0 0 0 46 46 46 46 46 46 23 23 23 23 23 23 0 0 0 0 0 0 238 238 238 53 53 15 15 51 51 51 51 51 51 51 23 23 23 23 23 72 186 186 186 186 186 0 0 0 0 0 0 0 0 0 0 0
1 1 1 1 1 1 1 1 1 1 1 1 1 1 1 0 0 0 0 0 0 0 0 0 0 0 0 46 46 46 46 46 46 46 46 23 23 23 23 23 0 0 0 0 0 238 238 238 238 53 53 53 15 51 51 51 51 51 51 23 23 23 23 23 72 72 186 186 186 186 186 0 0 0 0 0 0 0 0 0 0 0
1 1 1 1 1 1 1 1 1 1 1 1 1 1 1 0 0 0 0 0 0 0 0 0 0 0 46 46 46 46 46 46 46 46 46 0 0 23 23 0 0 0 0 0 0 238 238 238 238 238 238 53 40 40 40 40 40 51 51 23 23 23 23 23 23 72 186 186 186 186 186 186 0 0 0 0 0 0 0 0 0 0
1 1 1 1 1 1 1 1 1 1 1 1 1 1 1 0 0 0 0 0 0 0 0 0 0 46 46 46 46 46 46 46 46 46 46 0 0 0 23 0 0 0 0 0 0 238 238 238 238 238 238 119 119 40 40 40 40 40 51 51 23 23 23 23 23 23 186 14 14 186 186 186 0 0 0 0 0 0 0 0 0 61
1 1 1 1 1 1 1 1 1 1 1 1 1 1 1 0 0 0 0 0 0 0 0 0 46 46 46 46 46 46 46 177 177 46 0 0 0 0 0 0 0 0 0 0 238 238 238 238 238 238 238 119 119 119 25 25 25 40 40 40 23 23 23 23 23 23 14 14 14 14 14 14 14 14 0 0 0 0 0 0 0 61
1 1 1 1 1 1 1 1 1 1 1 1 1 1 1 1 1 0 0 0 0 0 46 46 46 46 46 46 46 46 46 177 177 0 0 0 0 0 179 179 0 0 0 0 238 238 238 238 238 238 119 119 119 119 119 119 25 25 40 40 40 23 23 23 23 95 14 14 95 95 95 14 14 14 14 0 0 0 0 0 61 61
1 1 1 1 1 1 1 1 1 1 1 1 1 1 1 1 1 1 0 0 0 126 46 46 46 46 46 46 46 46 177 177 0 0 0 0 0 179 179 179 179 179 0 238 238 238 238 238 238 119 119 119 119 119 119 119 25 25 25 25 23 25 23 23 23 95 95 95 95 95 95 95 95 95 95 19 0 61 61 61 61 61
1 1 1 1 1 1 1 1 1 1 1 1 1 1 1 1 1 1 1 1 122 126 126 46 46 46 46 46 46 46 177 177 0 0 0 179 179 179 179 179 179 179 179 238 238 238 238 238 238 119 119 119 119 119 119 119 25 25 25 25 25 25 25 23 25 95 95 95 95 95 95 95 95 95 19 19 19 19 61 61 61 61
1 1 1 1 1 1 1 1 1 1 1 1 1 1 1 1 1 1 1 122 122 126 126 46 46 46 46 46 46 177 177 0 0 0 179 179 179 179 179 179 179 179 49 179 179 238 238 238 119 119 119 119 119 119 119 25 25 25 25 25 25 25 25 25 25 95 95 95 95 95 95 40 40 40 19 19 19 19 19 19 19 19
1 1 1 1 1 1 1 1 1 1 1 1 1 1 1 1 1 1 122 122 122 122 126 126 126 46 126 46 126 177 0 0 0 82 179 179 179 179 179 179 179 179 49 49 49 179 179 238 119 119 119 119 119 119 25 25 25 25 25 25 25 25 25 25 25 95 95 95 95 95 95 40 40 40 40 40 40 40 19 19 19 19
1 1 1 1 1 1 1 1 1 1 1 1 1 1 1 1 1 122 122 122 122 122 122 126 126 126 126 126 126 126 0 0 82 82 82 179 179 179 179 179 179 49 49 49 49 49 49 49 49 179 119 119 119 25 25 25 25 25 25 25 25 25 25 25 25 95 95 95 95 40 40 40 40 40 40 40 40 40 40 40 40 19
1 1 1 1 1 1 1 1 1 1 1 1 1 1 1 1 138 122 122 122 122 122 122 126 126 126 126 126 126 0 0 0 82 82 82 82 179 49 49 179 49 49 49 49 49 49 49 49 49 49 179 179 119 119 119 25 25 25 25 25 25 25 25 25 25 95 95 95 40 40 40 40 40 40 40 40 40 40 40 40 40 40
1 1 1 1 1 1 1 1 1 1 1 1 1 1 138 138 138 138 122 122 122 122 122 19 19 126 126 126 0 0 0 0 0 0 82 82 82 82 49 49 49 49 49 49 49 49 49 49 49 49 179 179 179 179 119 119 119 25 25 25 25 25 25 25 95 95 95 0 0 0 40 40 40 40 40 40 40 40 40 40 40 40
1 1 1 1 1 1 1 1 1 1 1 1 1 138 138 138 138 138 138 122 122 122 19 19 19 19 19 126 0 0 0 0 0 0 0 82 82 82 82 82 44 49 49 49 49 49 49 49 49 49 179 179 49 179 49 153 153 25 25 25 25 25 25 25 95 95 0 0 0 0 0 0 40 40 40 40 40 40 40 40 40 40
1 1 1 1 1 1 1 1 1 1 1 1 0 138 138 138 138 236 236 122 122 122 122 126 126 19 126 0 0 0 0 0 0 0 0 0 82 82 82 82 44 44 44 44 49 49 49 49 49 49 179 49 49 49 49 153 153 153 153 153 25 25 25 25 95 95 0 0 0 0 0 0 0 40 40 40 40 40 40 40 0 0
1 1 1 1 1 1 1 1 1 1 1 0 0 0 0 138 236 236 236 236 122 126 126 126 126 126 158 0 0 0 0 0 0 0 0 0 0 82 82 44 44 44 44 44 44 44 44 49 49 49 49 49 49 49 153 153 153 153 153 153 153 153 25 25 95 0 0 0 0 0 0 0 0 0 0 40 40 40 40 40 0 0
1 1 1 1 1 1 1 1 1 1 0 0 0 0 0 236 236 236 236 236 126 126 126 126 126 126 158 158 0 0 0 0 0 0 0 0 0 0 44 44 44 44 44 44 44 44 44 44 33 33 49 49 49 49 153 153 153 153 153 153 153 153 153 186 206 0 0 0 0 0 0 0 0 0 0 0 40 40 40 40 0 0
