04_184A001/bm_lehtip_juuret.asc
ncols 378
nrows 390
xllcorner 613424
yllcorner 6870896
cellsize 16
nodata_value -9999
[rows 108 to 143 of 390, columns 0 to 79 of 378]
-9999 -9999 -9999 -9999 461 418 418 418 418 418 1076 1076 418 418 418 486 486 486 426 426 486 486 486 274 274 274 274 274 1562 1562 1260 -9999 1562 1562 -9999 237 237 237 237 237 237 237 341 341 341 625 508 508 508 508 508 508 508 171 171 171 171 171 0 0 0 409 409 409 409 171 171 171 -9999 -9999 -9999 -9999 -9999 -9999 -9999 -9999 -9999 -9999 -9999 -9999
-9999 -9999 461 461 461 418 418 418 418 418 418 418 418 418 418 418 486 486 486 486 486 486 486 418 418 274 274 274 1562 1562 1007 1562 1562 -9999 -9999 -9999 532 237 237 237 237 237 341 341 341 341 341 508 508 508 508 508 508 508 171 171 171 171 171 171 0 0 409 409 409 409 409 171 171 -9999 -9999 -9999 -9999 -9999 -9999 -9999 -9999 -9999 -9999 -9999
-9999 357 357 461 461 418 418 418 418 418 418 418 418 418 418 418 486 486 486 486 486 486 486 418 418 418 418 274 1562 1562 693 1562 1562 -9999 -9999 -9999 237 237 237 237 237 237 341 341 341 341 341 341 508 508 508 508 508 508 1584 171 171 171 171 171 171 0 0 0 409 409 409 409 409 409 409 -9999 -9999 -9999 -9999 -9999 -9999 -9999 -9999 -9999
-9999 357 357 461 461 461 418 418 418 418 418 418 418 418 418 418 418 418 418 418 486 486 486 418 418 418 418 418 1867 1562 742 1562 1562 -9999 -9999 -9999 237 237 237 237 237 237 237 341 341 341 341 341 341 341 508 508 508 1584 1584 1584 171 171 171 171 171 171 171 171 171 171 171 409 409 409 409 409 -9999 -9999 -9999 -9999 -9999 -9999 -9999 -9999
-9999 -9999 461 461 461 461 461 461 461 418 418 418 418 418 418 418 418 418 418 418 418 486 418 418 418 418 1867 1867 1867 1867 1867 -9999 1562 -9999 -9999 256 340 237 237 237 237 237 237 341 341 341 341 341 341 341 341 341 1584 1584 1584 1584 1584 171 171 171 171 171 171 171 171 171 171 171 171 409 409 409 409 -9999 -9999 -9999 -9999 -9999 -9999 -9999
-9999 -9999 461 461 461 461 461 461 418 418 418 418 418 418 418 418 418 418 418 418 418 418 418 418 418 418 1867 1867 1867 1867 1867 -9999 1867 -9999 585 206 21 1008 920 237 237 237 237 341 341 341 341 341 341 341 341 341 341 885 1584 1584 1584 1584 171 171 171 171 171 171 171 171 171 171 171 171 409 409 2318 -9999 -9999 -9999 -9999 -9999 -9999 -9999
-9999 -9999 0 0 0 461 461 461 418 418 418 418 418 418 418 418 418 418 418 418 418 418 418 418 418 418 418 418 1867 1867 1867 -9999 1867 -9999 733 425 123 931 980 1487 567 237 237 237 341 341 341 341 341 341 341 341 341 885 885 885 1584 1584 1584 1584 171 171 171 171 171 171 171 171 171 171 171 204 204 2318 2318 -9999 -9999 -9999 -9999 -9999
-9999 -9999 -9999 -9999 0 0 0 461 418 418 418 418 418 418 418 418 418 418 418 418 418 1721 418 418 418 418 2559 2559 2559 1867 1867 -9999 1867 -9999 -9999 -9999 -9999 -9999 -9999 306 157 248 237 237 237 341 341 341 341 341 341 341 341 885 885 885 885 885 1584 1584 579 579 579 579 579 171 171 171 171 171 171 204 204 2318 2318 2318 2318 -9999 -9999 -9999
-9999 -9999 -9999 -9999 0 0 0 0 0 418 418 418 418 418 418 418 418 418 418 418 418 1721 1721 418 1721 2559 2559 2559 2559 2559 2559 1867 1867 -9999 137 -9999 -9999 -9999 -9999 0 57 529 237 237 237 237 341 341 341 341 341 885 885 885 885 885 885 885 885 885 579 579 579 579 579 579 579 171 171 204 204 204 204 2318 2318 2318 2318 -9999 -9999 -9999
-9999 -9999 -9999 -9999 0 0 0 0 0 0 0 0 418 418 418 418 418 418 418 418 1721 1721 1721 1721 1721 2559 2559 2559 2559 2559 2559 2559 1867 1867 -9999 -9999 -9999 -9999 -9999 -9999 -9999 109 237 237 237 237 237 237 341 341 341 885 885 885 885 885 885 885 885 885 885 579 579 579 579 579 579 579 514 204 204 204 2318 2318 2318 2318 2318 2318 2318 -9999
-9999 -9999 -9999 -9999 1536 0 0 0 0 0 0 0 0 0 418 418 418 418 418 418 418 1721 1721 1721 1721 1721 2559 2559 2559 2559 2559 2559 -9999 1867 -9999 -9999 -9999 -9999 111 1434 1434 18 -9999 -9999 493 237 237 237 213 213 213 885 885 885 885 885 885 885 885 885 885 885 542 542 579 579 579 514 514 514 514 204 2318 2318 2318 2318 2318 2318 140 233
-9999 -9999 -9999 -9999 1536 0 0 0 0 0 0 0 0 0 0 0 418 418 418 418 1721 1721 1721 1721 1721 1721 1721 2559 2559 2559 2559 2559 -9999 1867 -9999 1434 1434 487 1434 1434 1434 1434 1434 -9999 -9999 1434 1434 213 213 213 213 213 885 885 885 885 885 885 885 885 885 885 542 542 542 542 579 514 514 514 514 514 514 2318 2318 2318 2318 2318 2318 -9999
-9999 -9999 -9999 -9999 0 0 0 0 0 0 0 0 0 0 0 0 0 722 722 1721 1721 1721 1721 1721 1721 1721 1721 1721 2559 2559 2559 2559 2559 1867 -9999 1434 1434 1434 1434 1434 1434 1434 1434 1434 1434 1434 1434 1434 1434 213 213 213 213 213 213 213 0 0 0 0 0 885 885 542 542 542 542 349 514 514 514 514 514 514 514 514 514 2318 2318 -9999
-9999 -9999 -9999 -9999 -9999 0 0 0 0 1353 0 0 0 0 0 0 722 722 722 722 722 1721 1721 1721 1721 1721 1721 1721 1721 2559 2559 2559 2559 71 -9999 1434 1434 1434 1434 1434 1434 1434 1434 1434 1434 1434 1434 1434 1434 1434 1434 213 213 213 213 0 0 0 0 0 0 0 0 0 542 542 542 349 349 349 514 514 514 514 514 514 514 -9999 -9999 -9999
-9999 -9999 -9999 -9999 -9999 -9999 0 1353 0 0 0 0 0 0 0 722 722 722 722 722 722 398 398 1721 1721 1721 1721 1721 1721 1721 1721 2559 1721 -9999 -9999 1434 1434 1434 1434 304 304 1434 304 1434 1434 1434 1434 1434 1434 1434 46 46 46 46 0 0 0 0 0 0 0 0 0 0 542 542 349 349 349 349 349 514 514 514 514 514 -9999 -9999 -9999 -9999
-9999 -9999 -9999 -9999 -9999 -9999 -9999 -9999 -9999 -9999 -9999 -9999 -9999 0 -9999 -9999 722 722 722 722 722 398 -9999 -9999 398 398 1721 1721 1721 1721 1721 1721 1721 -9999 -9999 1434 1434 1434 304 304 304 304 304 304 304 304 1434 1434 1434 46 46 46 46 46 46 46 0 833 833 0 0 0 0 0 0 349 349 349 349 349 349 349 349 514 514 514 -9999 -9999 -9999 -9999
-9999 -9999 -9999 -9999 -9999 -9999 -9999 -9999 -9999 -9999 -9999 -9999 -9999 -9999 -9999 -9999 -9999 722 722 722 398 398 -9999 -9999 -9999 398 875 875 1721 1721 1721 1721 1721 1721 216 -9999 1434 1434 1434 1434 304 1074 1074 1074 1074 304 304 304 304 304 46 46 46 46 46 46 46 833 833 0 0 0 0 0 0 0 349 349 349 349 349 349 349 349 349 514 -9999 -9999 -9999 -9999
-9999 -9999 -9999 -9999 -9999 -9999 -9999 -9999 -9999 -9999 -9999 -9999 -9999 -9999 -9999 -9999 -9999 -9999 -9999 -9999 -9999 -9999 -9999 -9999 -9999 -9999 -9999 -9999 -9999 875 1721 1721 1721 1721 -9999 -9999 1434 1434 1434 1434 1434 1074 1074 1074 1074 1074 1074 304 304 304 304 46 46 46 46 46 833 833 833 833 0 0 0 0 0 0 803 349 277 277 277 349 349 349 349 690 690 -9999 -9999 -9999
-9999 -9999 -9999 -9999 -9999 -9999 -9999 -9999 -9999 -9999 -9999 -9999 -9999 -9999 -9999 -9999 -9999 -9999 -9999 -9999 -9999 -9999 -9999 -9999 -9999 -9999 -9999 -9999 -9999 -9999 875 875 1363 1721 -9999 -9999 1434 1434 1434 1434 1434 756 1074 1074 1074 1074 1074 1074 1074 304 284 284 284 46 46 46 833 833 833 833 0 0 0 0 803 803 2294 2294 277 277 277 277 349 349 690 690 690 690 -9999 -9999
-9999 -9999 -9999 -9999 -9999 -9999 -9999 -9999 -9999 -9999 -9999 -9999 -9999 -9999 -9999 -9999 -9999 -9999 -9999 -9999 -9999 -9999 -9999 -9999 -9999 -9999 -9999 -9999 -9999 -9999 -9999 -9999 -9999 1363 -9999 122 -9999 1434 1434 1434 5 -9999 -9999 1074 1074 1074 1074 1074 1074 1074 284 284 284 284 284 833 833 833 833 1416 1416 0 0 0 803 803 2294 2294 2294 277 277 277 277 690 690 690 690 690 181 181
-9999 -9999 -9999 -9999 -9999 -9999 -9999 -9999 -9999 -9999 -9999 -9999 -9999 -9999 -9999 -9999 -9999 -9999 -9999 -9999 -9999 -9999 -9999 -9999 -9999 -9999 -9999 -9999 -9999 -9999 -9999 -9999 -9999 -9999 -9999 -9999 -9999 1434 -9999 343 -9999 -9999 -9999 -9999 -9999 1074 1074 1074 1074 284 284 284 284 284 284 285 833 833 833 1416 1416 803 803 803 803 803 2294 2294 2294 277 277 277 277 690 690 690 690 690 181 181
-9999 -9999 -9999 -9999 -9999 -9999 -9999 -9999 -9999 -9999 -9999 -9999 -9999 -9999 -9999 -9999 -9999 -9999 -9999 -9999 -9999 -9999 -9999 -9999 -9999 -9999 -9999 -9999 -9999 -9999 -9999 -9999 -9999 -9999 -9999 -9999 -9999 435 -9999 -9999 -9999 -9999 -9999 -9999 -9999 -9999 -9999 -9999 284 284 284 284 284 284 285 285 285 285 1416 1416 1416 803 803 803 803 2294 2294 2294 277 277 277 277 277 690 690 690 690 181 181 181
-9999 -9999 -9999 -9999 -9999 -9999 -9999 -9999 -9999 -9999 -9999 -9999 -9999 -9999 -9999 -9999 -9999 -9999 -9999 -9999 -9999 -9999 -9999 -9999 -9999 -9999 -9999 -9999 -9999 -9999 -9999 -9999 -9999 -9999 -9999 -9999 -9999 -9999 -9999 -9999 -9999 -9999 -9999 -9999 -9999 -9999 -9999 -9999 -9999 -9999 -9999 -9999 284 284 285 285 285 285 1416 1416 1416 1416 803 803 803 2294 2294 2294 277 277 277 277 277 690 690 690 181 -9999 -9999 181
-9999 -9999 -9999 -9999 -9999 -9999 -9999 -9999 -9999 -9999 -9999 -9999 -9999 -9999 -9999 -9999 -9999 -9999 -9999 -9999 -9999 -9999 -9999 -9999 -9999 -9999 -9999 -9999 -9999 -9999 -9999 -9999 -9999 -9999 -9999 -9999 -9999 -9999 -9999 -9999 -9999 -9999 -9999 -9999 -9999 -9999 -9999 -9999 -9999 -9999 -9999 -9999 -9999 285 285 285 285 285 285 285 1416 1416 1416 1416 2294 2294 2294 277 277 277 277 277 277 277 690 690 -9999 181 181 181
-9999 -9999 -9999 -9999 -9999 -9999 -9999 -9999 -9999 -9999 -9999 -9999 -9999 -9999 -9999 -9999 -9999 -9999 -9999 -9999 -9999 -9999 -9999 -9999 -9999 -9999 -9999 -9999 -9999 -9999 -9999 -9999 -9999 -9999 -9999 -9999 -9999 -9999 -9999 -9999 -9999 -9999 -9999 -9999 -9999 -9999 -9999 -9999 -9999 -9999 -9999 -9999 -9999 285 285 285 285 285 285 285 1416 1416 1416 1416 1850 2294 2294 277 277 277 277 277 277 277 277 -9999 181 181 181 181
-9999 -9999 -9999 -9999 -9999 -9999 -9999 -9999 -9999 -9999 -9999 -9999 -9999 -9999 -9999 -9999 -9999 -9999 -9999 -9999 -9999 -9999 -9999 -9999 -9999 -9999 -9999 -9999 -9999 -9999 -9999 -9999 -9999 -9999 -9999 -9999 -9999 -9999 -9999 -9999 -9999 -9999 -9999 -9999 -9999 -9999 0 0 0 -9999 -9999 -9999 285 285 285 285 285 285 285 285 1416 1416 1416 1850 1850 1850 277 277 277 277 277 277 277 277 277 181 181 181 181 181
-9999 -9999 -9999 -9999 -9999 -9999 -9999 -9999 -9999 -9999 -9999 -9999 -9999 -9999 -9999 -9999 -9999 -9999 -9999 -9999 -9999 -9999 -9999 -9999 -9999 -9999 -9999 -9999 -9999 -9999 -9999 -9999 -9999 -9999 -9999 -9999 -9999 -9999 -9999 -9999 -9999 -9999 -9999 -9999 -9999 -9999 -9999 -9999 -9999 -9999 -9999 -9999 285 285 285 285 285 285 285 1416 1416 1416 1416 1850 1850 1850 1850 1850 1850 277 277 277 277 277 -9999 181 181 181 181 181
-9999 -9999 -9999 -9999 -9999 -9999 -9999 -9999 -9999 -9999 -9999 -9999 -9999 -9999 -9999 -9999 -9999 -9999 -9999 -9999 -9999 -9999 -9999 -9999 -9999 -9999 -9999 -9999 -9999 -9999 -9999 -9999 -9999 -9999 -9999 -9999 -9999 -9999 -9999 -9999 -9999 -9999 -9999 -9999 -9999 -9999 -9999 -9999 -9999 -9999 -9999 285 285 285 285 285 285 285 285 1416 1416 1416 1416 1850 1850 1850 1850 1850 1850 1850 1850 1850 277 -9999 -9999 -9999 -9999 181 181 181
-9999 -9999 -9999 -9999 -9999 -9999 -9999 -9999 -9999 -9999 -9999 -9999 -9999 -9999 -9999 -9999 -9999 -9999 -9999 -9999 -9999 -9999 -9999 -9999 -9999 -9999 -9999 -9999 -9999 -9999 -9999 -9999 -9999 -9999 -9999 -9999 -9999 -9999 -9999 -9999 -9999 -9999 -9999 -9999 -9999 -9999 -9999 -9999 -9999 -9999 -9999 285 285 285 285 285 285 285 285 285 285 285 2242 2242 2242 2242 1850 1850 1850 1850 1850 1850 1850 -9999 -9999 -9999 -9999 -9999 181 181
-9999 -9999 -9999 -9999 -9999 -9999 -9999 -9999 -9999 -9999 -9999 -9999 -9999 -9999 -9999 -9999 -9999 -9999 -9999 -9999 -9999 -9999 -9999 -9999 -9999 -9999 -9999 -9999 -9999 -9999 -9999 -9999 -9999 -9999 -9999 -9999 -9999 -9999 -9999 -9999 -9999 -9999 -9999 -9999 -9999 -9999 -9999 -9999 -9999 -9999 285 285 285 285 285 285 285 285 285 285 285 285 2242 2242 2242 2242 2242 2242 2242 1850 1850 1850 -9999 -9999 -9999 -9999 -9999 181 181 181
-9999 -9999 -9999 -9999 -9999 -9999 -9999 -9999 -9999 -9999 -9999 -9999 -9999 -9999 -9999 -9999 -9999 -9999 -9999 -9999 -9999 -9999 -9999 -9999 -9999 -9999 -9999 -9999 -9999 -9999 -9999 -9999 -9999 -9999 -9999 -9999 -9999 -9999 -9999 -9999 -9999 -9999 -9999 -9999 -9999 -9999 -9999 -9999 -9999 -9999 0 285 285 285 285 285 285 285 285 285 285 2242 2242 2242 2242 2242 2242 2242 2242 2242 1850 -9999 -9999 -9999 -9999 -9999 -9999 181 181 181
-9999 -9999 -9999 -9999 -9999 -9999 -9999 -9999 -9999 -9999 -9999 -9999 -9999 -9999 -9999 -9999 -9999 -9999 -9999 -9999 -9999 -9999 -9999 -9999 -9999 -9999 -9999 -9999 -9999 -9999 -9999 -9999 -9999 -9999 -9999 -9999 -9999 -9999 -9999 -9999 -9999 -9999 -9999 -9999 -9999 -9999 -9999 -9999 -9999 0 0 285 285 285 285 285 285 285 285 285 285 2242 2242 2242 2242 2242 2242 2242 2242 2242 2242 -9999 -9999 -9999 -9999 -9999 -9999 -9999 181 181
-9999 -9999 -9999 -9999 -9999 -9999 -9999 -9999 -9999 -9999 -9999 -9999 -9999 -9999 -9999 -9999 -9999 -9999 -9999 -9999 -9999 -9999 -9999 -9999 -9999 -9999 -9999 -9999 -9999 -9999 -9999 -9999 -9999 -9999 -9999 -9999 -9999 -9999 -9999 -9999 -9999 -9999 -9999 -9999 -9999 -9999 -9999 -9999 -9999 0 0 0 0 0 0 285 285 285 285 285 2242 2242 2242 2242 2242 2242 2242 2242 2242 2242 -9999 -9999 -9999 -9999 -9999 -9999 -9999 -9999 -9999 -9999
-9999 -9999 -9999 -9999 -9999 -9999 -9999 -9999 -9999 -9999 -9999 -9999 -9999 -9999 -9999 -9999 -9999 -9999 -9999 -9999 -9999 -9999 -9999 -9999 -9999 -9999 -9999 -9999 -9999 -9999 -9999 -9999 -9999 -9999 -9999 -9999 -9999 -9999 -9999 -9999 -9999 -9999 -9999 -9999 -9999 -9999 -9999 -9999 2125 2125 2125 2125 0 0 0 285 285 285 285 285 2242 2242 2242 2242 2242 2242 2242 2242 2242 2242 -9999 -9999 -9999 -9999 -9999 -9999 -9999 -9999 -9999 -9999
-9999 -9999 -9999 -9999 -9999 -9999 -9999 -9999 -9999 -9999 -9999 -9999 -9999 -9999 -9999 -9999 -9999 -9999 -9999 -9999 -9999 -9999 -9999 -9999 -9999 -9999 -9999 -9999 -9999 -9999 -9999 -9999 -9999 -9999 -9999 -9999 -9999 -9999 -9999 -9999 -9999 -9999 -9999 -9999 -9999 -9999 -9999 -9999 2125 2125 2125 2125 2125 2125 2125 285 285 2125 285 285 2242 2242 2242 2242 2242 2242 2242 2242 2242 -9999 1829 1829 -9999 -9999 -9999 -9999 -9999 -9999 -9999 -9999
-9999 -9999 -9999 -9999 -9999 -9999 -9999 -9999 -9999 -9999 -9999 -9999 -9999 -9999 -9999 -9999 -9999 -9999 -9999 -9999 -9999 -9999 -9999 -9999 -9999 -9999 -9999 -9999 -9999 -9999 -9999 -9999 -9999 -9999 -9999 -9999 -9999 -9999 -9999 -9999 -9999 -9999 -9999 -9999 -9999 -9999 -9999 0 0 2125 2125 2125 2125 2125 2125 2125 2125 2125 2125 2242 2242 2242 2242 2242 2242 2242 2242 2242 2242 -9999 1829 1829 1829 1829 -9999 -9999 -9999 -9999 -9999 -9999
