04_184A001/bm_lehtip_neulaset.asc
ncols 378
nrows 390
xllcorner 613424
yllcorner 6870896
cellsize 16
nodata_value -9999
[rows 108 to 143 of 390, columns 0 to 81 of 378]
-9999 -9999 -9999 -9999 53 7 7 7 7 7 123 123 7 7 7 54 54 54 37 37 54 54 54 6 6 6 6 6 166 166 275 -9999 166 166 -9999 24 24 24 24 24 24 24 41 41 41 63 50 50 50 50 50 50 50 17 17 17 17 17 0 0 0 9 9 9 9 17 17 17 -9999 -9999 -9999 -9999 -9999 -9999 -9999 -9999 -9999 -9999 -9999 -9999 -9999 -9999
-9999 -9999 53 53 53 7 7 7 7 7 7 7 7 7 7 7 54 54 54 54 54 54 54 7 7 6 6 6 166 166 197 166 166 -9999 -9999 -9999 74 24 24 24 24 24 41 41 41 41 41 50 50 50 50 50 50 50 17 17 17 17 17 17 0 0 9 9 9 9 9 17 17 -9999 -9999 -9999 -9999 -9999 -9999 -9999 -9999 -9999 -9999 -9999 -9999 -9999
-9999 36 36 53 53 7 7 7 7 7 7 7 7 7 7 7 54 54 54 54 54 54 54 7 7 7 7 6 166 166 127 166 166 -9999 -9999 -9999 24 24 24 24 24 24 41 41 41 41 41 41 50 50 50 50 50 50 155 17 17 17 17 17 17 0 0 0 9 9 9 9 9 9 9 -9999 -9999 -9999 -9999 -9999 -9999 -9999 -9999 -9999 -9999 -9999
-9999 36 36 53 53 53 7 7 7 7 7 7 7 7 7 7 7 7 7 7 54 54 54 7 7 7 7 7 191 166 150 166 166 -9999 -9999 -9999 24 24 24 24 24 24 24 41 41 41 41 41 41 41 50 50 50 155 155 155 17 17 17 17 17 17 17 17 17 17 17 9 9 9 9 9 -9999 -9999 -9999 -9999 -9999 -9999 -9999 -9999 -9999 -9999
-9999 -9999 53 53 53 53 53 53 53 7 7 7 7 7 7 7 7 7 7 7 7 54 7 7 7 7 191 191 191 191 191 -9999 166 -9999 -9999 53 66 24 24 24 24 24 24 41 41 41 41 41 41 41 41 41 155 155 155 155 155 17 17 17 17 17 17 17 17 17 17 17 17 9 9 9 9 -9999 -9999 -9999 -9999 -9999 -9999 -9999 -9999 -9999
-9999 -9999 53 53 53 53 53 53 7 7 7 7 7 7 7 7 7 7 7 7 7 7 7 7 7 7 191 191 191 191 191 -9999 191 -9999 116 30 6 201 194 24 24 24 24 41 41 41 41 41 41 41 41 41 41 100 155 155 155 155 17 17 17 17 17 17 17 17 17 17 17 17 9 9 225 -9999 -9999 -9999 -9999 -9999 -9999 -9999 -9999 -9999
-9999 -9999 0 0 0 53 53 53 7 7 7 7 7 7 7 7 7 7 7 7 7 7 7 7 7 7 7 7 191 191 191 -9999 191 -9999 153 68 28 83 225 223 126 24 24 24 41 41 41 41 41 41 41 41 41 100 100 100 155 155 155 155 17 17 17 17 17 17 17 17 17 17 17 23 23 225 225 -9999 -9999 -9999 -9999 -9999 -9999 -9999
-9999 -9999 -9999 -9999 0 0 0 53 7 7 7 7 7 7 7 7 7 7 7 7 7 162 7 7 7 7 229 229 229 191 191 -9999 191 -9999 -9999 -9999 -9999 -9999 -9999 53 45 89 24 24 24 41 41 41 41 41 41 41 41 100 100 100 100 100 155 155 62 62 62 62 62 17 17 17 17 17 17 23 23 225 225 225 225 -9999 -9999 -9999 -9999 -9999
-9999 -9999 -9999 -9999 0 0 0 0 0 7 7 7 7 7 7 7 7 7 7 7 7 162 162 7 162 229 229 229 229 229 229 191 191 -9999 36 -9999 -9999 -9999 -9999 0 11 83 24 24 24 24 41 41 41 41 41 100 100 100 100 100 100 100 100 100 62 62 62 62 62 62 62 17 17 23 23 23 23 225 225 225 225 -9999 -9999 -9999 -9999 -9999
-9999 -9999 -9999 -9999 0 0 0 0 0 0 0 0 7 7 7 7 7 7 7 7 162 162 162 162 162 229 229 229 229 229 229 229 191 191 -9999 -9999 -9999 -9999 -9999 -9999 -9999 31 24 24 24 24 24 24 41 41 41 100 100 100 100 100 100 100 100 100 100 62 62 62 62 62 62 62 58 23 23 23 225 225 225 225 225 225 225 -9999 -9999 -9999
-9999 -9999 -9999 -9999 154 0 0 0 0 0 0 0 0 0 7 7 7 7 7 7 7 162 162 162 162 162 229 229 229 229 229 229 -9999 191 -9999 -9999 -9999 -9999 3 149 149 6 -9999 -9999 91 24 24 24 26 26 26 100 100 100 100 100 100 100 100 100 100 100 51 51 62 62 62 58 58 58 58 23 225 225 225 225 225 225 19 31 -9999 -9999
-9999 -9999 -9999 -9999 154 0 0 0 0 0 0 0 0 0 0 0 7 7 7 7 162 162 162 162 162 162 162 229 229 229 229 229 -9999 191 -9999 149 149 74 149 149 149 149 149 -9999 -9999 149 149 26 26 26 26 26 100 100 100 100 100 100 100 100 100 100 51 51 51 51 62 58 58 58 58 58 58 225 225 225 225 225 225 -9999 -9999 -9999
-9999 -9999 -9999 -9999 0 0 0 0 0 0 0 0 0 0 0 0 0 86 86 162 162 162 162 162 162 162 162 162 229 229 229 229 229 191 -9999 149 149 149 149 149 149 149 149 149 149 149 149 149 149 26 26 26 26 26 26 26 0 0 0 0 0 100 100 51 51 51 51 32 58 58 58 58 58 58 58 58 58 225 225 -9999 -9999 -9999
-9999 -9999 -9999 -9999 -9999 0 0 0 0 155 0 0 0 0 0 0 86 86 86 86 86 162 162 162 162 162 162 162 162 229 229 229 229 14 -9999 149 149 149 149 149 149 149 149 149 149 149 149 149 149 149 149 26 26 26 26 0 0 0 0 0 0 0 0 0 51 51 51 32 32 32 58 58 58 58 58 58 58 -9999 -9999 -9999 -9999 -9999
-9999 -9999 -9999 -9999 -9999 -9999 0 155 0 0 0 0 0 0 0 86 86 86 86 86 86 23 23 162 162 162 162 162 162 162 162 229 162 -9999 -9999 149 149 149 149 28 28 149 28 149 149 149 149 149 149 149 2 2 2 2 0 0 0 0 0 0 0 0 0 0 51 51 32 32 32 32 32 58 58 58 58 58 -9999 -9999 -9999 -9999 -9999 -9999
-9999 -9999 -9999 -9999 -9999 -9999 -9999 -9999 -9999 -9999 -9999 -9999 -9999 0 -9999 -9999 86 86 86 86 86 23 -9999 -9999 23 23 162 162 162 162 162 162 162 -9999 -9999 149 149 149 28 28 28 28 28 28 28 28 149 149 149 2 2 2 2 2 2 2 0 92 92 0 0 0 0 0 0 32 32 32 32 32 32 32 32 58 58 58 -9999 -9999 -9999 -9999 -9999 -9999
-9999 -9999 -9999 -9999 -9999 -9999 -9999 -9999 -9999 -9999 -9999 -9999 -9999 -9999 -9999 -9999 -9999 86 86 86 23 23 -9999 -9999 -9999 23 94 94 162 162 162 162 162 162 30 -9999 149 149 149 149 28 120 120 120 120 28 28 28 28 28 2 2 2 2 2 2 2 92 92 0 0 0 0 0 0 0 32 32 32 32 32 32 32 32 32 58 -9999 -9999 -9999 -9999 -9999 -9999
-9999 -9999 -9999 -9999 -9999 -9999 -9999 -9999 -9999 -9999 -9999 -9999 -9999 -9999 -9999 -9999 -9999 -9999 -9999 -9999 -9999 -9999 -9999 -9999 -9999 -9999 -9999 -9999 -9999 94 162 162 162 162 -9999 -9999 149 149 149 149 149 120 120 120 120 120 120 28 28 28 28 2 2 2 2 2 92 92 92 92 0 0 0 0 0 0 93 32 30 30 30 32 32 32 32 73 73 -9999 -9999 -9999 -9999 -9999
-9999 -9999 -9999 -9999 -9999 -9999 -9999 -9999 -9999 -9999 -9999 -9999 -9999 -9999 -9999 -9999 -9999 -9999 -9999 -9999 -9999 -9999 -9999 -9999 -9999 -9999 -9999 -9999 -9999 -9999 94 94 155 162 -9999 -9999 149 149 149 149 149 169 120 120 120 120 120 120 120 28 23 23 23 2 2 2 92 92 92 92 0 0 0 0 93 93 226 226 30 30 30 30 32 32 73 73 73 73 -9999 -9999 -9999 -9999
-9999 -9999 -9999 -9999 -9999 -9999 -9999 -9999 -9999 -9999 -9999 -9999 -9999 -9999 -9999 -9999 -9999 -9999 -9999 -9999 -9999 -9999 -9999 -9999 -9999 -9999 -9999 -9999 -9999 -9999 -9999 -9999 -9999 155 -9999 32 -9999 149 149 149 2 -9999 -9999 120 120 120 120 120 120 120 23 23 23 23 23 92 92 92 92 146 146 0 0 0 93 93 226 226 226 30 30 30 30 73 73 73 73 73 20 20 -9999 -9999
-9999 -9999 -9999 -9999 -9999 -9999 -9999 -9999 -9999 -9999 -9999 -9999 -9999 -9999 -9999 -9999 -9999 -9999 -9999 -9999 -9999 -9999 -9999 -9999 -9999 -9999 -9999 -9999 -9999 -9999 -9999 -9999 -9999 -9999 -9999 -9999 -9999 149 -9999 77 -9999 -9999 -9999 -9999 -9999 120 120 120 120 23 23 23 23 23 23 27 92 92 92 146 146 93 93 93 93 93 226 226 226 30 30 30 30 73 73 73 73 73 20 20 20 -9999
-9999 -9999 -9999 -9999 -9999 -9999 -9999 -9999 -9999 -9999 -9999 -9999 -9999 -9999 -9999 -9999 -9999 -9999 -9999 -9999 -9999 -9999 -9999 -9999 -9999 -9999 -9999 -9999 -9999 -9999 -9999 -9999 -9999 -9999 -9999 -9999 -9999 86 -9999 -9999 -9999 -9999 -9999 -9999 -9999 -9999 -9999 -9999 23 23 23 23 23 23 27 27 27 27 146 146 146 93 93 93 93 226 226 226 30 30 30 30 30 73 73 73 73 20 20 20 20 20
-9999 -9999 -9999 -9999 -9999 -9999 -9999 -9999 -9999 -9999 -9999 -9999 -9999 -9999 -9999 -9999 -9999 -9999 -9999 -9999 -9999 -9999 -9999 -9999 -9999 -9999 -9999 -9999 -9999 -9999 -9999 -9999 -9999 -9999 -9999 -9999 -9999 -9999 -9999 -9999 -9999 -9999 -9999 -9999 -9999 -9999 -9999 -9999 -9999 -9999 -9999 -9999 23 23 27 27 27 27 146 146 146 146 93 93 93 226 226 226 30 30 30 30 30 73 73 73 20 -9999 -9999 20 20 -9999
-9999 -9999 -9999 -9999 -9999 -9999 -9999 -9999 -9999 -9999 -9999 -9999 -9999 -9999 -9999 -9999 -9999 -9999 -9999 -9999 -9999 -9999 -9999 -9999 -9999 -9999 -9999 -9999 -9999 -9999 -9999 -9999 -9999 -9999 -9999 -9999 -9999 -9999 -9999 -9999 -9999 -9999 -9999 -9999 -9999 -9999 -9999 -9999 -9999 -9999 -9999 -9999 -9999 27 27 27 27 27 27 27 146 146 146 146 226 226 226 30 30 30 30 30 30 30 73 73 -9999 20 20 20 20 20
-9999 -9999 -9999 -9999 -9999 -9999 -9999 -9999 -9999 -9999 -9999 -9999 -9999 -9999 -9999 -9999 -9999 -9999 -9999 -9999 -9999 -9999 -9999 -9999 -9999 -9999 -9999 -9999 -9999 -9999 -9999 -9999 -9999 -9999 -9999 -9999 -9999 -9999 -9999 -9999 -9999 -9999 -9999 -9999 -9999 -9999 -9999 -9999 -9999 -9999 -9999 -9999 -9999 27 27 27 27 27 27 27 146 146 146 146 201 226 226 30 30 30 30 30 30 30 30 -9999 20 20 20 20 20 20
-9999 -9999 -9999 -9999 -9999 -9999 -9999 -9999 -9999 -9999 -9999 -9999 -9999 -9999 -9999 -9999 -9999 -9999 -9999 -9999 -9999 -9999 -9999 -9999 -9999 -9999 -9999 -9999 -9999 -9999 -9999 -9999 -9999 -9999 -9999 -9999 -9999 -9999 -9999 -9999 -9999 -9999 -9999 -9999 -9999 -9999 0 0 0 -9999 -9999 -9999 27 27 27 27 27 27 27 27 146 146 146 201 201 201 30 30 30 30 30 30 30 30 30 20 20 20 20 20 20 20
-9999 -9999 -9999 -9999 -9999 -9999 -9999 -9999 -9999 -9999 -9999 -9999 -9999 -9999 -9999 -9999 -9999 -9999 -9999 -9999 -9999 -9999 -9999 -9999 -9999 -9999 -9999 -9999 -9999 -9999 -9999 -9999 -9999 -9999 -9999 -9999 -9999 -9999 -9999 -9999 -9999 -9999 -9999 -9999 -9999 -9999 -9999 -9999 -9999 -9999 -9999 -9999 27 27 27 27 27 27 27 146 146 146 146 201 201 201 201 201 201 30 30 30 30 30 -9999 20 20 20 20 20 20 20
-9999 -9999 -9999 -9999 -9999 -9999 -9999 -9999 -9999 -9999 -9999 -9999 -9999 -9999 -9999 -9999 -9999 -9999 -9999 -9999 -9999 -9999 -9999 -9999 -9999 -9999 -9999 -9999 -9999 -9999 -9999 -9999 -9999 -9999 -9999 -9999 -9999 -9999 -9999 -9999 -9999 -9999 -9999 -9999 -9999 -9999 -9999 -9999 -9999 -9999 -9999 27 27 27 27 27 27 27 27 146 146 146 146 201 201 201 201 201 201 201 201 201 30 -9999 -9999 -9999 -9999 20 20 20 20 20
-9999 -9999 -9999 -9999 -9999 -9999 -9999 -9999 -9999 -9999 -9999 -9999 -9999 -9999 -9999 -9999 -9999 -9999 -9999 -9999 -9999 -9999 -9999 -9999 -9999 -9999 -9999 -9999 -9999 -9999 -9999 -9999 -9999 -9999 -9999 -9999 -9999 -9999 -9999 -9999 -9999 -9999 -9999 -9999 -9999 -9999 -9999 -9999 -9999 -9999 -9999 27 27 27 27 27 27 27 27 27 27 27 214 214 214 214 201 201 201 201 201 201 201 -9999 -9999 -9999 -9999 -9999 20 20 20 20
-9999 -9999 -9999 -9999 -9999 -9999 -9999 -9999 -9999 -9999 -9999 -9999 -9999 -9999 -9999 -9999 -9999 -9999 -9999 -9999 -9999 -9999 -9999 -9999 -9999 -9999 -9999 -9999 -9999 -9999 -9999 -9999 -9999 -9999 -9999 -9999 -9999 -9999 -9999 -9999 -9999 -9999 -9999 -9999 -9999 -9999 -9999 -9999 -9999 -9999 27 27 27 27 27 27 27 27 27 27 27 27 214 214 214 214 214 214 214 201 201 201 -9999 -9999 -9999 -9999 -9999 20 20 20 20 20
-9999 -9999 -9999 -9999 -9999 -9999 -9999 -9999 -9999 -9999 -9999 -9999 -9999 -9999 -9999 -9999 -9999 -9999 -9999 -9999 -9999 -9999 -9999 -9999 -9999 -9999 -9999 -9999 -9999 -9999 -9999 -9999 -9999 -9999 -9999 -9999 -9999 -9999 -9999 -9999 -9999 -9999 -9999 -9999 -9999 -9999 -9999 -9999 -9999 -9999 0 27 27 27 27 27 27 27 27 27 27 214 214 214 214 214 214 214 214 214 201 -9999 -9999 -9999 -9999 -9999 -9999 20 20 20 20 20
-9999 -9999 -9999 -9999 -9999 -9999 -9999 -9999 -9999 -9999 -9999 -9999 -9999 -9999 -9999 -9999 -9999 -9999 -9999 -9999 -9999 -9999 -9999 -9999 -9999 -9999 -9999 -9999 -9999 -9999 -9999 -9999 -9999 -9999 -9999 -9999 -9999 -9999 -9999 -9999 -9999 -9999 -9999 -9999 -9999 -9999 -9999 -9999 -9999 0 0 27 27 27 27 27 27 27 27 27 27 214 214 214 214 214 214 214 214 214 214 -9999 -9999 -9999 -9999 -9999 -9999 -9999 20 20 20 20
-9999 -9999 -9999 -9999 -9999 -9999 -9999 -9999 -9999 -9999 -9999 -9999 -9999 -9999 -9999 -9999 -9999 -9999 -9999 -9999 -9999 -9999 -9999 -9999 -9999 -9999 -9999 -9999 -9999 -9999 -9999 -9999 -9999 -9999 -9999 -9999 -9999 -9999 -9999 -9999 -9999 -9999 -9999 -9999 -9999 -9999 -9999 -9999 -9999 0 0 0 0 0 0 27 27 27 27 27 214 214 214 214 214 214 214 214 214 214 -9999 -9999 -9999 -9999 -9999 -9999 -9999 -9999 -9999 -9999 20 20
-9999 -9999 -9999 -9999 -9999 -9999 -9999 -9999 -9999 -9999 -9999 -9999 -9999 -9999 -9999 -9999 -9999 -9999 -9999 -9999 -9999 -9999 -9999 -9999 -9999 -9999 -9999 -9999 -9999 -9999 -9999 -9999 -9999 -9999 -9999 -9999 -9999 -9999 -9999 -9999 -9999 -9999 -9999 -9999 -9999 -9999 -9999 -9999 212 212 212 212 0 0 0 27 27 27 27 27 214 214 214 214 214 214 214 214 214 214 -9999 -9999 -9999 -9999 -9999 -9999 -9999 -9999 -9999 -9999 -9999 146
-9999 -9999 -9999 -9999 -9999 -9999 -9999 -9999 -9999 -9999 -9999 -9999 -9999 -9999 -9999 -9999 -9999 -9999 -9999 -9999 -9999 -9999 -9999 -9999 -9999 -9999 -9999 -9999 -9999 -9999 -9999 -9999 -9999 -9999 -9999 -9999 -9999 -9999 -9999 -9999 -9999 -9999 -9999 -9999 -9999 -9999 -9999 -9999 212 212 212 212 212 212 212 27 27 212 27 27 214 214 214 214 214 214 214 214 214 -9999 187 187 -9999 -9999 -9999 -9999 -9999 -9999 -9999 -9999 146 146
-9999 -9999 -9999 -9999 -9999 -9999 -9999 -9999 -9999 -9999 -9999 -9999 -9999 -9999 -9999 -9999 -9999 -9999 -9999 -9999 -9999 -9999 -9999 -9999 -9999 -9999 -9999 -9999 -9999 -9999 -9999 -9999 -9999 -9999 -9999 -9999 -9999 -9999 -9999 -9999 -9999 -9999 -9999 -9999 -9999 -9999 -9999 0 0 212 212 212 212 212 212 212 212 212 212 214 214 214 214 214 214 214 214 214 214 -9999 187 187 187 187 -9999 -9999 -9999 -9999 -9999 -9999 146 146
