04_184A001/bm_lehtip_juuret.asc
ncols 378
nrows 390
xllcorner 613424
yllcorner 6870896
cellsize 16
nodata_value -9999
[rows 72 to 107 of 390, columns 0 to 79 of 378]
-9999 -9999 -9999 -9999 -9999 -9999 -9999 -9999 -9999 -9999 -9999 -9999 217 217 -9999 -9999 -9999 -9999 -9999 -9999 -9999 -9999 -9999 -9999 -9999 -9999 -9999 -9999 -9999 198 198 198 198 198 198 198 198 -9999 745 -9999 1397 1397 2125 1611 2301 -9999 -9999 -9999 -9999 -9999 -9999 -9999 -9999 -9999 -9999 -9999 -9999 -9999 -9999 -9999 -9999 -9999 -9999 -9999 -9999 -9999 -9999 -9999 -9999 -9999 -9999 -9999 -9999 -9999 -9999 -9999 -9999 -9999 -9999 -9999
-9999 -9999 -9999 -9999 -9999 -9999 -9999 -9999 220 -9999 -9999 220 217 217 217 217 -9999 -9999 -9999 -9999 -9999 -9999 -9999 -9999 -9999 -9999 -9999 -9999 -9999 198 198 198 198 198 198 198 198 -9999 -9999 1397 1397 1397 641 1733 1253 1807 2007 2007 1660 -9999 -9999 -9999 -9999 -9999 0 -9999 -9999 -9999 -9999 -9999 -9999 -9999 -9999 -9999 -9999 -9999 -9999 -9999 -9999 -9999 -9999 -9999 -9999 -9999 -9999 -9999 -9999 -9999 -9999 -9999
-9999 -9999 -9999 -9999 -9999 -9999 -9999 -9999 220 220 220 217 217 217 217 217 217 -9999 -9999 -9999 -9999 -9999 -9999 -9999 -9999 -9999 -9999 -9999 -9999 406 198 198 198 198 198 198 198 745 -9999 1397 1397 1397 641 641 641 641 879 1810 1660 1660 723 -9999 -9999 -9999 0 -9999 -9999 -9999 -9999 -9999 -9999 -9999 -9999 -9999 -9999 -9999 -9999 -9999 -9999 -9999 -9999 -9999 -9999 -9999 -9999 -9999 -9999 -9999 -9999 -9999
-9999 -9999 -9999 -9999 -9999 -9999 -9999 -9999 220 220 217 217 217 217 217 217 217 217 406 -9999 -9999 -9999 -9999 -9999 -9999 -9999 -9999 -9999 -9999 198 198 198 198 198 198 198 154 745 -9999 97 97 641 641 641 641 641 641 641 1081 938 825 693 -9999 -9999 0 -9999 -9999 -9999 -9999 -9999 -9999 -9999 -9999 -9999 -9999 -9999 -9999 -9999 -9999 -9999 -9999 -9999 -9999 -9999 -9999 -9999 -9999 -9999 -9999 -9999
-9999 -9999 -9999 -9999 -9999 -9999 -9999 220 220 220 0 217 217 217 217 217 217 406 406 -9999 -9999 -9999 -9999 -9999 -9999 -9999 -9999 -9999 -9999 198 198 198 198 198 198 198 -9999 -9999 97 97 97 641 641 641 641 641 641 641 641 641 641 381 -9999 345 397 -9999 -9999 -9999 -9999 -9999 -9999 -9999 -9999 -9999 -9999 -9999 -9999 -9999 -9999 -9999 -9999 -9999 -9999 -9999 -9999 -9999 -9999 -9999 -9999 -9999
-9999 -9999 -9999 -9999 -9999 -9999 789 789 220 0 0 0 0 217 217 217 2106 2106 2106 406 406 406 -9999 -9999 -9999 -9999 -9999 -9999 406 198 198 198 198 198 198 198 -9999 -9999 97 97 276 276 276 276 276 641 641 641 641 641 641 -9999 -9999 -9999 -9999 -9999 -9999 236 251 -9999 -9999 -9999 -9999 -9999 -9999 -9999 -9999 -9999 -9999 -9999 -9999 -9999 -9999 -9999 -9999 -9999 -9999 -9999 -9999 -9999
-9999 -9999 -9999 -9999 -9999 -9999 789 789 0 0 0 0 0 217 217 2106 2106 2106 2106 2106 2106 406 406 406 -9999 -9999 -9999 -9999 -9999 198 198 198 198 198 198 198 -9999 -9999 97 97 276 276 276 276 276 276 276 641 641 -9999 -9999 -9999 -9999 -9999 -9999 -9999 -9999 166 115 -9999 -9999 -9999 -9999 -9999 -9999 -9999 -9999 -9999 -9999 -9999 -9999 -9999 -9999 -9999 -9999 -9999 -9999 -9999 -9999 -9999
-9999 -9999 -9999 -9999 -9999 -9999 1390 1390 0 0 0 0 0 2106 2106 2106 2106 2106 2106 2106 2106 2106 2106 406 2106 -9999 -9999 -9999 198 198 198 198 198 198 198 467 745 -9999 97 97 276 276 276 276 276 276 276 0 0 -9999 -9999 -9999 -9999 -9999 -9999 -9999 -9999 -9999 -9999 -9999 -9999 -9999 -9999 -9999 -9999 -9999 -9999 -9999 -9999 -9999 -9999 -9999 -9999 -9999 -9999 -9999 -9999 -9999 -9999 -9999
-9999 -9999 -9999 -9999 -9999 -9999 1390 0 0 0 0 0 0 0 2106 2106 2106 2106 2106 2106 2106 2106 2106 2106 2106 2106 406 406 406 198 198 198 198 198 198 -9999 745 -9999 97 276 276 276 276 276 276 276 276 276 0 -9999 -9999 -9999 -9999 -9999 -9999 -9999 -9999 -9999 -9999 -9999 -9999 -9999 -9999 -9999 -9999 -9999 -9999 -9999 -9999 -9999 -9999 -9999 -9999 -9999 -9999 -9999 -9999 -9999 -9999 -9999
-9999 -9999 -9999 -9999 -9999 -9999 0 0 0 0 0 0 0 0 2106 2106 2106 2106 2106 2106 2106 2106 2106 466 466 466 466 406 406 198 198 198 198 198 198 -9999 745 -9999 97 276 276 276 276 276 276 276 276 276 0 0 -9999 -9999 -9999 -9999 -9999 -9999 -9999 -9999 -9999 -9999 -9999 -9999 -9999 -9999 -9999 -9999 -9999 -9999 -9999 -9999 -9999 -9999 -9999 -9999 -9999 -9999 -9999 -9999 -9999 -9999
-9999 -9999 -9999 -9999 -9999 -9999 0 0 0 0 0 0 0 0 2106 2106 2106 2106 2106 2106 2106 2106 2106 466 466 466 466 466 466 606 606 198 198 198 198 -9999 745 -9999 97 276 276 276 276 276 276 276 276 276 276 276 -9999 -9999 -9999 -9999 -9999 -9999 -9999 -9999 -9999 -9999 -9999 -9999 -9999 -9999 -9999 -9999 -9999 -9999 -9999 -9999 -9999 -9999 -9999 -9999 -9999 -9999 -9999 -9999 -9999 -9999
-9999 -9999 -9999 -9999 -9999 -9999 0 0 0 0 0 0 0 0 2106 2106 2106 2106 2106 2106 2106 2106 2106 466 466 466 466 466 466 606 606 606 606 606 198 745 745 -9999 276 276 276 276 276 276 276 276 276 276 276 276 997 -9999 -9999 -9999 -9999 -9999 -9999 -9999 -9999 -9999 -9999 -9999 -9999 -9999 -9999 -9999 -9999 -9999 -9999 -9999 -9999 -9999 -9999 -9999 -9999 -9999 -9999 -9999 -9999 -9999
-9999 -9999 -9999 -9999 -9999 -9999 0 0 0 0 0 0 0 0 2106 2106 2106 2106 2106 2106 2106 2106 466 466 466 466 466 466 466 606 606 606 606 606 -9999 745 745 -9999 276 276 276 276 276 276 276 276 276 276 276 997 997 997 599 -9999 -9999 -9999 -9999 -9999 -9999 -9999 -9999 -9999 -9999 -9999 -9999 -9999 -9999 -9999 -9999 -9999 -9999 -9999 -9999 -9999 -9999 -9999 -9999 -9999 -9999 -9999
-9999 -9999 -9999 -9999 -9999 -9999 0 0 0 0 0 0 0 2106 2106 2106 2106 2106 2106 2106 2106 2106 466 466 466 466 466 466 466 606 606 606 606 606 -9999 745 745 -9999 276 194 276 276 276 276 276 276 276 276 997 997 997 997 599 599 599 -9999 -9999 -9999 -9999 -9999 -9999 -9999 -9999 -9999 -9999 -9999 -9999 -9999 -9999 -9999 -9999 -9999 -9999 -9999 -9999 -9999 -9999 -9999 -9999 -9999
-9999 -9999 -9999 -9999 -9999 -9999 0 0 0 0 0 0 0 2106 2106 2106 2106 2106 2106 2106 2106 2106 466 466 466 466 466 466 466 466 606 606 606 606 -9999 745 745 -9999 194 194 194 194 276 276 276 276 276 194 194 997 997 997 599 599 599 599 599 -9999 -9999 -9999 -9999 -9999 -9999 -9999 -9999 -9999 -9999 -9999 -9999 -9999 -9999 -9999 -9999 -9999 -9999 -9999 -9999 -9999 -9999 -9999
-9999 -9999 -9999 -9999 -9999 -9999 0 0 0 0 0 0 0 2106 2106 2106 2106 2106 2106 2106 2106 2106 2106 466 466 466 466 466 466 466 606 606 606 606 -9999 0 0 -9999 194 194 194 194 194 194 194 194 194 194 194 997 997 599 599 599 599 599 -9999 -9999 -9999 -9999 -9999 -9999 -9999 -9999 -9999 -9999 -9999 -9999 -9999 -9999 -9999 -9999 -9999 -9999 -9999 -9999 -9999 -9999 -9999 -9999
-9999 -9999 -9999 -9999 -9999 -9999 0 0 0 0 0 0 0 0 0 2106 2106 2106 2106 2106 2106 2106 2106 2106 2106 606 606 466 466 606 606 606 606 606 0 0 1333 -9999 194 194 194 194 194 194 194 194 194 194 194 194 194 194 599 599 -9999 599 -9999 -9999 -9999 -9999 -9999 -9999 -9999 -9999 -9999 -9999 -9999 -9999 -9999 -9999 -9999 -9999 -9999 -9999 -9999 -9999 -9999 -9999 -9999 -9999
-9999 -9999 -9999 -9999 -9999 -9999 0 0 0 0 0 0 0 0 0 0 0 2106 2106 2106 2106 2106 2106 2106 2106 214 214 606 606 606 606 606 0 0 0 0 1333 -9999 194 194 194 194 194 194 194 194 194 194 194 194 194 194 194 -9999 -9999 -9999 -9999 -9999 -9999 -9999 -9999 -9999 -9999 -9999 -9999 -9999 -9999 -9999 -9999 -9999 -9999 -9999 -9999 -9999 -9999 -9999 -9999 -9999 -9999 -9999
-9999 -9999 -9999 -9999 -9999 -9999 -9999 0 0 0 0 0 0 0 0 0 0 0 0 2106 2106 214 214 2106 214 214 214 606 0 0 0 0 0 -9999 0 1333 1333 -9999 194 194 194 194 194 194 194 194 194 194 194 194 194 194 194 194 -9999 -9999 -9999 -9999 -9999 -9999 -9999 -9999 -9999 -9999 -9999 -9999 -9999 -9999 -9999 -9999 -9999 -9999 -9999 -9999 -9999 -9999 -9999 -9999 -9999 -9999
-9999 -9999 -9999 -9999 -9999 -9999 -9999 -9999 -9999 -9999 0 0 0 0 0 0 0 0 0 0 214 214 214 214 214 214 214 214 0 0 0 0 0 -9999 0 1333 1333 -9999 194 194 194 194 194 194 194 194 194 194 194 194 194 194 194 194 194 -9999 -9999 -9999 -9999 -9999 -9999 -9999 -9999 -9999 -9999 -9999 -9999 -9999 -9999 -9999 -9999 -9999 -9999 -9999 -9999 -9999 -9999 -9999 -9999 -9999
-9999 -9999 -9999 -9999 -9999 -9999 2900 0 0 0 0 -9999 0 0 0 0 0 0 0 0 0 0 214 214 214 214 214 214 0 0 214 214 214 -9999 0 1333 1333 -9999 2437 2437 2437 2437 194 194 194 194 194 194 194 2107 194 194 194 194 2107 -9999 -9999 -9999 -9999 -9999 -9999 -9999 -9999 -9999 -9999 -9999 -9999 -9999 -9999 -9999 -9999 -9999 -9999 -9999 -9999 -9999 -9999 -9999 -9999 -9999
-9999 -9999 -9999 -9999 -9999 -9999 2900 0 0 0 0 0 -9999 0 0 0 0 0 953 953 0 0 0 214 214 214 214 214 214 214 214 214 214 0 1333 1333 1333 -9999 2437 2437 2437 194 194 194 194 194 194 194 194 2107 2107 2107 2107 2107 2107 -9999 -9999 -9999 -9999 -9999 -9999 -9999 -9999 -9999 -9999 -9999 -9999 -9999 -9999 -9999 -9999 -9999 -9999 -9999 -9999 -9999 -9999 -9999 -9999 -9999
-9999 -9999 -9999 -9999 -9999 2900 2900 2900 0 0 0 0 0 259 953 953 953 953 953 953 953 0 248 248 248 214 214 214 214 214 214 214 214 -9999 1333 1333 -9999 2437 2437 2437 2437 194 194 194 194 194 194 194 194 2107 2107 2107 2107 2107 2107 -9999 -9999 -9999 -9999 -9999 -9999 -9999 -9999 -9999 -9999 -9999 -9999 -9999 -9999 -9999 -9999 -9999 -9999 -9999 -9999 -9999 -9999 -9999 -9999 -9999
-9999 -9999 2900 -9999 -9999 -9999 -9999 2900 2900 0 0 0 2900 9 -9999 953 953 953 953 953 248 248 248 248 248 248 248 214 214 214 214 214 214 0 1333 -9999 -9999 2437 2437 2437 2107 2107 2107 194 194 194 194 194 2107 2107 2107 2107 2107 2107 2107 680 -9999 -9999 -9999 -9999 -9999 -9999 -9999 -9999 -9999 -9999 -9999 -9999 -9999 -9999 -9999 -9999 -9999 -9999 -9999 -9999 -9999 -9999 -9999 -9999
-9999 -9999 2900 2900 2900 -9999 -9999 -9999 -9999 2900 2900 2900 2900 2900 2900 -9999 298 953 953 953 248 248 248 248 248 248 248 248 214 214 214 214 214 1333 1333 1333 -9999 2437 2437 2437 2107 2107 2107 2107 194 194 194 2107 2107 2107 2107 2107 2107 2107 680 680 680 680 -9999 -9999 -9999 -9999 -9999 -9999 -9999 -9999 -9999 -9999 -9999 -9999 -9999 -9999 -9999 -9999 -9999 -9999 -9999 -9999 -9999 -9999
-9999 2900 2900 -9999 2900 2900 2900 2900 2900 2900 2900 -9999 -9999 513 1351 1351 1351 -9999 293 953 953 248 248 248 248 248 248 248 1562 214 214 214 -9999 1333 1333 1333 -9999 2437 2107 2107 2107 2107 2107 2107 2107 2107 2107 2107 2107 2107 2107 2107 2107 2107 680 680 680 -9999 -9999 -9999 -9999 -9999 -9999 -9999 -9999 -9999 -9999 -9999 -9999 -9999 -9999 -9999 -9999 -9999 -9999 -9999 -9999 -9999 -9999 -9999
-9999 2900 2900 2900 2900 2900 2900 2900 2900 2900 2900 2900 2900 2900 1351 1351 1351 1351 1351 -9999 248 248 248 248 248 248 248 248 1562 1562 214 1562 -9999 1333 1333 1333 -9999 427 424 424 2107 2107 2107 2107 2107 2107 2107 2107 2107 2107 2107 2107 2107 680 680 680 680 -9999 -9999 -9999 -9999 -9999 -9999 -9999 -9999 -9999 -9999 -9999 -9999 -9999 -9999 -9999 -9999 -9999 -9999 -9999 -9999 -9999 -9999 -9999
-9999 249 426 2900 2900 2900 2900 2900 2900 2900 2900 2900 2900 2900 1351 1351 1351 1351 1351 274 -9999 248 248 248 248 248 248 248 1562 1562 1562 1562 -9999 1333 1333 1333 -9999 427 424 424 424 2107 2107 2107 2107 2107 2107 497 497 497 497 2107 1778 1778 1778 1778 1778 -9999 -9999 -9999 -9999 -9999 -9999 -9999 -9999 -9999 -9999 -9999 -9999 -9999 -9999 -9999 -9999 -9999 -9999 -9999 -9999 -9999 -9999 -9999
-9999 249 426 426 426 2900 2900 2900 2900 2900 2900 2900 2900 2900 1351 1351 1351 274 274 274 106 3 248 248 248 248 248 248 1562 1562 1562 1562 -9999 1333 1333 1333 -9999 427 427 424 424 424 424 424 2107 497 497 497 497 497 497 497 1778 1778 1778 1778 1778 -9999 -9999 -9999 -9999 -9999 -9999 -9999 -9999 -9999 -9999 -9999 -9999 -9999 -9999 -9999 -9999 -9999 -9999 -9999 -9999 -9999 -9999 -9999
-9999 426 426 426 426 426 426 2900 2900 2900 2900 2900 2900 2900 1351 1351 1351 274 274 274 274 274 -9999 -9999 248 248 248 248 1562 1562 1562 943 -9999 1333 1333 346 -9999 427 427 427 424 424 424 424 424 424 497 497 497 497 497 1778 1778 1778 1778 1778 1778 1778 1778 171 -9999 -9999 -9999 -9999 -9999 -9999 -9999 -9999 -9999 -9999 -9999 -9999 -9999 -9999 -9999 -9999 -9999 -9999 -9999 -9999
-9999 426 426 426 426 426 426 426 426 2900 2900 2900 2900 1351 1351 1351 274 274 274 274 274 274 274 274 274 -9999 -9999 248 1562 1562 1562 1562 1562 1333 1333 -9999 427 427 427 427 424 424 424 424 424 424 497 497 497 497 497 171 171 1778 1778 1778 1778 1778 1778 171 171 171 -9999 -9999 -9999 -9999 -9999 -9999 -9999 -9999 -9999 -9999 -9999 -9999 -9999 -9999 -9999 -9999 -9999 -9999
-9999 426 426 426 426 426 426 426 426 426 426 2900 2900 1351 1351 274 274 274 274 274 274 274 274 274 274 274 274 -9999 -9999 1562 1562 477 1562 1562 1562 -9999 427 427 427 427 424 424 424 424 424 424 497 497 497 497 497 171 171 171 1778 1778 1778 1778 171 171 171 171 171 171 171 -9999 -9999 -9999 -9999 -9999 -9999 -9999 -9999 -9999 -9999 -9999 -9999 -9999 -9999 -9999
-9999 1076 1076 1076 1076 1076 1076 1076 426 426 426 426 426 426 1351 274 274 274 274 274 274 274 274 274 274 274 274 274 1562 1562 -9999 -9999 -9999 -9999 -9999 -9999 237 427 427 427 427 427 424 424 625 424 508 497 497 497 497 497 171 1778 1778 171 171 171 171 171 171 171 171 171 -9999 -9999 -9999 -9999 -9999 -9999 -9999 -9999 -9999 -9999 -9999 -9999 -9999 -9999 -9999 -9999
-9999 1076 1076 461 1076 1076 1076 1076 426 426 426 426 426 426 426 426 274 274 274 274 274 274 274 274 274 274 274 274 1562 1562 1562 -9999 1562 1562 1562 -9999 237 237 237 427 427 625 625 424 625 625 508 508 508 508 497 171 171 171 171 171 409 409 409 409 409 171 171 171 -9999 -9999 -9999 -9999 -9999 -9999 -9999 -9999 -9999 -9999 -9999 -9999 -9999 -9999 -9999 -9999
-9999 1076 1076 461 461 418 418 1076 1076 1076 1076 1076 486 486 426 426 426 426 274 274 274 274 274 274 274 274 274 274 1562 1562 1562 -9999 1562 1562 -9999 237 237 237 237 237 341 625 625 625 625 625 508 508 508 508 508 171 171 171 171 409 409 409 409 409 409 409 409 171 171 -9999 -9999 -9999 -9999 -9999 -9999 -9999 -9999 -9999 -9999 -9999 -9999 -9999 -9999 -9999
-9999 -9999 -9999 -9999 461 418 418 418 418 1076 1076 1076 418 418 486 486 486 426 426 426 274 274 274 274 274 274 274 274 1562 1562 1562 -9999 1562 1562 -9999 237 237 237 237 237 237 341 341 625 625 625 508 508 508 508 508 508 171 171 171 171 409 0 0 0 409 409 409 409 171 171 171 171 -9999 -9999 -9999 -9999 -9999 -9999 -9999 -9999 -9999 -9999 -9999 -9999
