04_184A001/bm_manty_neulaset.asc
ncols 378
nrows 390
xllcorner 613424
yllcorner 6870896
cellsize 16
nodata_value -9999
[rows 36 to 71 of 390, columns 164 to 245 of 378]
-9999 -9999 -9999 -9999 -9999 -9999 -9999 -9999 -9999 -9999 -9999 350 350 350 398 398 398 398 398 398 398 398 398 398 398 398 398 0 401 401 401 401 401 339 339 339 339 339 339 339 339 339 339 86 86 86 86 86 86 86 106 309 309 309 309 0 0 0 0 0 0 30 30 30 46 15 15 106 106 106 -9999 -9999 -9999 -9999 -9999 -9999 -9999 -9999 -9999 -9999 -9999 -9999
-9999 -9999 -9999 -9999 -9999 -9999 -9999 -9999 -9999 -9999 350 350 350 398 398 398 398 398 398 398 398 398 398 398 398 398 0 0 0 0 0 401 401 339 339 339 339 339 339 339 339 339 339 339 86 86 86 86 86 86 0 309 309 309 309 309 309 0 0 0 30 30 30 30 -9999 15 15 106 106 106 -9999 -9999 -9999 -9999 -9999 -9999 -9999 -9999 -9999 -9999 -9999 -9999
-9999 -9999 -9999 -9999 -9999 -9999 -9999 -9999 -9999 350 350 350 398 398 398 398 398 398 398 398 398 398 398 398 398 0 0 0 0 0 0 0 0 401 401 339 339 339 339 339 339 339 339 339 339 86 86 86 86 86 0 0 0 309 309 309 309 309 0 68 68 30 30 -9999 15 145 145 145 145 106 106 -9999 -9999 -9999 -9999 -9999 -9999 -9999 -9999 -9999 -9999 -9999
-9999 -9999 -9999 -9999 -9999 -9999 -9999 -9999 -9999 350 350 350 398 398 398 398 398 398 398 398 398 398 398 398 398 0 0 0 0 0 0 0 0 0 0 339 339 339 339 339 339 339 339 339 360 86 86 86 86 86 0 0 0 0 309 309 309 309 68 68 68 30 30 -9999 15 145 145 145 145 145 106 -9999 -9999 -9999 -9999 -9999 -9999 -9999 -9999 -9999 -9999 -9999
-9999 -9999 -9999 -9999 -9999 -9999 44 44 350 350 350 398 398 398 398 398 398 398 398 398 398 398 398 398 0 0 0 0 0 0 0 0 0 0 339 339 339 339 339 339 339 339 339 360 360 360 86 86 86 86 86 86 0 0 0 309 309 68 68 68 30 30 -9999 15 15 145 145 145 145 145 145 145 -9999 -9999 -9999 -9999 -9999 -9999 -9999 -9999 -9999 -9999
0 0 0 0 0 44 44 44 44 44 398 398 398 398 398 398 398 398 398 335 335 398 398 0 0 0 0 0 0 0 0 0 0 0 339 339 339 339 339 339 339 339 339 360 360 360 360 86 86 86 86 86 86 0 0 0 309 68 68 68 30 30 -9999 15 15 145 145 145 145 145 145 145 -9999 -9999 -9999 -9999 -9999 -9999 -9999 -9999 -9999 -9999
0 0 0 0 0 0 44 44 44 398 398 398 398 398 335 335 335 335 335 335 335 335 335 368 368 368 368 0 0 0 0 0 0 368 339 339 339 339 339 339 339 339 360 360 360 360 360 360 86 86 86 86 86 86 86 0 68 68 68 68 68 -9999 15 15 15 15 145 145 145 145 145 145 -9999 -9999 -9999 -9999 -9999 -9999 -9999 -9999 -9999 -9999
31 0 0 0 0 44 44 44 314 314 398 335 335 335 335 335 335 335 335 335 335 335 368 368 368 368 368 368 0 0 0 368 368 368 339 339 339 339 339 339 339 360 360 360 360 360 360 360 360 86 86 86 86 86 86 68 68 68 68 68 68 54 15 15 15 15 15 15 145 145 145 145 0 -9999 -9999 -9999 -9999 -9999 -9999 -9999 -9999 -9999
31 31 31 0 0 44 44 44 314 314 314 314 314 335 335 335 335 335 335 335 335 368 368 368 368 368 368 368 368 368 368 368 368 368 339 339 339 339 339 339 339 360 360 360 360 360 360 360 360 360 86 86 86 86 68 68 68 68 68 68 -9999 54 15 15 15 15 15 15 15 15 15 32 32 -9999 -9999 -9999 -9999 -9999 -9999 -9999 -9999 -9999
31 31 31 44 44 44 44 361 361 314 314 314 314 314 314 314 314 335 335 335 335 368 368 368 368 368 368 368 368 368 368 368 368 339 339 339 339 339 339 339 360 360 360 360 360 360 360 360 360 360 360 86 86 68 68 68 292 292 292 292 54 54 54 54 15 15 15 15 15 15 32 32 32 -9999 -9999 -9999 -9999 -9999 -9999 -9999 -9999 -9999
62 44 44 44 44 44 361 361 361 361 314 314 314 314 314 314 314 314 314 335 368 368 368 368 368 368 368 368 368 368 368 368 368 339 339 339 339 339 339 360 360 360 360 360 360 360 360 360 360 360 360 360 68 68 68 68 292 292 292 -9999 54 54 54 54 54 15 15 15 15 32 32 32 32 32 -9999 -9999 -9999 -9999 -9999 -9999 -9999 -9999
44 44 44 44 44 361 361 361 361 361 361 361 314 314 314 314 314 314 314 0 0 0 368 368 368 368 368 368 368 368 368 368 339 339 339 339 339 339 339 339 360 360 360 360 360 360 360 360 360 360 360 360 292 292 292 292 292 292 292 292 54 54 54 54 54 54 54 15 32 32 32 32 32 32 -9999 -9999 -9999 -9999 -9999 -9999 -9999 -9999
44 44 44 44 361 361 361 361 361 361 361 328 328 328 328 328 314 314 314 0 0 0 0 0 368 368 368 368 368 368 368 368 155 339 339 339 339 339 339 339 339 339 360 360 360 360 360 360 360 360 360 292 292 292 292 292 292 292 -9999 292 292 54 54 54 54 54 54 15 32 32 32 32 32 32 -9999 -9999 -9999 -9999 -9999 -9999 -9999 -9999
60 -9999 174 44 361 361 361 361 361 361 328 328 328 328 328 328 328 328 0 0 0 0 0 0 368 368 368 368 368 368 155 155 155 155 155 339 339 339 339 339 339 339 339 360 360 360 360 360 360 360 292 292 292 292 292 292 292 -9999 292 292 292 292 54 54 54 54 54 42 32 32 32 32 32 32 -9999 -9999 -9999 -9999 -9999 -9999 -9999 -9999
0 0 0 37 -9999 361 361 361 361 361 328 328 328 328 328 328 328 328 0 0 0 0 0 0 0 411 368 368 368 155 155 155 155 155 155 155 339 339 339 339 339 339 339 339 339 360 360 360 360 360 292 292 292 292 292 292 292 -9999 26 292 292 54 54 54 54 54 42 42 42 32 32 32 32 32 -9999 -9999 -9999 -9999 -9999 -9999 -9999 -9999
0 0 33 33 33 -9999 361 361 328 328 328 328 328 328 328 328 328 0 0 0 0 0 0 0 89 411 411 411 411 155 155 155 155 155 155 155 339 339 339 339 339 339 339 339 339 339 360 360 360 360 0 292 292 292 292 292 -9999 26 26 26 59 59 54 54 54 42 42 42 42 42 42 42 32 32 32 -9999 -9999 -9999 -9999 -9999 -9999 -9999
0 0 0 33 33 33 -9999 328 328 328 328 328 328 328 328 328 0 0 0 0 0 0 0 0 89 411 411 411 411 411 411 155 155 155 155 155 155 339 339 339 339 339 339 339 339 339 339 339 360 360 0 0 292 292 0 292 26 26 26 26 26 59 59 59 57 42 42 42 42 42 42 42 42 42 42 -9999 -9999 -9999 -9999 -9999 -9999 -9999
0 0 0 33 33 33 50 -9999 328 328 328 328 328 328 328 328 0 0 0 0 0 0 0 89 89 411 411 411 411 411 411 155 155 155 155 155 155 339 339 339 339 339 339 339 339 339 339 339 339 339 0 0 0 0 0 -9999 26 26 26 26 59 59 59 57 57 57 42 42 42 42 42 42 42 42 42 -9999 -9999 -9999 -9999 -9999 -9999 -9999
0 0 0 33 33 50 50 50 -9999 328 328 328 328 328 328 374 374 374 89 89 0 89 89 89 89 411 411 411 411 411 411 411 155 155 155 155 155 339 339 339 339 339 339 339 339 339 339 339 339 339 339 0 0 0 -9999 26 26 26 26 26 59 59 57 57 57 57 42 42 42 0 0 0 42 42 42 -9999 -9999 -9999 -9999 -9999 -9999 -9999
0 0 33 33 33 50 50 50 50 -9999 328 328 328 328 328 374 374 374 374 374 89 89 89 89 411 411 411 411 411 411 411 0 0 155 155 155 155 155 339 339 339 339 339 339 339 339 339 339 339 339 339 33 0 0 -9999 0 26 26 26 26 59 57 57 57 57 40 40 42 0 0 0 0 0 0 0 -9999 -9999 -9999 -9999 -9999 -9999 -9999
0 0 0 33 33 50 50 50 50 50 -9999 328 328 328 374 374 374 374 374 374 374 374 374 89 411 411 411 411 411 411 0 0 0 0 155 155 155 155 339 339 339 339 339 339 339 339 339 339 339 339 33 33 33 -9999 0 0 0 0 26 26 59 57 57 57 57 40 40 40 0 0 0 0 0 0 0 0 -9999 -9999 -9999 -9999 -9999 -9999
0 0 0 33 33 50 50 50 50 50 50 -9999 328 374 374 374 374 374 374 374 374 374 374 411 411 411 411 411 411 0 0 0 0 0 155 155 155 155 155 339 339 339 339 339 339 -9999 339 339 339 339 33 33 33 0 0 0 0 0 0 26 57 57 57 57 40 40 40 40 0 0 0 0 0 0 0 0 -9999 -9999 -9999 -9999 -9999 -9999
0 0 0 33 33 50 50 50 50 50 50 50 -9999 383 374 374 374 374 374 374 374 374 411 411 411 411 411 411 0 0 0 0 0 0 0 0 0 155 155 339 339 339 339 339 339 339 339 339 33 33 33 33 -9999 0 0 0 0 0 0 57 57 57 57 40 40 40 40 40 0 0 0 0 0 0 0 0 -9999 -9999 -9999 -9999 -9999 -9999
80 0 0 0 50 50 50 50 50 27 50 50 374 374 -9999 374 374 374 374 374 374 411 411 411 411 411 0 0 0 0 0 0 0 0 0 0 0 357 357 357 357 62 62 339 339 339 339 339 33 33 33 -9999 0 0 0 0 0 0 83 83 57 40 40 40 40 40 40 0 0 0 0 0 0 0 0 30 30 -9999 -9999 -9999 -9999 -9999
80 0 0 0 0 50 50 50 27 27 27 50 374 374 374 374 -9999 374 374 374 59 59 59 59 59 59 59 0 0 0 0 0 0 0 0 0 0 0 357 357 357 62 62 62 62 62 62 62 62 33 33 -9999 0 0 0 0 0 83 83 83 40 40 40 40 40 40 40 0 0 0 0 0 0 0 0 0 0 -9999 -9999 -9999 -9999 -9999
0 0 0 0 0 0 50 27 27 27 27 45 45 374 374 374 45 45 -9999 59 59 59 59 59 59 59 59 59 59 0 0 0 0 0 0 0 0 0 357 357 357 62 62 62 62 62 62 62 62 10 -9999 0 0 0 0 0 83 83 83 83 83 40 40 40 40 83 83 0 0 0 0 0 0 0 0 0 0 0 -9999 -9999 -9999 -9999
0 0 0 0 0 0 50 50 27 27 45 45 45 45 45 -9999 45 45 45 45 -9999 59 59 59 59 59 59 59 59 0 0 0 0 0 0 0 0 0 357 357 62 62 176 -9999 -9999 -9999 -9999 -9999 27 27 27 -9999 0 0 0 83 83 83 83 83 83 83 83 83 83 83 83 83 0 0 0 0 0 0 0 0 0 0 -9999 -9999 -9999 -9999
0 0 0 0 0 0 50 50 50 27 45 45 45 45 -9999 45 45 45 45 207 207 203 -9999 59 59 59 59 59 0 0 0 0 0 0 0 0 0 0 220 -9999 398 238 238 238 238 27 27 27 27 27 27 27 -9999 19 83 83 83 83 83 83 83 83 83 83 83 83 83 0 0 0 0 0 0 446 0 0 446 446 446 -9999 -9999 -9999
0 0 0 0 0 0 0 50 50 0 45 45 45 -9999 45 45 45 207 207 207 207 207 182 223 -9999 59 59 59 59 0 0 0 0 0 0 0 0 -9999 238 238 238 238 238 238 27 27 27 27 27 27 27 27 27 100 -9999 -9999 83 83 83 83 83 83 83 0 0 0 0 0 0 0 0 446 446 446 446 446 446 446 446 105 -9999 -9999
0 0 0 0 0 0 0 50 50 0 0 0 4 45 45 45 45 207 207 182 182 182 182 182 160 -9999 -9999 59 59 0 0 0 0 0 0 -9999 238 238 238 238 238 238 238 27 27 27 27 27 27 27 27 27 27 100 100 100 -9999 83 83 0 0 0 0 0 0 0 0 0 0 0 0 0 446 446 446 446 446 446 105 105 105 -9999
0 0 0 0 0 0 0 50 0 0 0 0 -9999 0 0 45 207 207 207 182 182 182 182 160 160 160 160 -9999 -9999 -9999 -9999 -9999 -9999 -9999 238 238 238 238 238 238 238 238 238 27 27 27 27 27 27 27 27 27 100 100 100 100 100 -9999 83 0 0 0 0 0 0 0 0 98 98 0 0 0 446 446 446 446 446 446 446 105 105 -9999
52 52 0 0 0 0 0 0 0 0 0 -9999 0 0 0 0 207 207 207 182 182 160 160 160 160 160 160 238 238 238 238 238 238 238 238 238 238 238 293 293 293 293 293 123 27 27 27 27 27 27 27 100 100 100 100 100 100 -9999 98 98 0 0 98 98 98 98 98 98 98 467 467 467 467 446 446 446 446 446 105 105 105 105
52 52 52 52 0 0 0 0 0 0 -9999 0 0 0 0 0 0 207 207 182 182 160 160 160 160 160 238 238 238 238 238 238 238 238 293 293 293 293 293 293 293 293 123 123 123 27 27 27 27 27 100 100 100 100 100 100 100 100 -9999 98 98 98 98 98 535 535 98 98 98 467 467 467 467 467 446 446 446 446 105 105 105 105
103 52 52 52 103 0 0 -9999 -9999 -9999 0 0 0 0 0 0 0 0 207 182 182 160 160 160 160 160 238 238 238 238 238 238 238 293 293 293 293 293 293 293 293 293 293 123 123 123 27 27 27 100 100 100 100 100 100 100 100 100 -9999 98 98 98 535 535 535 535 98 98 467 467 467 467 467 467 467 446 446 105 105 105 105 105
103 103 103 103 103 -9999 0 0 0 -9999 0 0 0 0 0 0 0 0 0 182 182 182 182 160 160 160 238 238 293 293 293 293 293 293 293 293 293 293 293 293 293 293 123 123 123 123 123 27 0 0 100 100 100 100 100 100 100 100 100 98 535 535 535 535 535 98 98 98 98 467 467 467 467 467 467 467 15 105 105 105 105 105
103 103 103 103 -9999 210 43 0 0 0 0 0 0 0 0 0 0 0 182 182 182 182 58 58 58 58 293 293 293 293 293 293 293 293 293 293 293 24 24 24 24 24 123 123 123 123 123 0 0 0 0 100 100 100 100 100 100 100 100 28 535 535 535 535 535 535 535 441 98 467 467 467 467 467 467 467 15 15 15 15 105 105
