04_184A001/bm_manty_juuret.asc
ncols 378
nrows 390
xllcorner 613424
yllcorner 6870896
cellsize 16
nodata_value -9999
[rows 36 to 71 of 390, columns 81 to 161 of 378]
0 0 157 268 387 512 615 104 36 94 2 0 0 19 7 14 40 48 23 9 5 5 289 289 289 289 289 289 289 2250 2250 2250 2250 199 199 -9999 0 0 0 0 0 0 1097 230 230 230 230 230 230 230 230 230 388 388 388 388 2401 2401 2401 -9999 -9999 -9999 -9999 -9999 -9999 -9999 -9999 -9999 -9999 -9999 -9999 -9999 -9999 -9999 -9999 -9999 -9999 -9999 -9999 -9999 -9999
0 0 213 213 436 278 297 1049 830 44 30 2 2 65 14 39 275 817 199 4 3 3 289 289 289 289 289 289 289 289 2250 2250 2250 2250 199 -9999 516 516 516 0 0 0 1097 1097 230 230 230 230 230 230 230 230 230 388 388 388 388 2401 388 388 -9999 -9999 -9999 -9999 -9999 -9999 -9999 -9999 -9999 -9999 -9999 -9999 -9999 -9999 -9999 -9999 -9999 -9999 -9999 -9999 -9999
0 0 204 556 465 119 155 993 758 597 115 61 293 548 117 75 0 552 476 8 18 45 289 289 289 289 289 289 289 289 2250 2250 2250 0 0 -9999 516 516 516 0 0 1097 1097 1097 1097 1097 230 230 230 230 230 230 230 388 388 388 388 388 388 388 2401 1606 -9999 -9999 -9999 -9999 -9999 -9999 -9999 -9999 -9999 977 0 0 0 0 505 -9999 -9999 -9999 -9999
0 0 82 228 130 109 196 718 693 411 119 92 133 71 136 352 363 132 120 368 346 42 133 289 289 289 289 289 289 289 289 0 0 0 0 -9999 516 516 516 516 1097 1097 1097 1097 1097 1097 1097 230 230 230 230 230 230 230 388 388 388 388 388 388 977 977 977 977 977 977 977 977 977 977 977 505 505 505 505 505 505 505 505 -9999 -9999
0 0 0 205 558 131 211 50 170 90 166 126 50 356 184 213 237 228 40 66 164 212 21 289 289 289 289 289 289 289 289 0 0 0 0 -9999 516 516 516 1097 1097 1097 1097 1097 1097 1097 1097 1097 1097 230 230 230 230 230 388 388 388 388 388 977 78 977 977 977 977 1509 1509 1509 1509 977 977 505 505 505 505 505 505 505 0 0 0
0 0 0 460 596 -9999 -9999 329 242 -9999 -9999 29 361 50 239 195 221 231 235 222 182 40 405 289 289 123 289 289 289 289 289 0 0 0 0 -9999 516 516 1097 1097 1097 1097 1097 1097 1097 1097 1097 1097 1097 1097 1097 230 230 230 230 388 388 388 281 281 78 78 977 977 1509 1509 1509 1509 1509 1509 977 505 505 505 505 505 505 0 0 0 0
0 0 0 -9999 88 22 21 24 93 188 186 150 -9999 -9999 404 331 328 334 317 200 420 51 -9999 -9999 199 218 218 218 -9999 -9999 289 0 0 0 0 249 1071 1071 1097 1097 1097 1071 1071 1071 1071 1071 1097 1097 1097 1097 1097 1097 230 230 230 388 281 281 281 281 281 78 78 78 78 1509 1509 1509 1509 1509 1509 505 505 505 505 505 0 0 0 0 126
0 0 -9999 167 23 111 22 22 16 12 53 70 286 694 336 -9999 921 173 155 131 -9999 189 91 199 199 218 218 218 218 218 218 -9999 -9999 -9999 0 516 516 1071 1071 1071 1071 1071 1071 1071 1071 1071 1097 1097 1097 1097 1097 1097 230 230 388 281 281 281 281 281 281 281 281 78 78 78 1509 1509 1509 1509 1509 505 505 505 505 0 0 0 0 0 126
2000 -9999 1234 1234 100 20 22 53 2 2 6 242 537 302 391 548 947 306 128 303 574 57 200 199 199 199 218 218 218 218 218 218 325 325 325 -9999 -9999 1071 1071 1071 1071 1071 1071 1071 1071 1071 1071 1097 1097 1097 1097 1097 230 1071 176 176 281 281 281 281 281 281 281 78 78 78 1509 1509 1509 1509 505 505 505 505 0 0 0 0 0 126 126
2000 1234 1234 1234 24 20 53 2 367 188 109 76 356 875 1414 362 250 370 352 435 208 6 142 199 199 199 218 218 218 218 325 325 325 325 325 325 325 325 2148 -9999 -9999 1071 1071 1071 1071 1071 1071 1071 1097 1097 1071 1071 1071 1071 176 176 176 281 281 281 281 281 281 78 78 78 1509 1509 1509 1509 505 505 505 0 0 0 0 0 0 215 126
-9999 1234 1234 1234 167 24 20 2 278 285 367 443 405 537 823 205 353 202 27 223 186 365 341 199 199 199 130 218 218 218 325 325 325 325 325 325 325 325 325 325 325 325 -9999 -9999 1071 1071 1071 1071 1071 1071 1071 1071 1071 176 176 176 176 176 281 281 281 281 281 281 78 78 1509 1509 1509 505 505 505 0 0 0 0 0 215 215 215 215
1234 1234 1234 1234 184 118 72 476 346 1118 499 140 586 433 420 137 176 213 203 380 29 37 0 199 199 199 199 130 218 218 325 325 325 325 325 325 325 325 325 325 325 325 325 325 325 -9999 -9999 296 1071 1071 1071 1071 1071 638 176 176 176 176 176 281 281 281 281 281 638 638 1509 1509 505 505 505 505 0 0 0 215 215 215 215 215 215
1234 1234 1234 1234 1234 139 182 204 784 1009 499 7 55 39 42 87 347 335 205 198 179 0 0 199 199 199 130 130 130 130 325 325 325 325 325 325 325 325 325 325 325 325 325 325 325 325 325 325 -9999 -9999 -9999 1071 638 638 638 638 638 176 176 176 281 281 281 281 638 638 1509 505 505 505 505 0 0 0 0 215 215 215 215 215 193
1234 1234 1234 1234 1234 133 0 1142 2151 985 425 167 150 131 248 129 116 133 6 0 16 2 136 199 130 130 130 130 130 130 325 325 325 325 325 325 325 325 325 325 325 325 325 325 325 325 325 325 325 325 325 325 -9999 -9999 638 638 638 638 176 176 176 281 281 281 638 638 638 638 505 505 0 0 0 0 215 215 215 215 215 193 193
1576 1234 1234 1234 1234 386 876 1711 792 1807 371 91 133 385 343 7 7 7 2 3 15 13 175 130 130 130 130 130 130 130 325 325 325 325 325 325 325 325 325 325 325 325 325 325 325 325 325 325 325 325 325 0 0 0 0 -9999 26 638 638 638 176 176 176 176 638 638 638 638 505 0 0 0 0 0 215 215 215 8 -9999 -9999 -9999
1576 1576 1234 1234 1234 632 444 687 1287 1049 1801 492 33 149 367 101 216 175 6 0 2 6 0 130 130 130 130 130 130 130 325 325 325 325 325 325 325 325 325 325 325 325 325 325 325 325 0 0 0 325 325 0 0 0 0 0 0 -9999 -9999 638 638 638 638 638 638 638 638 638 0 0 0 758 -9999 -9999 -9999 1084 0 0 0 0 0
1576 1576 1234 1234 1234 1234 126 142 958 774 933 610 424 263 406 37 177 164 189 152 2 0 308 60 130 130 130 130 130 130 130 325 325 325 325 325 325 325 325 325 325 325 325 325 325 0 0 0 0 0 0 0 0 0 0 0 0 0 47 47 -9999 -9999 638 638 638 -9999 -9999 -9999 -9999 236 236 133 133 133 -9999 0 0 0 0 0 0
1576 1576 1576 1234 1234 1234 165 21 101 462 585 642 130 507 524 140 351 181 251 89 2 6 154 27 130 130 130 130 130 130 325 325 325 325 325 325 325 325 325 325 325 325 325 325 325 0 0 0 0 0 0 0 0 0 0 0 0 0 47 47 47 47 47 47 47 47 193 236 236 236 236 133 133 133 225 0 0 0 0 0 0
1576 1576 1576 1576 1234 1234 562 3 17 96 176 14 181 206 359 345 152 256 0 68 15 128 45 12 130 130 130 130 130 130 325 325 325 325 325 325 325 325 325 325 325 325 325 325 0 0 0 0 0 0 0 0 0 0 0 0 0 0 47 47 47 47 47 47 47 193 193 193 236 236 236 236 236 236 133 0 0 0 0 0 0
1576 1576 1576 1576 0 0 191 232 0 3 30 372 49 566 1697 1344 712 305 6 16 2 100 172 251 130 130 130 130 130 130 325 325 325 325 325 325 325 325 325 325 325 325 325 325 0 0 0 0 0 0 0 0 0 0 0 0 0 0 47 47 47 47 47 47 193 193 193 193 193 193 236 236 236 133 133 0 0 0 0 0 0
1576 1576 1576 1576 0 0 0 356 18 5 39 354 78 265 1516 2018 792 150 14 268 348 29 30 49 130 130 130 130 130 130 325 325 325 325 325 325 325 325 325 325 325 325 325 325 0 0 0 0 0 0 0 0 0 0 0 0 0 0 0 0 47 47 47 193 193 193 193 193 193 193 236 236 133 133 -9999 129 0 0 0 0 0
1919 1576 1576 0 0 0 0 289 18 19 14 276 31 594 398 1159 1483 345 6 272 238 165 94 370 130 130 130 130 130 130 325 325 325 325 325 325 325 325 325 325 325 325 325 325 0 0 0 0 0 0 0 0 0 0 0 0 0 0 0 0 47 47 47 193 193 193 193 193 193 193 133 133 133 133 -9999 129 0 129 0 129 237
80 0 0 0 0 0 0 580 106 86 194 414 358 375 186 321 911 266 91 446 57 146 194 251 130 130 130 130 130 135 325 325 325 325 325 0 325 325 325 325 325 325 325 325 0 0 0 0 0 0 0 0 0 0 0 0 0 0 0 0 47 47 193 193 193 193 193 193 193 193 133 133 133 133 -9999 129 129 129 129 237 237
80 0 0 0 0 0 0 277 84 24 116 0 128 383 17 164 377 104 56 12 0 342 162 418 130 130 130 135 135 135 325 325 325 0 0 0 0 0 0 0 325 325 325 325 0 0 0 0 0 0 0 0 0 0 0 0 0 0 0 0 47 193 193 193 193 193 193 193 193 133 133 133 133 133 -9999 129 129 129 129 237 0
80 0 0 0 0 0 0 0 145 160 143 116 2 21 57 73 16 72 89 38 3 73 315 573 135 130 135 135 135 135 135 325 325 0 0 0 0 0 0 0 0 0 325 0 0 0 0 0 0 0 0 0 0 0 0 0 0 0 0 0 193 193 193 193 193 193 193 193 193 133 133 133 133 133 133 133 133 133 237 0 0
80 0 0 0 0 0 0 0 57 187 106 51 48 12 13 53 73 64 59 24 29 80 27 566 135 135 135 135 135 135 135 135 135 0 0 0 0 0 0 0 0 0 0 0 0 0 0 0 0 0 0 0 0 0 0 0 0 0 0 0 0 0 0 193 193 193 1035 193 133 133 133 133 133 133 12 133 133 237 237 0 0
0 0 0 0 0 0 0 0 321 15 2 0 0 43 54 60 77 52 37 15 33 223 261 249 135 135 135 135 135 135 135 135 135 0 0 0 0 0 0 0 0 0 0 0 0 0 0 0 0 0 0 0 0 0 0 0 0 0 0 0 0 0 0 0 0 1035 1035 1035 1035 133 133 133 133 133 -9999 133 319 237 237 0 0
0 0 0 0 0 0 0 0 0 16 20 45 0 17 63 17 15 17 17 15 2 3 119 0 135 135 135 135 135 135 135 135 135 0 1341 1341 1341 0 0 0 146 146 146 146 146 146 81 0 0 0 0 0 0 0 0 0 0 0 0 0 0 0 0 0 0 1035 1035 1035 1035 1035 133 133 133 -9999 133 319 319 319 237 237 0
0 0 0 0 0 102 102 0 0 257 299 282 194 4 117 16 19 18 2 2 2 2 3 34 135 135 135 1341 1341 1341 135 135 1341 1341 1341 1341 1341 1341 146 146 146 146 146 146 146 81 81 81 81 0 0 0 0 0 0 0 0 0 0 0 0 0 0 0 0 0 242 1035 1035 1035 133 133 -9999 180 180 319 319 319 319 319 0
0 0 0 -9999 -9999 -9999 -9999 102 102 253 139 135 139 901 809 148 14 2 3 3 2 2 14 32 19 1341 1341 1341 1341 1341 1341 1341 1341 1341 1341 1341 1341 1341 146 146 146 146 146 146 146 81 81 81 81 0 0 0 0 0 0 0 191 0 0 0 0 0 0 0 242 242 242 133 133 133 133 -9999 180 180 319 319 319 319 319 319 319
0 0 -9999 -9999 -9999 -9999 -9999 102 102 -9999 -9999 -9999 177 213 -9999 209 18 2 2 2 2 18 19 45 118 1341 1341 1341 1341 1341 1341 1341 1341 1341 1341 1341 1341 146 146 146 146 146 146 146 81 81 81 81 81 81 0 0 0 0 0 191 191 191 191 191 191 191 191 191 191 242 242 133 133 133 -9999 180 180 319 319 319 319 319 319 319 319
0 0 -9999 -9999 -9999 -9999 -9999 -9999 -9999 -9999 -9999 -9999 682 -9999 -9999 -9999 2 2 2 2 16 16 17 47 181 1341 1341 1341 1341 1341 1341 1341 1341 1341 1341 146 146 146 146 146 146 146 146 146 81 81 81 81 81 81 0 0 0 0 0 191 191 191 191 0 0 191 191 191 191 242 133 133 133 -9999 180 180 319 319 319 319 319 319 319 319 319
0 -9999 -9999 -9999 -9999 -9999 -9999 -9999 -9999 -9999 -9999 -9999 -9999 -9999 -9999 -9999 225 2 144 5 17 2 0 0 95 1341 1341 1341 1341 1341 1341 1341 1341 566 1341 146 146 146 146 146 146 146 146 81 81 81 81 81 81 81 81 0 0 0 191 191 191 0 0 0 0 191 191 191 191 242 242 133 133 180 180 180 180 0 0 0 319 319 319 319 319
-9999 -9999 -9999 -9999 -9999 -9999 -9999 -9999 -9999 -9999 -9999 -9999 -9999 -9999 -9999 -9999 -9999 -9999 -9999 -9999 0 253 656 494 684 1341 1341 1341 1341 1341 1341 1341 1341 566 566 146 146 146 146 146 146 146 146 81 81 81 81 81 81 81 81 716 804 191 191 191 0 0 0 0 0 191 191 191 191 242 242 242 -9999 180 180 180 0 0 0 0 319 319 319 319 319
-9999 -9999 -9999 -9999 -9999 1427 -9999 -9999 -9999 -9999 -9999 -9999 -9999 -9999 -9999 -9999 -9999 -9999 -9999 -9999 -9999 117 563 713 66 1341 1341 566 566 1341 1341 1341 566 566 566 146 146 146 146 146 146 146 146 81 81 81 81 81 716 716 716 804 804 191 191 0 0 0 0 0 0 191 156 191 191 191 242 -9999 138 138 180 0 0 0 0 -9999 -9999 319 561 561 561
-9999 -9999 -9999 -9999 -9999 1469 1200 -9999 -9999 -9999 -9999 -9999 -9999 -9999 -9999 -9999 -9999 -9999 -9999 -9999 -9999 -9999 207 429 317 566 566 566 566 566 566 566 566 566 566 566 566 146 146 146 146 146 81 81 81 81 81 81 716 716 804 804 191 191 0 0 0 0 0 0 0 156 156 191 191 191 -9999 138 138 138 138 0 0 -9999 -9999 -9999 -9999 -9999 711 -9999 561
