04_184A001/bm_manty_neulaset.asc
ncols 378
nrows 390
xllcorner 613424
yllcorner 6870896
cellsize 16
nodata_value -9999
[rows 324 to 359 of 390, columns 246 to 327 of 378]
0 0 0 33 -9999 -9999 -9999 -9999 -9999 -9999 -9999 -9999 104 104 0 0 0 0 0 0 0 0 0 0 0 177 177 177 177 177 177 177 177 177 177 177 177 177 177 177 177 177 0 0 0 0 0 0 77 0 0 0 0 0 0 0 0 -9999 0 0 0 0 0 0 0 179 179 179 179 0 0 0 0 0 0 0 0 0 0 1 1 1
0 0 0 109 109 -9999 19 95 -9999 109 109 109 109 -9999 -9999 0 0 0 0 0 0 0 0 0 0 177 177 177 177 177 0 0 0 177 177 177 177 177 177 177 177 177 0 0 0 0 0 0 43 43 43 43 0 0 0 0 -9999 118 118 0 0 0 0 0 52 52 52 52 0 0 0 0 0 0 0 22 0 0 0 1 1 1
0 0 0 109 109 109 109 109 109 109 109 109 109 109 109 208 -9999 -9999 0 0 0 0 0 0 0 0 177 177 177 0 0 0 0 0 177 177 177 177 177 177 177 177 0 0 0 0 43 43 43 43 43 43 43 43 43 -9999 118 118 118 118 0 0 0 0 52 52 52 52 0 0 0 0 0 0 22 22 22 0 0 44 1 1
0 0 0 109 109 109 109 109 109 0 0 0 0 109 109 109 109 109 170 -9999 66 0 0 0 0 0 93 93 177 0 0 0 0 177 177 177 177 177 177 177 177 177 0 0 0 0 43 43 43 43 43 43 43 -9999 118 118 118 118 118 118 118 118 118 52 52 52 52 52 0 0 0 0 22 22 22 22 22 22 44 44 44 44
0 0 0 109 109 109 109 109 109 109 0 0 0 0 0 109 109 109 0 0 0 -9999 -9999 0 0 0 93 93 93 0 0 0 0 177 177 177 177 177 64 177 64 177 32 32 32 32 43 43 43 43 43 43 -9999 118 118 118 118 118 118 118 118 118 118 52 52 52 52 52 0 0 0 22 22 22 22 22 22 22 44 44 44 44
0 0 109 109 109 109 109 0 0 0 0 0 0 0 0 0 109 109 0 0 0 0 0 152 -9999 0 0 93 93 93 0 0 0 0 177 177 177 177 64 64 64 64 32 32 32 32 32 43 43 43 -9999 118 118 0 0 118 0 118 118 118 118 118 52 52 52 52 52 52 0 0 0 22 22 22 22 22 22 22 44 44 44 44
0 0 263 263 109 0 0 0 0 0 0 0 0 0 0 0 0 0 0 0 0 0 0 0 0 0 -9999 -9999 -9999 -9999 6 -9999 -9999 -9999 -9999 -9999 -9999 -9999 -9999 64 64 64 32 32 32 32 32 43 -9999 -9999 0 118 0 0 0 0 0 0 118 118 118 52 52 52 40 40 40 52 0 0 0 22 22 22 22 22 22 22 44 44 44 44
0 0 263 263 263 31 31 31 31 31 37 37 0 0 0 0 0 0 0 0 0 0 0 0 0 93 93 93 93 93 93 183 183 183 183 183 183 183 183 183 -9999 -9999 -9999 -9999 -9999 -9999 -9999 0 0 0 0 0 0 0 0 0 0 0 118 118 118 40 40 40 40 40 40 40 0 0 0 0 0 22 22 22 22 22 44 44 44 44
0 263 263 263 31 31 31 31 31 31 37 37 37 37 37 79 79 0 0 0 0 0 0 0 0 93 93 93 93 93 93 183 183 183 183 183 183 183 183 183 87 87 87 87 87 87 0 0 0 0 0 0 0 0 0 0 0 0 0 62 40 40 40 40 40 40 40 40 0 0 0 0 0 0 22 22 22 22 22 44 44 44
0 263 263 263 263 263 31 31 31 31 37 37 37 37 79 79 79 79 79 0 0 0 0 0 93 93 93 93 93 93 93 183 183 183 183 183 183 183 183 183 87 87 87 87 87 87 0 0 0 0 0 0 0 0 62 62 62 62 62 40 40 40 40 40 40 40 40 0 0 0 0 0 0 0 0 0 22 22 22 22 22 44
0 263 263 263 263 263 263 31 31 31 31 37 327 327 79 79 79 79 79 0 0 0 0 0 0 93 93 93 93 93 93 183 183 183 183 183 183 183 183 0 0 87 87 87 87 87 0 0 0 0 0 0 0 62 62 62 0 0 62 40 40 40 40 40 40 40 40 0 0 0 0 0 0 0 0 0 0 0 138 138 138 138
0 263 263 263 263 263 263 263 31 31 31 31 327 327 79 79 79 79 79 0 0 0 0 0 0 0 0 0 183 183 183 183 183 183 183 183 183 183 183 0 0 0 87 87 87 87 0 0 0 0 0 0 62 62 62 0 0 0 40 40 40 40 40 40 40 40 40 0 0 0 0 0 0 0 0 0 0 138 138 138 138 138
263 263 263 263 263 263 263 263 263 31 31 327 327 327 327 79 79 79 0 0 0 0 0 0 0 0 0 0 183 183 183 183 183 183 183 54 183 183 183 183 0 0 0 87 87 0 0 0 0 0 0 62 62 62 0 0 0 0 40 40 40 40 40 40 40 40 40 0 0 0 0 0 0 0 0 0 0 138 138 138 138 138
263 263 263 263 263 263 263 263 263 23 23 23 23 23 79 79 79 79 0 0 0 0 0 0 0 23 54 54 54 54 183 183 183 54 54 54 54 54 183 0 0 0 0 0 0 0 0 0 0 0 0 62 62 62 0 0 0 40 40 40 40 40 40 40 40 40 40 0 0 0 0 0 0 0 0 0 0 36 36 36 138 138
151 151 263 263 263 263 263 23 23 23 23 23 23 23 23 23 23 23 23 23 23 23 23 23 23 23 54 54 54 54 54 54 54 54 54 54 0 0 0 0 0 0 0 0 0 0 0 0 0 0 0 0 0 0 0 0 42 40 40 40 40 40 40 40 40 40 40 0 0 0 0 0 0 0 0 36 36 36 36 36 36 36
0 151 151 151 151 151 23 23 23 23 23 23 23 23 23 23 23 23 23 23 23 23 23 23 23 23 23 23 23 23 54 54 0 0 54 0 0 0 0 0 0 0 0 0 0 0 0 0 41 41 41 0 0 0 0 0 42 40 40 40 40 40 40 40 40 40 40 0 0 0 0 0 0 0 36 36 36 36 36 36 36 36
0 0 0 151 151 151 151 151 151 151 151 151 0 0 23 23 23 23 23 23 23 23 23 23 23 23 23 23 23 0 0 0 0 0 0 0 308 308 308 0 0 0 0 0 0 0 0 0 41 41 41 0 0 0 0 42 42 42 40 40 40 40 40 40 40 40 0 0 0 0 0 0 0 36 36 36 36 36 36 36 36 36
0 0 0 0 0 0 0 151 151 151 151 151 0 0 0 0 0 0 0 0 0 23 23 23 23 23 23 0 0 0 0 0 0 0 308 308 308 308 308 0 0 0 0 0 0 0 0 0 41 41 41 0 0 0 42 42 42 42 42 42 40 40 40 40 40 40 0 0 0 0 0 0 36 36 36 36 36 36 36 36 36 36
0 0 0 0 0 0 0 0 0 0 0 0 0 0 0 0 0 0 0 0 0 0 0 0 0 0 0 0 0 0 0 0 0 0 308 308 308 308 308 0 0 0 0 0 0 0 0 0 0 0 41 41 0 0 42 42 42 42 42 42 264 264 264 264 40 40 0 0 0 0 0 36 36 36 36 36 36 36 36 36 36 36
0 0 0 0 0 0 0 0 0 0 0 0 0 0 0 0 0 0 0 0 0 0 0 0 0 0 0 0 178 178 178 178 178 178 308 308 308 308 308 308 0 0 0 0 0 0 0 0 0 0 0 41 41 42 42 42 42 42 42 42 264 264 264 264 264 40 0 0 0 0 0 36 36 36 36 36 36 36 36 36 36 36
0 0 0 0 0 0 0 0 0 0 0 0 0 0 0 0 0 0 0 0 0 0 0 0 0 0 0 178 178 178 178 178 178 178 178 308 308 308 308 308 0 0 0 0 0 0 0 0 0 0 0 0 41 42 42 42 42 42 42 264 264 264 264 264 40 40 0 0 0 0 0 36 36 36 36 36 36 36 36 36 36 36
0 0 0 0 0 0 0 0 0 0 0 0 0 0 0 0 0 0 0 0 0 0 0 0 0 0 178 178 178 178 178 178 178 178 178 0 0 308 308 0 0 0 0 0 0 0 0 0 0 0 0 0 0 0 0 0 0 42 42 264 264 264 264 264 264 40 0 0 0 0 0 0 36 36 36 36 36 36 36 36 36 36
0 0 0 0 0 0 0 0 0 0 0 0 0 0 0 0 0 0 0 0 0 0 0 0 0 178 178 178 178 178 178 178 178 178 178 0 0 0 308 0 0 0 0 0 0 0 0 0 0 0 0 40 40 0 0 0 0 0 42 42 264 264 264 264 264 264 0 7 7 0 0 0 36 36 36 36 36 36 36 36 36 80
0 0 0 0 0 0 0 0 0 0 0 0 0 0 0 0 0 0 0 0 0 0 0 0 178 178 178 178 178 178 178 22 22 178 0 0 0 0 0 0 0 0 0 0 0 0 0 0 0 0 0 40 40 40 33 33 33 0 0 0 264 264 264 264 264 264 7 7 7 7 7 7 7 7 36 36 36 36 36 36 36 80
0 0 0 0 0 0 0 0 0 0 0 0 0 0 0 0 0 0 0 0 0 0 178 178 178 178 178 178 178 178 178 22 22 0 0 0 0 0 88 88 0 0 0 0 0 0 0 0 0 0 40 40 40 40 40 40 33 33 0 0 0 264 264 264 264 0 7 7 0 0 0 7 7 7 7 36 36 36 36 36 80 80
0 0 0 0 0 0 0 0 0 0 0 0 0 0 0 0 0 0 0 0 0 256 178 178 178 178 178 178 178 178 22 22 0 0 0 0 0 88 88 88 88 88 0 0 0 0 0 0 0 40 40 40 40 40 40 40 33 33 33 33 264 33 264 264 264 0 0 0 0 0 0 0 0 0 0 137 36 80 80 80 80 80
0 0 0 0 0 0 0 0 0 0 0 0 0 0 0 0 0 0 0 0 530 256 256 178 178 178 178 178 178 178 22 22 0 0 0 88 88 88 88 88 88 88 88 0 0 0 0 0 0 40 40 40 40 40 40 40 33 33 33 33 33 33 33 264 33 0 0 0 0 0 0 0 0 0 137 137 137 137 80 80 80 80
0 0 0 0 0 0 0 0 0 0 0 0 0 0 0 0 0 0 0 530 530 256 256 178 178 178 178 178 178 22 22 0 0 0 88 88 88 88 88 88 88 88 51 88 88 0 0 0 40 40 40 40 40 40 40 33 33 33 33 33 33 33 33 33 33 0 0 0 0 0 0 0 0 0 137 137 137 137 137 137 137 137
0 0 0 0 0 0 0 0 0 0 0 0 0 0 0 0 0 0 530 530 530 530 256 256 256 178 256 178 256 22 0 0 0 0 88 88 88 88 88 88 88 88 51 51 51 88 88 0 40 40 40 40 40 40 33 33 33 33 33 33 33 33 33 33 33 0 0 0 0 0 0 0 0 0 0 0 0 0 137 137 137 137
0 0 0 0 0 0 0 0 0 0 0 0 0 0 0 0 0 530 530 530 530 530 530 256 256 256 256 256 256 256 0 0 0 0 0 88 88 88 88 88 88 51 51 51 51 51 51 51 51 88 40 40 40 33 33 33 33 33 33 33 33 33 33 33 33 0 0 0 0 0 0 0 0 0 0 0 0 0 0 0 0 137
0 0 0 0 0 0 0 0 0 0 0 0 0 0 0 0 407 530 530 530 530 530 530 256 256 256 256 256 256 0 0 0 0 0 0 0 88 51 51 88 51 51 51 51 51 51 51 51 51 51 88 88 40 40 40 33 33 33 33 33 33 33 33 33 33 0 0 0 0 0 0 0 0 0 0 0 0 0 0 0 0 0
0 0 0 0 0 0 0 0 0 0 0 0 0 0 407 407 407 407 530 530 530 530 530 58 58 256 256 256 0 0 0 0 0 0 0 0 0 0 51 51 51 51 51 51 51 51 51 51 51 51 88 88 88 88 40 40 40 33 33 33 33 33 33 33 0 0 0 0 0 0 0 0 0 0 0 0 0 0 0 0 0 0
0 0 0 0 0 0 0 0 0 0 0 0 0 407 407 407 407 407 407 530 530 530 58 58 58 58 58 256 0 0 0 0 0 0 0 0 0 0 0 0 470 51 51 51 51 51 51 51 51 51 88 88 51 88 51 0 0 33 33 33 33 33 33 33 0 0 0 0 0 0 0 0 0 0 0 0 0 0 0 0 0 0
0 0 0 0 0 0 0 0 0 0 0 0 0 407 407 407 407 152 152 530 530 530 530 256 256 58 256 0 0 0 0 0 0 0 0 0 0 0 0 0 470 470 470 470 51 51 51 51 51 51 88 51 51 51 51 0 0 0 0 0 33 33 33 33 0 0 0 0 0 0 0 0 0 0 0 0 0 0 0 0 0 0
0 0 0 0 0 0 0 0 0 0 0 0 0 0 0 407 152 152 152 152 530 256 256 256 256 256 73 0 0 0 0 0 0 0 0 0 0 0 0 470 470 470 470 470 470 470 470 51 51 51 51 51 51 51 0 0 0 0 0 0 0 0 33 33 0 0 0 0 0 0 0 0 0 0 0 0 0 0 0 0 0 0
0 0 0 0 0 0 0 0 0 0 0 0 0 0 0 152 152 152 152 152 256 256 256 256 256 256 73 73 0 0 0 0 0 0 0 0 0 0 470 470 470 470 470 470 470 470 470 470 61 61 51 51 51 51 0 0 0 0 0 0 0 0 0 35 130 0 0 0 0 0 0 0 0 0 0 0 0 0 0 0 0 0
