04_184A001/bm_manty_neulaset.asc
ncols 378
nrows 390
xllcorner 613424
yllcorner 6870896
cellsize 16
nodata_value -9999
[rows 36 to 71 of 390, columns 82 to 163 of 378]
0 63 77 160 183 187 73 40 52 1 0 0 15 8 8 30 35 23 8 7 6 93 93 93 93 93 93 93 311 311 311 311 29 29 -9999 0 0 0 0 0 0 255 46 46 46 46 46 46 46 46 46 64 64 64 64 469 469 469 -9999 -9999 -9999 -9999 -9999 -9999 -9999 -9999 -9999 -9999 -9999 -9999 -9999 -9999 -9999 -9999 -9999 -9999 -9999 -9999 -9999 -9999 -9999 -9999
0 52 65 141 139 146 222 193 47 34 2 2 37 8 20 101 173 47 3 3 3 93 93 93 93 93 93 93 93 311 311 311 311 29 -9999 90 90 90 0 0 0 255 255 46 46 46 46 46 46 46 46 46 64 64 64 64 469 64 64 -9999 -9999 -9999 -9999 -9999 -9999 -9999 -9999 -9999 -9999 -9999 -9999 -9999 -9999 -9999 -9999 -9999 -9999 -9999 -9999 -9999 -9999 -9999
0 43 117 165 91 102 206 205 107 97 50 125 157 25 14 0 120 107 3 7 27 93 93 93 93 93 93 93 93 311 311 311 0 0 -9999 90 90 90 0 0 255 255 255 255 255 46 46 46 46 46 46 46 64 64 64 64 64 64 64 469 306 -9999 -9999 -9999 -9999 -9999 -9999 -9999 -9999 -9999 334 0 0 0 0 86 -9999 -9999 -9999 -9999 -9999 -9999
0 19 62 33 59 144 196 191 117 80 79 90 16 27 91 94 26 24 97 90 9 58 93 93 93 93 93 93 93 93 0 0 0 0 -9999 90 90 90 90 255 255 255 255 255 255 255 46 46 46 46 46 46 46 64 64 64 64 64 64 334 334 334 334 334 334 334 334 334 334 334 86 86 86 86 86 86 86 86 -9999 -9999 -9999 -9999
0 0 49 128 73 110 44 78 59 104 67 26 118 58 67 72 69 10 15 48 63 18 93 93 93 93 93 93 93 93 0 0 0 0 -9999 90 90 90 255 255 255 255 255 255 255 255 255 255 46 46 46 46 46 64 64 64 64 64 334 29 334 334 334 334 327 327 327 327 334 334 86 86 86 86 86 86 86 0 0 0 0 -9999
0 0 94 149 -9999 -9999 152 119 -9999 -9999 18 166 41 73 61 69 70 71 67 57 9 79 93 93 70 93 93 93 93 93 0 0 0 0 -9999 90 90 255 255 255 255 255 255 255 255 255 255 255 255 255 46 46 46 46 64 64 64 106 106 29 29 334 334 327 327 327 327 327 327 334 86 86 86 86 86 86 0 0 0 0 0 0
0 0 -9999 28 12 11 13 39 96 122 110 -9999 -9999 99 81 84 86 82 63 128 11 -9999 -9999 50 40 40 40 -9999 -9999 93 0 0 0 0 60 210 210 255 255 255 210 210 210 210 210 255 255 255 255 255 255 46 46 46 64 106 106 106 106 106 29 29 29 29 327 327 327 327 327 327 86 86 86 86 86 0 0 0 0 31 31 0
0 -9999 32 12 36 12 12 14 12 24 45 87 165 80 -9999 176 27 25 35 -9999 37 67 50 50 40 40 40 40 40 40 -9999 -9999 -9999 0 90 90 210 210 210 210 210 210 210 210 210 255 255 255 255 255 255 46 46 64 106 106 106 106 106 106 106 106 29 29 29 327 327 327 327 327 86 86 86 86 0 0 0 0 0 31 31 31
-9999 177 177 28 10 12 19 2 1 4 108 181 70 99 142 186 68 20 71 112 12 36 50 50 50 40 40 40 40 40 40 46 46 46 -9999 -9999 210 210 210 210 210 210 210 210 210 210 255 255 255 255 255 46 210 70 70 106 106 106 106 106 106 106 29 29 29 327 327 327 327 86 86 86 86 0 0 0 0 0 31 31 31 31
177 177 177 13 11 19 2 131 58 26 52 182 236 307 93 77 93 87 112 66 2 24 50 50 50 40 40 40 40 46 46 46 46 46 46 46 46 324 -9999 -9999 210 210 210 210 210 210 210 255 255 210 210 210 210 70 70 70 106 106 106 106 106 106 29 29 29 327 327 327 327 86 86 86 0 0 0 0 0 0 62 31 31 62
177 177 177 48 13 11 2 81 87 93 194 137 132 213 100 93 63 6 67 58 77 71 50 50 50 46 40 40 40 46 46 46 46 46 46 46 46 46 46 46 46 -9999 -9999 210 210 210 210 210 210 210 210 210 70 70 70 70 70 106 106 106 106 106 106 29 29 327 327 327 86 86 86 0 0 0 0 0 62 62 62 62 62 62
177 177 177 57 38 32 122 69 162 112 54 210 138 205 77 32 67 64 97 6 9 0 50 50 50 50 46 40 40 46 46 46 46 46 46 46 46 46 46 46 46 46 46 46 -9999 -9999 94 210 210 210 210 210 191 70 70 70 70 70 106 106 106 106 106 191 191 327 327 86 86 86 86 0 0 0 62 62 62 62 62 62 62 62
177 177 177 177 38 38 62 109 148 112 2 37 10 11 46 80 85 64 62 33 0 0 50 50 50 46 46 46 46 46 46 46 46 46 46 46 46 46 46 46 46 46 46 46 46 46 46 -9999 -9999 -9999 210 191 191 191 191 191 70 70 70 106 106 106 106 191 191 327 86 86 86 86 0 0 0 0 62 62 62 62 62 44 44 44
177 177 177 177 39 0 201 303 146 100 39 26 35 60 34 26 36 2 0 5 2 23 50 46 46 46 46 46 46 46 46 46 46 46 46 46 46 46 46 46 46 46 46 46 46 46 46 46 46 46 46 -9999 -9999 191 191 191 191 70 70 70 106 106 106 191 191 191 191 86 86 0 0 0 0 62 62 62 62 62 44 44 44 44
177 177 177 177 95 235 341 226 290 62 24 35 92 87 3 2 2 2 2 5 3 30 46 46 46 46 46 46 46 46 46 46 46 46 46 46 46 46 46 46 46 46 46 46 46 46 46 46 46 46 0 0 0 0 -9999 13 191 191 191 70 70 70 70 191 191 191 191 86 0 0 0 0 0 62 62 62 3 -9999 -9999 -9999 151 0
363 177 177 177 125 174 229 341 230 301 110 7 40 94 22 68 55 2 0 2 2 0 46 46 46 46 46 46 46 46 46 46 46 46 46 46 46 46 46 46 46 46 46 46 46 0 0 0 46 46 0 0 0 0 0 0 -9999 -9999 191 191 191 191 191 191 191 191 191 0 0 0 139 -9999 -9999 -9999 331 0 0 0 0 0 0 0
363 177 177 177 177 37 71 250 241 211 105 102 61 140 8 56 52 32 33 2 0 77 61 46 46 46 46 46 46 46 46 46 46 46 46 46 46 46 46 46 46 46 46 46 0 0 0 0 0 0 0 0 0 0 0 0 0 20 20 -9999 -9999 191 191 191 -9999 -9999 -9999 -9999 55 55 36 36 36 -9999 0 0 0 0 0 0 0 0
363 363 177 177 177 50 11 49 207 248 118 21 110 115 23 87 37 54 15 2 2 27 7 46 46 46 46 46 46 46 46 46 46 46 46 46 46 46 46 46 46 46 46 46 0 0 0 0 0 0 0 0 0 0 0 0 0 20 20 20 20 20 20 20 20 60 55 55 55 55 36 36 36 99 0 0 0 0 0 0 0 0
363 363 363 177 177 164 2 15 16 74 9 46 36 57 55 26 80 0 34 14 28 10 3 46 46 46 46 46 46 46 46 46 46 46 46 46 46 46 46 46 46 46 46 0 0 0 0 0 0 0 0 0 0 0 0 0 0 20 20 20 20 20 20 20 60 60 60 55 55 55 55 55 55 36 0 0 0 0 0 0 0 0
363 363 363 0 0 31 50 0 2 16 87 10 120 267 195 123 98 4 15 2 22 32 98 46 46 46 46 46 46 46 46 46 46 46 46 46 46 46 46 46 46 46 46 0 0 0 0 0 0 0 0 0 0 0 0 0 0 20 20 20 20 20 20 60 60 60 60 60 60 55 55 55 36 36 0 0 0 0 0 0 0 0
363 363 363 0 0 0 83 15 4 18 64 21 78 218 277 134 25 4 52 74 6 7 10 46 46 46 46 46 46 46 46 46 46 46 46 46 46 46 46 46 46 46 46 0 0 0 0 0 0 0 0 0 0 0 0 0 0 0 0 20 20 20 60 60 60 60 60 60 60 55 55 36 36 -9999 43 0 0 0 0 0 0 0
363 363 0 0 0 0 94 16 15 13 52 7 148 66 194 214 55 2 52 69 29 17 73 46 46 46 46 46 46 46 46 46 46 46 46 46 46 46 46 46 46 46 46 0 0 0 0 0 0 0 0 0 0 0 0 0 0 0 0 20 20 20 60 60 60 60 60 60 60 36 36 36 36 -9999 43 0 43 0 43 80 0 0
0 0 0 0 0 0 99 28 42 66 89 86 97 33 46 136 63 83 85 10 25 61 48 46 46 46 46 46 43 46 46 46 46 46 0 46 46 46 46 46 46 46 46 0 0 0 0 0 0 0 0 0 0 0 0 0 0 0 0 20 20 60 60 60 60 60 60 60 60 36 36 36 36 -9999 43 43 43 43 80 80 80 80
0 0 0 0 0 0 50 41 24 66 0 28 77 15 105 145 53 32 3 0 86 51 90 46 46 46 43 43 43 46 46 46 0 0 0 0 0 0 0 46 46 46 46 0 0 0 0 0 0 0 0 0 0 0 0 0 0 0 0 20 60 60 60 60 60 60 60 60 36 36 36 36 36 -9999 43 43 43 43 80 0 80 80
0 0 0 0 0 0 0 81 105 98 50 1 17 33 30 8 30 50 15 2 78 81 130 43 46 43 43 43 43 43 46 46 0 0 0 0 0 0 0 0 0 46 0 0 0 0 0 0 0 0 0 0 0 0 0 0 0 0 0 60 60 60 60 60 60 60 60 60 36 36 36 36 36 36 36 36 36 80 0 0 0 80
0 0 0 0 0 0 0 28 59 44 17 16 11 13 28 37 33 32 18 22 78 6 128 43 43 43 43 43 43 43 43 43 0 0 0 0 0 0 0 0 0 0 0 0 0 0 0 0 0 0 0 0 0 0 0 0 0 0 0 0 0 0 60 60 60 167 60 36 36 36 36 36 36 12 36 36 80 80 0 0 0 80
0 0 0 0 0 0 0 80 14 2 0 0 16 29 31 45 28 31 14 27 66 50 94 43 43 43 43 43 43 43 43 43 0 0 0 0 0 0 0 0 0 0 0 0 0 0 0 0 0 0 0 0 0 0 0 0 0 0 0 0 0 0 0 0 167 167 167 167 36 36 36 36 36 -9999 36 52 80 80 0 0 0 0
0 0 0 0 0 0 0 0 14 17 15 0 15 34 16 14 16 16 13 2 2 27 0 43 43 43 43 43 43 43 43 43 0 200 200 200 0 0 0 47 47 47 47 47 47 37 0 0 0 0 0 0 0 0 0 0 0 0 0 0 0 0 0 0 167 167 167 167 167 36 36 36 -9999 36 52 52 52 80 80 0 0 0
0 0 0 0 23 23 0 0 62 70 72 56 1 48 15 18 16 2 2 2 1 2 17 43 43 43 200 200 200 43 43 200 200 200 200 200 200 47 47 47 47 47 47 47 37 37 37 37 0 0 0 0 0 0 0 0 0 0 0 0 0 0 0 0 0 50 167 167 167 36 36 -9999 34 34 52 52 52 52 52 0 0 0
0 0 -9999 -9999 -9999 -9999 23 23 93 91 91 93 233 181 35 13 1 2 2 2 2 5 12 3 200 200 200 200 200 200 200 200 200 200 200 200 200 47 47 47 47 47 47 47 37 37 37 37 0 0 0 0 0 0 0 41 0 0 0 0 0 0 0 50 50 50 36 36 36 36 -9999 34 34 52 52 52 52 52 52 52 52 0
0 -9999 -9999 -9999 -9999 -9999 23 23 -9999 -9999 -9999 76 124 -9999 156 17 1 2 2 2 17 7 16 90 200 200 200 200 200 200 200 200 200 200 200 200 47 47 47 47 47 47 47 37 37 37 37 37 37 0 0 0 0 0 41 41 41 41 41 41 41 41 41 41 50 50 36 36 36 -9999 34 34 52 52 52 52 52 52 52 52 52 52
0 -9999 -9999 -9999 -9999 -9999 -9999 -9999 -9999 -9999 -9999 270 -9999 -9999 -9999 2 2 2 2 15 15 15 59 31 200 200 200 200 200 200 200 200 200 200 47 47 47 47 47 47 47 47 47 37 37 37 37 37 37 0 0 0 0 0 41 41 41 41 0 0 41 41 41 41 50 36 36 36 -9999 34 34 52 52 52 52 52 52 52 52 52 52 52
-9999 -9999 -9999 -9999 -9999 -9999 -9999 -9999 -9999 -9999 -9999 -9999 -9999 -9999 -9999 80 2 32 4 16 2 0 0 18 200 200 200 200 200 200 200 200 85 200 47 47 47 47 47 47 47 47 37 37 37 37 37 37 37 37 0 0 0 41 41 41 0 0 0 0 41 41 41 41 50 50 36 36 34 34 34 34 0 0 0 52 52 52 52 52 52 52
-9999 -9999 -9999 -9999 -9999 -9999 -9999 -9999 -9999 -9999 -9999 -9999 -9999 -9999 -9999 -9999 -9999 -9999 -9999 0 52 136 107 141 200 200 200 200 200 200 200 200 85 85 47 47 47 47 47 47 47 47 37 37 37 37 37 37 37 37 123 132 41 41 41 0 0 0 0 0 41 41 41 41 50 50 50 -9999 34 34 34 0 0 0 0 52 52 52 52 52 52 103
-9999 -9999 -9999 -9999 329 -9999 -9999 -9999 -9999 -9999 -9999 -9999 -9999 -9999 -9999 -9999 -9999 -9999 -9999 -9999 19 122 152 15 200 200 85 85 200 200 200 85 85 85 47 47 47 47 47 47 47 47 37 37 37 37 37 123 123 123 132 132 41 41 0 0 0 0 0 0 41 37 41 41 41 50 -9999 42 42 34 0 0 0 0 -9999 -9999 52 103 103 103 103 103
-9999 -9999 -9999 -9999 341 310 -9999 -9999 -9999 -9999 -9999 -9999 -9999 -9999 -9999 -9999 -9999 -9999 -9999 -9999 -9999 57 89 48 85 85 85 85 85 85 85 85 85 85 85 85 47 47 47 47 47 37 37 37 37 37 37 123 123 132 132 41 41 0 0 0 0 0 0 0 37 37 41 41 41 -9999 42 42 42 42 0 0 -9999 -9999 -9999 -9999 -9999 151 -9999 103 103 103
