04_184A001/bm_manty_juuret.asc
ncols 378
nrows 390
xllcorner 613424
yllcorner 6870896
cellsize 16
nodata_value -9999
[rows 36 to 71 of 390, columns 162 to 242 of 378]
-9999 -9999 -9999 -9999 -9999 -9999 -9999 -9999 -9999 -9999 -9999 -9999 -9999 1209 1209 1209 1480 1480 1480 1480 1480 1480 1480 1480 1480 1480 1480 1480 1480 0 1514 1514 1514 1514 1514 1711 1711 1711 1711 1711 1711 1711 1711 1711 1711 176 176 176 176 176 176 176 218 1302 1302 1302 1302 0 0 0 0 0 0 82 82 82 137 49 49 266 266 266 -9999 -9999 -9999 -9999 -9999 -9999 -9999 -9999 -9999
-9999 -9999 -9999 -9999 -9999 -9999 -9999 -9999 -9999 -9999 -9999 -9999 1209 1209 1209 1480 1480 1480 1480 1480 1480 1480 1480 1480 1480 1480 1480 1480 0 0 0 0 0 1514 1514 1711 1711 1711 1711 1711 1711 1711 1711 1711 1711 1711 176 176 176 176 176 176 0 1302 1302 1302 1302 1302 1302 0 0 0 82 82 82 82 -9999 49 49 266 266 266 -9999 -9999 -9999 -9999 -9999 -9999 -9999 -9999 -9999
-9999 -9999 -9999 -9999 -9999 -9999 -9999 -9999 -9999 -9999 -9999 1209 1209 1209 1480 1480 1480 1480 1480 1480 1480 1480 1480 1480 1480 1480 1480 0 0 0 0 0 0 0 0 1514 1514 1711 1711 1711 1711 1711 1711 1711 1711 1711 1711 176 176 176 176 176 0 0 0 1302 1302 1302 1302 1302 0 334 334 82 82 -9999 49 696 696 696 696 266 266 -9999 -9999 -9999 -9999 -9999 -9999 -9999 -9999
-9999 -9999 -9999 -9999 -9999 -9999 -9999 -9999 -9999 -9999 -9999 1209 1209 1209 1480 1480 1480 1480 1480 1480 1480 1480 1480 1480 1480 1480 1480 0 0 0 0 0 0 0 0 0 0 1711 1711 1711 1711 1711 1711 1711 1711 1711 1840 176 176 176 176 176 0 0 0 0 1302 1302 1302 1302 334 334 334 82 82 -9999 49 696 696 696 696 696 266 -9999 -9999 -9999 -9999 -9999 -9999 -9999 -9999
0 -9999 -9999 -9999 -9999 -9999 -9999 -9999 193 193 1209 1209 1209 1480 1480 1480 1480 1480 1480 1480 1480 1480 1480 1480 1480 1480 0 0 0 0 0 0 0 0 0 0 1711 1711 1711 1711 1711 1711 1711 1711 1711 1840 1840 1840 176 176 176 176 176 176 0 0 0 1302 1302 334 334 334 82 82 -9999 49 49 696 696 696 696 696 696 696 -9999 -9999 -9999 -9999 -9999 -9999 -9999
0 0 0 0 0 0 0 193 193 193 193 193 1480 1480 1480 1480 1480 1480 1480 1480 1480 1600 1600 1480 1480 0 0 0 0 0 0 0 0 0 0 0 1711 1711 1711 1711 1711 1711 1711 1711 1711 1840 1840 1840 1840 176 176 176 176 176 176 0 0 0 1302 334 334 334 82 82 -9999 49 49 696 696 696 696 696 696 696 -9999 -9999 -9999 -9999 -9999 -9999 -9999
126 0 0 0 0 0 0 0 193 193 193 1480 1480 1480 1480 1480 1600 1600 1600 1600 1600 1600 1600 1600 1600 1520 1520 1520 1520 0 0 0 0 0 0 1520 1711 1711 1711 1711 1711 1711 1711 1711 1840 1840 1840 1840 1840 1840 176 176 176 176 176 176 176 0 334 334 334 334 334 -9999 49 49 49 49 696 696 696 696 696 696 -9999 -9999 -9999 -9999 -9999 -9999 -9999
126 126 126 0 0 0 0 193 193 193 882 882 1480 1600 1600 1600 1600 1600 1600 1600 1600 1600 1600 1600 1520 1520 1520 1520 1520 1520 0 0 0 1520 1520 1520 1711 1711 1711 1711 1711 1711 1711 1840 1840 1840 1840 1840 1840 1840 1840 176 176 176 176 176 176 334 334 334 334 334 334 214 49 49 49 49 49 49 696 696 696 696 0 -9999 -9999 -9999 -9999 -9999 -9999
126 126 126 126 126 0 0 193 193 193 882 882 882 882 882 1600 1600 1600 1600 1600 1600 1600 1600 1520 1520 1520 1520 1520 1520 1520 1520 1520 1520 1520 1520 1520 1711 1711 1711 1711 1711 1711 1711 1840 1840 1840 1840 1840 1840 1840 1840 1840 176 176 176 176 334 334 334 334 334 334 -9999 214 49 49 49 49 49 49 49 49 49 68 68 -9999 -9999 -9999 -9999 -9999 -9999
126 215 126 126 126 193 193 193 193 1445 1445 882 882 882 882 882 882 882 882 1600 1600 1600 1600 1520 1520 1520 1520 1520 1520 1520 1520 1520 1520 1520 1520 1711 1711 1711 1711 1711 1711 1711 1840 1840 1840 1840 1840 1840 1840 1840 1840 1840 1840 176 176 334 334 334 1294 1294 1294 1294 214 214 214 214 49 49 49 49 49 49 68 68 68 -9999 -9999 -9999 -9999 -9999 -9999
215 215 215 193 193 193 193 193 1445 1445 1445 1445 882 882 882 882 882 882 882 882 882 1600 1520 1520 1520 1520 1520 1520 1520 1520 1520 1520 1520 1520 1520 1711 1711 1711 1711 1711 1711 1840 1840 1840 1840 1840 1840 1840 1840 1840 1840 1840 1840 1840 334 334 334 334 1294 1294 1294 -9999 214 214 214 214 214 49 49 49 49 68 68 68 68 68 -9999 -9999 -9999 -9999 -9999
215 215 193 193 193 193 193 1445 1445 1445 1445 1445 1445 1445 882 882 882 882 882 882 882 0 0 0 1520 1520 1520 1520 1520 1520 1520 1520 1520 1520 1711 1711 1711 1711 1711 1711 1711 1711 1840 1840 1840 1840 1840 1840 1840 1840 1840 1840 1840 1840 1294 1294 1294 1294 1294 1294 1294 1294 214 214 214 214 214 214 214 49 68 68 68 68 68 68 -9999 -9999 -9999 -9999 -9999
193 193 193 193 193 193 1445 1445 1445 1445 1445 1445 1445 2115 2115 2115 2115 2115 882 882 882 0 0 0 0 0 1520 1520 1520 1520 1520 1520 1520 1520 444 1711 1711 1711 1711 1711 1711 1711 1711 1711 1840 1840 1840 1840 1840 1840 1840 1840 1840 1294 1294 1294 1294 1294 1294 1294 -9999 1294 1294 214 214 214 214 214 214 49 68 68 68 68 68 68 -9999 -9999 -9999 -9999 -9999
193 193 171 -9999 336 193 1445 1445 1445 1445 1445 1445 2115 2115 2115 2115 2115 2115 2115 2115 0 0 0 0 0 0 1520 1520 1520 1520 1520 1520 444 444 444 444 444 1711 1711 1711 1711 1711 1711 1711 1711 1840 1840 1840 1840 1840 1840 1840 1294 1294 1294 1294 1294 1294 1294 -9999 1294 1294 1294 1294 214 214 214 214 214 266 68 68 68 68 68 68 -9999 -9999 -9999 -9999 -9999
595 0 0 0 0 202 -9999 1445 1445 1445 1445 1445 2115 2115 2115 2115 2115 2115 2115 2115 0 0 0 0 0 0 0 1617 1520 1520 1520 444 444 444 444 444 444 444 1711 1711 1711 1711 1711 1711 1711 1711 1711 1840 1840 1840 1840 1840 1294 1294 1294 1294 1294 1294 1294 -9999 46 1294 1294 214 214 214 214 214 266 266 266 68 68 68 68 68 -9999 -9999 -9999 -9999 -9999
0 0 0 0 80 80 80 -9999 1445 1445 2115 2115 2115 2115 2115 2115 2115 2115 2115 0 0 0 0 0 0 0 287 1617 1617 1617 1617 444 444 444 444 444 444 444 1711 1711 1711 1711 1711 1711 1711 1711 1711 1711 1840 1840 1840 1840 0 1294 1294 1294 1294 1294 -9999 46 46 46 263 263 214 214 214 266 266 266 266 266 266 266 68 68 68 -9999 -9999 -9999 -9999
0 0 0 0 0 80 80 80 -9999 2115 2115 2115 2115 2115 2115 2115 2115 2115 0 0 0 0 0 0 0 0 287 1617 1617 1617 1617 1617 1617 444 444 444 444 444 444 1711 1711 1711 1711 1711 1711 1711 1711 1711 1711 1711 1840 1840 0 0 1294 1294 0 1294 46 46 46 46 46 263 263 263 153 266 266 266 266 266 266 266 266 266 266 -9999 -9999 -9999 -9999
0 0 0 0 0 80 80 80 112 -9999 2115 2115 2115 2115 2115 2115 2115 2115 0 0 0 0 0 0 0 287 287 1617 1617 1617 1617 1617 1617 444 444 444 444 444 444 1711 1711 1711 1711 1711 1711 1711 1711 1711 1711 1711 1711 1711 0 0 0 0 0 -9999 46 46 46 46 263 263 263 153 153 153 266 266 266 266 266 266 266 266 266 -9999 -9999 -9999 -9999
0 0 0 0 0 80 80 112 112 112 -9999 2115 2115 2115 2115 2115 2115 2371 2371 2371 287 287 0 287 287 287 287 1617 1617 1617 1617 1617 1617 1617 444 444 444 444 444 1711 1711 1711 1711 1711 1711 1711 1711 1711 1711 1711 1711 1711 1711 0 0 0 -9999 46 46 46 46 46 263 263 153 153 153 153 266 266 266 0 0 0 266 266 266 -9999 -9999 -9999 -9999
0 0 0 0 80 80 80 112 112 112 112 -9999 2115 2115 2115 2115 2115 2371 2371 2371 2371 2371 287 287 287 287 1617 1617 1617 1617 1617 1617 1617 0 0 444 444 444 444 444 1711 1711 1711 1711 1711 1711 1711 1711 1711 1711 1711 1711 1711 175 0 0 -9999 0 46 46 46 46 263 153 153 153 153 224 224 266 0 0 0 0 0 0 0 -9999 -9999 -9999 -9999
0 0 0 0 0 80 80 112 112 112 112 112 -9999 2115 2115 2115 2371 2371 2371 2371 2371 2371 2371 2371 2371 287 1617 1617 1617 1617 1617 1617 0 0 0 0 444 444 444 444 1711 1711 1711 1711 1711 1711 1711 1711 1711 1711 1711 1711 175 175 175 -9999 0 0 0 0 46 46 263 153 153 153 153 224 224 224 0 0 0 0 0 0 0 0 -9999 -9999 -9999
0 0 0 0 0 80 80 112 112 112 112 112 112 -9999 2115 2371 2371 2371 2371 2371 2371 2371 2371 2371 2371 1617 1617 1617 1617 1617 1617 0 0 0 0 0 444 444 444 444 444 1711 1711 1711 1711 1711 1711 -9999 1711 1711 1711 1711 175 175 175 0 0 0 0 0 0 46 153 153 153 153 224 224 224 224 0 0 0 0 0 0 0 0 -9999 -9999 -9999
237 237 0 0 0 80 80 112 112 112 112 112 112 112 -9999 1453 2371 2371 2371 2371 2371 2371 2371 2371 1617 1617 1617 1617 1617 1617 0 0 0 0 0 0 0 0 0 444 444 1711 1711 1711 1711 1711 1711 1711 1711 1711 175 175 175 175 -9999 0 0 0 0 0 0 153 153 153 153 224 224 224 224 224 0 0 0 0 0 0 0 0 -9999 -9999 -9999
237 237 237 0 0 0 112 112 112 112 112 132 112 112 2371 2371 -9999 2371 2371 2371 2371 2371 2371 1617 1617 1617 1617 1617 0 0 0 0 0 0 0 0 0 0 0 1773 1773 1773 1773 235 235 1711 1711 1711 1711 1711 175 175 175 -9999 0 0 0 0 0 0 535 535 153 224 224 224 224 224 224 0 0 0 0 0 0 0 0 66 66 -9999 -9999
0 237 237 0 0 0 0 112 112 112 132 132 132 112 2371 2371 2371 2371 -9999 2371 2371 2371 380 380 380 380 380 380 380 0 0 0 0 0 0 0 0 0 0 0 1773 1773 1773 235 235 235 235 235 235 235 235 175 175 -9999 0 0 0 0 0 535 535 535 224 224 224 224 224 224 224 0 0 0 0 0 0 0 0 0 0 -9999 -9999
0 237 0 0 0 0 0 0 112 132 132 132 132 114 114 2371 2371 2371 114 114 -9999 380 380 380 380 380 380 380 380 380 380 0 0 0 0 0 0 0 0 0 1773 1773 1773 235 235 235 235 235 235 235 235 35 -9999 0 0 0 0 0 535 535 535 535 535 224 224 224 224 535 535 0 0 0 0 0 0 0 0 0 0 0 -9999
0 0 0 0 0 0 0 0 112 112 132 132 114 114 114 114 114 -9999 114 114 114 114 -9999 380 380 380 380 380 380 380 380 0 0 0 0 0 0 0 0 0 1773 1773 235 235 740 -9999 -9999 -9999 -9999 -9999 53 53 53 -9999 0 0 0 535 535 535 535 535 535 535 535 535 535 535 535 535 0 0 0 0 0 0 0 0 0 0 -9999
0 0 0 0 0 0 0 0 112 112 112 132 114 114 114 114 -9999 114 114 114 114 1130 1130 1144 -9999 380 380 380 380 380 0 0 0 0 0 0 0 0 0 0 771 -9999 1573 1130 1130 1130 1130 53 53 53 53 53 53 53 -9999 25 535 535 535 535 535 535 535 535 535 535 535 535 535 0 0 0 0 0 0 1534 0 0 1534 1534 1534
0 0 0 0 0 0 0 0 0 112 112 0 114 114 114 -9999 114 114 114 1130 1130 1130 1130 1130 813 747 -9999 380 380 380 380 0 0 0 0 0 0 0 0 -9999 1130 1130 1130 1130 1130 1130 53 53 53 53 53 53 53 53 53 350 -9999 -9999 535 535 535 535 535 535 535 0 0 0 0 0 0 0 0 1534 1534 1534 1534 1534 1534 1534 1534
319 0 0 0 0 0 0 0 0 112 112 0 0 0 3 114 114 114 114 1130 1130 813 813 813 813 813 303 -9999 -9999 380 380 0 0 0 0 0 0 -9999 1130 1130 1130 1130 1130 1130 1130 53 53 53 53 53 53 53 53 53 53 350 350 350 -9999 535 535 0 0 0 0 0 0 0 0 0 0 0 0 0 1534 1534 1534 1534 1534 1534 240
319 319 0 0 0 0 0 0 0 112 0 0 0 0 -9999 0 0 114 1130 1130 1130 813 813 813 813 303 303 303 303 -9999 -9999 -9999 -9999 -9999 -9999 -9999 1130 1130 1130 1130 1130 1130 1130 1130 1130 53 53 53 53 53 53 53 53 53 350 350 350 350 350 -9999 535 0 0 0 0 0 0 0 0 323 323 0 0 0 1534 1534 1534 1534 1534 1534 1534
319 319 319 319 0 0 0 0 0 0 0 0 0 -9999 0 0 0 0 1130 1130 1130 813 813 303 303 303 303 303 303 1130 1130 1130 1130 1130 1130 1130 1130 1130 1130 1130 850 850 850 850 850 324 53 53 53 53 53 53 53 350 350 350 350 350 350 -9999 323 323 0 0 323 323 323 323 323 323 323 1773 1773 1773 1773 1534 1534 1534 1534 1534 240
319 319 319 319 319 319 0 0 0 0 0 0 -9999 0 0 0 0 0 0 1130 1130 813 813 303 303 303 303 303 1130 1130 1130 1130 1130 1130 1130 1130 850 850 850 850 850 850 850 850 324 324 324 53 53 53 53 53 350 350 350 350 350 350 350 350 -9999 323 323 323 323 323 1798 1798 323 323 323 1773 1773 1773 1773 1773 1534 1534 1534 1534 240
319 561 561 319 319 319 561 0 0 -9999 -9999 -9999 0 0 0 0 0 0 0 0 1130 813 813 303 303 303 303 303 1130 1130 1130 1130 1130 1130 1130 850 850 850 850 850 850 850 850 850 850 324 324 324 53 53 53 350 350 350 350 350 350 350 350 350 -9999 323 323 323 1798 1798 1798 1798 323 323 1773 1773 1773 1773 1773 1773 1773 1534 1534 240 240
561 561 561 561 561 561 561 -9999 0 0 0 -9999 0 0 0 0 0 0 0 0 0 813 813 813 813 303 303 303 1130 1130 850 850 850 850 850 850 850 850 850 850 850 850 850 850 324 324 324 324 324 53 0 0 350 350 350 350 350 350 350 350 350 323 1798 1798 1798 1798 1798 323 323 323 323 1773 1773 1773 1773 1773 1773 1773 26 240 240
561 561 561 561 561 561 -9999 895 37 0 0 0 0 0 0 0 0 0 0 0 813 813 813 813 248 248 248 248 850 850 850 850 850 850 850 850 850 850 850 35 35 35 35 35 324 324 324 324 324 0 0 0 0 350 350 350 350 350 350 350 350 64 1798 1798 1798 1798 1798 1798 1798 1597 323 1773 1773 1773 1773 1773 1773 1773 26 26 26
