04_184A001/dem.asc
ncols 378
nrows 390
xllcorner 613424
yllcorner 6870896
cellsize 16
nodata_value -9999
[rows 264 to 296 of 390, columns 228 to 303 of 378]
80.714 80.584 79.693 79.245 78.737 78.463 78.472 77.676 77.109 -9999 -9999 -9999 -9999 -9999 -9999 -9999 -9999 -9999 -9999 -9999 -9999 -9999 -9999 -9999 -9999 -9999 -9999 -9999 -9999 -9999 -9999 -9999 -9999 -9999 -9999 -9999 -9999 -9999 -9999 -9999 -9999 -9999 -9999 -9999 -9999 -9999 -9999 -9999 -9999 -9999 -9999 -9999 -9999 -9999 -9999 -9999 -9999 -9999 -9999 -9999 -9999 -9999 -9999 -9999 -9999 -9999 -9999 -9999 -9999 -9999 -9999 -9999 -9999 -9999 -9999 -9999
81.039 80.631 80.533 79.641 79.226 79.011 78.76 78.519 78.067 77.422 76.936 -9999 -9999 -9999 -9999 -9999 -9999 -9999 -9999 -9999 -9999 -9999 -9999 -9999 -9999 -9999 -9999 -9999 -9999 -9999 -9999 -9999 -9999 -9999 -9999 -9999 -9999 -9999 -9999 -9999 -9999 -9999 -9999 -9999 -9999 -9999 -9999 -9999 -9999 -9999 -9999 -9999 -9999 -9999 -9999 -9999 -9999 -9999 -9999 -9999 -9999 -9999 -9999 -9999 -9999 -9999 -9999 -9999 -9999 -9999 -9999 -9999 -9999 -9999 -9999 -9999
81.345 80.798 80.559 80.455 79.67 79.412 79.24 79.067 78.707 78.583 78.195 77.244 76.997 76.673 -9999 -9999 -9999 -9999 -9999 -9999 -9999 -9999 -9999 -9999 -9999 -9999 -9999 -9999 -9999 -9999 -9999 -9999 -9999 -9999 -9999 -9999 -9999 -9999 -9999 -9999 -9999 -9999 -9999 -9999 -9999 -9999 -9999 -9999 -9999 -9999 -9999 -9999 -9999 -9999 -9999 -9999 -9999 -9999 -9999 -9999 -9999 -9999 -9999 -9999 -9999 -9999 -9999 -9999 -9999 -9999 -9999 -9999 -9999 -9999 -9999 -9999
81.426 81.189 80.497 80.331 79.914 79.607 79.465 79.736 79.605 79.343 79 78.84 78.417 77.424 77.084 77.186 -9999 -9999 -9999 -9999 -9999 -9999 -9999 -9999 -9999 -9999 -9999 -9999 -9999 -9999 -9999 -9999 -9999 -9999 -9999 -9999 -9999 -9999 -9999 -9999 -9999 -9999 -9999 -9999 -9999 -9999 -9999 -9999 -9999 -9999 -9999 -9999 -9999 -9999 -9999 -9999 -9999 -9999 -9999 -9999 -9999 -9999 -9999 -9999 -9999 -9999 -9999 -9999 -9999 -9999 -9999 -9999 -9999 -9999 -9999 -9999
82.809 82.02 81.297 80.94 80.363 80.062 80.028 79.635 79.777 80.158 79.931 79.134 78.964 78.785 78.737 77.325 77.299 76.671 -9999 -9999 -9999 -9999 -9999 -9999 -9999 -9999 -9999 -9999 -9999 -9999 -9999 -9999 -9999 -9999 -9999 -9999 -9999 -9999 -9999 -9999 -9999 -9999 -9999 -9999 -9999 -9999 -9999 -9999 -9999 -9999 -9999 -9999 -9999 -9999 -9999 -9999 -9999 -9999 -9999 -9999 -9999 -9999 -9999 -9999 -9999 -9999 -9999 -9999 -9999 -9999 -9999 -9999 -9999 -9999 -9999 -9999
82.779 82.725 82.187 81.688 80.974 80.691 80.307 80.139 79.851 79.655 79.55 79.922 79.547 79.137 78.732 78.667 77.722 77.358 77.152 -9999 -9999 -9999 -9999 -9999 -9999 -9999 -9999 -9999 -9999 -9999 -9999 -9999 -9999 -9999 -9999 -9999 -9999 -9999 -9999 -9999 -9999 -9999 -9999 -9999 -9999 -9999 -9999 -9999 -9999 -9999 -9999 -9999 -9999 -9999 -9999 -9999 -9999 -9999 -9999 -9999 -9999 -9999 -9999 -9999 -9999 -9999 -9999 -9999 -9999 -9999 -9999 -9999 -9999 -9999 -9999 -9999
82.444 83.044 82.704 82.159 81.577 81.15 80.851 80.794 80.417 79.864 79.74 79.542 79.538 79.631 79.022 78.559 78.697 78.652 77.438 77.441 76.807 -9999 -9999 -9999 -9999 -9999 -9999 -9999 -9999 -9999 -9999 -9999 -9999 -9999 -9999 -9999 -9999 -9999 -9999 -9999 -9999 -9999 -9999 -9999 -9999 -9999 -9999 -9999 -9999 -9999 -9999 -9999 -9999 -9999 -9999 -9999 -9999 -9999 -9999 -9999 -9999 -9999 -9999 -9999 -9999 -9999 -9999 -9999 -9999 -9999 -9999 -9999 -9999 -9999 -9999 -9999
82.121 82.367 82.874 82.358 81.939 81.566 81.275 81.071 80.708 80.587 80.029 79.653 79.321 79.193 78.894 78.735 78.41 78.201 78.513 77.943 77.164 77.312 -9999 -9999 -9999 -9999 -9999 -9999 -9999 -9999 -9999 -9999 -9999 -9999 -9999 -9999 -9999 -9999 -9999 -9999 -9999 -9999 -9999 -9999 -9999 -9999 -9999 -9999 -9999 -9999 -9999 -9999 -9999 -9999 -9999 -9999 -9999 -9999 -9999 -9999 -9999 -9999 -9999 -9999 -9999 -9999 -9999 -9999 -9999 -9999 -9999 -9999 -9999 -9999 -9999 -9999
82.046 82.221 82.598 82.754 82.937 82.777 82.198 81.217 81.264 80.752 80.644 80.463 79.766 79.084 78.812 78.67 78.39 78.145 78.051 77.886 78.175 77.35 77.199 -9999 -9999 -9999 -9999 -9999 -9999 -9999 -9999 -9999 -9999 -9999 -9999 -9999 -9999 -9999 -9999 -9999 -9999 -9999 -9999 -9999 -9999 -9999 -9999 -9999 -9999 -9999 -9999 -9999 -9999 -9999 -9999 -9999 -9999 -9999 -9999 -9999 -9999 -9999 -9999 -9999 -9999 -9999 -9999 -9999 -9999 -9999 -9999 -9999 -9999 -9999 -9999 -9999
82.07 81.983 82.349 82.669 82.897 82.467 82.612 82.482 81.384 81.283 81.067 80.776 80.828 79.867 79.154 78.838 78.448 78.379 78.033 77.763 77.568 77.684 77.466 77.08 77.437 76.673 -9999 -9999 -9999 -9999 -9999 -9999 -9999 -9999 -9999 -9999 -9999 -9999 -9999 -9999 -9999 -9999 -9999 -9999 -9999 -9999 -9999 -9999 -9999 -9999 -9999 -9999 -9999 -9999 -9999 -9999 -9999 -9999 -9999 -9999 -9999 -9999 -9999 -9999 -9999 -9999 -9999 -9999 -9999 -9999 -9999 -9999 -9999 -9999 -9999 -9999
81.862 81.844 81.841 81.996 82.378 82.468 82.484 82.472 82.132 82.008 81.781 81.163 80.602 80.467 79.841 79.492 78.978 78.648 78.235 77.934 77.678 77.51 77.956 77.707 77.422 77.459 77.578 -9999 -9999 -9999 -9999 -9999 -9999 -9999 -9999 -9999 -9999 -9999 -9999 -9999 -9999 -9999 -9999 -9999 -9999 -9999 -9999 -9999 -9999 -9999 -9999 -9999 -9999 -9999 -9999 -9999 -9999 -9999 -9999 -9999 -9999 -9999 -9999 -9999 -9999 -9999 -9999 -9999 -9999 -9999 -9999 -9999 -9999 -9999 -9999 -9999
81.997 81.696 81.634 81.731 81.689 81.693 82.051 82.342 82.538 82.052 81.886 81.605 80.952 80.756 80.068 79.556 79.757 79.171 78.614 78.238 77.897 77.485 77.593 77.454 77.748 77.981 78.61 77.529 -9999 -9999 -9999 -9999 -9999 -9999 -9999 -9999 -9999 -9999 -9999 -9999 -9999 -9999 -9999 -9999 -9999 -9999 -9999 -9999 -9999 -9999 -9999 -9999 -9999 -9999 -9999 -9999 -9999 -9999 -9999 -9999 -9999 -9999 -9999 -9999 -9999 -9999 -9999 -9999 -9999 -9999 -9999 -9999 -9999 -9999 -9999 -9999
82.111 81.985 81.508 81.388 81.442 81.771 81.704 81.95 82.16 82.414 81.967 82.143 81.498 81.013 80.604 79.646 79.295 79.293 78.534 78.25 78.102 77.672 77.626 77.418 77.406 77.362 77.83 77.636 -9999 -9999 -9999 -9999 -9999 -9999 -9999 -9999 -9999 -9999 -9999 -9999 -9999 -9999 -9999 -9999 -9999 -9999 -9999 -9999 -9999 -9999 -9999 -9999 -9999 -9999 -9999 -9999 -9999 -9999 -9999 -9999 -9999 -9999 -9999 -9999 -9999 -9999 -9999 -9999 -9999 -9999 -9999 -9999 -9999 -9999 -9999 -9999
81.573 81.656 81.527 81.425 81.406 81.663 81.884 81.894 81.79 81.81 82.013 82.085 81.944 81.437 81.126 80.289 79.486 79.48 78.773 78.341 78.214 77.875 77.969 77.618 77.525 77.305 77.438 77.359 77.156 76.69 -9999 -9999 -9999 -9999 -9999 -9999 -9999 -9999 -9999 -9999 -9999 -9999 -9999 -9999 -9999 -9999 -9999 -9999 -9999 -9999 -9999 -9999 -9999 -9999 -9999 -9999 -9999 -9999 -9999 -9999 -9999 -9999 -9999 -9999 -9999 -9999 -9999 -9999 -9999 -9999 -9999 -9999 -9999 -9999 -9999 -9999
81.057 81.286 81.212 81.297 81.442 81.465 81.243 81.108 80.896 80.777 81.078 81.275 81.305 81.655 81.33 80.794 80.648 79.979 79.47 78.547 78.307 77.797 77.617 77.55 77.672 77.642 77.24 77.172 76.91 76.954 76.89 -9999 -9999 -9999 -9999 -9999 -9999 -9999 -9999 -9999 -9999 -9999 -9999 -9999 -9999 -9999 -9999 -9999 -9999 -9999 -9999 -9999 -9999 -9999 -9999 -9999 -9999 -9999 -9999 -9999 -9999 -9999 -9999 -9999 -9999 -9999 -9999 -9999 -9999 -9999 -9999 -9999 -9999 -9999 -9999 -9999
80.912 81.135 81.086 81.204 81.456 81.302 81.234 81.021 80.829 80.68 80.46 80.386 80.315 80.707 80.812 80.596 80.442 79.894 79.859 79.031 78.211 77.901 77.724 77.697 77.594 77.371 77.405 76.988 77.079 76.898 76.894 76.892 -9999 -9999 -9999 -9999 -9999 -9999 -9999 -9999 -9999 -9999 -9999 -9999 -9999 -9999 -9999 -9999 -9999 -9999 -9999 -9999 -9999 -9999 -9999 -9999 -9999 -9999 -9999 -9999 -9999 -9999 -9999 -9999 -9999 -9999 -9999 -9999 -9999 -9999 -9999 -9999 -9999 -9999 -9999 -9999
81.299 81.116 80.935 81.006 81.006 80.861 81.089 81.126 81.342 80.758 80.336 80.159 80.092 80.037 80.065 80.219 80.04 79.636 79.229 78.969 78.64 78.276 78.117 77.915 77.911 77.56 77.12 76.959 76.936 77.05 76.884 76.831 76.754 -9999 -9999 -9999 -9999 -9999 -9999 -9999 -9999 -9999 -9999 -9999 -9999 -9999 -9999 -9999 -9999 -9999 -9999 -9999 -9999 -9999 -9999 -9999 -9999 -9999 -9999 -9999 -9999 -9999 -9999 -9999 -9999 -9999 -9999 -9999 -9999 -9999 -9999 -9999 -9999 -9999 -9999 -9999
82.205 81.974 81.292 80.844 80.797 80.623 80.502 80.634 80.903 80.954 80.188 80.123 80.07 79.868 79.723 79.679 79.628 79.761 79.364 78.803 78.65 78.656 78.546 78.281 78.035 77.598 77.555 77.281 77.084 77.027 77.024 77.008 76.926 76.871 -9999 -9999 -9999 -9999 -9999 -9999 -9999 -9999 -9999 -9999 -9999 -9999 -9999 -9999 -9999 -9999 -9999 -9999 -9999 -9999 -9999 -9999 -9999 -9999 -9999 -9999 -9999 -9999 -9999 -9999 -9999 -9999 -9999 -9999 -9999 -9999 -9999 -9999 -9999 -9999 -9999 -9999
82.279 82.336 81.783 80.993 80.599 80.551 80.6 80.401 80.298 80.228 80.193 80.004 79.775 79.728 79.387 79.439 79.497 79.513 79.785 78.89 79.033 78.726 78.562 78.322 78.069 77.721 77.696 77.868 77.38 77.133 77.304 77.218 77.1 76.846 76.836 76.757 76.673 -9999 -9999 -9999 -9999 -9999 -9999 -9999 -9999 -9999 -9999 -9999 -9999 -9999 -9999 -9999 -9999 -9999 -9999 -9999 -9999 -9999 -9999 -9999 -9999 -9999 -9999 -9999 -9999 -9999 -9999 -9999 -9999 -9999 -9999 -9999 -9999 -9999 -9999 -9999
82.209 82.334 82.309 81.556 81.075 80.6 80.338 80.341 80.372 80.286 80.306 80.056 79.824 79.705 79.633 79.484 79.277 78.974 79.107 78.993 78.761 78.655 78.618 78.307 77.862 77.918 77.923 77.917 77.874 77.796 77.818 77.224 77.019 76.951 76.899 76.947 76.808 77.171 -9999 -9999 -9999 -9999 -9999 -9999 -9999 -9999 -9999 -9999 -9999 -9999 -9999 -9999 -9999 -9999 -9999 -9999 -9999 -9999 -9999 -9999 -9999 -9999 -9999 -9999 -9999 -9999 -9999 -9999 76.672 76.672 76.672 76.672 -9999 -9999 -9999 -9999
81.814 82.114 82.231 82.192 81.894 81.438 81.039 80.805 80.975 80.742 80.673 80.492 79.878 79.678 79.563 79.521 79.32 79.225 79.052 78.991 78.55 78.639 78.349 78.307 78.059 77.865 77.999 77.769 78.042 77.955 77.877 78.413 77.525 77.098 77.093 76.988 76.948 76.98 77.035 -9999 -9999 -9999 -9999 -9999 -9999 -9999 -9999 -9999 -9999 -9999 -9999 -9999 -9999 -9999 -9999 -9999 -9999 -9999 -9999 -9999 -9999 -9999 -9999 -9999 -9999 -9999 -9999 76.672 77.342 79.606 79.413 78.57 76.888 -9999 -9999 -9999
81.143 81.327 81.535 81.864 81.823 81.714 81.692 81.523 81.659 81.455 81.327 80.942 80.248 79.92 79.442 79.47 79.343 79.119 78.816 78.945 78.708 78.407 78.422 78.086 78.201 78.006 78.107 78.172 78.059 78.036 77.858 77.872 77.918 77.876 77.352 77.044 76.975 76.957 76.91 76.902 76.731 -9999 -9999 -9999 -9999 -9999 -9999 -9999 -9999 -9999 -9999 -9999 -9999 -9999 -9999 -9999 -9999 -9999 -9999 76.672 77.389 77.067 76.672 -9999 -9999 -9999 76.672 76.878 77.446 79.555 81.644 81.214 80.101 77.315 -9999 -9999
81.453 81.2 81.114 81.104 81.057 81.022 81.163 81.549 81.681 81.611 81.604 81.181 80.798 80.587 79.842 79.627 79.555 78.901 79.019 79.274 78.972 78.6 78.318 78.219 78.343 78.286 78.344 78.241 78.435 77.982 77.917 77.807 77.842 77.633 77.548 77.411 77.175 77.144 77.055 76.934 76.956 77.018 77.039 77.051 76.97 76.673 -9999 -9999 -9999 -9999 -9999 -9999 -9999 -9999 -9999 -9999 -9999 -9999 -9999 76.695 77.601 77.541 77.059 77.29 77.277 77.353 76.874 77.275 77.308 78.639 79.845 81.356 81.974 78.41 76.768 76.673
81.363 81.085 80.922 80.948 80.719 80.822 80.86 81.14 81.411 81.269 81.223 81.168 81.321 81.061 80.456 79.84 79.474 79.495 79.464 79.399 79.567 79.148 78.863 78.553 78.029 78.415 78.467 78.489 78.768 78.522 77.962 77.889 77.567 77.582 77.402 77.326 77.462 77.606 77.325 77.184 76.932 77.097 76.949 76.911 76.882 77.101 76.938 -9999 -9999 -9999 -9999 -9999 -9999 -9999 -9999 -9999 -9999 -9999 -9999 77.101 76.958 77.095 77.08 77.139 77.287 77.722 77.789 77.318 77.713 78.31 79.266 79.507 80.201 79.237 78.269 78.189
81.236 81.287 80.989 80.956 80.855 80.755 80.733 80.709 80.791 80.839 80.803 80.956 81.077 81.096 80.877 80.151 79.697 79.739 79.962 79.907 79.833 79.849 79.53 79.162 78.72 78.397 78.376 78.571 78.973 78.193 77.77 77.558 77.626 77.44 77.23 77.435 77.473 77.727 77.768 77.495 77.34 77.106 77.165 76.908 76.999 76.931 77.18 77.328 -9999 -9999 -9999 -9999 -9999 -9999 -9999 -9999 -9999 -9999 -9999 76.95 76.972 77.075 77.065 77.296 77.295 77.334 77.435 77.762 78.131 78.745 79.833 79.468 78.601 78.055 77.353 77.049
81.804 81.463 81.136 80.668 80.669 80.729 80.793 80.686 80.638 80.697 80.687 80.667 80.772 80.789 80.652 80.442 79.631 79.923 80.044 80.019 79.771 79.832 79.722 79.552 79.479 78.864 78.683 78.411 78.328 78.158 77.876 77.63 77.804 77.423 77.447 77.398 77.431 77.469 77.54 77.387 77.485 77.235 77.058 77.026 77.135 77.089 77.263 77.278 77.171 76.845 76.673 76.673 76.759 76.987 76.673 76.673 76.82 76.836 76.935 76.91 76.993 76.988 77.115 77.24 77.473 77.567 77.468 77.614 77.816 78.177 79.006 79.152 78.769 77.275 77.006 76.957
82.225 81.702 81.234 80.968 80.868 80.808 80.506 80.713 80.658 80.549 80.509 80.603 80.438 80.36 80.427 80.365 80.168 80.119 79.932 79.941 79.751 79.538 79.512 79.363 78.806 78.666 78.458 78.406 78.304 78.231 77.968 77.591 77.525 77.455 77.575 77.499 77.521 77.527 77.26 77.099 77.3 77.068 77.023 77.025 77.037 76.918 77.277 77.355 77.119 76.817 76.817 76.79 76.856 77.078 76.94 76.958 76.953 76.945 76.94 77.009 76.934 76.961 77.06 77.004 77.159 77.118 77.273 77.525 77.672 78.038 78.383 78.298 78.376 77.101 76.944 76.962
82.387 82.133 81.633 81.406 81.293 81.047 80.834 80.785 80.662 80.537 80.554 80.431 80.325 80.342 80.291 80.189 80.253 80.359 80.131 79.959 79.942 79.634 79.643 79.643 79.396 78.914 78.508 78.313 78.263 78.136 77.896 77.667 77.498 77.464 77.499 77.504 77.431 77.374 77.453 77.104 77.074 77.056 77.274 77.084 76.965 77.049 77.008 76.907 77.162 76.834 76.875 76.834 76.857 76.87 76.993 77.069 76.992 77.002 76.992 77.011 76.969 77.065 77.028 77.041 77.054 77.184 77.125 77.484 77.807 77.956 78.455 77.814 77.149 77.056 76.921 76.935
83.201 82.775 82.375 81.808 81.329 81.387 81.34 80.961 80.853 80.747 80.456 80.462 80.406 80.305 80.227 79.91 80.226 80.28 80.268 79.794 79.983 79.83 79.743 79.955 79.867 79.195 78.589 78.324 78.239 77.928 78.032 77.867 77.67 77.76 77.561 77.47 77.568 77.291 77.222 77.235 77.25 77.19 76.941 76.999 76.987 76.961 77.034 76.978 76.965 76.906 76.878 76.825 76.897 76.891 76.911 76.9 76.954 76.952 77.105 77.075 77.104 77.064 77.134 77.097 77.013 77.116 76.972 77.181 77.505 77.825 78.046 77.678 77.256 76.961 77.016 76.966
84.051 83.61 82.988 82.497 82.039 81.818 81.464 80.932 80.958 80.779 80.579 80.465 80.473 80.24 80.253 80.225 79.977 80.299 80.374 80.573 80.23 80.005 79.694 79.646 79.557 79.592 78.668 78.408 78.356 78.17 78.057 77.936 77.933 77.843 77.758 77.624 77.402 77.383 77.422 77.257 77.211 77.179 77.338 77.253 77.143 77.077 77.059 77.059 77.186 77.179 77.398 77.233 76.998 76.96 77.045 77.028 77.026 77.097 77.103 77.13 77.146 77.189 77.046 77.122 77.125 77.202 77.291 77.494 77.415 77.42 77.682 77.716 77.267 77.095 76.93 76.917
85.512 84.67 84.139 83.694 83.213 82.454 81.962 81.746 81.235 80.855 80.764 80.742 80.501 80.383 80.392 80.327 80.288 80.238 80.222 80.466 80.607 80.087 79.684 79.379 79.205 78.941 78.807 78.766 78.348 78.199 78.193 78.127 77.951 77.849 77.837 77.688 77.47 77.458 77.291 77.258 77.285 77.157 77.241 77.223 77.352 77.126 77.121 77.379 77.598 77.676 78 77.805 77.22 77.228 76.993 77.164 77.268 77.31 77.039 77.17 76.992 77.042 77.114 77.248 77.597 77.372 77.452 77.575 77.605 77.805 78.23 77.983 77.347 77.283 77.142 76.996
86.3 85.906 85.624 84.953 84.185 83.655 83.457 82.725 82.31 81.429 81.049 81.139 80.724 80.597 80.392 80.334 80.227 80.236 80.122 80.212 80.186 80.031 79.815 79.345 79.375 79.054 78.723 78.67 78.586 78.384 78.208 78.078 78.07 78.024 77.978 77.74 77.54 77.503 77.321 77.253 77.327 77.192 77.257 77.298 77.262 77.175 77.292 77.52 78.144 78.501 78.496 77.8 77.385 77.291 77.377 77.757 78.239 78.097 77.69 77.242 77.285 77.111 77.187 77.552 77.836 77.8 77.668 77.613 77.59 77.598 77.996 78.151 77.886 77.24 77.059 77.043
87.139 86.904 86.654 86.066 85.668 84.885 84.307 84.013 83.544 82.601 82.241 81.858 81.234 80.932 80.572 80.521 80.435 80.226 80.177 80.237 79.857 79.761 79.648 79.64 79.411 79.202 79 78.97 78.64 78.563 78.361 78.248 78.194 77.919 77.993 77.901 77.777 77.836 77.41 77.317 77.228 77.322 77.366 77.285 77.304 77.367 77.35 77.701 78.359 78.814 78.956 78.193 77.921 77.792 78.002 78.335 78.757 78.598 78.257 77.928 77.461 77.2 77.503 77.766 78.167 78.622 78.473 77.578 77.618 77.845 77.793 77.923 77.979 77.31 77.004 76.948
