04_184A001/dem.asc
ncols 378
nrows 390
xllcorner 613424
yllcorner 6870896
cellsize 16
nodata_value -9999
[rows 297 to 329 of 390, columns 228 to 303 of 378]
87.619 87.501 87.261 86.967 86.672 86.083 85.793 85.402 84.596 84.171 83.755 83.329 82.383 81.662 80.984 80.815 80.669 80.558 80.322 80.228 80.007 79.791 79.65 79.607 79.465 79.317 79.148 79.108 78.74 78.515 78.459 78.329 78.293 78.184 78.006 77.925 77.884 77.598 77.612 77.409 77.531 77.339 77.353 77.51 77.493 77.344 77.707 77.804 78.231 78.835 79.327 78.769 78.319 78.402 78.776 78.788 78.734 78.964 78.748 78.253 77.864 77.621 78.058 78.621 78.487 78.596 78.792 78.315 78.059 77.848 77.498 77.688 77.485 77.33 77.161 77.243
87.962 87.876 87.757 87.523 87.452 86.994 86.615 86.225 85.942 85.66 85.192 84.286 83.79 83.215 82.694 81.717 81.16 80.947 80.667 80.58 80.285 80.216 80.048 80.004 79.868 79.683 79.577 79.26 78.936 78.823 78.562 78.537 78.452 78.397 78.188 78.119 78.027 77.987 77.843 77.76 77.699 77.396 77.458 77.535 77.624 77.905 77.8 78.378 78.396 78.903 79.281 79.173 78.805 78.944 79.102 78.876 79.554 79.219 78.793 78.651 78.616 78.153 78.307 78.783 78.437 78.576 78.941 79.051 78.531 77.976 77.609 77.597 77.337 77.403 77.324 77.346
87.93 87.876 87.831 87.479 87.356 87.156 87.001 86.674 86.696 86.302 86.038 85.676 85.366 84.699 84.045 83.351 82.784 82.19 81.608 81.199 80.894 80.756 80.635 80.501 80.556 80.32 80.119 79.307 79.178 78.861 78.537 78.743 78.77 78.522 78.425 78.343 78.389 78.132 78.079 78.157 77.765 77.682 77.776 77.765 77.819 78.035 78.309 78.423 78.422 78.634 78.871 78.976 79.153 79.259 79.622 79.534 79.908 79.975 79.101 79.015 79.02 78.718 78.638 78.455 78.489 78.604 78.565 78.618 78.226 77.88 77.734 77.571 77.616 77.654 77.288 77.341
88.63 88.165 88.033 87.744 87.561 87.532 86.721 86.752 86.829 86.685 86.699 86.281 86.08 85.926 85.652 84.617 83.989 83.535 83.166 83 82.628 81.952 81.599 81.374 81.139 80.988 80.777 80.332 79.767 79.555 78.771 79.153 78.851 78.69 78.53 78.61 78.305 78.415 78.511 78.508 78.211 78.28 78.117 77.993 78.143 78.05 78.294 78.527 78.448 78.427 78.87 79.354 79.783 79.603 79.938 80.14 79.862 79.707 79.595 79.648 79.901 79.614 79.291 78.684 78.673 78.811 78.285 78.311 78.076 77.868 77.976 77.799 77.785 77.541 77.231 77.303
88.878 88.434 88.227 88.118 87.82 87.625 87.31 87.194 87.063 87.177 87.053 86.685 86.585 86.539 86.192 85.816 85.289 84.302 84.245 83.768 83.531 83.296 82.847 82.636 82.291 81.794 81.387 81.015 80.721 80.465 79.994 79.794 79.572 79.089 78.786 78.879 78.751 78.698 78.589 78.774 78.823 78.815 78.199 78.448 78.265 78.188 78.415 78.518 78.651 78.812 79.051 80.041 80.926 81.112 80.971 80.779 80.783 80.678 80.264 80.514 81.161 80.957 80.426 79.641 79.019 78.779 78.977 78.728 78.308 78.088 78.073 77.858 77.655 77.655 77.349 77.385
89.645 89.015 88.742 88.438 88.229 87.921 87.774 87.489 87.062 87.093 87.001 86.93 86.818 86.588 86.201 86.073 85.688 85.713 85.373 84.892 84.827 84.162 83.639 83.315 82.917 83 82.869 83.072 82.657 81.907 81.293 80.845 80.577 79.973 79.657 79.472 79.087 79.004 79.033 79.105 78.867 79.067 78.863 78.743 78.535 78.681 78.674 78.708 78.946 79.079 79.428 79.833 80.127 80.799 82.21 83.06 82.739 82.33 81.802 81.508 81.472 81.123 80.838 80.861 80.644 79.965 79.834 79.945 78.957 78.398 78.21 77.822 77.71 77.606 77.342 77.411
90.34 89.816 89.287 89.062 88.631 88.375 88.081 87.787 87.455 86.923 86.924 86.771 86.554 86.349 86.205 85.902 85.798 85.871 85.97 85.652 85.357 85.07 84.788 84.04 84.115 83.758 83.96 84.047 83.579 83.273 82.916 82.147 81.852 81.119 80.768 80.112 80.165 79.73 79.55 79.264 79.193 79.07 79.138 78.933 79.003 78.946 79.023 79.125 79.208 79.143 79.613 80.098 80.334 80.492 80.948 82.709 83.404 83.348 82.849 82.586 82.104 81.676 81.257 81.341 81.208 80.744 80.613 79.764 79.654 79.19 78.81 78.267 77.779 77.578 77.36 77.372
90.793 90.447 90.025 89.667 89.202 88.841 88.59 88.224 87.729 87.374 86.974 86.795 86.735 86.536 86.439 86.076 85.831 86.335 86.276 86.297 86.186 85.978 85.677 85.366 85.437 85.139 85.242 85.081 84.975 84.141 83.793 83.51 83.085 82.72 82.283 81.749 81.062 80.741 80.66 80.453 80.419 80.07 79.561 79.397 79.279 79.373 79.424 78.897 79.243 79.58 79.796 80.172 80.42 80.647 81.025 81.842 83.612 84.001 83.779 83.448 82.937 82.657 82.484 82.557 81.904 81.586 81.108 80.588 80.445 80.668 79.94 78.91 78.246 77.756 77.411 77.483
91.264 90.963 90.614 90.25 89.937 89.507 89.221 88.981 88.254 87.903 87.548 87.207 86.901 86.8 86.662 86.354 86.283 86.653 86.545 86.798 86.731 86.566 86.331 86.12 86.169 86.073 86.085 85.893 85.83 85.669 85.242 85.068 84.455 84.111 83.641 83.355 83.136 82.937 82.448 81.767 81.119 80.714 80.336 80.108 79.977 79.676 79.718 79.854 79.601 79.802 80.133 80.284 80.58 80.681 81.009 81.367 82.355 84.131 84.139 84.008 83.622 83.454 83.244 83.336 83.039 82.45 81.615 80.819 80.62 80.388 80.173 80.045 79.045 78.303 77.915 77.776
91.468 91.249 90.959 90.697 90.329 90.026 90.088 89.522 88.764 88.361 87.9 87.527 87.158 87.11 86.877 86.543 86.645 86.389 86.934 86.963 87.292 86.884 86.661 86.445 86.686 86.728 86.716 86.698 86.719 86.56 86.579 86.241 86.073 85.851 85.624 85.12 84.757 84.324 83.914 83.596 83.217 82.292 81.327 80.905 80.759 80.644 80.56 80.472 80.481 80.529 80.514 80.593 80.462 80.921 81.025 81.218 81.809 83.045 84.161 83.599 83.725 83.566 83.662 83.459 83.414 83.227 82.798 82.144 81.351 80.66 80.37 79.928 79.201 78.909 78.505 78.176
91.707 91.375 91.262 91.039 90.703 90.622 90.516 90.186 89.617 88.954 88.692 88.036 87.614 87.387 87.045 86.925 86.869 86.687 86.624 86.965 87.237 87.334 87.045 86.729 87.021 86.926 87.029 86.973 86.968 86.998 87.095 87.231 87.155 87.048 86.723 86.603 86.463 86.036 85.863 85.152 84.17 83.811 83.166 82.623 81.926 81.417 81.313 81.226 81.226 81.038 81.142 81.019 81.16 81.24 81.288 81.427 81.755 82.38 83.171 83.258 83.148 83.389 83.757 83.79 83.609 83.213 82.976 82.629 82.026 81.456 80.92 80.455 80.169 79.726 79.5 78.704
92.044 91.811 91.593 91.447 91.172 90.957 90.854 90.376 90.047 89.653 89.238 88.724 88.318 87.82 87.494 87.277 87.083 86.973 87.154 86.917 87.061 87.458 86.882 87.043 87.304 87.335 87.383 87.72 87.48 87.246 87.757 87.708 87.546 87.006 87.454 87.575 87.504 87.142 86.744 85.978 85.509 85.138 84.242 83.916 83.514 83.249 82.971 82.818 82.375 82.169 81.709 81.647 81.484 81.572 81.677 81.913 81.953 82.275 82.488 83.077 83.085 83.359 83.4 83.107 83.047 82.941 82.949 82.575 81.821 81.619 81.111 80.557 80.659 80.486 80.398 79.815
92.303 91.927 91.824 91.585 91.624 91.353 91.178 90.87 90.462 90.16 89.75 89.443 89.073 88.783 88.327 87.902 87.641 87.539 87.302 87.26 87.326 87.153 87.026 87.179 87.188 87.674 87.817 88.1 88.074 88.292 88.283 88.122 87.638 87.283 87.695 88.03 88.17 87.774 87.348 87.241 86.531 86.102 85.675 85.499 85.401 84.997 84.326 83.924 83.464 83.032 82.58 82.385 82.333 82.1 82.193 82.308 82.153 82.392 82.639 83.112 83.079 82.847 82.714 82.618 82.414 82.508 82.828 82.735 82.106 81.382 81.276 80.762 81.093 81.784 82.469 80.936
92.436 92.13 91.884 91.669 91.717 91.64 91.432 91.211 90.923 90.634 90.247 90.137 89.792 89.631 89.054 88.477 88.055 87.807 87.626 87.352 87.33 87.297 87.209 87.144 87.233 87.297 87.394 87.973 88.314 88.217 88.349 88.277 88.087 87.715 87.498 87.758 88.266 88.237 88.195 88.093 87.446 86.96 86.58 86.337 86.409 86.204 86.008 85.723 84.901 84.111 83.768 83.555 83.266 83.112 83.006 82.694 82.752 82.576 83.004 83.235 83.185 82.851 82.676 82.526 82.42 82.328 82.168 82.502 82.206 81.77 81.571 81.207 81.403 82.62 83.327 82.581
92.248 92.284 91.992 91.818 91.74 91.847 91.696 91.475 91.333 91.046 90.66 90.591 90.409 90.125 89.687 89.468 88.88 88.652 88.155 87.874 87.623 87.692 87.477 87.418 87.487 87.286 87.432 87.504 87.797 88.127 88.491 88.272 88.378 88.137 88.15 87.972 87.996 88.371 88.449 88.488 88.277 87.966 87.669 87.587 87.037 86.922 86.718 86.631 86.36 85.681 85.285 84.683 84.305 84.048 83.893 83.559 83.481 83.654 83.651 83.525 83.224 82.94 82.668 82.583 82.493 82.092 82.177 82.205 81.96 82.102 81.827 81.334 82.194 82.709 83.311 83.246
92.312 92.205 92.322 91.96 91.802 92.104 91.874 91.785 91.578 91.38 91.173 90.877 90.656 90.502 90.236 89.872 89.735 89.492 88.805 88.304 87.991 88.056 87.83 87.772 87.526 87.618 87.428 87.374 87.916 87.867 88.245 88.426 88.636 89.2 88.73 88.463 87.934 88.136 88.157 88.351 88.494 88.492 88.355 88.017 87.884 87.507 87.287 87.092 87.12 86.702 86.38 86.098 85.716 85.4 84.632 84.38 83.96 84.095 83.898 83.865 83.48 83.218 82.993 82.657 82.537 82.441 82.202 82.244 82.078 81.99 81.411 81.423 82.175 82.908 83.298 83.261
92.638 92.431 92.219 92.192 92.136 92.141 91.999 91.881 91.804 91.681 91.113 90.982 90.805 90.715 90.317 90.137 90.001 89.594 89.328 89.022 88.595 88.4 88.078 87.98 87.857 87.79 87.801 87.622 87.601 88.183 88.237 88.613 89.181 88.941 89.211 88.727 88.404 88.369 88.185 88.143 88.291 88.367 88.487 88.628 88.556 88.257 87.763 87.704 87.674 87.189 87.117 87.043 86.692 86.361 85.901 85.547 85.175 85.081 84.435 84.245 84.123 83.787 83.427 83.134 82.815 82.775 82.463 82.427 82.429 82.03 81.963 81.983 82.196 82.426 83.082 83.506
93.168 92.832 92.684 92.403 92.424 92.108 92.008 91.769 91.66 91.697 91.169 91.035 90.953 90.874 90.523 90.195 90.093 89.865 89.751 89.429 88.99 88.805 88.599 88.557 88.131 88.323 88.102 87.827 88.003 88.115 87.716 87.53 88.062 88.475 88.746 88.556 88.152 88.298 88.286 88.375 88.336 88.333 88.443 88.625 88.903 88.565 88.443 88.066 87.762 87.381 87.256 87.531 87.285 86.929 87.077 86.442 85.979 85.785 85.355 85.139 85.128 84.893 83.915 83.408 83.297 83.034 82.937 82.943 82.425 82.417 82.358 81.935 82.086 82.171 82.477 83.15
92.782 92.853 92.734 92.697 92.445 92.312 92.039 91.83 91.617 91.744 91.372 90.951 90.718 90.709 90.562 90.322 90.148 90.107 89.873 89.732 89.666 89.387 89.142 89.381 88.795 88.563 88.471 89.073 87.776 88.259 88.272 88.031 87.577 88.08 88.239 88.336 88.139 88.226 88.143 88.332 88.433 88.566 88.472 88.471 88.73 88.787 88.692 88.422 87.963 87.513 87.298 87.56 87.369 87.368 87.192 87.038 86.821 86.662 86.466 86.194 85.823 85.524 85.101 84.43 83.962 83.603 83.647 83.289 82.67 82.522 82.277 82.224 82.041 82.043 82.126 82.807
93.098 92.879 92.935 92.744 92.368 92.247 92.463 92.128 91.812 91.515 91.334 91.126 90.833 90.727 90.526 90.422 90.44 90.214 90.014 89.789 89.648 89.425 89.487 89.639 89.585 89.123 89.433 88.735 89.168 88.565 88.495 88.214 88.256 88.143 87.62 87.998 88.117 88.156 88.166 88.359 88.223 88.393 88.66 88.669 88.765 88.863 88.689 88.721 88.383 87.67 87.36 87.386 87.308 87.062 87.018 87.269 87.276 87.473 87.377 87.312 87.081 86.691 86.212 85.762 85.431 85.028 85.009 83.91 83.304 82.989 82.61 82.328 82.082 81.951 82.178 82.104
93.747 93.804 93.762 93.325 93.144 92.81 92.777 92.511 91.993 91.619 91.478 91.532 91.119 90.691 90.667 90.607 90.559 90.494 90.442 90.245 90.195 90.063 89.933 89.942 89.837 89.905 89.35 89.068 88.936 88.801 88.927 88.606 88.323 88.338 88.46 88.262 87.836 88.075 87.877 88.007 88.264 88.29 88.48 88.573 88.704 88.693 88.625 88.575 88.56 88.067 87.935 87.486 87.31 87.418 87.327 87.341 87.582 87.802 87.886 88.003 87.926 87.832 87.666 87.385 86.907 86.384 85.996 85.428 85.174 83.982 83.451 82.838 82.483 82.361 82.183 81.958
94.3 94.269 94.344 94.201 93.996 93.4 93.1 92.935 92.692 92.435 91.828 91.621 91.495 91.046 90.82 90.644 90.585 90.67 90.769 90.833 90.4 90.549 90.316 90.242 90.295 90.258 89.828 89.568 89.265 89.383 89.471 88.954 88.837 88.568 88.389 88.239 88.238 88.077 88.022 88.046 88.067 88.23 88.308 88.513 88.69 88.744 88.862 88.515 88.455 88.456 88.315 87.898 87.521 87.405 87.416 87.461 87.857 88.152 88.281 88.349 88.41 88.241 88.417 88.504 88.375 87.741 87.265 86.73 86.172 84.853 83.822 83.226 82.66 82.612 82.394 82.363
-9999 94.276 94.358 94.302 94.261 94.034 94.034 93.404 93.04 92.749 92.504 92.308 91.776 91.615 91.597 91.524 91.109 91.129 91.128 90.945 91.009 90.611 90.56 90.487 90.437 90.44 90.452 89.74 89.806 89.553 89.271 89.22 88.878 89.133 88.671 88.588 88.252 88.273 88.141 87.993 88.117 88.103 88.306 88.44 88.426 88.632 88.602 88.518 88.471 88.524 88.566 88.388 88.277 87.726 87.554 87.593 87.688 88.092 88.433 88.45 88.787 88.889 88.907 89.085 89.296 89.021 88.454 87.996 87.056 85.487 84.063 83.381 82.88 82.824 82.691 82.401
-9999 -9999 -9999 94.141 94.283 94.301 94.233 93.977 93.791 93.392 93.07 92.834 92.458 92.296 92.096 91.772 91.589 91.559 91.615 91.559 91.418 91.085 90.802 90.809 90.59 90.605 90.401 90.135 90.115 89.871 89.489 89.355 89.642 89.281 89.226 88.88 88.551 88.209 88.427 88.266 88.075 88.063 88.297 88.251 88.311 88.404 88.511 88.579 88.496 88.611 88.47 88.738 88.627 88.359 88.005 87.934 87.849 88.053 88.217 88.332 88.795 89.179 89.337 89.368 89.491 89.672 89.207 88.736 88.077 86.735 85.814 84.348 83.67 83.294 83.231 82.971
-9999 -9999 -9999 -9999 94.263 94.176 94.083 94.219 94.26 93.93 93.608 93.435 93.234 93.012 92.571 92.201 92.06 92.142 92.175 92.104 92.068 91.815 91.684 91.603 91.323 91.372 91.273 91.134 90.771 90.421 90.491 90.252 89.914 89.759 89.369 88.908 88.714 88.597 88.482 88.513 88.391 88.294 88.113 88.252 88.215 88.488 88.5 88.415 88.436 88.536 88.636 88.68 89.01 88.815 88.79 88.448 88.177 88.31 88.384 88.452 88.782 89.164 89.465 89.617 89.683 89.721 89.77 89.12 88.772 87.914 87.132 85.877 84.783 84.119 83.947 83.401
-9999 -9999 -9999 -9999 -9999 -9999 -9999 94.182 94.171 94.281 94.13 93.935 93.81 93.464 93.181 92.817 92.427 92.381 92.406 92.441 92.432 92.332 92.349 92.089 92.001 92.527 92.668 92.72 91.833 91.534 91.233 91.037 90.522 90.492 90.332 89.639 88.892 88.869 88.811 88.785 88.652 88.514 88.429 88.248 88.414 88.643 88.429 88.465 88.44 88.544 88.642 88.808 88.918 89.058 89.106 88.903 88.706 88.605 88.656 88.947 89.096 89.019 89.3 89.484 89.498 89.869 89.926 89.38 88.979 88.299 87.411 87.153 86.293 85.845 85.216 84.573
-9999 -9999 -9999 -9999 -9999 -9999 -9999 -9999 -9999 94.015 93.879 93.936 93.851 93.989 93.725 93.435 93.103 92.903 92.626 92.685 92.754 92.677 92.637 92.497 92.502 92.798 93.24 92.885 92.692 92.184 92.056 91.876 91.518 91.31 90.956 90.497 89.999 89.483 89.403 89.217 88.996 88.787 88.602 88.524 88.473 88.522 88.517 88.506 88.484 88.583 88.604 88.63 88.851 88.981 89.08 89.105 89.113 88.905 89.072 89.216 89.226 89.245 89.38 89.691 89.642 89.649 89.779 89.628 89.228 88.671 88.12 87.538 87.315 87.162 86.741 86.128
-9999 -9999 -9999 -9999 -9999 -9999 -9999 -9999 -9999 93.987 93.895 93.882 93.863 93.803 93.775 93.77 93.747 93.416 93.117 93.092 93.124 93.159 92.92 92.879 92.837 92.782 92.909 93.19 93.196 92.967 92.654 92.518 92.39 92.026 91.528 91.133 90.716 90.64 90.532 90.126 89.732 89.278 88.969 88.746 88.722 88.741 88.707 88.584 88.556 88.417 88.691 88.713 88.906 89.025 89.183 89.27 89.275 89.184 89.378 89.298 89.48 89.456 89.666 89.593 89.734 89.574 89.612 89.672 89.414 89.165 88.354 87.9 88.008 87.63 87.564 87.585
-9999 -9999 -9999 -9999 -9999 -9999 -9999 -9999 94.245 93.877 93.88 93.81 93.678 93.687 93.852 93.792 93.75 93.59 93.589 93.409 93.307 93.396 93.223 92.776 93.017 92.814 92.897 92.923 92.985 92.921 92.757 92.761 92.544 92.263 92.172 92.029 91.827 91.623 91.172 90.987 90.726 90.357 89.746 89.25 88.938 89.037 89.014 88.824 88.799 88.767 88.812 88.867 88.991 89.216 89.204 89.209 89.274 89.375 89.378 89.447 89.515 89.528 89.756 89.555 89.564 89.631 89.636 89.603 89.684 89.638 89.396 88.548 88.181 88.093 88.006 87.801
-9999 -9999 -9999 -9999 -9999 -9999 -9999 93.717 93.84 93.802 94.111 93.871 93.397 93.418 93.595 93.545 93.525 93.623 93.725 93.327 93.277 93.379 93.297 93.411 93.401 92.969 92.731 92.901 92.73 92.726 93.001 92.622 92.496 92.66 92.692 92.349 92.328 92.354 92.071 91.648 91.327 90.893 90.299 90.065 89.688 89.603 89.434 89.247 89.203 88.994 89.219 88.988 89.061 89.313 89.322 89.259 89.361 89.465 89.726 89.69 89.569 89.334 89.433 89.551 89.651 89.751 89.758 89.734 89.849 90.163 89.985 89.673 89.321 89.255 88.963 88.739
-9999 -9999 -9999 -9999 -9999 -9999 93.404 93.657 93.728 93.59 93.401 93.435 93.518 93.395 93.368 93.346 93.468 93.557 93.484 93.194 93.162 93.33 93.411 93.406 93.283 93.28 93.101 92.888 92.672 92.337 92.818 92.654 92.864 92.927 92.885 92.666 92.457 92.488 92.305 92.112 91.84 91.387 90.871 90.482 90.447 90.267 89.9 89.713 89.797 89.584 89.32 89.29 89.305 89.476 89.397 89.464 89.53 89.848 89.807 89.787 89.842 89.922 89.854 89.744 89.747 89.935 90.026 89.853 89.923 90.119 90.378 90.452 90.44 89.906 89.583 89.68
-9999 -9999 -9999 -9999 -9999 93.313 93.36 93.252 93.415 93.358 93.227 93.377 93.303 93.091 93.932 93.545 93.45 93.468 93.384 93.014 93.063 93.38 93.419 93.5 93.365 93.324 93.182 93.011 92.599 92.335 92.314 92.639 92.445 92.732 92.935 93.026 92.672 92.746 92.335 92.317 92.041 91.753 91.479 91.226 90.927 90.852 90.385 90.282 90.135 90.112 89.809 89.821 90 89.717 89.841 89.703 89.742 89.924 90.136 90.235 90.351 90.265 90.156 90.321 90.175 90.004 90.039 90.288 90.184 90.239 90.582 90.79 90.673 90.636 90.62 90.426
-9999 -9999 -9999 -9999 -9999 93.019 92.835 93.072 93.449 93.257 93.299 93.241 93.067 92.982 93.269 93.391 93.55 93.73 93.622 93.053 93.135 93.483 93.35 93.277 93.279 93.255 93.205 93.187 92.745 92.436 92.356 92.335 92.305 92.398 92.529 92.789 92.549 92.644 92.502 92.389 92.248 91.938 91.775 91.467 91.348 91.235 90.856 90.443 90.389 90.249 90.32 90.475 90.204 89.977 90.101 90.087 90.274 90.798 90.832 90.738 91.081 91.149 91.112 91.202 91.209 91.297 91.235 91.411 91.428 91.281 91.45 91.437 91.365 91.369 91.291 91.492
