04_184A001/dem.asc
ncols 378
nrows 390
xllcorner 613424
yllcorner 6870896
cellsize 16
nodata_value -9999
[rows 99 to 131 of 390, columns 228 to 303 of 378]
80.172 80.605 81.481 82.836 83.046 82.966 83.7 84.801 86.328 86.699 87.23 87.714 87.968 88.652 88.367 88.126 88.725 90.082 91.534 93.037 94.681 95.989 97.11 97.992 98.753 99.904 101.065 102.125 103.207 103.6 103.416 103.006 102.756 103.557 104.751 102.948 -9999 -9999 -9999 -9999 -9999 -9999 -9999 -9999 -9999 -9999 -9999 -9999 -9999 -9999 -9999 -9999 -9999 -9999 -9999 -9999 -9999 -9999 -9999 -9999 -9999 -9999 -9999 -9999 -9999 -9999 -9999 -9999 -9999 -9999 -9999 -9999 -9999 -9999 -9999 -9999
80.361 80.444 80.675 81.288 82.324 82.422 82.855 83.712 85.633 86.122 86.459 86.578 86.369 86.832 87.348 87.624 88.245 89.753 91.599 94.044 96.397 97.441 98.393 98.886 99.682 100.828 101.914 103.102 103.818 104.337 104.639 104.084 103.648 104.784 105.666 104.685 -9999 -9999 -9999 -9999 -9999 -9999 -9999 -9999 -9999 -9999 -9999 -9999 -9999 -9999 -9999 -9999 -9999 -9999 -9999 -9999 -9999 -9999 -9999 -9999 -9999 -9999 -9999 -9999 -9999 -9999 -9999 -9999 -9999 -9999 -9999 -9999 -9999 -9999 -9999 -9999
80.31 80.665 80.564 80.833 81.494 81.895 81.996 82.842 84.211 85.643 86.19 85.789 85.596 85.63 86.139 86.826 88.029 89.62 91.895 94.361 96.727 98.014 99.06 99.64 100.615 101.633 102.699 102.932 102.926 103.525 104.148 104.246 103.618 104.653 105.825 105.197 -9999 -9999 -9999 -9999 -9999 -9999 -9999 -9999 -9999 -9999 -9999 -9999 -9999 -9999 -9999 -9999 -9999 -9999 -9999 -9999 -9999 -9999 -9999 -9999 -9999 -9999 -9999 -9999 -9999 -9999 -9999 -9999 -9999 -9999 -9999 -9999 -9999 -9999 -9999 -9999
80.199 80.762 80.471 80.673 80.88 81.409 81.812 82.02 82.777 83.953 84.996 84.899 84.685 84.942 85.199 86.275 87.662 89.94 92.577 94.398 96.863 98.194 99.393 100.265 101.127 102.342 103.225 103.747 103.33 103.291 103.382 103.8 103.943 104.73 105.649 105.606 105.429 -9999 -9999 -9999 -9999 -9999 -9999 -9999 -9999 -9999 -9999 -9999 -9999 -9999 -9999 -9999 -9999 -9999 -9999 -9999 -9999 -9999 -9999 -9999 -9999 -9999 -9999 -9999 -9999 -9999 -9999 -9999 -9999 -9999 -9999 -9999 -9999 -9999 -9999 -9999
79.817 79.846 80.207 80.15 80.587 80.631 81.307 81.615 82.551 83.146 83.205 83.629 84.215 84.325 84.791 85.552 86.995 89.967 93.079 95.397 97.26 98.375 99.648 100.833 101.197 101.98 103.129 103.688 103.811 103.85 103.483 104.053 104.479 105.199 106.092 106.552 106.063 -9999 -9999 -9999 -9999 -9999 -9999 -9999 -9999 -9999 -9999 -9999 -9999 -9999 -9999 -9999 -9999 -9999 -9999 -9999 -9999 -9999 -9999 -9999 -9999 -9999 -9999 -9999 -9999 -9999 -9999 -9999 -9999 -9999 -9999 -9999 -9999 -9999 -9999 -9999
79.229 79.636 79.662 80.071 80.216 80.643 80.87 81.383 82.32 82.441 82.903 83.201 83.839 84.24 84.552 85.495 87.142 89.57 92.909 95.518 97.435 98.466 99.3 100.439 101.33 101.776 101.916 102.617 103.728 103.934 104.267 104.96 105.694 105.888 106.359 106.537 105.606 105.053 -9999 -9999 -9999 -9999 -9999 -9999 -9999 -9999 -9999 -9999 -9999 -9999 -9999 -9999 -9999 -9999 -9999 -9999 -9999 -9999 -9999 -9999 -9999 -9999 -9999 -9999 -9999 -9999 -9999 -9999 -9999 -9999 -9999 -9999 -9999 -9999 -9999 -9999
79.733 79.896 79.998 80.082 80.113 80.205 80.647 81.116 81.777 82.476 83.043 83.061 83.681 83.852 84.691 85.09 86.803 89.544 92.277 95.135 97.795 98.732 99.206 99.678 100.392 101.219 101.521 101.622 102.219 103.067 104.165 104.741 105.559 106.503 105.779 105.13 104.56 104.68 104.141 -9999 -9999 -9999 -9999 -9999 -9999 -9999 -9999 -9999 -9999 -9999 -9999 -9999 -9999 -9999 -9999 -9999 -9999 -9999 -9999 -9999 -9999 -9999 -9999 -9999 -9999 -9999 -9999 -9999 -9999 -9999 -9999 -9999 -9999 -9999 -9999 -9999
79.868 79.918 80.123 80.202 80.395 80.598 80.526 80.889 81.45 82.205 82.887 82.965 83.436 83.943 84.468 85.312 86.909 89.187 92.181 94.518 97.252 98.552 99.091 99.619 99.944 100.41 100.696 101.218 101.715 102.691 103.883 104.97 105.385 105.619 105.565 104.926 104.728 103.999 103.615 -9999 -9999 -9999 -9999 -9999 -9999 -9999 -9999 -9999 -9999 -9999 -9999 -9999 -9999 -9999 -9999 -9999 -9999 -9999 -9999 -9999 -9999 -9999 -9999 -9999 -9999 -9999 -9999 -9999 -9999 -9999 -9999 -9999 -9999 -9999 -9999 -9999
79.999 79.989 80.167 80.395 80.587 80.733 80.899 80.884 81.297 81.934 82.825 82.972 83.3 83.755 84.673 85.029 87.091 89.879 91.818 93.751 95.994 97.471 98.352 99.063 99.353 100.059 100.177 100.997 101.667 102.614 103.457 104.447 105.284 105.656 106.185 105.74 106.272 105.862 104.395 103.322 -9999 -9999 -9999 -9999 -9999 -9999 -9999 -9999 -9999 -9999 -9999 -9999 -9999 -9999 -9999 -9999 -9999 -9999 -9999 -9999 -9999 -9999 -9999 -9999 -9999 -9999 -9999 -9999 -9999 -9999 -9999 -9999 -9999 -9999 -9999 -9999
80.085 80.331 80.463 80.717 80.905 81.235 81.027 81.336 80.828 81.727 82.084 82.752 83.226 83.706 84.687 85.528 86.334 89.706 91.971 92.738 94.841 95.766 97.39 97.796 98.187 98.886 99.958 100.943 101.689 102.623 103.592 104.385 105.196 105.875 106.589 107.165 107.58 107.407 106.719 105.448 -9999 -9999 -9999 -9999 -9999 -9999 -9999 -9999 -9999 -9999 -9999 -9999 -9999 -9999 -9999 -9999 -9999 -9999 -9999 -9999 -9999 -9999 -9999 -9999 -9999 -9999 -9999 -9999 -9999 -9999 -9999 -9999 -9999 -9999 -9999 -9999
79.911 80.119 80.326 80.87 81.992 81.51 81.462 81.468 81.676 82.021 82.445 82.919 83.713 84.211 84.826 85.631 86.549 89.208 91.5 92.183 93.517 95.135 95.67 96.291 97.063 98.062 99.319 100.603 101.956 102.901 103.513 104.45 105.776 106.397 107.313 108.217 108.7 108.249 107.544 106.902 105.867 -9999 -9999 -9999 -9999 -9999 -9999 -9999 -9999 -9999 -9999 -9999 -9999 -9999 -9999 -9999 -9999 -9999 -9999 -9999 -9999 -9999 -9999 -9999 -9999 -9999 -9999 -9999 -9999 -9999 -9999 -9999 -9999 -9999 -9999 -9999
79.922 80.122 80.367 81.262 81.954 82.26 82.153 82.07 82.252 82.243 82.997 83.469 83.999 84.715 85.883 87.068 88.04 89.764 90.768 91.701 92.957 94.018 94.853 94.988 96.605 97.512 99.213 100.533 101.77 103.03 104.067 105.068 106.073 106.884 107.956 108.734 108.788 108.711 107.617 107.393 106.722 -9999 -9999 -9999 -9999 -9999 -9999 -9999 -9999 -9999 -9999 -9999 -9999 -9999 -9999 -9999 -9999 -9999 -9999 -9999 -9999 -9999 -9999 -9999 -9999 -9999 -9999 -9999 -9999 -9999 -9999 -9999 -9999 -9999 -9999 -9999
80.059 80 80.3 80.814 82.104 81.85 81.572 82.087 82.419 83.194 84.431 85.34 85.576 85.634 87.453 89.333 90.165 91.381 92.106 91.862 92.812 93.732 94.234 94.908 96.159 97.43 99.054 100.725 101.862 103.168 104.259 105.708 106.37 107.039 108.509 109.186 109.448 109.334 108.895 109.907 109.257 107.617 -9999 -9999 -9999 -9999 -9999 -9999 -9999 -9999 -9999 -9999 -9999 -9999 -9999 -9999 -9999 -9999 -9999 -9999 -9999 -9999 -9999 -9999 -9999 -9999 -9999 -9999 -9999 -9999 -9999 -9999 -9999 -9999 -9999 -9999
79.883 79.892 79.923 80.364 81.018 80.735 80.875 81.572 82.816 84.732 87.975 90.126 88.785 87.572 88.988 90.462 91.683 91.975 92.564 92.773 93.002 93.949 94.042 94.671 95.594 97.235 99.285 100.978 102.39 103.733 105.072 106.826 107.193 107.639 108.829 109.49 109.439 109.609 109.929 110.595 110.718 109.913 -9999 -9999 -9999 -9999 -9999 -9999 -9999 -9999 -9999 -9999 -9999 -9999 -9999 -9999 -9999 -9999 -9999 -9999 -9999 -9999 -9999 -9999 -9999 -9999 -9999 -9999 -9999 -9999 -9999 -9999 -9999 -9999 -9999 -9999
79.748 79.895 79.711 79.71 80.007 80.104 80.642 81.693 83.34 86.276 90.094 93.358 91.155 89.77 90.271 90.805 91.803 92.39 92.555 92.826 93.252 93.612 94.154 94.667 96.129 98.099 99.617 101.419 102.98 104.671 105.82 107.753 108.314 108.183 108.551 109.064 109.559 110.234 110.879 111.663 111.473 111.349 110.425 -9999 -9999 -9999 -9999 -9999 -9999 -9999 -9999 -9999 -9999 -9999 -9999 -9999 -9999 -9999 -9999 -9999 -9999 -9999 -9999 -9999 -9999 -9999 -9999 -9999 -9999 -9999 -9999 -9999 -9999 -9999 -9999 -9999
79.598 79.593 79.505 79.513 79.486 79.88 81.017 82.638 84.126 87.167 91.32 93.345 90.874 89.888 89.915 90.287 90.673 91.671 92.56 93.37 93.705 93.967 93.806 95.399 97.05 98.715 100.56 102.356 104.014 105.258 106.369 108.026 108.941 108.798 109.096 109.219 109.529 110.591 111.842 112.908 112.621 112.281 111.239 -9999 -9999 -9999 -9999 -9999 -9999 -9999 -9999 -9999 -9999 -9999 -9999 -9999 -9999 -9999 -9999 -9999 -9999 -9999 -9999 -9999 -9999 -9999 -9999 -9999 -9999 -9999 -9999 -9999 -9999 -9999 -9999 -9999
79.404 79.302 79.191 79.208 79.463 80.267 81.696 83.88 86.582 88.969 91.337 90.968 88.967 88.835 89.104 89.479 90.242 91.435 92.726 93.961 94.273 94.968 95.482 96.08 97.906 99.8 101.488 103.821 105.495 106.49 106.984 108.15 109.026 109.458 109.939 110.868 110.685 110.959 112.23 113.602 113.23 112.642 111.986 111.014 -9999 -9999 -9999 -9999 -9999 -9999 -9999 -9999 -9999 -9999 -9999 -9999 -9999 -9999 -9999 -9999 -9999 -9999 -9999 -9999 -9999 -9999 -9999 -9999 -9999 -9999 -9999 -9999 -9999 -9999 -9999 -9999
79.643 79.13 78.714 78.837 79.771 81.07 84.302 87.64 89.885 90.931 89.209 87.875 87.63 87.8 88.228 88.708 89.582 90.493 91.895 92.959 93.907 94.675 95.538 96.3 97.943 99.942 102.415 104.604 106.521 107.781 108.017 107.951 109.019 109.687 110.354 110.992 111.557 111.712 112.615 113.525 113.679 113.389 112.782 111.396 110.713 -9999 -9999 -9999 -9999 -9999 -9999 -9999 -9999 -9999 -9999 -9999 -9999 -9999 -9999 -9999 -9999 -9999 -9999 -9999 -9999 -9999 -9999 -9999 -9999 -9999 -9999 -9999 -9999 -9999 -9999 -9999
80.618 79.207 78.737 79.008 80.307 82.352 86.361 90.004 91.457 89.801 87.138 86.757 86.468 86.731 87.097 87.762 88.341 89.506 90.662 91.793 93.312 93.701 94.945 96.182 97.742 99.941 102.573 105.4 106.583 107.956 108.507 108.698 109.541 110.137 110.744 111.035 111.726 112.099 112.746 113.251 113.965 113.938 113.194 112.066 110.966 -9999 -9999 -9999 -9999 -9999 -9999 -9999 -9999 -9999 -9999 -9999 -9999 -9999 -9999 -9999 -9999 -9999 -9999 -9999 -9999 -9999 -9999 -9999 -9999 -9999 -9999 -9999 -9999 -9999 -9999 -9999
81.626 79.268 78.459 78.629 80.202 82.208 85.643 89.004 89.349 87.374 86.767 86.419 85.341 85.6 86.021 86.502 87.343 88.274 89.268 90.702 92.39 93.276 93.965 95.2 97.217 99.089 101.562 104.495 106.072 107.009 107.83 108.729 109.952 110.323 111.019 111.455 112.347 112.751 113.016 113.077 113.305 113.296 112.78 112.175 111.267 110.544 -9999 -9999 -9999 -9999 -9999 -9999 -9999 -9999 -9999 -9999 -9999 -9999 -9999 -9999 -9999 -9999 -9999 -9999 -9999 -9999 -9999 -9999 -9999 -9999 -9999 -9999 -9999 -9999 -9999 -9999
79.171 79.051 78.28 78.679 79.561 82.089 84.132 86.59 88.185 86.734 85.671 85.151 84.732 84.611 84.777 85.284 86.195 87.345 88.259 89.947 91.705 92.722 93.578 94.435 95.829 97.79 100.014 102.916 104.82 105.941 107.266 108.175 109.38 109.993 111.006 112.135 113.271 113.141 113.163 112.621 112.128 111.848 111.881 111.717 111.209 110.752 109.88 -9999 -9999 -9999 -9999 -9999 -9999 -9999 -9999 -9999 -9999 -9999 -9999 -9999 -9999 -9999 -9999 -9999 -9999 -9999 -9999 -9999 -9999 -9999 -9999 -9999 -9999 -9999 -9999 -9999
78.126 78.515 78.006 78.462 79.516 81.504 83.21 84.555 86.283 86.043 85.197 84.824 84.563 84.049 84.043 84.352 85.316 86.233 87.538 89.127 91.381 92.01 92.99 94.008 95.204 96.649 98.138 100.135 102.314 104.345 106.09 107.202 108.207 109.412 110.067 111.419 112.194 112.539 112.414 111.981 111.439 110.959 110.414 110.264 110.326 110.203 109.612 108.852 -9999 -9999 -9999 -9999 -9999 -9999 -9999 -9999 -9999 -9999 -9999 -9999 -9999 -9999 -9999 -9999 -9999 -9999 -9999 -9999 -9999 -9999 -9999 -9999 -9999 -9999 -9999 -9999
77.321 77.298 77.635 78.068 79.192 80.806 81.913 83.35 83.988 84.711 84.846 84.451 84.705 83.769 83.496 83.725 84.424 85.662 87.183 88.529 90.214 91.362 91.824 92.962 94.574 95.83 97.111 98.35 100.107 102.448 104.72 106.361 107.335 108.588 109.03 110.204 110.407 110.551 110.791 111.318 110.769 110.223 109.743 109.369 108.988 109.011 108.648 108.437 107.944 107.284 -9999 -9999 -9999 -9999 -9999 -9999 -9999 -9999 -9999 -9999 -9999 -9999 -9999 -9999 -9999 -9999 -9999 -9999 -9999 -9999 -9999 -9999 -9999 -9999 -9999 -9999
76.732 76.91 77.175 78.035 79.016 80.084 80.825 81.936 82.447 83.288 83.505 83.772 84.421 83.516 83.203 83.442 84.176 85.652 87.262 88.267 89.647 90.53 91.256 91.814 93.45 94.598 95.905 97.072 98.311 100.045 102.035 104.201 106.046 106.578 108.008 109.153 109.324 109.469 109.334 109.768 110.12 109.804 109.381 108.749 108.249 107.715 107.31 107.092 106.547 106.598 106.403 105.878 -9999 -9999 -9999 -9999 -9999 -9999 -9999 -9999 -9999 -9999 -9999 -9999 -9999 -9999 -9999 -9999 -9999 -9999 -9999 -9999 -9999 -9999 -9999 -9999
-9999 76.752 76.906 77.515 78.688 79.371 79.826 80.52 80.967 81.29 82.289 82.802 83.405 83.311 83.065 83.277 83.603 85.095 86.725 88.003 89.318 89.775 90.232 91.229 92.257 93.718 94.834 95.861 96.903 98.475 99.977 101.177 103.232 104.834 106.329 107.326 107.872 107.941 108.021 108.486 109.019 108.617 108.377 108.254 107.711 107.282 106.531 105.724 105.362 105.564 105.704 105.504 104.963 -9999 -9999 -9999 -9999 -9999 -9999 -9999 -9999 -9999 -9999 -9999 -9999 -9999 -9999 -9999 -9999 -9999 -9999 -9999 -9999 -9999 -9999 -9999
-9999 -9999 -9999 76.892 77.266 78.122 78.679 79.623 80.365 80.365 80.704 81.289 82.005 82.654 82.511 83.145 83.441 84.08 85.153 86.72 88.064 88.942 89.858 90.252 91.499 92.704 93.79 95.105 95.753 97.029 98.633 99.503 100.437 101.542 103.249 104.743 105.856 106.298 106.688 107.25 107.379 107.271 107.002 106.992 106.969 106.833 106.254 105.697 105.232 105.273 105.127 104.821 104.512 104.229 -9999 -9999 -9999 -9999 -9999 -9999 -9999 -9999 -9999 -9999 -9999 -9999 -9999 -9999 -9999 -9999 -9999 -9999 -9999 -9999 -9999 -9999
-9999 -9999 -9999 -9999 77.143 77.463 77.75 78.543 79.814 80.124 79.919 80.449 81.251 82.022 82.575 82.806 83.185 83.754 84.53 85.557 87.198 88.294 89.159 89.88 90.732 91.79 92.888 94.073 94.556 95.289 96.862 98.025 98.93 99.386 100.413 101.457 102.761 103.607 104.614 105.462 105.828 106.122 105.891 105.751 105.6 105.594 105.514 104.941 105.089 104.994 105.064 104.742 103.949 103.678 103.191 -9999 -9999 -9999 -9999 -9999 -9999 -9999 -9999 -9999 -9999 -9999 -9999 -9999 -9999 -9999 -9999 -9999 -9999 -9999 -9999 -9999
-9999 -9999 -9999 -9999 -9999 77.081 77.446 77.91 78.987 79.685 79.146 80.227 80.972 81.911 82.457 82.873 83.098 83.642 84.495 85.685 87.005 88.257 88.684 89.357 90.124 90.865 91.757 93.123 93.661 93.849 94.33 95.938 97.381 98.072 98.979 99.854 100.347 100.964 101.743 102.556 103.616 104.233 104.508 104.672 104.644 104.548 104.277 104.147 104.397 104.503 104.643 104.713 104.066 103.369 103 102.755 101.745 -9999 -9999 -9999 -9999 -9999 -9999 -9999 -9999 -9999 -9999 -9999 -9999 -9999 -9999 -9999 -9999 -9999 -9999 -9999
-9999 -9999 -9999 -9999 -9999 -9999 77.2 78.053 78.007 78.637 79.759 80.12 80.837 81.689 82.744 83.504 83.53 84.42 85.343 86.726 88.252 89.218 89.533 89.68 90.014 90.384 91.097 92.939 93.156 92.754 93.126 93.897 95.26 96.481 97.409 98.195 98.646 98.984 99.458 100.112 100.64 101.427 102.389 102.952 103.444 103.546 103.397 103.171 103.399 103.358 103.522 103.76 103.258 103.016 102.766 102.397 101.39 100.73 100.063 -9999 -9999 -9999 -9999 -9999 -9999 -9999 -9999 -9999 -9999 -9999 -9999 -9999 -9999 -9999 -9999 -9999
-9999 -9999 -9999 -9999 -9999 -9999 76.669 77.786 77.949 78.329 79.602 80.342 80.67 81.898 83.067 83.973 84.7 85.998 87.178 88.488 89.582 90.158 90.022 90.24 90.323 90.475 91.058 92.575 92.374 91.799 92.234 92.441 93.268 94.548 95.939 96.583 96.971 97.507 97.934 98.049 98.672 99.162 99.919 100.549 101.23 101.726 101.884 102.157 102.461 102.545 102.403 102.594 102.611 102.239 102.454 102.167 101.321 100.714 99.994 99.712 99.375 98.871 -9999 -9999 -9999 -9999 -9999 -9999 -9999 -9999 -9999 -9999 -9999 -9999 -9999 -9999
-9999 -9999 -9999 -9999 -9999 -9999 -9999 76.897 77.655 77.924 78.993 80.213 81.525 82.387 83.716 85.365 86.773 88.564 89.41 89.81 90.65 91.043 90.863 90.778 90.89 91.078 91.48 92.136 91.729 91.508 91.531 91.479 91.91 92.947 94.086 95.182 95.886 96.782 97.242 97.168 97.787 97.937 98.129 98.948 99.699 100.233 100.472 100.771 100.92 101.206 101.068 99.399 99.578 101.339 101.771 101.68 101.107 100.591 99.833 99.627 99.326 99.042 98.62 98.23 -9999 -9999 -9999 -9999 -9999 -9999 -9999 -9999 -9999 -9999 -9999 -9999
-9999 -9999 -9999 -9999 -9999 -9999 -9999 -9999 76.776 77.655 78.069 79.539 81.498 83.073 84.493 86.549 87.919 89.429 90.959 90.923 90.958 90.837 90.859 90.921 90.979 90.849 90.953 91.233 91.231 90.971 91.012 90.977 91.116 91.595 92.771 93.887 94.795 95.959 96.689 96.682 97.031 97.089 97.562 98.659 99.219 99.144 99.467 99.561 99.596 99.722 99.216 99.623 99.488 99.368 99.891 100.774 100.749 100.083 99.689 99.527 99.396 99.287 99.138 98.71 98.113 -9999 -9999 -9999 -9999 -9999 -9999 -9999 -9999 -9999 -9999 -9999
-9999 -9999 -9999 -9999 -9999 -9999 -9999 -9999 -9999 76.803 77.641 78.441 80.66 82.938 84.245 86.571 88.419 89.375 90.778 91.188 91.052 90.552 90.15 90.376 90.501 90.588 90.504 90.405 90.664 90.779 90.244 90.451 90.588 90.94 91.279 92.179 93.411 94.752 95.954 96.05 96.173 96.048 95.871 96.855 98.087 98.735 98.649 98.508 98.583 98.588 98.577 98.848 99.499 99.515 99.359 99.172 98.945 98.707 98.48 98.366 99.644 100.055 100.249 99.719 98.919 98.116 97.265 -9999 -9999 -9999 -9999 -9999 -9999 -9999 -9999 -9999
