04_184A001/dem.asc
ncols 378
nrows 390
xllcorner 613424
yllcorner 6870896
cellsize 16
nodata_value -9999
[rows 132 to 164 of 390, columns 228 to 303 of 378]
-9999 -9999 -9999 -9999 -9999 -9999 -9999 -9999 -9999 -9999 76.68 77.531 79.413 81.355 83.061 84.819 87.687 88.855 89.736 90.568 90.789 90.076 89.224 89.304 89.744 89.858 89.884 89.828 90.584 90.626 90.031 89.995 90.029 90.357 90.585 91.024 91.823 93.178 94.795 95.577 95.581 95.443 95.351 95.823 96.507 97.566 97.858 97.884 98.421 98.319 98.292 98.357 98.856 99.486 99.445 98.582 97.659 98.127 98.491 98.572 98.02 99.839 100.708 100.555 99.696 98.575 98.109 97.179 -9999 -9999 -9999 -9999 -9999 -9999 -9999 -9999
-9999 -9999 -9999 -9999 -9999 -9999 -9999 -9999 -9999 -9999 -9999 76.791 77.708 79.864 81.718 82.964 85.477 87.833 88.827 89.531 89.221 88.857 88.139 88.204 88.752 89.426 89.641 89.676 89.957 90.251 90.098 89.731 89.901 89.604 90.283 90.383 90.965 91.496 93.075 93.796 94.756 95.068 94.823 95.261 95.845 96.365 97.038 97.452 97.18 98.198 98.087 98.067 98.224 98.019 96.387 95.86 96.068 97.156 97.416 97.192 97.868 98.329 99.251 99.874 99.745 98.997 98.358 97.987 97.381 -9999 -9999 -9999 -9999 -9999 -9999 -9999
-9999 -9999 -9999 -9999 -9999 -9999 -9999 -9999 -9999 -9999 -9999 -9999 77.023 77.848 80.137 81.925 83.37 85.674 88.476 88.839 88.662 88.131 87.691 87.678 88.092 88.716 88.966 88.761 88.657 89.434 89.581 89.497 89.771 89.933 90.097 90.375 90.477 91.132 91.445 92.47 93.163 93.992 94.236 94.464 94.477 94.955 96.021 96.685 98.146 98.321 96.011 95.927 96.946 95.017 94.985 95.165 95.478 95.519 95.704 96.243 96.611 96.928 97.734 98.048 98.695 98.917 98.633 98.309 97.839 96.9 96.022 -9999 -9999 -9999 -9999 -9999
-9999 -9999 76.726 -9999 -9999 -9999 -9999 -9999 -9999 -9999 -9999 -9999 -9999 77.183 78.393 80.704 82.323 83.802 85.888 87.779 88.288 87.654 87.184 86.776 87.241 87.774 87.855 88.024 87.706 88.1 89.283 89.195 90.082 90.176 90.163 90.132 90.363 90.82 91.19 91.976 92.563 93.322 93.664 93.664 93.791 94.279 94.925 95.64 95.966 95.96 95.691 95.195 94.965 94.583 94.168 94.073 94.075 94.322 94.422 95.037 95.397 95.824 96.583 96.479 96.93 97.466 97.82 97.601 97.716 96.952 96.112 95.576 95.22 -9999 -9999 -9999
-9999 -9999 -9999 -9999 -9999 -9999 -9999 -9999 -9999 -9999 -9999 -9999 -9999 76.726 77.508 79.236 81.246 83.07 84.257 85.816 87.027 86.614 85.858 85.406 85.502 86.108 86.576 87.251 87.179 87.485 88.374 89.237 90.001 90.668 90.578 90.303 90.596 90.845 91.153 91.618 92.138 92.763 93.108 92.612 92.957 93.342 93.667 94.469 94.827 94.859 94.752 94.488 94.249 94.269 93.968 93.53 93.256 92.982 92.668 92.997 93.385 94.124 94.91 95.23 95.858 96.44 96.762 96.57 97.092 96.463 95.88 95.559 95.379 94.806 -9999 -9999
-9999 -9999 -9999 -9999 -9999 -9999 -9999 -9999 -9999 -9999 -9999 -9999 -9999 76.669 76.884 78.063 80.237 82.105 83.355 84.464 85.318 85.326 84.491 84.181 84.086 84.54 85.483 86.214 86.824 87.118 87.984 88.727 89.532 90.201 90.504 90.983 91.085 91.118 91.655 91.976 92.092 92.39 92.328 92.116 92 91.83 92.233 92.699 93.246 93.311 93.848 93.599 93.315 92.946 92.703 92.579 92.478 91.951 91.407 91.27 91.617 92.138 92.67 93.705 94.858 96.137 96.385 96.194 96.277 95.695 95.764 95.458 94.945 94.761 94.859 -9999
-9999 -9999 -9999 -9999 -9999 -9999 -9999 -9999 -9999 -9999 -9999 -9999 -9999 -9999 76.711 77.654 79.532 81.415 83.139 84.141 83.648 83.573 83.271 83.296 83.335 83.572 83.971 84.921 85.956 86.627 87.542 88.109 88.887 89.88 90.169 90.219 91.562 91.755 92.009 92.355 92.645 92.763 92.539 92.434 91.3 90.862 90.713 91.206 91.203 91.485 91.558 92.026 92.305 91.725 91.661 91.438 90.85 91.245 91.413 90.585 90.956 90.84 90.93 91.718 92.983 94.233 95.884 96.053 95.553 94.982 94.784 94.953 94.293 93.673 94.252 -9999
-9999 -9999 -9999 76.79 -9999 -9999 -9999 -9999 -9999 -9999 -9999 -9999 -9999 -9999 76.675 77.463 79.123 80.719 81.684 83.268 82.634 82.115 82.389 82.509 82.822 82.974 83.254 83.816 84.285 85.391 86.225 87.327 88.18 88.89 89.485 89.88 90.796 91.383 92.121 92.808 92.989 92.712 92.503 91.746 91.106 90.489 90.488 90.471 90.675 91.064 90.995 91.526 91.927 91.868 91.302 90.621 90.261 90.338 89.74 89.868 90.027 89.887 89.768 89.912 90.61 92.05 93.332 94.117 93.808 94.34 94.533 94.419 93.86 93.138 93.086 -9999
-9999 -9999 -9999 -9999 -9999 -9999 -9999 -9999 -9999 -9999 -9999 -9999 -9999 76.669 76.747 77.385 78.93 79.773 80.873 82.071 82.274 81.83 81.999 82.004 82.405 82.502 82.847 82.877 83.605 84.061 84.827 85.919 87.014 87.687 88.353 89.031 89.936 90.91 91.391 92.643 93.106 92.534 91.996 91.086 90.698 90.4 90.327 90.259 90.447 90.506 90.352 90.392 90.914 90.742 89.894 89.883 89.561 88.947 88.6 88.811 89.118 89.042 88.837 88.817 88.934 89.598 90.489 90.999 91.805 92.804 93.288 93.11 93.346 92.526 91.993 -9999
-9999 -9999 -9999 -9999 -9999 -9999 -9999 -9999 -9999 -9999 -9999 -9999 76.744 77.198 76.968 77.38 78.778 79.186 79.826 80.831 80.942 81.066 81.349 81.86 82.107 82.271 82.383 82.522 83.043 83.483 83.881 84.563 85.6 86.586 87.405 88.077 88.712 89.824 90.759 91.492 91.804 91.863 91.394 90.815 90.409 90.205 89.903 89.639 89.608 89.418 89.171 89.422 89.589 89.788 89.505 88.745 88.538 88.1 87.952 88.03 88.14 88.361 88.283 88.207 88.193 88.189 88.452 89.148 89.776 90.235 91.144 91.536 92.017 91.949 91.995 -9999
-9999 -9999 -9999 -9999 -9999 -9999 -9999 -9999 -9999 -9999 -9999 -9999 76.729 77.577 77.044 77.352 78.465 78.646 79.021 79.943 80.385 80.48 80.851 81.568 82.125 82.316 82.208 82.229 82.491 82.714 83.305 83.668 84.206 85.246 86.049 87.037 87.913 88.769 89.554 90.414 91.139 91.355 90.872 90.484 89.981 89.767 89.563 89.254 88.876 88.535 88.264 88.056 87.936 88.051 88.28 88.351 87.722 87.315 86.714 87.365 87.252 87.613 87.585 87.584 87.436 87.397 87.639 87.887 88.164 88.561 89.096 89.935 90.92 91.539 91.656 -9999
-9999 -9999 -9999 -9999 -9999 -9999 -9999 -9999 -9999 -9999 -9999 -9999 -9999 76.747 76.891 77.26 78.383 78.316 78.406 79.335 79.994 80.066 81.15 81.759 82.057 82.22 82.095 82.081 81.892 82.318 82.597 83.259 83.478 83.837 84.777 85.679 86.878 87.523 88.406 89.347 90.247 90.245 90.039 89.675 89.426 89.251 88.953 88.718 88.387 87.978 87.376 87.46 87.412 87.173 86.969 87.123 86.923 86.587 86.529 86.527 86.449 86.455 86.723 86.938 86.548 86.193 86.504 86.853 87.156 87.224 87.542 88.123 88.973 90.094 91.251 -9999
-9999 -9999 -9999 -9999 -9999 -9999 -9999 -9999 -9999 -9999 -9999 -9999 -9999 76.669 76.83 77.04 78.084 78.439 78.32 79.125 79.603 80.162 81.687 82.772 82.56 82.099 82.188 81.867 81.521 81.809 81.845 82.27 82.78 83.181 83.419 84.051 85.447 86.302 87.219 88.264 88.801 89.208 89.317 89.15 89.009 88.454 88.228 88.26 87.927 87.385 87.178 87.138 86.935 86.57 86.158 85.583 85.984 86.094 85.915 85.585 85.332 85.398 85.647 85.797 85.62 85.359 85.394 85.707 85.924 86.029 86.157 86.416 87.276 88.11 89.749 -9999
-9999 -9999 -9999 -9999 -9999 -9999 -9999 -9999 -9999 -9999 -9999 -9999 -9999 76.705 76.792 77.099 77.369 78.2 78.238 78.857 79.683 80.495 82.524 81.583 81.871 82.156 82.117 81.86 81.595 81.347 81.446 81.606 82.017 82.053 82.488 82.667 83.533 84.707 85.679 86.34 87.305 88.141 88.424 88.811 88.786 87.925 87.251 87.139 87.021 87.34 86.678 86.686 86.767 85.956 85.806 85.592 85.213 85.142 85.018 84.931 84.911 84.935 84.936 84.63 84.702 84.649 84.603 84.687 84.796 84.662 84.825 85.199 85.851 86.579 87.863 -9999
-9999 -9999 -9999 -9999 -9999 -9999 -9999 -9999 -9999 -9999 -9999 -9999 -9999 -9999 76.944 77.082 77.22 77.334 78.177 78.898 79.7 79.887 80.388 80.543 80.967 81.783 82.1 81.864 81.583 81.362 80.967 81.365 81.598 81.54 81.542 81.718 82.25 83.186 83.693 84.258 85.225 86.335 87.408 88.126 88.842 88.057 87.553 87.271 86.922 86.778 86.495 86.411 86.139 85.908 85.674 85.438 85.048 84.809 84.582 84.629 84.443 84.48 84.344 84.058 84.251 84.262 84.166 84.254 84.548 84.377 84.244 84.283 84.601 85.448 86.351 -9999
-9999 -9999 -9999 -9999 -9999 -9999 -9999 -9999 -9999 -9999 -9999 -9999 -9999 76.669 77.325 77.54 77.286 77.331 77.775 78.608 79.407 79.896 80.038 80.166 80.274 80.904 81.838 81.717 81.364 81.346 81.065 81.036 81.13 81.335 81.301 81.311 81.29 81.75 82.647 83.11 83.937 84.902 86.095 87.535 88.435 88.496 87.956 87.589 86.998 86.644 86.565 86.285 85.761 85.721 85.447 85.152 84.765 84.767 84.592 84.447 84.04 84.321 84.16 84.103 84.082 84.021 83.905 83.912 84.104 84.073 83.778 83.793 84.03 84.431 85.071 -9999
-9999 -9999 -9999 -9999 -9999 -9999 -9999 -9999 -9999 -9999 -9999 -9999 -9999 -9999 77.361 77.867 78.083 77.258 77.554 78.034 78.749 79.443 79.805 79.916 79.99 80.374 81.154 81.528 80.899 80.768 81.027 80.982 80.446 80.657 81.015 80.996 81.015 81.375 81.835 82.458 83.075 83.903 84.839 86.245 87.575 87.921 88.18 88.055 87.459 86.791 86.668 86.392 86.232 85.429 85.171 84.895 84.585 84.722 84.576 84.471 84.502 84.195 84.178 84.112 83.908 84.062 83.757 83.651 83.676 83.672 83.697 83.732 83.568 83.973 -9999 -9999
-9999 -9999 -9999 -9999 -9999 -9999 -9999 -9999 -9999 -9999 -9999 -9999 -9999 76.675 77.808 78.153 77.754 77.674 77.488 77.392 78.186 79.092 79.484 79.684 79.891 80.086 80.42 80.815 80.715 80.606 81.089 80.746 80.307 80.649 80.577 80.702 80.888 81.023 81.02 81.324 82.059 82.91 83.643 84.877 86.41 87.456 87.965 88.032 87.925 87.36 86.929 86.679 86.246 85.768 85.039 84.678 84.071 84.164 84.571 84.845 84.66 84.546 84.272 84.038 83.836 83.773 83.448 83.265 83.342 83.308 83.278 83.293 83.302 83.355 -9999 -9999
-9999 -9999 -9999 -9999 -9999 -9999 -9999 -9999 -9999 -9999 -9999 -9999 -9999 76.681 78.216 78.872 77.817 77.738 77.528 77.663 78.369 79.183 79.238 79.351 79.53 79.732 79.908 80.244 80.098 80.113 80.453 80.416 80.604 80.546 80.45 80.595 80.642 80.204 80.778 81.025 81.472 82.352 83.241 84.133 85.703 87.166 87.773 87.793 87.981 87.554 87.194 86.755 86.355 85.581 84.904 84.227 83.763 83.829 84.285 84.335 84.402 84.318 84.189 84.136 84.089 83.839 83.657 83.434 83.364 83.151 83.181 83.083 83.152 83.164 83.132 -9999
-9999 -9999 -9999 -9999 -9999 -9999 -9999 -9999 -9999 -9999 76.943 -9999 76.669 76.669 77.585 78.454 78.222 78.226 77.637 78.137 78.771 78.935 79.164 79.26 79.315 79.464 79.517 79.429 79.802 79.751 79.954 79.946 80.291 80.426 80.185 80.04 80.475 80.378 80.026 80.611 80.994 81.333 82.232 83.471 84.781 86.51 87.044 87.312 87.759 87.487 87.283 87.19 86.755 85.824 84.897 84.129 83.692 83.173 83.564 83.656 83.675 83.954 83.914 83.913 83.984 83.843 83.716 83.623 83.535 83.324 82.944 82.9 82.587 82.412 82.897 -9999
-9999 -9999 -9999 -9999 -9999 -9999 -9999 -9999 -9999 -9999 -9999 -9999 76.691 77.68 77.931 78.165 77.852 78.062 77.845 78.059 78.954 78.606 78.989 79.052 79.198 79.269 79.495 79.321 79.472 79.782 79.923 80.095 80.032 80.072 79.771 79.943 80.271 80.363 80.144 80.127 80.075 80.635 81.136 82.325 83.977 85.716 86.684 86.675 87.639 87.837 87.551 87.54 86.762 85.947 85.283 84.231 83.456 83.127 83.178 82.987 83.151 83.336 83.466 83.424 83.469 83.47 83.446 83.272 83.183 83.175 82.931 82.675 82.904 82.424 82.746 82.974
-9999 -9999 -9999 -9999 -9999 -9999 -9999 -9999 -9999 -9999 -9999 -9999 77.325 78.533 78.781 78.132 77.832 77.658 77.722 78.516 78.721 78.576 78.623 78.927 79.314 79.307 79.207 79.17 79.303 79.695 79.735 79.476 79.843 79.73 79.541 79.872 80.232 80.031 79.913 79.642 79.775 79.82 80.39 80.918 82.362 84.06 86.122 86.213 86.552 87.571 87.197 86.78 86.38 85.676 85.128 84.05 83.338 83.061 82.661 82.456 82.414 82.437 82.801 82.921 82.928 82.86 82.561 82.123 82.385 82.459 82.376 82.553 82.708 82.683 83.219 83.374
-9999 -9999 -9999 -9999 -9999 -9999 -9999 -9999 -9999 -9999 -9999 76.669 77.832 79.152 79.764 79.439 77.912 77.726 77.956 78.5 78.429 78.506 78.69 78.797 79.125 79.647 79.409 79.138 79.123 79.228 79.565 79.567 79.594 79.425 79.724 79.573 80.002 79.722 79.742 79.509 79.17 79.654 79.796 80.301 81.1 82.74 85.779 86.506 86.047 85.409 85.319 85.637 85.249 84.661 84.008 83.557 83.024 82.802 82.509 82.303 81.953 81.664 81.499 81.549 81.8 81.606 81.416 81.12 81.15 81.255 81.606 81.759 82.583 83.132 83.668 84.19
78.417 77.553 -9999 -9999 -9999 -9999 -9999 -9999 -9999 -9999 -9999 76.89 78.459 80.123 80.547 79.442 78.258 77.809 78.05 78.099 78.164 78.479 78.552 78.735 78.914 79.221 79.143 79.17 79.032 79.342 79.329 79.466 79.369 79.322 79.162 79.276 79.326 79.44 79.384 79.363 79.046 79.375 79.561 79.772 80.721 81.078 82.772 87.47 86.198 84.908 84.307 84.05 83.966 83.551 83.184 83.045 82.658 82.498 82.142 81.793 81.601 80.859 80.943 81.029 80.916 80.611 80.658 80.123 80.29 80.607 81.056 81.549 82.517 83.112 83.876 85.023
79.822 79.502 79.153 77.58 -9999 -9999 -9999 -9999 -9999 -9999 76.669 78.436 79.803 79.494 79.181 78.198 77.813 77.855 78.56 78.258 78.343 78.608 78.478 78.741 78.991 79.013 79.058 78.99 79.202 79.045 79.222 79.278 79.329 79.017 78.966 79.042 78.918 79.001 78.943 79.106 78.879 79.082 79.188 79.343 80.214 80.64 82.072 83.998 85.725 84.786 83.643 83.731 83.262 82.686 82.349 82.321 82.316 81.786 81.496 81.386 81.508 81.137 80.662 80.687 80.398 80.068 79.19 79.957 80.138 80.385 80.716 81.372 82.544 83.258 83.999 85.107
77.591 77.846 78.475 79.219 -9999 -9999 -9999 -9999 -9999 -9999 76.721 78.582 -9999 77.055 77.054 77.188 77.777 78.595 78.992 78.602 78.292 78.571 78.58 78.785 79.224 78.824 78.843 78.431 78.964 79.046 79.034 79.054 79.084 79.001 78.898 78.702 78.837 78.547 78.722 78.787 78.841 79.037 78.869 79.05 79.73 79.998 80.428 82.742 83.925 83.285 83.451 83.377 83.069 82.479 81.808 81.58 81.044 80.963 80.971 80.82 81.065 80.881 80.368 80.222 80.005 79.394 79.718 79.803 80.035 80.231 80.669 81.308 82.097 83.33 84.074 85.105
-9999 -9999 76.947 78.502 -9999 -9999 -9999 -9999 -9999 -9999 -9999 -9999 -9999 -9999 -9999 -9999 77.699 78.644 78.388 78.773 78.405 78.513 78.668 78.639 78.594 78.736 78.761 78.82 78.783 78.814 78.721 78.783 78.798 78.827 78.682 78.587 78.491 78.564 78.571 78.659 78.609 78.705 78.771 78.877 79.087 79.398 79.72 80.112 80.992 81.678 81.081 81.557 81.871 81.887 81.552 81.113 80.69 80.233 80.298 80.133 80.15 80.057 79.857 80.202 79.371 79.506 79.426 79.731 79.96 80.315 80.698 81.434 83.373 83.348 84.19 85.374
-9999 -9999 -9999 76.781 78.381 -9999 -9999 -9999 -9999 -9999 -9999 -9999 -9999 -9999 -9999 -9999 -9999 77.847 77.613 78.368 78.507 78.244 78.446 78.259 78.475 78.489 78.625 78.694 78.772 78.906 78.588 78.791 78.531 78.553 78.362 78.245 78.272 78.361 78.322 78.326 78.41 78.618 78.485 78.43 78.24 78.737 78.817 79.046 79.271 79.672 80.017 80.538 79.974 80.418 80.7 80.663 80.446 80.022 79.805 79.845 79.189 79.49 79.735 79.215 79.175 79.286 79.318 79.681 80.079 80.444 81.027 82.809 83.664 83.658 84.428 85.714
-9999 -9999 -9999 -9999 -9999 -9999 -9999 -9999 -9999 -9999 -9999 -9999 -9999 -9999 -9999 -9999 -9999 -9999 -9999 76.809 77.959 78.304 78.348 78.419 78.299 78.429 78.654 78.584 78.619 78.78 78.784 78.717 78.768 78.845 78.837 78.611 78.365 78.149 78.097 78.139 78.065 78.087 77.891 78.172 77.826 78.009 77.884 77.798 78.004 78.127 78.559 79.473 79.622 79.624 79.902 79.525 79.641 79.601 79.548 79.067 79.043 78.94 78.999 79.036 79.006 79.057 79.332 79.76 80.192 80.575 82.029 82.675 83.601 84.28 85.083 86.698
-9999 -9999 -9999 -9999 -9999 -9999 -9999 -9999 -9999 -9999 -9999 -9999 -9999 -9999 -9999 -9999 -9999 -9999 -9999 -9999 77.464 79.266 78.432 78.608 78.075 79.02 79.515 79.151 78.732 78.727 78.76 78.73 79.208 79.152 78.87 78.753 78.421 78.274 77.883 77.836 77.637 77.562 77.484 77.784 77.922 78.025 77.538 77.533 77.357 77.667 77.771 77.75 78.179 78.915 79.61 79.634 79.657 79.397 78.99 78.923 78.907 78.859 78.728 78.863 78.884 79.095 79.375 79.913 80.323 81.762 82.874 83.693 84.661 85.309 85.887 86.931
-9999 -9999 -9999 -9999 -9999 -9999 -9999 -9999 -9999 -9999 -9999 -9999 -9999 -9999 -9999 -9999 -9999 -9999 -9999 -9999 76.761 77.673 77.54 77.781 78.043 79.119 80.048 79.457 78.944 78.814 78.75 78.958 79.114 79.16 78.913 78.801 78.722 78.017 77.752 77.691 77.496 77.278 77.326 77.278 77.346 77.326 77.351 77.449 77.543 77.524 77.27 77.318 77.513 77.825 78.284 79.305 79.529 78.974 79.014 78.943 78.835 78.755 78.744 78.581 78.978 79.141 79.568 80.726 81.132 82.18 83.252 84.253 85.522 86.332 87.084 88.17
-9999 -9999 -9999 -9999 -9999 -9999 -9999 -9999 -9999 -9999 -9999 -9999 -9999 -9999 -9999 -9999 -9999 -9999 -9999 -9999 -9999 -9999 76.95 77.223 77.731 78.993 79.696 79.828 79.436 79.327 79.126 79.058 79.075 79.184 78.758 78.682 78.358 78.072 77.688 77.51 77.154 77.189 77.109 77.055 77.043 77.131 77.249 77.34 77.341 77.187 77.148 77.263 77.348 77.488 77.625 77.942 78.577 78.99 79.019 78.873 78.731 78.52 78.544 78.996 78.834 79.226 79.941 80.797 81.29 82.178 83.337 84.507 85.971 87.019 87.878 89.146
-9999 -9999 -9999 -9999 -9999 -9999 77.696 -9999 -9999 -9999 -9999 -9999 -9999 -9999 -9999 -9999 -9999 -9999 -9999 -9999 -9999 -9999 -9999 76.755 78.202 78.924 79.434 79.684 79.745 80.504 79.269 78.916 78.581 78.541 78.327 78.431 77.983 78.035 77.984 77.352 77.316 76.967 76.914 76.803 76.942 76.888 77.042 77.09 76.992 77.046 77.086 77.176 77.275 77.349 77.446 77.546 77.74 78.279 78.834 78.804 78.345 78.57 78.847 78.962 79.052 79.442 79.444 80.68 81.358 82.532 83.7 84.385 85.899 87.124 88.56 89.665
