04_184A001/downslope_distance.asc
ncols 378
nrows 390
xllcorner 613424
yllcorner 6870896
cellsize 16
nodata_value -9999
[rows 60 to 89 of 390, columns 69 to 137 of 378]
218.56 239.8504 136.9402 105.7815 107.2308 107.8593 122.1712 136.2323 141.8238 151.6603 160.3118 139.3205 128.0337 139.6505 117.9531 94.58317 88.58945 81.31181 79.89401 79.25461 9.957869 7.375381 25.58607 84.83602 113.0709 116.4927 113.3106 106.6473 96.04757 62.33107 30.58262 6.764087 31.22424 94.22971 95.04221 88.88834 52.84915 28.66358 17.92722 14.58141 15.32957 10.69163 32.77386 49.46885 49.47215 63.59093 81.1918 114.9892 140.3219 154.2692 243.0464 281.4496 258.4829 249.7177 231.092 93.10938 59.65918 49.30258 28.73052 4.411454 8.17792 32.88018 19.02434 10.69699 78.15665 188.287 193.51 163.577 115.3075
202.0338 212.2685 93.16768 87.85578 86.82851 95.1096 110.6424 115.4335 122.5757 130.8947 143.0301 136.1393 117.0617 98.25452 80.66568 65.77032 63.3587 62.24106 62.57057 63.91692 10.51371 6.976175 26.86999 59.88903 98.02206 95.12041 88.63757 88.48783 80.78516 43.06599 23.01009 8.240419 14.38411 57.92574 78.9225 68.61996 62.90673 21.75489 7.330648 7.902951 4.607456 4.928459 13.75045 23.27196 31.82802 45.58567 64.58649 85.50223 125.5674 134.8743 227.8579 245.7866 234.7186 228.0567 218.8196 173.0323 99.58195 32.34541 16.86472 2.812881 10.97786 30.48351 8.292578 97.32942 154.9085 138.4002 99.04948 91.195 93.88916
189.8187 142.0206 64.89594 67.68729 69.55807 86.87799 99.91873 91.31572 104.7442 120.5668 107.7095 133.1334 88.45442 59.78656 63.11238 53.40299 43.10359 43.17865 44.02831 48.19442 15.97364 5.614119 32.63462 61.15918 80.15756 75.2167 67.14556 68.30464 65.32149 23.88785 7.198065 8.621701 5.773129 38.63646 60.22904 49.60251 45.65407 18.55574 4.1191 2.667354 9.020211 4.46193 4.030711 7.205109 16.05391 21.30299 41.94912 79.29522 104.5869 193.0947 234.2493 225.2051 219.7265 210.4919 204.4775 163.8819 119.7433 25.41986 6.848034 2.924937 11.84619 16.71161 29.47424 139.4851 125.1208 94.54611 75.19938 72.57622 67.7949
178.4207 57.52723 45.70432 46.06698 62.256 78.62051 71.15527 77.05639 91.75842 91.34122 66.07662 66.66914 51.88491 38.50134 26.83928 23.13417 21.88915 21.83201 26.30191 34.77831 25.37551 10.44753 33.11257 45.11615 61.81498 54.47859 50.03811 51.06308 31.08354 5.007044 13.81126 35.47761 36.14014 54.1356 44.34731 29.3343 24.41971 4.377983 9.070306 10.08547 19.88823 11.51837 9.826048 7.706949 5.548097 13.53001 39.24537 82.70055 119.9193 218.8027 214.0268 203.7095 203.2736 193.7417 186.9716 161.8445 120.858 90.19785 20.9276 3.495019 10.69661 5.229315 113.4915 109.187 98.81181 78.02866 59.83151 52.2468 46.76596
55.4285 32.52494 23.77672 31.12827 34.26162 36.21764 48.92329 65.36492 69.82761 43.74975 49.54737 59.96556 46.13453 25.30197 12.53246 4.734677 5.149048 3.961549 9.711233 23.26216 24.67691 5.067704 22.16114 29.96742 41.41457 35.49071 31.52174 29.65156 5.070845 9.744323 25.12383 34.82266 32.09442 33.10168 28.74753 13.98436 4.376682 41.06362 26.09518 27.41834 33.67875 26.5284 25.90079 22.89007 24.0212 53.37374 85.34192 119.6018 140.1161 196.7952 187.4148 180.6045 184.2642 173.2779 158.7586 120.0773 90.85991 89.49671 78.60242 66.07263 17.85622 15.06479 100.1765 92.96844 83.71984 72.14693 44.14334 29.73909 25.29708
35.75718 18.7303 6.691784 3.861517 8.372463 20.24753 27.99156 31.73182 27.83906 25.7804 31.65454 38.89703 32.4956 14.19353 4.143148 9.326968 11.23062 12.08309 3.936041 12.86212 18.48696 3.728014 4.822684 10.21974 22.55743 18.41022 11.89001 5.084709 6.979697 21.68319 11.67868 34.35131 11.83011 12.3033 7.24318 14.60584 56.89449 105.5273 107.1366 92.98047 111.3078 102.5274 85.59668 42.71092 85.02483 169.3438 161.4229 169.0114 199.1518 185.7259 175.6726 162.0177 156.1674 148.0492 138.6013 80.73154 69.34592 68.57761 60.99528 50.59807 24.83462 12.035 88.23891 83.34506 64.39173 51.868 27.53728 13.49416 6.734677
36.01844 19.11104 3.954347 9.429221 4.99134 7.154791 9.536454 9.83417 8.986898 7.34191 10.58363 22.48313 24.60997 8.585471 7.189563 20.13953 27.50229 23.92751 11.24325 3.907932 3.887405 6.270369 11.45143 5.906092 6.846733 5.287374 4.537374 4.165514 5.478395 11.62246 38.25257 32.335 4.668655 13.55146 21.83792 50.84103 69.28104 98.33035 128.1773 125.3158 118.1965 116.4878 123.3509 100.1693 135.1761 156.3606 144.8696 139.5517 189.7538 180.0008 161.9839 149.1279 134.6986 125.6047 125.6306 82.29665 55.0489 48.11562 41.17307 41.5895 13.95235 9.204728 62.86546 66.09614 53.76336 40.44766 16.0389 4.099874 12.62024
16.82887 24.03858 6.388167 13.34527 16.36587 6.410153 6.594512 6.157012 6.299398 9.1191 3.866879 8.864881 14.31295 3.829347 13.04058 27.54341 36.25787 31.32136 22.52126 13.66168 14.61526 20.82833 20.07421 6.435503 2.916435 6.072145 13.84588 6.45917 3.940102 21.38433 27.87307 8.52389 9.372622 28.50397 42.50908 64.11552 78.06105 100.6922 114.7039 108.933 101.7564 99.94418 102.8398 105.1776 117.3601 138.3141 130.5149 119.7578 167.3199 177.1526 158.0541 139.0518 121.9761 107.9421 105.6945 86.57996 47.77187 29.80375 19.77503 28.38049 11.4198 31.48903 64.99918 55.85566 38.96764 19.14988 5.707869 14.8527 18.61365
4.266847 5.187342 2.835629 11.67884 17.51453 21.40333 22.24264 21.82367 21.73268 22.04341 14.04778 4.328427 4.068624 8.249684 21.60353 29.27869 22.74401 20.5533 24.37888 16.06517 17.10032 27.8441 23.58852 10.26799 13.16282 20.55 23.43319 10.97027 4.157012 10.29128 3.857075 3.472653 14.33309 25.88087 43.35289 65.62853 71.1489 90.19592 110.6278 95.55512 86.26134 83.68307 81.21124 85.02412 80.16391 83.65671 103.563 101.8672 134.3299 170.4911 153.6431 135.0608 115.0049 96.74684 86.19852 78.66759 37.88684 20.67446 5.622622 50.93202 23.14229 44.01552 51.04591 41.43417 23.36625 4.919036 11.24784 9.870243 4.029791
17.18557 7.14851 2.563801 2.750381 9.883345 25.75834 36.82529 37.87675 37.86066 35.81422 24.16717 12.5402 12.35584 21.24071 29.52034 21.9178 8.289436 5.615039 14.66704 8.656473 8.400191 22.65685 31.48113 25.27818 27.57466 33.14788 22.65685 8.291277 5.563262 10.30476 15.03668 5.763706 3.90257 13.73604 31.02256 47.06352 69.0239 94.8056 105.6431 85.47755 71.59897 64.34163 62.06045 58.3699 57.2066 60.70153 65.32156 80.0995 123.6454 168.3534 155.4934 140.8746 119.662 91.44431 69.16553 69.21562 35.78069 9.088993 14.81885 55.21327 17.86304 26.49807 42.86263 19.35254 5.233757 10.58179 11.90632 5.561422 16.99861
28.83569 17.73582 12.8593 14.18788 23.43182 39.27818 55.28576 65.04778 65.50917 56.21854 43.80886 35.36916 33.36916 37.63522 36.59994 21.07843 5.598573 4.095432 7.717291 22.05996 59.95394 48.64642 59.0218 55.97196 55.96536 52.43135 36.74623 23.74746 22.31701 29.59626 28.8422 16.47326 10.01983 5.149811 19.54708 38.99874 78.84068 106.6558 94.49671 80.20934 64.51848 46.7436 42.69664 37.16895 38.42897 42.85067 51.82571 61.21257 65.33941 134.9431 125.4786 132.2512 109.452 79.30905 74.751 46.35344 24.64581 4.704347 20.72088 37.20042 13.91942 11.66222 32.43265 7.821607 9.914436 10.73138 5.301619 18.52618 40.77884
45.25673 62.42202 76.70918 91.03554 105.2782 120.2531 136.2714 153.0036 152.7107 125.0815 109.7222 96.15685 80.15685 66.45127 45.68557 29.07259 13.24432 3.517767 3.239658 106.5931 224.9424 225.0661 200.2567 168.5217 150.3582 133.1317 117.205 103.0722 87.94715 76.45495 53.15003 37.9921 21.01523 5.697145 8.844355 23.96698 56.51596 86.9687 82.30984 66.32072 53.8146 37.82786 24.19375 18.76041 20.30076 24.64734 39.42275 41.42345 39.54065 44.06016 83.72549 97.5173 78.34367 59.63275 56.77085 47.29078 12.49692 10.89131 46.69398 42.97355 18.45181 5.502063 10.65279 7.795718 18.99363 4.874842 17.28338 34.54677 62.63913
60.31774 82.25305 96.63173 105.9498 118.7279 127.6619 142.5269 158.6367 153.8117 131.996 122.4031 111.6569 95.65685 77.40752 51.30143 35.22209 21.68173 15.16904 16.50152 20.6737 151.9987 257.9485 273.6985 238.9802 158.3162 139.7717 127.5793 118.3891 103.8891 104.3293 58.23227 40.97469 25.25832 13.49823 4.170876 16.25006 34.93233 35.63678 36.97094 43.72155 36.56362 27.65768 8.333631 4.182519 5.615959 9.011708 23.59464 25.09204 19.59696 16.70127 48.39265 80.90962 54.32593 48.40007 37.28351 24.63233 4.9329 39.63455 63.03167 64.92022 39.9462 13.7349 32.8798 49.27707 22.93243 8.421638 27.7126 57.82164 82.11207
62.16055 98.38563 115.416 122.1752 134.7279 141.9456 150.913 165.1543 165.0476 145.0305 138.3848 127.6569 110.8653 75.98316 57.84062 44.30915 37.20026 31.18198 32.95847 36.89949 42.87006 174.6262 280.5759 296.3259 170.8991 150.2067 143.2132 134.3891 119.8891 90.70831 49.89949 33.89949 18.08255 7.748541 3.704347 8.064405 20.35682 19.25727 11.53369 14.46882 23.68893 16.09696 4.384264 13.6711 14.15816 3.9954 8.740801 7.80514 4.483376 4.122621 8.777412 10.91145 13.49524 25.74477 17.2401 5.672177 13.40501 32.1105 38.1988 43.18731 44.85911 24.81685 14.75841 61.19709 37.97079 10.52573 29.07091 81.81705 98.39592
68.92638 112.3707 132.8359 138.472 150.7279 157.7947 165.2869 173.5404 179.3446 161.0122 154.3848 143.6569 113.6456 80.46804 66.93656 59.82767 53.2132 47.21231 49.04594 52.89949 58.87006 65.49747 197.2536 303.2033 207.0122 165.8406 159.2132 150.3891 119.451 66.07014 49.17462 33.17462 17.24784 6.483376 6.897209 4.575286 6.02389 4.611517 4.46415 3.437881 12.78798 5.009264 9.152412 24.16298 23.67751 11.95571 6.387405 9.433282 14.29426 12.35936 4.610216 6.727095 5.571764 2.688801 4.038294 10.74968 20.28522 13.54962 14.60454 23.63992 30.34372 26.72456 34.80404 30.28957 32.04309 7.536073 27.24286 76.51511 77.14163
84.81118 121.6518 150.6897 154.65 166.7279 173.7947 181.1543 187.9143 193.2414 177.0122 170.3848 158.2795 106.6418 89.56398 82.45509 75.84062 69.2132 64.02687 65.04594 68.8995 74.87006 81.49747 88.12489 219.881 245.8184 181.8406 175.2132 156.0674 90.4838 71.69849 55.69849 39.77171 27.57932 21.93198 22.08661 14.92929 9.201588 13.01355 14.03836 5.659233 4.598192 9.57735 19.01752 34.18217 35.30464 27.01736 22.43994 26.07735 30.00679 24.51606 19.41421 22.71085 17.34236 5.636486 3.421796 8.157774 5.723034 4.532551 4.411073 5.1204 11.86082 9.324367 17.07757 9.348796 12.55184 9.382963 30.64122 56.48418 62.1068
100.8112 131.033 170.6214 170.6317 182.7279 189.7947 197.1543 203.7817 210.5417 193.5817 186.3848 154.2706 112.1914 105.0825 98.46804 91.84062 85.2132 81.13823 81.04594 84.89949 90.87006 97.49747 104.1249 110.7523 195.3582 197.8406 187.8238 122.1008 94.3259 78.3259 62.39912 50.20674 43.2132 37.93198 36.21688 29.55635 25.49876 28.12475 27.22929 20.60286 19.20711 22.78284 32.16685 41.64493 49.69747 43.75686 39.41628 42.27818 45.95676 40.38478 35.41422 37.22462 26.98481 12.65003 8.467134 9.443085 5.36726 15.88426 18.86748 18.17745 6.946764 4.566403 6.143148 4.71507 4.627602 16.22472 29.03484 35.64312 46.48694
116.8112 141.9243 190.0486 186.6317 198.7279 205.7947 213.1543 219.7817 226.4092 212.8437 200.4582 139.2599 127.7099 121.0955 114.468 107.8406 101.2132 98.72186 97.04594 100.8995 106.8701 113.4975 120.1249 126.7523 151.343 213.8406 158.1943 116.9533 100.9533 85.02654 72.83415 65.84062 59.2132 53.96453 51.9818 45.55635 41.87415 44.36333 42.87006 36.94975 35.20711 38.72792 45.41026 54.79427 65.45934 59.83452 56.1171 58.27818 62.28427 56.38478 51.41422 49.54852 35.27745 25.61127 21.25949 10.19975 10.61786 23.42323 20.54036 11.67776 9.639088 15.22142 7.409614 3.609296 3.562881 12.47119 11.53906 18.32573 32.20654
133.042 156.3878 207.7787 202.6317 214.5083 221.7947 229.1543 235.7817 242.4092 220.6346 187.7738 264.0171 266.8002 270.5574 263.93 257.3026 234.8682 183.248 238.4654 232.5538 235.1346 215.7345 193.1163 167.223 152.0039 192.2088 139.5807 123.5807 107.654 95.46157 88.46804 81.84062 75.2132 70.6599 68.18377 61.55635 58.65394 60.29899 58.87006 53.29702 51.20711 54.72792 61.35534 68.03767 81.0213 75.83453 73.33753 74.27818 78.20385 72.38477 67.35299 57.90487 48.23868 41.50089 32.44512 23.9178 24.76453 32.05013 22.80115 10.91942 13.88119 25.25533 21.31853 9.458631 4.951745 5.948605 5.284233 4.968592 15.73972
157.0192 164.7026 230.5949 220.5992 229.117 237.7947 245.1543 251.7817 227.8445 164.7987 147.5219 208.0239 344.7875 340.6346 334.0071 327.3797 298.7672 224.6385 333.5807 340.2082 346.8356 353.463 349.029 190.1865 147.6396 153.2981 146.2405 130.2814 118.089 111.0955 104.468 97.84062 91.2132 88.01619 84.18377 77.55635 75.99699 76.32932 74.87006 70.42852 67.20711 70.72792 77.35534 83.98276 97.30921 91.83453 90.64949 90.27818 94.1752 88.38477 79.9142 70.8661 64.18377 55.35036 46.52691 40.10844 40.87437 43.41708 33.23618 26.5533 28.72792 52.05042 36.7469 22.15654 20.51891 21.59007 17.68151 5.12132 11.9967
177.1599 179.6467 245.8151 252.1606 246.4906 253.7947 261.1543 229.5562 172.8944 156.8944 140.8944 124.8944 185.3965 322.1601 318.0071 311.3797 297.5957 222.6968 317.5807 324.2082 330.8356 326.4016 165.999 124.5655 131.6396 138.267 144.1363 140.2683 133.7229 127.0955 120.468 113.8406 107.2132 105.4494 100.1838 94.65086 94.32564 92.42031 90.87006 87.95594 83.20711 86.72792 93.35534 99.98276 114.06 107.8345 106.9879 106.2693 110.234 103.2308 93.49352 86.81118 79.49595 69.22311 62.52691 56.42224 56.94889 56.11835 48.87006 41.67875 49.28028 81.32222 54.9003 52.31429 36.4829 32.18788 17.31066 3.990578 13.46161
196.4906 199.7873 225.8705 270.7039 275.5386 271.3147 229.0679 182.267 166.267 150.267 134.267 118.267 102.267 162.7691 299.5327 295.3797 288.7523 231.7488 301.5807 308.2082 303.7741 143.5198 102.2109 109.0122 115.6396 122.267 128.8944 136.1161 145.8721 143.0955 136.468 129.8406 123.6023 122.8112 116.3886 116.6481 111.1763 108.5435 107.944 105.4373 99.20711 102.7279 109.3553 115.9828 130.215 124.2778 122.8142 122.6818 126.234 117.2132 109.4386 102.8112 93.01981 85.15433 79.01619 74.76086 72.93503 70.0619 57.44598 41.64474 25.61127 32.12428 47.16003 22.95571 37.68021 36.00013 20.85606 8.335852 3.343211
207.9599 219.1181 222.6326 248.1614 292.6862 276.7076 191.6396 175.6396 159.6396 143.6396 127.6396 111.6396 95.63961 79.63961 140.1416 276.9052 272.7523 241.5009 285.5807 281.1467 120.8923 82.12498 86.47132 93.01219 99.63961 106.267 113.3521 125.5079 141.4507 154.7035 152.468 145.8406 141.2559 138.8112 136.4483 136.158 127.2843 124.7487 125.8705 122.2657 115.2071 118.7279 125.3553 131.9828 146.215 142.4574 138.7959 141.3427 141.3551 132.066 125.4386 117.5731 107.7817 101.6436 97.3093 92.2626 88.71764 77.30419 57.49883 40.84902 22.19623 7.006124 6.854696 21.17462 45.48541 33.35527 20.0955 8.690325 7.852857
209.4397 230.5873 242.2512 248.6413 309.7327 288.4339 185.0122 169.0122 153.0122 137.0122 121.0122 105.0122 89.01219 73.01219 57.01219 117.5142 254.2778 242.2995 258.5193 98.26492 61.07698 67.51736 70.38477 77.01219 83.63961 90.72467 102.8804 118.7523 134.7523 150.7523 163.8522 161.858 159.2986 157.1372 158.3089 154.8927 143.5539 141.7743 145.6962 140.1922 131.2071 134.7279 141.3553 147.9828 162.215 161.1288 154.7959 157.7189 155.0983 148.066 141.4386 131.3033 124.271 119.9367 114.89 110.4184 100.2334 80.26511 62.99474 44.84157 28.68233 19.19293 19.95441 29.55626 56.81797 46.87878 10.99968 3.666435 22.75625
212.631 232.0671 253.9268 291.9388 344.5198 298.4627 178.3848 162.3848 146.3848 130.3848 114.3848 98.38477 82.38477 66.38477 50.38478 34.38478 94.88681 224.5136 75.63751 38.44956 52.09839 49.72487 54.38478 61.01219 68.09726 80.25303 96.12489 112.1249 128.1249 144.1249 160.1249 174.5409 177.6105 177.9726 175.3265 173.19 163.1801 159.2089 167.3538 165.1514 148.5542 150.7279 157.3553 163.9828 178.5869 181.1815 171.2865 173.8498 170.6934 164.066 155.1 146.8984 142.5641 137.5174 132.4567 122.7626 102.8925 85.62216 67.46899 51.30975 41.71679 35.17462 35.89949 49.2456 53.59188 37.53252 11.69071 12.95549 7.999303
218.9556 235.266 256.5593 330.3625 364.4399 309.2643 173.6213 157.6213 141.6213 125.6213 109.6213 93.62132 77.62132 61.62132 45.62132 29.62132 13.62132 13.46047 15.71828 32.24049 37.56761 33.72487 38.38478 45.46984 57.62561 73.49747 89.49747 105.4975 121.4975 137.4975 156.7498 176.1859 193.4739 200.2705 194.9982 190.6361 193 183.9205 185.2153 189.5134 185.5471 168.3469 173.3553 179.9828 194.465 202.9649 191.7854 190.7011 186.6934 178.484 169.5259 165.1916 160.1449 154.6048 145.39 125.5199 108.2496 90.09641 73.93717 64.34421 57.69849 51.17462 52.12046 61.33713 48.04163 30.91273 8.905014 5.590451 6.248922
226.2417 243.8838 266.2295 352.033 375.2889 322.5573 178.3848 162.3848 146.3848 130.3848 114.3848 98.38477 82.38477 66.38477 50.38478 34.38478 19.35498 10.26723 17.38455 31.204 21.81263 17.72487 22.84242 34.9982 50.87006 66.87006 82.87006 99.20216 116.8899 136.5679 157.4506 176.7175 196.2922 215.5914 221.887 213.2865 213.6518 216.5898 204.5832 209.0778 212.089 207.8768 190.9743 195.9828 210.5306 220.7258 225.2103 211.7992 202.8216 192.0079 187.9944 182.6719 177.1091 167.8577 148.1474 130.877 112.7238 96.56458 86.97163 80.3259 73.69849 67.17462 68.80688 62.00762 45.73801 26.13846 10.21031 3.613738 7.188643
233.7781 259.6409 287.1829 384.2458 390.7013 335.8633 185.0122 169.0122 153.0122 137.0122 121.0122 105.0122 89.01219 73.01219 57.01219 41.9824 32.16977 26.13909 33.96688 57.58939 24.73411 3.632964 12.9921 29.15685 45.53185 62.68481 80.62957 99.59157 119.3315 140.1094 159.9079 181.122 200.5748 219.8312 237.5488 246.1109 233.2848 236.2141 240.9954 227.6293 231.7052 235.0258 230.5042 213.6383 226.6083 236.3835 243.869 231.1096 218.5548 208.3395 204.6594 199.4652 190.3004 170.7748 153.5044 135.3512 119.192 109.599 102.9533 96.3259 89.69849 83.29464 78.61714 63.35534 47.37365 32.82479 21.4567 13.76003 18.50993
245.1774 271.702 322.4191 412.4738 405.0101 374.0485 191.6396 175.6396 159.6396 143.6396 127.6396 111.6396 95.63961 79.63961 64.60982 54.79719 48.04163 42.13909 61.66333 60.20153 29.34655 4.333408 17.33163 32.69413 50.3343 67.39052 84.53351 103.2518 122.1324 142.8705 163.4748 182.6376 203.8668 223.021 243.1234 260.6894 264.0225 260.2328 260.5429 255.9285 261.752 270.233 269.0358 257.9708 246.1519 252.8715 258.9426 245.1733 232.6785 227.5706 220.9291 212.7547 193.4022 176.1318 157.9787 141.8194 132.2265 125.5807 118.9533 112.3259 105.6985 99.38091 85.98276 70.00106 55.4522 44.08411 35.26812 30.85016 46.32555
236.8929 270.4427 346.9729 427.0143 421.3064 389.6952 198.267 182.267 166.267 150.267 134.267 118.267 102.267 87.23724 77.42461 70.66904 64.04163 57.09978 43.55635 27.57466 14.5402 13.4309 24.64106 40.34861 55.93583 72.96172 90.01794 107.1609 125.8792 144.7599 165.498 186.1022 205.265 226.4942 246.6787 272.9004 286.8958 291.3424 285.7451 293.9295 309.6094 325.2648 337.7642 336.2234 280.2097 273.1898 277.242 262.4815 252.0249 243.9577 236.6054 216.4122 198.7592 180.6061 164.4468 154.8539 148.2082 141.5807 134.9533 128.3259 121.317 108.6102 92.62848 78.07962 66.61296 55.38154 42.4502 26.75917 27.79103
