04_184A001/downslope_distance.asc
ncols 378
nrows 390
xllcorner 613424
yllcorner 6870896
cellsize 16
nodata_value -9999
[rows 60 to 89 of 390, columns 0 to 68 of 378]
-9999 -9999 -9999 -9999 -9999 -9999 -9999 -9999 -9999 -9999 -9999 -9999 -9999 -9999 -9999 -9999 -9999 -9999 -9999 -9999 -9999 -9999 -9999 -9999 -9999 -9999 -9999 -9999 -9999 -9999 -9999 -9999 -9999 -9999 -9999 -9999 -9999 -9999 -9999 -9999 -9999 -9999 -9999 -9999 -9999 -9999 -9999 -9999 -9999 -9999 -9999 -9999 -9999 -9999 -9999 -9999 -9999 184.6114 172.9869 166.8986 161.6463 166.3554 161.3369 178.4644 175.0955 177.0238 182.0237 198.7149 211.6393
-9999 -9999 -9999 -9999 -9999 -9999 -9999 -9999 -9999 -9999 -9999 -9999 -9999 -9999 -9999 -9999 -9999 -9999 -9999 -9999 -9999 -9999 -9999 -9999 -9999 -9999 -9999 -9999 -9999 -9999 -9999 -9999 -9999 -9999 -9999 -9999 -9999 -9999 -9999 -9999 -9999 -9999 -9999 -9999 -9999 -9999 -9999 -9999 -9999 -9999 -9999 -9999 -9999 -9999 -9999 -9999 -9999 168.8894 158.5553 147.2279 143.8436 144.5969 143.3194 165.21 157.7025 157.0612 167.9085 180.7744 194.6488
-9999 -9999 -9999 -9999 -9999 -9999 -9999 -9999 -9999 -9999 -9999 -9999 -9999 -9999 -9999 -9999 -9999 -9999 -9999 -9999 -9999 -9999 -9999 -9999 -9999 -9999 -9999 -9999 -9999 -9999 -9999 -9999 -9999 -9999 -9999 -9999 -9999 -9999 -9999 -9999 -9999 -9999 -9999 -9999 -9999 -9999 -9999 -9999 -9999 -9999 -9999 -9999 -9999 -9999 -9999 210.6189 199.6647 153.3654 144.1249 136.1479 125.8073 127.1242 128.1398 148.8319 141.7464 138.5519 148.2621 163.3973 178.0115
-9999 -9999 -9999 -9999 -9999 -9999 -9999 -9999 -9999 -9999 -9999 -9999 -9999 -9999 -9999 -9999 -9999 -9999 -9999 -9999 -9999 -9999 -9999 -9999 -9999 -9999 -9999 -9999 -9999 -9999 -9999 -9999 -9999 -9999 -9999 -9999 -9999 -9999 -9999 -9999 -9999 -9999 -9999 -9999 -9999 -9999 -9999 -9999 -9999 -9999 -9999 -9999 -9999 -9999 -9999 190.8917 178.5365 145.0545 129.3532 121.4129 107.7135 108.0733 118.4495 106.4448 118.0766 119.785 135.6793 151.9005 169.1122
-9999 -9999 -9999 -9999 -9999 -9999 -9999 -9999 -9999 -9999 -9999 -9999 -9999 -9999 -9999 -9999 -9999 -9999 -9999 -9999 -9999 -9999 -9999 -9999 -9999 -9999 -9999 -9999 -9999 -9999 -9999 -9999 -9999 -9999 -9999 -9999 -9999 -9999 -9999 -9999 -9999 -9999 -9999 -9999 -9999 -9999 -9999 -9999 -9999 -9999 -9999 -9999 -9999 -9999 -9999 165.742 159.6978 134.4677 117.3441 105.4524 91.63244 92.87777 91.42663 83.83932 90.72343 117.3101 156.7103 166.0167 118.512
-9999 -9999 -9999 -9999 -9999 -9999 -9999 -9999 -9999 -9999 -9999 -9999 -9999 -9999 -9999 -9999 -9999 -9999 -9999 -9999 -9999 -9999 -9999 -9999 -9999 -9999 -9999 -9999 -9999 -9999 -9999 -9999 -9999 -9999 -9999 -9999 -9999 -9999 -9999 -9999 -9999 -9999 -9999 -9999 -9999 -9999 -9999 -9999 -9999 -9999 -9999 -9999 -9999 -9999 -9999 139.1794 135.3152 121.6248 103.0746 88.57936 78.25331 66.11584 61.38047 61.3758 61.17942 130.0946 183.6897 195.7595 73.12035
-9999 -9999 -9999 -9999 -9999 -9999 -9999 -9999 -9999 -9999 -9999 -9999 -9999 -9999 -9999 -9999 -9999 -9999 -9999 -9999 -9999 -9999 -9999 -9999 -9999 -9999 -9999 -9999 -9999 -9999 -9999 -9999 -9999 -9999 -9999 46.34763 41.02126 17.59994 -9999 -9999 -9999 -9999 -9999 -9999 -9999 -9999 -9999 -9999 -9999 -9999 -9999 -9999 -9999 -9999 -9999 69.93148 95.74573 101.6393 88.90366 69.28931 59.19979 51.23265 38.23075 37.86885 43.57228 157.909 159.2079 46.78535 36.04823
-9999 -9999 -9999 -9999 -9999 -9999 -9999 -9999 -9999 -9999 -9999 -9999 -9999 -9999 -9999 -9999 -9999 -9999 -9999 -9999 -9999 -9999 -9999 -9999 -9999 -9999 -9999 -9999 -9999 -9999 -9999 -9999 -9999 -9999 -9999 88.93452 65.60458 40.68732 24.78154 43.65362 -9999 -9999 -9999 -9999 -9999 -9999 -9999 -9999 -9999 -9999 -9999 -9999 -9999 -9999 -9999 40.69337 40.48367 40.01805 65.38284 59.19979 44.37244 27.72256 18.56739 15.12967 25.58477 121.1413 63.58703 21.06945 15.57091
-9999 -9999 -9999 -9999 -9999 -9999 -9999 -9999 -9999 -9999 -9999 -9999 -9999 -9999 -9999 -9999 -9999 -9999 -9999 -9999 -9999 -9999 -9999 -9999 -9999 -9999 -9999 -9999 -9999 -9999 79.6634 83.69947 44.1962 -9999 -9999 158.4909 143.0803 93.59592 84.20553 110.924 227.2043 232.946 -9999 159.1817 69.34592 -9999 -9999 -9999 -9999 -9999 -9999 -9999 -9999 -9999 -9999 22.26377 17.70863 16.25689 18.42554 28.52196 32.29785 11.731 4.273129 3.915133 7.569005 25.97056 18.87659 4.99226 5.394449
-9999 -9999 -9999 -9999 -9999 -9999 -9999 -9999 -9999 -9999 -9999 -9999 -9999 -9999 -9999 -9999 -9999 -9999 -9999 -9999 -9999 -9999 -9999 -9999 -9999 -9999 -9999 -9999 -9999 80.52454 71.00102 65.83421 60.25102 53.92183 70.43516 134.1335 132.1278 117.1265 102.4236 101.6032 221.3914 220.2144 206.1548 186.0108 168.2272 -9999 -9999 -9999 -9999 -9999 -9999 -9999 -9999 -9999 -9999 6.160534 3.687881 3.241879 4.124461 13.79334 18.94683 6.086549 10.52703 14.6151 4.627983 7.902412 4.794956 9.198828 18.00067
-9999 -9999 -9999 -9999 -9999 -9999 -9999 -9999 -9999 -9999 -9999 -9999 -9999 -9999 -9999 -9999 -9999 -9999 -9999 -9999 -9999 -9999 -9999 -9999 -9999 -9999 -9999 -9999 -9999 75.87656 57.6883 43.67161 36.53122 30.9633 32.57833 12.51301 64.67107 85.2351 100.0619 120.1514 183.3918 173.8792 192.235 176.5304 161.2926 -9999 -9999 -9999 -9999 -9999 -9999 -9999 -9999 -9999 -9999 3.930299 10.38855 8.24226 10.5435 5.058439 6.021289 6.127983 10.4329 22.65394 12.86044 3.463769 3.582488 7.720813 23.67684
-9999 -9999 -9999 -9999 -9999 -9999 -9999 -9999 -9999 -9999 -9999 -9999 -9999 -9999 -9999 -9999 -9999 -9999 -9999 -9999 -9999 -9999 -9999 -9999 -9999 -9999 -9999 -9999 -9999 67.20454 48.59188 32.16933 16.00673 13.83049 16.30314 11.53093 22.32183 56.23151 84.86422 114.2138 178.2692 156.2325 145.4697 142.8445 146.1063 -9999 -9999 -9999 -9999 -9999 -9999 -9999 -9999 -9999 -9999 2.722272 9.555299 28.66903 34.61342 18.20127 8.154634 5.506505 15.69093 28.83148 19.62307 11.73062 6.088231 9.9224 24.85714
-9999 -9999 -9999 -9999 -9999 -9999 -9999 -9999 -9999 -9999 -9999 -9999 127.9809 56.60848 -9999 -9999 -9999 -9999 -9999 -9999 -9999 -9999 -9999 -9999 -9999 -9999 -9999 -9999 -9999 67.7429 48.15407 26.38218 4.034233 5.450286 4.405711 4.377602 12.85324 40.12773 40.08132 51.16333 98.78783 147.1614 129.127 118.7857 121.5054 -9999 -9999 -9999 -9999 -9999 -9999 -9999 -9999 -9999 -9999 3.487437 13.5402 29.86549 44.68893 30.58322 20.97034 19.91558 27.43754 36.38897 32.40308 25.72554 20.24264 23.67155 32.48288
-9999 -9999 -9999 -9999 -9999 -9999 -9999 -9999 183.935 -9999 -9999 155.229 96.05544 84.67317 61.89877 20.11136 -9999 -9999 -9999 -9999 -9999 -9999 -9999 -9999 -9999 -9999 -9999 -9999 -9999 46.74337 15.94775 7.622083 29.8883 30.03551 17.49937 7.983218 5.518148 21.05 20.62599 29.39214 42.3948 62.95261 109.3541 101.0837 91.71606 82.21369 83.17593 89.98269 94.28983 -9999 -9999 -9999 -9999 -9999 4.851714 10.31218 23.5745 36.04852 47.90407 43.45905 36.72792 35.89949 42.543 49.98891 48.26574 41.2132 36.86136 39.55635 46.29896
-9999 -9999 -9999 -9999 -9999 -9999 -9999 -9999 234.8168 221.1855 201.1601 137.5974 94.75084 74.24649 52.89518 49.17453 192.9828 -9999 -9999 -9999 -9999 -9999 -9999 -9999 -9999 -9999 -9999 -9999 -9999 8.495781 44.55273 68.98576 65.86743 61.01863 42.49636 22.67783 5.879284 4.985597 4.43382 11.71085 22.00289 11.58531 12.7961 31.42101 31.04509 48.81406 48.73922 40.0528 90.3017 103.7019 106.2385 -9999 -9999 -9999 4.048636 14.42906 29.14978 36.68128 37.82843 42.32228 46.63966 51.42637 58.52691 65.37615 64.01067 57.2132 53.50413 55.55635 62.18377
-9999 -9999 -9999 -9999 -9999 -9999 -9999 -9999 193.991 205.0551 195.5739 195.9617 114.3193 79.576 76.34744 90.10341 109.8329 174.7414 134.5888 -9999 -9999 -9999 -9999 -9999 -9999 -9999 -9999 -9999 -9999 114.0414 124.2802 104.7776 88.41597 65.85128 44.32862 24.13141 8.658694 26.13601 9.45641 2.625381 2.714689 6.604315 28.35368 23.95555 43.20699 8.935884 12.47326 16.43059 48.62434 73.00721 63.83389 61.18738 -9999 -9999 6.603395 8.044417 20.18274 21.10355 21.82843 26.56783 37.17596 52.18377 67.50086 79.47672 79.84062 73.2132 70.81685 71.55635 78.18377
-9999 -9999 -9999 -9999 -9999 -9999 -9999 20.21069 44.51016 190.5935 172.6815 176.8716 190.8281 138.2993 92.7778 66.52063 49.55159 36.59664 24.71491 -9999 -9999 -9999 -9999 -9999 -9999 -9999 -9999 -9999 -9999 149.9558 131.3615 113.2409 81.645 57.03963 42.41771 19.93756 17.00451 40.66869 28.53804 20.56371 8.61764 5.816403 5.763706 13.26837 49.90451 43.66708 26.0205 5.931981 5.791816 17.57497 18.11824 11.31418 7.139626 11.08011 7.212311 8.068085 14.47364 5.577665 6.225794 14.53782 29.55635 45.55635 61.55635 77.81523 91.7989 89.2132 90.03236 87.78712 94.18377
-9999 -9999 -9999 -9999 -9999 -9999 6.660534 4.849874 9.042196 93.76356 127.3939 151.4848 148.5968 131.8017 86.5331 67.95001 44.87719 25.83829 8.740039 10.45549 28.98106 42.03183 -9999 -9999 -9999 -9999 -9999 -9999 181.8599 156.9217 138.2345 115.1613 79.98599 65.45966 42.86853 12.26707 15.39597 54.7207 55.76 37.10406 26.74255 20.33439 17.479 10.45457 5.098954 12.39743 40.991 29.59004 14.48566 3.970432 3.706187 5.74632 8.441784 4.391847 5.286454 16.08868 11.7876 6.574905 5.516847 9.514627 25.38595 41.63411 57.8475 74.31348 91.46552 104.873 109.2777 111.7644 110.4145
-9999 -9999 -9999 -9999 -9999 -9999 21.71383 20.70242 11.25857 16.69109 8.503364 14.57773 87.3168 108.436 94.71768 90.51448 55.58322 32.0804 19.82627 13.4705 6.739119 10.88058 19.95495 27.57872 -9999 -9999 -9999 -9999 -9999 165.1811 154.9429 110.9233 45.20638 29.82228 22.67408 5.898129 12.52557 58.68142 66.63024 52.50556 42.90254 40.56968 41.79547 27.42691 19.1645 9.867102 13.87675 30.38608 14.32199 3.494099 13.18849 20.51507 23.05521 17.19071 18.02764 24.47868 12.53538 3.635185 3.604854 9.937184 25.46123 41.53445 59.84772 77.09372 96.28427 117.3252 128.6084 131.9051 134.3918
-9999 -9999 -9999 -9999 -9999 -9999 48.08389 35.98043 37.57288 57.81184 37.78788 17.3651 7.545337 49.2112 68.29852 110.4125 67.19512 37.92475 32.79899 30.98373 17.33293 7.61634 4.332488 9.385407 76.93583 -9999 -9999 -9999 91.34849 74.43552 62.81083 32.55803 14.21307 6.544956 6.131124 3.556599 15.12989 67.17282 87.02974 79.37035 64.57625 64.63859 55.64487 43.23081 35.46949 22.97056 11.08937 5.814563 12.25467 3.764245 16.80698 31.96866 38.82082 33.17462 33.89949 34.15981 22.6923 16.13909 16.11634 21.80191 32.71419 47.92704 64.18776 82.5515 99.62202 118.9483 140.0777 151.2358 154.5325
-9999 -9999 -9999 -9999 -9999 -9999 68.95068 51.69328 93.56825 83.76143 41.65959 35.1514 25.44032 23.51409 41.85492 63.36209 38.11225 19.52097 4.380743 36.38392 33.2718 21.93319 13.9054 8.318085 6.282393 12.86304 43.77869 47.66517 38.25518 29.92659 8.624684 6.809201 13.90816 17.23268 22.66948 14.89023 8.392228 75.71832 113.4949 120.0912 125.9391 96.47971 71.64034 60.08497 47.27675 38.21949 26.91228 13.96514 4.092291 3.485216 15.99064 31.2368 46.61263 48.68427 49.77266 45.37019 38.04163 32.13909 32.13909 37.68525 44.42174 55.59161 70.55446 86.81518 105.1789 122.2494 141.5757 162.7051 173.8632
-9999 -9999 -9999 -9999 -9999 -9999 83.78355 90.64401 135.1873 117.1685 90.86682 81.38621 50.55007 39.71904 54.42767 57.53373 28.17875 24.4191 6.008345 17.39543 26.85774 18.18665 25.45387 31.94039 19.78246 6.157393 11.12652 26.30298 17.01155 8.681442 9.669799 38.30451 40.41641 39.66656 33.61961 14.7251 12.8599 90.51457 138.5719 151.9043 139.3606 125.9193 94.29253 88.76372 75.83795 55.83452 43.12244 31.89442 18.46368 5.014626 10.16183 25.68779 37.72422 48.7799 55.79131 57.27469 53.88002 48.13909 48.13909 53.79899 60.18377 67.04916 78.21902 93.18187 109.4426 127.8063 144.8403 164.1848 185.3325
-9999 -9999 -9999 -9999 -9999 -9999 126.7363 134.3415 141.0444 122.038 97.71042 79.76857 60.4606 68.58246 91.78342 79.56168 29.531 15.86694 24.29655 17.77043 7.368561 4.752983 9.455648 19.5474 14.69737 9.183282 4.012405 5.740959 8.092672 24.90448 38.20004 85.57837 68.20238 52.33529 30.16932 8.785534 23.6658 103.4287 145.3341 134.9762 122.6875 117.2505 95.94471 98.0707 95.44148 71.47114 63.16232 47.64249 28.96466 10.59121 5.098954 15.16672 26.21872 34.02133 40.92117 46.38478 53.06774 57.74344 61.93922 69.04591 76.18377 82.81118 89.67657 100.8464 115.8093 132.07 150.4337 167.3761 186.8122
-9999 -9999 -9999 -9999 -9999 -9999 196.9913 183.9244 158.366 132.2071 103.3717 90.1035 76.10045 86.4239 91.20131 100.3697 40.73519 19.24807 7.244481 6.069925 11.76929 6.121701 3.846352 5.436961 7.670337 16.22456 28.80191 23.13693 26.39842 39.95188 97.67961 93.34215 73.89141 56.43494 40.44077 14.39077 33.95908 91.67403 131.2149 116.3167 101.4313 94.30109 76.9929 76.17488 99.65379 143.1595 112.611 81.82498 37.13722 21.88271 7.912216 6.377444 12.56517 20.83538 24.90777 30.3942 37.20378 44.80547 54.67723 65.99868 81.71667 95.24202 105.2363 112.3598 123.4739 138.4367 154.6974 173.0612 190.0036
-9999 -9999 -9999 -9999 -9999 -9999 198.9403 182.7173 176.873 163.0103 124.1619 100.2198 91.44221 101.9759 107.194 90.62755 25.79594 9.371162 2.706187 9.913136 14.30996 18.13249 22.75121 23.90822 26.51031 45.59525 51.95638 49.1487 52.04401 60.83551 95.17663 83.95766 84.9245 69.58437 47.80343 15.40279 22.29204 67.41225 108.632 93.54795 78.50446 70.27345 59.95423 48.63262 65.57653 130.9122 130.2702 87.72778 53.0528 34.10949 9.186264 9.110439 4.721733 6.868179 8.686041 14.5955 22.17805 32.04982 43.37127 59.01219 75.01219 91.01219 107.0122 122.5629 135.4971 151.0744 161.0641 177.3248 195.6886
-9999 -9999 -9999 -9999 -9999 -9999 208.1405 197.6746 181.4208 157.865 139.5994 113.7564 96.83405 37.44965 45.35651 28.53773 28.87789 17.33829 4.403872 17.38249 34.57043 41.03925 45.89817 40.93655 58.86369 98.30338 87.78945 57.4982 35.21666 43.49851 89.82371 70.14541 58.45584 52.47599 51.86745 44.26184 35.38801 50.11647 83.35448 59.62396 43.03421 46.64648 44.96082 32.30581 25.27548 77.08273 102.5956 78.81778 46.22422 8.340833 11.32773 30.51828 43.31025 26.19109 8.850255 3.775349 9.502286 20.74385 36.38478 52.38478 68.64994 85.19674 102.9817 121.426 139.9737 160.5269 176.3687 186.4415 201.7903
-9999 -9999 -9999 -9999 -9999 -9999 223.9379 206.6323 175.1631 156.9942 139.5084 107.007 18.5461 8.893529 16.32275 10.58271 5.435122 15.22364 32.08966 34.80251 48.86194 57.11254 51.76314 76.24144 104.61 91.80392 83.48491 63.71318 24.27633 24.51898 70.72697 61.73709 46.71412 31.09074 17.21031 12.79388 11.01133 23.19997 46.45746 22.93833 15.57107 10.71085 21.66336 15.59788 6.80514 16.36824 42.87044 43.51596 66.47406 68.56114 56.74138 53.35435 44.20156 28.98474 26.13953 14.63579 4.240959 16.53553 32.49004 48.71101 65.34121 82.25489 98.62621 114.6673 130.6673 146.6673 171.9099 201.1779 210.0525
-9999 -9999 -9999 -9999 -9999 -9999 237.1554 202.6331 179.0592 162.8754 151.7631 103.9718 21.23604 7.932362 4.904791 5.947145 25.48719 75.91039 72.94494 53.21127 42.11133 34.52954 34.87643 69.67113 104.4559 83.70229 67.59982 53.82133 17.37805 23.30911 45.35711 35.61898 31.08354 21.13839 5.168655 7.106155 5.088769 15.43404 17.62751 15.58585 12.74876 13.16076 24.95089 33.34458 20.08217 5.840451 22.21904 106.9477 100.0338 86.10915 67.44725 43.42637 29.05819 11.3632 8.569005 11.37913 7.853395 22.23306 35.91726 51.55635 67.55635 83.55635 99.55635 115.5564 131.5564 147.5564 163.5564 192.5819 223.8053
-9999 -9999 -9999 -9999 -9999 -9999 252.5513 214.1206 192.7394 177.173 167.5434 66.91133 31.06676 27.64512 26.26415 12.34619 4.040514 12.46399 23.89451 24.58776 23.17615 11.51263 13.67516 33.40378 98.32209 84.27951 60.71993 43.83268 26.06339 7.243942 25.87995 22.40806 12.10492 5.09099 11.59175 14.80514 16.59474 34.27602 44.8876 62.83475 77.27469 64.20033 67.21786 49.90959 35.18893 15.16244 6.482837 88.14951 92.55132 71.43713 54.26213 35.52532 19.43335 4.276269 6.190483 3.914214 6.618561 21.21751 37.21751 53.28576 69.73421 86.32152 103.2132 119.2132 136.2343 154.1838 170.1838 186.1838 215.2093
-9999 -9999 -9999 -9999 -9999 -9999 269.0829 229.0285 206.0396 191.0495 184.3672 59.73776 47.35749 51.34125 37.41755 24.67583 15.54004 7.667197 4.007964 16.77503 144.3669 102.8076 79.08173 23.15562 37.56355 29.52082 30.35254 16.78944 11.44531 5.635565 6.601175 5.001682 6.765388 7.65257 18.25321 14.17386 25.0896 52.03919 113.2616 128.9404 111.6314 91.92955 75.43323 63.21863 39.78037 28.46834 12.33991 36.39074 107.7429 80.71423 61.02974 37.45898 12.84994 3.722653 13.61212 13.63058 17.22218 27.99207 42.87006 58.87006 74.87006 90.87006 106.8701 122.8701 138.8701 156.0768 173.7478 189.9335 206.7131
