04_184A001/downslope_distance.asc
ncols 378
nrows 390
xllcorner 613424
yllcorner 6870896
cellsize 16
nodata_value -9999
[rows 300 to 329 of 390, columns 207 to 275 of 378]
-9999 -9999 -9999 -9999 -9999 -9999 -9999 -9999 -9999 -9999 231.2466 228.323 249.8312 292.3414 275.1284 260.0761 245.4287 227.9079 208.8353 184.7993 187.0129 219.6026 214.4464 180.8699 147.6416 74.74458 29.41152 11.20863 5.61818 77.1114 102.7864 98.46077 91.0694 85.09621 80.62486 81.59897 79.87701 75.3457 77.40842 53.43922 11.30552 18.08975 15.78201 16.03553 15.26815 6.175318 24.21238 28.27878 29.95908 28.39819 26.4263 22.70235 8.505585 12.25375 4.849874 4.457488 32.29892 10.95955 6.869481 23.92875 49.62212 23.16358 10.1014 16.92967 56.8924 49.54934 7.810884 15.75933 17.82091
-9999 -9999 -9999 -9999 -9999 -9999 -9999 -9999 -9999 -9999 266.0265 266.2798 310.1771 298.9614 284.5033 270.4429 262.7809 246.6273 214.0698 205.4296 240.5561 241.6397 206.2244 154.6359 72.88935 57.22415 39.90346 22.88493 6.08417 13.76745 92.44592 143.3907 128.891 142.6311 121.4298 122.4697 98.64024 93.0396 82.89163 9.549779 31.94667 36.51085 34.70755 35.29563 15.44699 23.10514 45.81308 47.59877 51.14005 48.26092 42.69728 40.10552 20.27266 7.868021 3.55974 16.84251 23.78614 10.08639 4.823986 32.42897 52.02875 45.1304 22.55635 11.54296 16.32795 66.24249 77.89107 15.1521 25.31225
-9999 -9999 -9999 -9999 189.0929 202.7605 -9999 -9999 -9999 -9999 328.793 355.4395 329.4742 308.5737 294.2722 286.1505 279.0049 258.4437 224.1819 236.7036 266.119 244.0257 204.2495 119.0405 85.33779 70.49306 51.05534 32.81676 18.56371 4.52351 48.39411 167.1917 214.6041 190.6073 170.2008 148.323 124.2578 110.0658 18.61418 29.86456 51.67047 54.80105 52.40232 47.47783 13.25505 50.22951 64.96701 64.17184 67.31536 65.67666 59.31676 53.35245 32.25663 23.04042 13.74026 10.11006 5.851175 3.898129 3.669575 47.55924 68.61559 51.50991 38.13278 24.76216 15.59864 6.745781 51.67082 108.1351 30.72875
-9999 -9999 -9999 -9999 -9999 -9999 320.0869 306.1749 281.8857 268.304 262.168 341.9987 347.0112 321.2349 308.5789 309.0659 287.148 271.8675 246.5939 280.5517 272.4445 227.0271 213.7516 122.8752 101.0427 82.39716 63.64716 47.17038 34.33078 13.86212 4.744481 82.43199 215.0371 196.2362 178.2818 127.6532 106.1242 30.10943 14.20533 48.26123 71.72713 71.07142 70.99322 54.57938 14.34842 66.99084 82.59798 81.78136 85.59077 81.30248 78.50861 65.37082 47.60099 38.13976 30.05482 26.7784 22.30482 18.98398 16.59175 66.94985 76.96937 63.50531 51.63414 43.62894 33.00587 23.10514 11.52021 23.27418 21.00549
-9999 -9999 -9999 -9999 -9999 -9999 258.6946 288.8994 270.3157 254.7729 238.4006 273.0434 358.8051 345.0536 361.8581 313.8356 299.7591 284.233 274.885 304.415 259.5017 237.4644 152.2924 123.0721 110.9249 88.95518 74.9002 60.53656 44.07418 27.54953 15.94591 9.388548 93.24287 209.1318 136.6479 44.96657 10.04702 5.11726 25.40492 45.34211 85.35166 89.14747 82.54084 49.70676 14.53737 71.77561 99.27108 101.7972 103.3553 97.16753 95.11813 76.84998 63.57072 53.69849 46.3396 44.31469 39.23627 35.35216 35.27082 105.6898 94.0062 79.58542 69.01978 61.26457 48.15905 43.29125 32.65974 17.25435 8.758186
-9999 -9999 -9999 -9999 -9999 -9999 -9999 284.3348 244.4045 242.5478 222.8022 215.3359 332.9645 603.2475 495.1974 347.3609 320.3019 295.1116 306.7818 294.0565 266.8255 181.5716 148.8876 130.1643 110.5761 99.46024 86.90969 69.35654 52.50715 42.92735 29.37535 19.27526 7.388167 115.8416 55.46701 27.56523 7.909995 5.640007 13.61158 48.04614 78.13405 109.3023 84.23301 19.54096 36.06425 101.0303 117.0163 120.1991 119.8681 114.599 110.9281 87.77552 80.05693 69.04468 63.44376 60.20898 55.7561 52.21904 62.03773 124.7108 106.2773 94.43552 83.89338 75.80233 63.68386 61.82999 47.70584 32.60093 30.06301
-9999 -9999 -9999 -9999 -9999 -9999 -9999 268.8285 235.0008 215.4832 195.9396 214.0721 752.6594 779.6536 755.6692 522.8048 340.6567 314.737 301.3132 291.4268 216.7352 173.917 159.7708 134.0408 125.9889 112.8836 100.1509 75.8838 68.12663 54.68484 42.69886 34.35245 16.53706 29.63662 35.31599 14.88043 20.98849 17.52266 4.657012 13.91688 64.93561 128.0495 74.64807 17.6086 63.99001 141.4521 135.0518 140.1169 139.1513 133.3784 128.7958 102.7149 95.38688 86.62387 81.98072 76.63139 72.22208 68.80505 82.52875 137.9714 121.8985 109.279 99.76585 89.93161 83.04544 77.98738 58.16019 49.19306 52.01743
-9999 -9999 -9999 -9999 -9999 -9999 -9999 -9999 -9999 211.7888 191.5444 172.675 286.0251 714.7509 753.6459 733.4154 544.4326 344.6062 322.3743 262.9445 198.137 186.6361 161.7452 150.1788 136.9375 129.8256 105.2266 92.27787 78.86382 66.2739 58.19189 43.37396 10.8046 36.22355 43.13706 32.75089 43.98824 34.2139 15.80575 4.747622 17.61954 60.24023 51.07288 23.2817 73.96771 155.4657 153.1836 157.6757 156.787 153.6644 156.138 129.6743 114.3102 111.0508 101.2982 93.39954 88.91349 86.79217 96.07761 159.107 142.2342 123.6162 113.0057 102.4797 100.7295 96.58986 71.38361 66.94144 70.45813
-9999 -9999 -9999 -9999 -9999 -9999 -9999 -9999 -9999 -9999 141.3277 161.383 143.291 321.5906 705.3143 721.9416 699.7643 586.409 288.9251 235.7172 213.108 193.6547 174.1527 162.8458 153.4008 135.6933 114.2102 104.1142 91.34672 81.46661 73.92273 42.94274 19.01653 74.00217 54.04468 60.4147 62.99833 53.51727 33.35445 11.85898 5.439563 18.14061 5.497622 8.539436 30.17805 72.00493 81.09906 160.4111 179.3013 172.1207 178.8735 161.2009 132.7567 131.7327 122.1511 116.1661 105.7281 124.0548 184.3213 173.5905 157.7252 136.8147 124.9261 119.2595 118.3667 110.714 85.64823 85.96571 89.41346
-9999 -9999 -9999 -9999 -9999 -9999 -9999 -9999 -9999 -9999 74.187 120.493 123.721 136.1804 479.1771 699.3132 679.3023 666.0859 395.9794 248.3443 238.442 200.4109 188.4369 176.9472 175.4185 153.8997 131.9584 119.3265 105.9019 97.13333 69.25191 37.50448 37.43373 87.71355 78.84789 87.32536 78.81734 77.66048 41.72545 29.29899 12.00451 4.33915 10.36082 7.08233 4.77665 13.51745 24.63509 43.385 114.117 110.7693 101.8174 135.6194 153.9177 142.8701 141.6941 152.4917 147.0904 208.2236 207.8445 192.9419 167.4069 151.1882 140.8917 136.6883 134.8643 132.4935 102.8637 106.6335 108.1545
-9999 -9999 -9999 -9999 -9999 -9999 -9999 -9999 -9999 -9999 54.58614 81.09386 95.1673 133.2542 568.7935 686.6652 665.8615 646.6985 560.6902 270.3293 276.3863 244.8268 208.2107 196.4994 202.28 184.8834 149.343 131.8752 120.8803 110.3387 63.54367 56.00991 95.05769 100.2492 110.1319 101.4874 99.27543 93.55921 60.91079 47.46495 30.54471 15.43925 31.85184 22.98903 11.65409 4.228014 7.889468 21.18243 28.37957 43.80756 55.15819 61.82425 99.38342 165.0054 162.1593 168.2612 188.9203 226.3815 232.8996 215.8335 177.5574 165.2398 156.7913 152.8444 153.5586 147.0991 124.452 127.0926 126.6106
-9999 -9999 -9999 -9999 -9999 -9999 -9999 -9999 -9999 -9999 59.41295 71.2534 100.9907 111.275 315.468 701.4952 657.0269 636.2516 620.2805 353.4299 268.4151 249.0857 225.6564 222.232 222.6601 205.3754 159.6427 145.2251 127.1483 93.40684 77.47235 96.74249 133.7641 120.0255 127.2435 116.4238 117.8031 109.7046 79.06013 71.06641 43.23075 35.05397 50.33268 43.94474 19.66504 13.62139 7.931442 5.315483 17.27948 32.06783 37.24982 42.12244 68.96279 183.4682 182.0349 191.2017 202.591 220.0266 248.4747 255.4152 245.4615 189.0191 174.7808 170.4445 176.9164 156.4985 147.4887 148.0001 146.4813
-9999 -9999 -9999 -9999 -9999 -9999 -9999 -9999 -9999 -9999 75.27583 86.47092 119.8605 131.2817 141.4064 503.5413 660.4361 630.7383 599.7274 591.4453 366.0419 251.8427 240.3007 248.3106 241.7301 243.9799 224.1646 188.7793 120.302 101.7687 116.1291 158.5131 160.5483 146.0228 141.2158 141.9376 134.9823 118.8477 95.2476 75.3567 61.15039 60.62006 77.71149 62.58275 10.03017 16.92684 22.61349 13.28262 6.280172 7.294417 18.92262 28.99277 55.34293 90.92648 132.0112 191.9329 211.8096 228.9039 248.8081 261.3218 283.3356 268.8621 219.7008 195.1483 194.5291 165.1515 167.2849 165.8841 174.1351
-9999 -9999 -9999 -9999 -9999 -9999 -9999 -9999 -9999 -9999 102.3615 105.6981 126.8562 154.4231 167.5548 281.1656 663.3806 606.6302 580.8611 569.3761 526.4241 339.8568 267.2123 263.6241 257.8568 353.0783 387.1441 365.8455 317.9298 261.8321 271.9907 239.6752 188.5361 171.176 167.0029 157.6079 144.1541 122.1156 109.195 88.85709 81.81873 81.57263 96.89944 67.4147 18.84458 18.74915 42.04553 28.72278 22.7329 13.19331 4.684201 9.799398 20.85476 32.11939 52.5659 97.98438 96.30814 107.8591 208.7059 280.0249 287.0189 307.0687 323.8027 295.7932 278.5035 190.1513 184.8154 186.0086 177.5244
-9999 -9999 -9999 -9999 -9999 -9999 -9999 -9999 -9999 -9999 -9999 124.9101 138.9493 192.9982 191.0529 189.5212 496.5567 603.4591 577.5803 555.4395 535.7565 511.5434 460.5892 321.245 321.4155 408.1623 384.961 361.7564 337.9811 319.528 294.0244 262.2424 241.783 224.9237 194.3531 169.8596 149.066 137.8703 131.9643 110.4676 103.0759 103.5814 97.61105 57.24718 24.5889 7.906473 34.01368 43.68662 42.21267 29.80527 18.37659 6.821226 5.790895 15.57053 41.18808 39.89534 50.32272 55.88338 70.74627 117.283 98.2627 188.0986 284.4096 349.0928 367.6767 309.2576 209.3083 230.0046 107.1741
-9999 -9999 -9999 -9999 -9999 -9999 -9999 -9999 -9999 -9999 -9999 -9999 -9999 209.009 218.0833 219.9508 513.9324 602.6602 588.4089 564.8942 534.7053 509.0914 483.8753 462.1226 437.6548 411.4755 400.7821 352.3785 328.9694 303.6915 274.5939 248.1885 236.1474 217.5442 199.4631 181.7665 164.9843 161.6146 145.0283 129.5739 130.3475 108.9452 77.79059 79.01914 51.34722 34.78735 30.5817 5.410153 34.00702 50.26489 46.24566 23.63493 17.80299 5.728395 5.444925 16.62767 21.30781 31.80489 34.22577 23.48589 9.275191 13.17592 28.8975 179.0577 343.1786 350.3351 271.2169 151.7647 48.49382
-9999 -9999 -9999 -9999 -9999 -9999 -9999 -9999 -9999 -9999 -9999 -9999 -9999 -9999 -9999 277.8474 638.1788 621.0401 595.8692 579.5455 540.6049 521.8649 497.1117 485.4234 442.0805 420.9247 418.6672 350.2282 323.6959 298.9685 275.329 258.5435 249.7634 234.7297 214.9037 194.4846 187.2562 180.4719 159.9202 149.7705 135.9169 102.9213 93.74532 99.18565 77.45956 46.04959 25.57979 3.312881 57.70461 69.66178 54.66241 40.62504 39.67459 26.28582 19.64359 6.140007 5.732456 11.65777 11.12821 4.669956 10.32827 12.53722 5.063262 16.2375 38.69176 127.6706 223.325 114.486 63.31933
-9999 -9999 -9999 -9999 -9999 -9999 -9999 -9999 -9999 -9999 -9999 -9999 -9999 -9999 -9999 -9999 -9999 619.5861 607.7418 595.3854 554.2312 537.896 521.3679 509.1879 500.4594 437.638 424.3591 351.5137 330.501 309.4933 288.4259 280.7793 268.4573 237.8283 220.2611 212.8475 207.3676 202.8745 200.22 177.023 137.9292 119.6512 114.5716 117.2536 88.66797 51.07586 17.62437 5.810122 68.31911 86.81549 75.70023 63.88459 62.67879 61.01955 41.30235 25.35591 15.12637 4.349493 2.818243 9.610439 24.23811 37.45378 43.50946 24.12475 6.192704 13.38985 44.70937 68.59859 51.57447
-9999 -9999 -9999 -9999 -9999 -9999 -9999 -9999 -9999 -9999 -9999 -9999 -9999 -9999 -9999 -9999 -9999 -9999 625.9692 498.354 360.5997 378.805 331.6456 563.7582 536.705 485.9963 400.6519 351.5341 331.5756 317.527 303.054 292.6665 276.1545 245.9179 235.6386 231.1983 223.6731 220.0978 222.03 227.449 152.3738 137.5024 135.0456 133.9787 91.05293 51.64487 25.0987 57.47307 107.3329 106.0977 102.9517 83.48783 78.30715 68.51273 54.4239 40.90331 27.82243 4.876682 7.245781 6.144068 8.314944 23.78192 38.06546 50.60344 42.73671 9.23636 6.905172 17.36158 31.7014
-9999 -9999 -9999 -9999 -9999 -9999 -9999 -9999 -9999 -9999 -9999 -9999 -9999 -9999 -9999 -9999 -9999 -9999 -9999 -9999 -9999 -9999 203.724 581.5452 558.4987 550.8441 415.9066 355.0236 341.8069 328.9535 311.9558 291.5158 273.8466 259.5067 271.8854 274.2725 250.7064 240.8464 247.1806 200.9208 166.5674 152.8502 157.5847 135.8934 90.09659 58.88789 41.92421 115.011 123.5149 121.761 111.1603 101.1486 98.34367 90.94278 70.72276 57.0476 16.61694 8.786835 10.48988 9.008726 6.533313 3.578046 18.00841 26.58538 36.97523 42.77072 28.69115 8.196607 5.658313
-9999 -9999 -9999 -9999 -9999 -9999 -9999 -9999 -9999 -9999 -9999 -9999 -9999 -9999 -9999 -9999 -9999 -9999 -9999 -9999 -9999 -9999 -9999 -9999 545.9771 457.3384 388.9839 379.9444 355.5919 340.8626 318.0805 303.6873 283.3099 279.3507 298.7517 281.3562 266.1719 259.1207 264.4801 189.8952 178.7444 168.0102 172.7266 142.2096 90.46461 71.15366 60.34776 121.5878 152.5367 143.7386 129.5145 124.8179 124.0468 101.3394 53.43202 19.83293 9.345274 8.928301 25.54877 13.18849 8.052 12.85806 5.777031 9.328269 17.76913 36.92085 60.91708 32.01644 13.09642
-9999 -9999 -9999 -9999 -9999 -9999 -9999 -9999 -9999 -9999 -9999 -9999 -9999 -9999 -9999 -9999 -9999 -9999 -9999 -9999 -9999 -9999 -9999 -9999 -9999 366.8293 368.3758 378.171 344.1006 334.0316 328.7108 316.949 297.4781 309.9553 310.8419 290.1906 281.3533 282.6525 286.1063 248.9332 197.1991 187.8448 188.5645 149.6135 104.7923 90.25636 76.61422 133.1916 173.6737 157.176 148.7283 143.5811 144.5373 93.16245 42.0895 15.25099 22.51936 22.38103 28.10498 33.75848 4.452126 24.51399 20.5382 10.76263 6.475255 20.17484 29.85682 30.085 55.78037
-9999 -9999 -9999 -9999 -9999 -9999 -9999 -9999 -9999 -9999 -9999 -9999 -9999 -9999 -9999 -9999 -9999 -9999 -9999 -9999 -9999 -9999 -9999 -9999 -9999 -9999 -9999 -9999 311.8551 295.5505 274.9424 276.8282 320.6479 397.8029 327.398 305.2331 297.7584 308.0005 304.8795 255.1826 225.4543 213.2534 205.0736 142.7965 119.8569 118.8062 103.8699 166.2106 188.3183 172.6619 163.8865 160.7153 155.9682 95.04243 54.45531 54.73494 18.21866 41.52608 15.65226 16.8723 11.56663 2.671796 4.069544 12.24156 18.81371 11.79648 5.159233 13.24654 41.4665
-9999 -9999 -9999 -9999 -9999 -9999 -9999 -9999 -9999 -9999 -9999 -9999 -9999 -9999 -9999 -9999 -9999 -9999 -9999 -9999 -9999 -9999 -9999 -9999 -9999 -9999 -9999 -9999 -9999 -9999 270.2418 252.8632 248.9907 540.9417 581.6808 514.7786 458.0726 413.9884 391.5259 319.5156 291.7164 260.5819 197.1588 146.7821 135.763 138.7295 153.1884 197.6746 200.2269 184.3464 180.4644 178.8253 168.2398 106.217 84.87638 60.30746 25.20311 28.40432 29.79042 8.362279 7.892609 3.503903 3.897209 3.168655 5.590451 18.94001 18.18963 12.13893 7.297558
-9999 -9999 -9999 -9999 -9999 -9999 -9999 -9999 -9999 -9999 -9999 -9999 -9999 -9999 -9999 -9999 -9999 -9999 -9999 -9999 -9999 -9999 -9999 -9999 -9999 -9999 -9999 -9999 -9999 -9999 247.5544 237.1138 223.4141 352.4063 525.3067 577.0244 555.2343 535.8875 498.4536 482.9883 473.1052 462.9352 437.1073 363.257 289.204 289.4183 209.5285 195.2814 343.8428 301.7929 192.4697 180.7168 181.1606 106.6647 89.96169 50.77761 41.94781 43.4541 39.51031 15.32421 12.4954 7.236898 4.081568 13.1639 17.27633 10.13541 6.629284 17.62545 22.20073
-9999 -9999 -9999 -9999 -9999 -9999 -9999 -9999 -9999 -9999 -9999 -9999 -9999 -9999 -9999 -9999 -9999 -9999 -9999 -9999 -9999 -9999 -9999 -9999 -9999 -9999 -9999 -9999 -9999 114.7308 172.9661 209.9343 203.478 191.1418 187.4012 236.622 320.61 340.4856 259.1722 225.7671 213.2805 245.9536 441.7172 427.4238 407.4004 385.0797 364.2878 345.1446 341.5189 335.7263 277.4341 138.009 112.8917 95.24738 82.17946 69.33595 61.46841 64.33582 47.84985 37.10498 30.69055 48.72469 34.58132 37.53918 34.47738 32.33094 20.39819 10.30368 6.093592
-9999 -9999 -9999 -9999 -9999 -9999 -9999 -9999 -9999 -9999 -9999 -9999 -9999 -9999 -9999 -9999 -9999 -9999 -9999 -9999 -9999 -9999 -9999 -9999 -9999 -9999 -9999 -9999 52.39005 69.80226 91.50452 123.9157 170.4149 177.1818 159.5506 174.0489 202.1588 216.8025 206.8819 193.8472 186.1681 222.4362 229.4335 399.8127 414.6525 390.672 368.7573 345.0906 324.6767 316.1095 316.4738 234.8658 171.4377 114.0768 114.4816 91.75277 111.9564 118.8536 56.67682 56.30733 56.06184 76.79826 65.31619 57.07999 51.25296 48.55971 35.43471 25.19153 18.11028
-9999 -9999 -9999 -9999 -9999 -9999 -9999 -9999 -9999 -9999 -9999 -9999 -9999 -9999 -9999 -9999 -9999 -9999 -9999 -9999 -9999 -9999 -9999 -9999 -9999 -9999 -9999 13.32015 22.19315 48.24874 69.42542 106.2019 139.8531 131.4151 140.9849 171.1104 191.6244 207.6607 200.2284 177.6582 169.9148 180.955 173.4725 353.2794 368.2939 379.1695 374.3255 349.7234 327.5373 309.4307 287.1957 274.0765 265.7105 242.5426 201.5597 131.1082 214.8236 221.8071 183.6716 123.3454 99.48092 88.68358 79.63764 73.32784 67.82564 63.43646 49.70889 41.10299 33.84908
-9999 -9999 -9999 -9999 -9999 -9999 -9999 -9999 -9999 -9999 -9999 -9999 -9999 -9999 -9999 -9999 -9999 -9999 -9999 -9999 -9999 -9999 -9999 -9999 -9999 -9999 49.91587 27.62161 8.543497 32.62995 48.94918 102.4966 115.5577 113.4301 111.8815 109.2727 126.6685 162.606 180.9087 168.1504 153.3578 156.0725 160.8349 171.7038 199.1677 205.7842 329.3444 359.8222 339.3032 318.0494 292.827 270.541 249.3824 233.5724 234.6922 197.6041 190.0152 199.7977 199.2839 181.2239 157.9735 119.1087 100.2429 91.06029 87.68852 77.22856 64.93246 59.44826 51.90943
-9999 -9999 -9999 -9999 -9999 -9999 -9999 -9999 -9999 -9999 -9999 -9999 -9999 -9999 -9999 -9999 -9999 -9999 -9999 -9999 -9999 -9999 -9999 -9999 -9999 -9999 29.48826 34.74017 28.33722 6.77167 25.1449 90.62806 91.14729 91.38266 93.08923 83.33802 79.79338 109.8432 129.3304 155.249 139.5953 129.8035 137.5154 148.4727 171.5612 183.5052 202.4031 297.8358 350.2509 327.4283 306.374 292.0124 262.4875 226.358 207.4015 183.4245 164.0294 150.9262 147.7777 158.9605 160.2831 146.1707 133.6205 116.3241 105.428 111.7194 96.41866 80.25775 63.23456
