04_184A001/downslope_distance.asc
ncols 378
nrows 390
xllcorner 613424
yllcorner 6870896
cellsize 16
nodata_value -9999
[rows 30 to 59 of 390, columns 69 to 137 of 378]
5.77443 4.945464 5.654791 6.389626 5.047716 4.347272 4.46691 5.156631 4.908852 4.307519 5.005743 5.283852 4.720432 36.13116 93.93152 133.0054 150.1597 167.4933 184.8539 202.7493 239.8827 292.8287 322.7798 373.4187 391.2502 393.6477 411.6038 434.347 440.0859 461.6404 478.1863 396.0268 178.6736 170.4738 165.4888 160.3302 143.3177 70.79713 63.14049 51.85359 50.31812 43.34471 82.08542 37.48037 14.16834 4.316403 8.702888 18.90156 28.88792 34.87888 44.45286 69.06483 57.24858 38.98779 22.37735 11.4126 4.510565 14.69369 33.60207 45.0502 64.73478 70.42295 79.93719 -9999 -9999 -9999 -9999 -9999 -9999
18.24286 16.07383 19.53354 19.52059 18.75321 19.55314 23.91834 20.60584 24.2895 29.00067 23.34029 32.30727 6.440483 22.55083 75.76096 107.0567 136.8919 154.1113 176.7493 202.7502 219.9239 240.7734 300.4433 382.2202 410.8825 416.8074 439.86 455.0542 454.2378 481.9068 487.0527 390.3104 196.4787 195.9075 195.6604 202.9509 224.4524 143.1478 75.20826 71.16682 62.73776 62.94611 82.33411 70.65873 47.44651 25.7244 10.26577 5.088231 10.19163 19.59956 24.79655 28.977 46.44826 46.81866 36.09226 24.18449 10.97732 6.755585 20.43817 33.78957 47.70921 56.4831 63.64709 79.66016 -9999 -9999 -9999 -9999 -9999
38.59471 45.36019 48.24537 39.17545 35.25273 28.92247 31.51139 26.8618 26.75419 24.27396 22.78376 21.33661 8.693624 12.6197 60.69411 106.1708 116.1276 137.3678 157.9319 195.9337 228.9481 242.7861 260.5173 367.7936 429.6053 480.0214 571.7175 472.5883 487.7127 502.1081 503.3853 355.5135 215.0678 213.2406 220.4508 237.712 261.949 283.2932 157.8573 87.83164 83.36987 88.27422 99.36543 80.47514 70.135 39.32932 26.46168 19.46828 5.284233 5.609677 7.988199 7.411073 11.64759 17.33623 26.80413 32.50089 22.89344 7.881886 8.069386 25.89788 33.41273 41.37244 46.4831 57.85395 75.26785 -9999 -9999 -9999 -9999
7.749842 13.76853 24.08071 8.579347 12.26447 6.666815 6.52535 6.8704 5.331187 4.21783 4.485216 4.053078 4.062881 18.78912 45.63154 82.56159 111.2916 129.0052 146.8216 165.553 193.8039 239.1368 266.3131 357.8483 543.8676 868.8529 916.0618 644.9288 570.6613 522.6246 520.063 321.4673 233.6427 236.0124 239.3239 246.22 260.9498 285.5692 156.3277 114.6885 105.5207 109.3547 114.7645 90.69167 89.45584 57.00838 41.46159 29.1468 17.4165 4.783313 26.54432 34.02754 19.41466 4.013325 7.983757 13.58661 24.16434 10.16352 3.6191 10.1711 21.10292 26.22554 35.98801 40.24436 56.33932 83.443 -9999 -9999 -9999
16.93595 19.02542 13.68826 20.74547 17.08309 13.80238 22.78782 19.76339 16.71085 24.58661 19.53224 21.85584 20.66726 8.130966 26.06025 64.19373 86.645 113.131 129.4221 142.4574 144.8732 165.0588 195.1017 451.0883 969.4051 948.9033 930.2572 911.3875 893.9801 860.5012 711.6901 605.6057 482.0967 320.2406 276.78 267.0474 271.0352 280.9467 162.239 132.5393 127.3246 142.0327 133.3297 107.597 103.3329 65.27292 52.4212 42.85727 27.5784 13.82129 4.77443 33.93509 54.53243 30.53636 26.51714 20.06057 2.636104 13.2421 20.91542 24.26698 14.16022 11.57199 17.0981 32.28199 39.76374 47.1074 50.59148 57.37403 -9999
4.702126 7.808281 20.1449 41.67215 34.65546 31.82557 42.21267 28.36311 42.74293 40.50549 22.57015 17.77113 16.30314 5.188262 21.83607 46.68126 66.1765 84.00179 99.92273 115.9881 134.5814 153.7538 179.5975 211.9529 631.0001 947.2056 926.3182 907.0128 888.3306 871.0746 852.3741 830.8256 832.5366 845.3448 698.5735 310.4813 284.0715 296.5474 182.3482 151.5054 144.5322 149.2983 159.3771 156.7479 135.9487 75.82245 65.80975 56.43776 37.85106 23.48059 13.25527 5.796257 16.96161 24.92837 80.05607 60.39325 30.62183 8.026112 20.20555 86.97838 71.27045 22.95356 6.64667 15.88969 24.66473 28.50686 34.20194 41.0028 47.58665
20.21 7.505585 5.935502 7.64943 6.981155 8.146289 5.514626 7.171257 8.292735 4.853934 3.245939 4.240578 7.047177 6.24632 15.22326 41.67935 56.10451 71.76908 90.72079 124.8775 146.7741 159.1778 175.0845 197.9614 353.0675 925.6319 925.353 909.4317 893.9984 875.2579 845.9466 817.1946 810.4452 822.6444 842.3831 769.123 365.2357 333.6859 520.4221 457.2006 437.9572 417.9335 273.592 220.4542 205.5315 102.1949 81.67089 66.22099 46.81657 35.95369 28.75686 21.55467 13.88931 6.356917 36.72745 49.4838 32.3258 30.16565 17.38953 8.713993 18.49975 46.70966 26.51498 7.803301 5.881505 11.52243 18.64398 24.87919 32.76514
38.45095 17.60378 3.925857 11.99134 17.91574 27.58944 38.08208 30.02196 22.33186 20.11878 5.292736 27.68817 28.9145 12.14039 10.37967 33.76736 47.17076 66.94395 104.0924 131.1572 134.4636 147.1825 166.4068 170.8919 149.9976 219.1001 581.0914 883.7285 900.2526 863.7516 833.4307 812.8285 794.3984 784.5907 791.3124 794.9003 717.4368 664.4166 651.3442 634.3589 617.9698 609.871 618.0791 600.007 558.3131 532.6981 346.4127 144.4161 103.7929 76.13396 65.31825 66.10004 31.64112 19.79486 11.46659 4.602095 19.57573 56.02507 40.80756 39.26834 30.96834 8.528713 15.13915 28.49423 20.20609 6.184201 4.634264 9.088992 16.13893
48.07808 23.56501 5.591372 15.3131 49.0205 64.16777 87.40214 56.17704 30.33484 8.484138 16.51025 37.16733 34.5752 16.1783 5.282012 22.22662 41.82043 50.57241 96.97581 105.9721 103.4447 108.5775 118.7476 90.73951 129.2511 141.7386 148.0072 661.803 859.9708 855.3476 834.1053 813.6223 792.9908 769.0584 761.4017 751.668 715.8508 724.595 668.6326 628.7137 610.6262 592.834 589.2929 587.4072 597.1224 624.6666 607.7075 292.5229 172.9723 157.4454 140.7642 124.8916 91.29227 55.39931 27.5758 18.59756 9.545718 5.882425 21.02081 25.10537 81.00883 69.72139 15.9836 11.53001 15.45441 21.16412 27.00365 15.36564 3.898129
45.10651 26.85054 8.51983 44.1573 90.49636 72.97913 44.34855 27.66412 11.97954 4.740039 17.68443 39.03199 42.6376 21.93855 7.298478 10.45235 26.26974 41.06047 64.50562 84.28265 84.82609 95.94471 94.85432 67.95451 108.5387 189.0258 412.575 535.5215 545.5287 656.9478 808.6578 805.5193 789.1017 760.2305 734.994 729.4213 700.9232 708.3406 699.5966 627.2253 600.1289 587.7258 568.2094 557.6945 559.694 599.9358 595.758 463.3622 197.3497 158.0222 134.894 116.211 100.1582 82.98263 57.0093 35.72209 24.19759 15.70273 6.669417 9.999684 36.74369 27.76844 62.39626 42.18449 12.46583 6.306061 18.58646 26.30137 30.97056
77.08926 44.21917 14.39597 7.341372 42.58836 43.46374 24.11809 8.960471 4.996701 14.87231 31.49515 48.59915 58.57203 31.46466 15.70901 3.944544 14.85806 28.92691 42.49331 58.29769 66.83231 88.88935 59.78281 70.87165 95.49487 483.3167 528.608 512.713 519.5366 517.1563 728.7 748.5597 740.6262 719.8583 710.634 693.327 686.8066 692.1194 673.2631 606.5992 581.7595 567.9183 555.0444 538.9472 537.261 564.355 578.8386 532.3466 452.1481 219.3059 143.5613 128.9152 104.9252 90.80661 74.3574 48.9396 38.94896 30.33132 21.20854 12.59198 5.442704 5.578427 32.89902 54.85803 32.2653 20.46054 10.71843 6.966372 17.2244
91.6126 86.72466 29.26254 5.532932 9.437723 11.10156 7.279253 6.966753 19.38677 29.61479 49.07174 65.84201 60.22323 40.01476 24.77342 12.50543 4.560121 19.02503 28.21038 19.31203 8.132424 27.52196 44.87856 67.56667 118.7118 422.3839 509.6829 496.7193 502.4237 479.7715 528.0274 706.9705 712.1337 698.4758 685.5577 662.0612 665.8478 667.9341 644.6398 572.5353 555.4377 543.925 540.5683 529.7676 517.0841 517.2238 540.324 523.168 486.5636 395.564 181.7063 150.0563 124.7314 115.5876 82.85417 68.30309 53.95407 46.05042 36.65591 27.27126 19.51545 11.95495 6.041815 17.07367 27.61977 26.30635 28.30045 22.45518 3.884264
67.56743 62.95293 36.34709 14.658 3.191022 5.827126 6.188643 20.47494 31.72967 45.81667 66.82456 85.06258 70.91644 51.47123 37.89832 26.63325 10.07881 8.791277 10.58677 7.045337 11.02741 15.63303 22.63195 37.56393 64.1075 234.4807 492.6435 478.8514 471.608 456.3649 466.8613 527.3257 703.2203 691.1456 667.8812 645.9396 633.4203 621.8376 600.545 574.6246 545.9697 526.0514 513.9537 514.1085 501.5065 500.2908 518.0801 536.8446 489.4908 454.8925 290.6679 170.3779 142.0025 160.7816 114.1637 89.67079 102.0477 88.22165 52.17472 43.8074 35.0165 26.63922 19.52916 10.30276 3.198604 6.441784 20.41136 9.453269 14.51615
72.20261 54.85121 53.96235 50.43256 19.2388 5.997622 8.02849 33.12253 54.44481 62.32523 76.90312 98.03476 82.78713 63.36489 45.93525 30.24264 13.57529 2.915133 9.464532 9.401493 3.200825 12.59734 32.333 51.3693 76.13903 151.124 475.4694 460.5479 448.8858 438.1495 448.7632 459.0595 596.9384 678.8815 658.5798 641.5853 622.0613 605.7357 584.1819 559.7495 533.5587 510.6527 497.3998 487.1052 480.0458 484.9218 505.7527 493.2447 470.7214 454.2595 436.1631 392.4762 369.0338 380.886 195.9017 186.7129 142.7795 125.3632 99.39123 66.96914 51.44617 45.22469 31.42269 13.03407 8.465833 10.89207 5.781092 4.349874 27.64934
47.48411 36.71964 34.88623 39.779 16.14429 2.201745 12.71882 38.46542 70.07568 91.38181 156.7636 248.9882 198.6678 117.0984 68.61616 34.87307 17.37691 3.846352 4.206568 2.812881 4.640927 20.07297 45.16425 49.89855 47.52041 60.27193 362.1686 460.3308 438.0739 421.0198 408.6146 405.8411 414.3304 404.7744 430.375 517.6664 612.785 598.4773 578.6667 557.9553 531.9008 508.678 488.942 472.2281 459.4703 458.4968 459.662 478.7597 477.5692 438.7218 424.9101 412.3118 408.0309 368.174 179.4263 162.4933 146.6918 127.8031 106.3326 84.56029 65.16762 47.027 30.57389 10.12576 16.54058 51.45829 86.376 52.88935 10.34527
5.522209 8.481917 19.95257 12.60156 8.062343 4.708789 19.67929 37.06438 62.24963 85.7555 194.1929 235.3169 232.115 188.1235 118.9323 71.489 20.91206 5.202126 11.80146 5.548097 12.2225 7.897971 13.35194 21.95809 36.36571 50.72339 146.6788 458.9277 442.7402 426.0533 397.9379 381.575 381.6475 382.4775 354.9221 349.4295 410.1499 466.7079 483.6859 527.2125 534.5636 519.7017 493.8967 476.7302 452.0546 435.2053 442.8255 461.8212 492.7954 420.6483 400.969 394.6825 386.0876 382.6504 277.256 184.7882 172.5418 148.8427 111.2646 83.94709 64.90115 46.53849 29.03988 13.25099 6.36542 46.19458 111.0993 79.48338 48.77409
5.540514 9.55108 31.78436 30.38938 6.614119 10.71805 30.04455 51.12625 61.37279 85.25772 201.0287 215.4098 198.0176 174.2299 153.0257 96.73653 53.65254 3.511104 8.776112 25.14436 32.81837 8.926461 5.704728 8.630966 20.7993 36.85505 53.79544 244.0454 424.7759 421.1411 396.0731 373.5599 359.4693 356.4983 337.6105 332.183 309.7701 275.6517 272.5092 264.48 289.057 333.3531 425.6247 451.1813 436.2047 416.2453 427.5196 449.183 471.2175 409.3435 388.8786 375.1164 365.5346 365.7182 370.192 290.3941 222.9888 184.4509 165.751 117.3758 74.18085 55.88881 41.85543 25.72164 12.04924 9.818466 47.02945 59.11308 50.70271
14.21491 9.899272 4.112818 10.21307 4.167736 17.71184 35.57304 75.52152 101.8258 227.6385 207.4185 195.3778 172.5436 158.5599 153.276 129.5672 68.86546 4.703046 22.03116 37.71634 51.77821 35.11371 26.78858 7.143529 11.46307 30.0421 100.8476 182.6951 255.4094 377.0081 381.3987 371.3723 342.8532 336.6594 328.672 312.2986 293.653 257.0427 254.1181 245.9963 251.4855 250.7117 253.9939 409.7851 407.6305 399.6392 411.358 423.37 415.9145 390.8832 385.8896 364.0616 349.3858 346.5112 355.6198 365.2785 352.9339 331.7263 264.0686 174.4251 103.813 74.31603 59.57241 47.11983 62.70185 18.35958 8.417578 5.36726 10.35194
33.81101 27.62643 15.06739 4.123541 7.662216 24.22171 49.22574 97.75388 185.7315 226.0701 206.4854 184.689 166.3447 148.3607 135.0899 114.5479 54.69198 5.500762 23.44001 49.14151 64.05248 59.26099 37.99407 17.44017 58.53932 110.0742 153.968 166.3744 220.2937 344.3776 356.2072 352.5503 334.192 317.8037 312.6479 298.8385 284.6565 253.3014 233.2215 223.3751 219.14 229.1886 226.5262 320.0085 388.6436 385.163 400.2492 365.4675 335.1146 342.2165 350.0468 362.0664 344.3879 328.8846 332.0566 328.5062 334.4429 330.6446 322.2473 197.3174 121.1397 102.861 88.32967 72.07631 100.925 88.61895 39.63316 31.76698 11.6626
64.72352 39.08973 27.65676 18.07443 21.42024 30.21971 54.43069 201.7491 244.3503 229.8148 208.5472 185.3867 164.5094 138.7284 120.3713 72.40842 38.0673 8.738199 20.73896 59.47729 79.35503 103.8228 85.74602 84.94332 134.8685 130.2087 136.0172 161.4639 235.2412 349.8282 339.1685 331.0274 325.2147 303.5289 297.0201 294.4873 276.1618 250.4974 215.8126 203.8506 193.7131 184.1543 205.97 266.9496 373.44 370.0365 370.1234 331.0387 316.0878 323.5513 319.5924 331.7847 341.1931 308.8566 302.9187 303.0221 306.0742 320.2571 306.571 138.8573 101.1046 84.6581 77.24068 46.01345 60.93554 98.00398 87.87064 81.00636 67.15642
83.85877 51.11736 39.6206 38.90147 50.3041 66.42526 178.4537 387.7675 268.9045 280.6981 212.2138 182.1693 156.942 129.0603 107.467 79.75331 28.73811 4.407932 16.5605 43.35629 104.8755 154.6537 139.5288 124.906 109.8726 112.2206 122.0249 151.9466 277.1144 325.2494 315.0052 309.6706 315.9289 299.9879 279.9464 275.946 267.3714 240.8499 216.0705 192.3964 178.4692 165.4663 185.9544 193.5595 356.7337 341.9487 326.2731 313.6701 299.9696 303.9781 302.651 312.4869 329.4761 299.0503 279.5915 272.4726 274.9464 300.7755 289.978 187.2764 77.2101 61.09753 59.17221 24.67132 35.00051 49.67313 65.40543 59.44741 52.68722
102.3908 63.60265 60.99627 59.04338 71.0786 78.79611 316.6465 482.4486 482.7917 486.8501 312.9314 224.1294 140.1403 114.7884 95.16559 65.00861 28.23214 9.597114 11.981 27.06891 44.09839 140.53 122.1965 105.5004 91.36534 96.39643 112.9879 139.2139 240.4253 306.5135 293.9774 292.7177 295.0508 295.21 266.5608 258.1414 268.3165 257.7268 215.8432 190.9589 161.0647 146.219 153.5589 159.9828 272.9399 329.1188 316.7522 299.4047 285.1827 278.7892 286.7 303.2859 305.5673 292.3786 269.1175 255.2805 256.3537 267.0963 271.3771 278.8049 109.6646 43.12297 29.49423 6.853395 20.45203 33.86279 49.59179 44.34655 29.24629
300.1342 362.7637 307.9249 352.8977 204.2187 102.3195 466.4561 470.4576 463.8185 468.6413 332.5604 303.1181 212.7969 107.7506 91.03647 69.99182 48.79033 28.41726 5.144988 11.72211 15.90203 29.55451 63.33726 60.70988 68.98025 86.82689 110.0315 147.7621 161.7584 247.7901 281.1881 273.0536 278.1021 278.4949 243.5719 242.2554 258.0304 259.8659 211.6027 172.3056 133.3967 125.223 127.2855 149.7477 248.265 284.5747 315.7088 288.3786 271.8852 259.4833 263.7929 276.3041 288.0367 281.6227 263.731 244.3192 237.1339 243.2246 246.6212 274.9278 199.3634 34.90699 13.68128 3.087849 8.396131 21.95333 44.72637 40.13278 18.79984
402.7406 386.5689 375.3231 373.0158 374.7097 385.2534 450.9407 448.5921 448.8033 461.7243 359.8081 286.547 278.1327 179.9849 101.3756 82.18951 64.66502 38.75311 10.5474 6.005204 3.860216 8.037755 31.83262 38.82771 53.04652 96.18304 142.8843 147.058 141.5391 156.4308 268.206 257.1577 250.6815 242.2488 224.062 227.0047 237.5775 233.4499 155.8533 150.7551 121.488 106.6935 106.3026 175.6134 236.4744 239.0641 260.6577 248.6446 237.7603 237.3144 246.2307 257.2177 239.7257 246.4796 253.4231 238.2254 219.9624 221.9449 219.874 238.7097 70.62885 34.8356 7.205648 28.79915 5.560122 26.83354 96.70113 200.3301 130.5182
384.7736 371.765 358.9277 356.2384 370.8306 398.199 423.0794 411.4756 339.5909 461.4534 331.7913 275.323 262.2323 252.017 131.8321 90.19916 76.89487 50.66755 32.22186 24.06501 17.41314 8.217134 10.58271 30.34426 67.19772 130.149 147.7395 127.0136 113.2974 119.1248 226.687 236.3139 225.7075 223.2972 210.8203 208.2134 218.94 201.6108 138.7305 130.5056 119.9039 88.44157 88.91568 154.407 220.9766 213.5481 233.6304 234.1175 218.2509 218.593 227.7457 241.7855 231.2139 210.7274 208.9971 217.8183 207.8118 196.9863 205.7156 220.9708 96.0029 18.87177 20.27618 84.39523 22.87031 20.31371 89.93941 318.9587 333.0765
337.7007 334.4931 337.761 344.2696 364.4606 384.9268 363.0488 282.9008 243.4682 259.8512 266.5195 267.0658 251.2873 242.6666 246.0902 116.7359 89.36147 56.39281 57.19258 47.24706 34.24531 13.24692 6.457869 49.59709 59.16089 79.59959 100.9279 119.4972 98.61099 87.26035 95.94662 165.8311 201.7621 202.0951 186.5255 193.9556 176.0157 151.8457 124.6358 112.0854 104.3641 67.70882 72.1009 170.8213 199.553 191.7386 185.405 199.2934 196.8546 200.494 210.9296 232.5062 235.4671 211.1019 185.8727 178.8599 181.3475 176.5298 175.1873 182.7046 169.0727 22.14674 50.12748 62.67749 16.63747 21.16964 50.48586 267.7638 307.5115
318.0569 311.1049 315.1042 325.7959 313.5846 189.0388 188.6228 223.9904 222.9311 218.1757 224.1073 238.6758 226.0662 227.6771 235.3289 156.0325 115.7592 101.402 63.2232 47.02691 29.725 8.758726 10.76685 32.68925 63.12634 86.48945 101.6084 120.5704 89.91698 71.32241 59.43256 54.68386 109.5054 177.2208 168.1882 142.094 132.7996 126.2244 120.908 95.49864 85.75838 48.82916 57.83941 146.1501 172.566 169.7237 164.6369 167.918 176.6615 186.2132 204.4448 230.8623 222.7786 199.5802 176.1766 155.1053 149.4809 151.7214 148.9165 166.0237 146.5667 28.083 61.59408 48.84477 29.46022 8.093973 28.78827 113.6942 287.8545
305.4788 294.33 293.5087 296.0343 184.2617 171.1068 172.0734 179.6938 200.2108 198.932 209.9648 210.7131 204.47 201.9242 162.9929 147.249 138.5413 130.3391 59.29382 34.96327 18.99347 4.186961 18.79442 130.3572 146.9745 143.9309 136.4679 138.5245 95.23599 71.72828 50.49223 34.44521 35.54156 106.5363 151.7752 118.5227 108.5364 109.305 116.1107 85.54024 64.60559 29.63087 39.78957 142.1 149.2362 138.7725 144.4577 147.9527 161.9613 180.5025 200.1539 228.9854 223.391 228.6994 189.7312 155.9463 126.4669 123.4624 147.0535 162.8741 47.28856 27.24683 48.14249 36.31622 24.64788 5.877063 13.43573 175.3395 272.1153
286.6988 279.3997 275.5733 212.2361 145.1502 151.182 152.3727 165.2235 182.0636 181.27 201.0208 192.2506 187.6314 175.457 141.6164 131.0924 121.6396 117.3067 95.08187 33.1857 12.27986 6.848954 56.13446 161.8067 184.9244 188.739 156.1519 149.3419 129.8309 81.32951 53.10137 18.40003 23.84366 63.61638 124.1126 113.3869 89.24541 92.04957 94.11835 44.73963 41.69039 15.49784 33.06539 104.9099 125.634 115.856 116.7549 124.0177 158.5502 183.2729 215.1823 307.0312 273.7484 285.2113 285.0764 142.517 104.2219 109.3851 165.2056 163.5812 9.358218 51.27133 42.44328 24.96796 12.06479 6.027951 62.63827 243.7856 260.375
252.1822 260.1103 189.3652 121.5406 127.5139 127.7516 135.6311 152.9387 164.4868 170.2446 172.5278 168.5421 169.1841 156.2432 130.476 116.0903 105.3031 98.84367 97.19991 65.09944 10.4875 11.02411 50.40001 144.3114 133.0541 137.2879 133.292 125.5102 124.0086 101.1382 33.6193 8.735439 18.58661 70.80724 114.6595 97.69991 70.82738 61.39671 39.18893 18.01745 22.72288 10.94791 38.00318 70.34928 79.29221 87.90931 89.74272 111.1872 136.2574 172.234 229.3221 290.436 277.7184 267.196 261.6963 103.042 74.55239 80.71033 113.0962 29.85705 5.3079 41.0751 32.53291 18.18427 4.448986 67.69855 218.2866 239.1149 235.6263
