04_184A001/flow_acc.asc
ncols 378
nrows 390
xllcorner 613424
yllcorner 6870896
cellsize 16
nodata_value -9999
[rows 96 to 127 of 390, columns 0 to 70 of 378]
-9999 -9999 44.17638 46.0743 50.27269 31.35503 43.15712 80.35487 79.94376 222.1265 41.24445 46.22222 37.68889 18.13333 16 16 19.55556 23.82222 16.71111 33.06667 33.06667 32.71111 35.55556 40.88889 29.78765 50.22639 106.3717 113.4519 107.0275 119.0364 84.32546 90.50227 135.6973 126.4458 16 16 16 43.02222 56.19358 55.95988 517.2742 780.2328 1202.361 16 32 16 17.77778 54.47901 124.0239 16 16 16 16 23.11111 41.52099 19.69075 16 781082.3 450.5023 229.7078 109.8546 53.20689 20.92805 49.53708 111.4951 103.6379 60.0008 87.87467 116.2052 103.9237 68.31316
-9999 44.13809 109.9272 56.21815 35.80944 37.60013 56.27998 99.232 16 16 252.6252 199.9381 56.3279 32.52148 28.08889 19.91111 35.08148 16 16 16 16 16 32 32 62.93333 90.37169 73.04165 57.52889 98.38338 77.75183 67.41786 69.05542 79.68716 127.4375 41.08635 18.13333 43.56741 52.92721 770.6324 801.5657 381.8514 165.8823 238.7111 1469.161 1665.54 16.35556 16 18.76543 3121.742 3288.063 25.95555 32 16 31.28889 23.19012 16 16 781167.4 53.10462 32 16 16 45.72225 134.9216 132.0263 76.0008 70.67757 142.1613 138.5459 88.93199 81.04296
-9999 66.30934 301.2153 16 16 91.9109 151.3694 45.01902 20.62222 16 26.66667 321.9117 55.98761 123.3388 182.4717 122.6859 61.99031 84.98979 16 16 16 16 16 32 39.82222 75.4963 41.52889 56.1429 62.14851 44.72966 50.4807 56.42153 76.27025 102.626 118.0201 374.4662 450.8341 681.8099 16 16 42.33878 97.3778 16 375.8046 290.2705 2000.856 2683.305 3068.756 21.26222 16 3344.928 3433.726 3516.59 16 16 39.19012 52.9014 781215.4 32 16 16 45.20865 156.4509 175.0106 92.0008 59.97716 146.952 183.2192 114.1684 97.04296 97.38503
-9999 61.56422 110.6793 578.1553 688.1896 34.38218 174.3724 61.34841 30.35654 33.3037 40.2963 294.9901 58.92156 20.97668 36.97668 160.1066 281.2467 358.2837 113.48 33.77778 22.4 16 16 16 32 32 38.75555 37.38461 40.28032 40.83241 53.49908 90.40537 108.2825 129.8674 152.6405 109.4386 73.33269 84.45895 45.56613 26.33878 53.15194 123.4844 336.7715 25.07831 16 16 963.2406 25.54469 26.31111 16 23.46667 19.8163 16.81593 4111.375 4596.96 4898.21 786520.1 16 16 16 32 134.2191 274.4511 108.0008 69.31303 110.8353 237.6423 150.5261 113.043 121.2032 87.95422
-9999 54.51463 65.89143 93.37439 81.97929 836.4799 151.6229 117.447 53.14827 51.013 249.6615 135.2714 47.42483 16 16 34.13334 50.60741 77.33992 581.7574 51.95852 27.80445 29.15556 16 16 16 16 16 36.42048 44.69834 76.70267 91.99174 77.68416 82.01308 76.48395 73.06992 70.11468 74.95919 50.19479 20.80395 42.86763 107.4844 98.70567 136.1747 91.07268 175.7798 898.4629 30.94464 21.68889 16 16 24.53333 36.71704 169.4772 424.7538 574.4857 435.3286 99.87086 786774.3 16 32 48 412.4723 136.1986 85.31303 82.5012 250.448 214.0545 129.043 147.885 96.13607 61.6334
-9999 49.89143 53.48697 71.66227 34.13334 37.16741 921.4819 1219.486 1407.322 1513.171 286.9459 94.31245 73.77428 18.48889 16 16 16.35556 22.06815 90.60556 766.2723 17.85363 19.88741 50.51259 22.75556 16 16 16 24.86518 41.26815 39.11111 30.93333 35.91111 56.67556 56.74667 47.51012 47.92889 53.89432 27.02222 30.43433 72.72195 112.7805 54.02357 99.62514 49.06388 38.75555 496.7792 208.5088 16 124.2152 187.0431 266.1264 330.6829 319.8411 464.0752 555.5767 145.1611 106.2885 38.64977 787072.3 787149 787232.3 787796.9 97.52134 102.2929 132.8757 363.6268 145.043 186.4304 101.4543 61.19783 126.1906
-9999 60.24691 55.66227 16 16 27.37778 31.12296 53.35027 58.90629 61.36889 1931.673 2069.008 2177.271 16 16 16 34.13334 57.93185 26.61926 60.06361 800.1259 16 35.88741 94.28701 36.55111 29.86667 18.13333 25.26815 16.71111 16 16 32 38.4 33.77778 23.82222 41.95555 33.06667 23.19802 39.62157 94.75242 59.00209 59.46307 57.22594 28.44444 183.3834 191.1841 298.7205 108.2152 87.80235 141.9374 115.0023 101.1462 270.4196 458.2587 374.7341 82.21501 59.95528 194.7829 32.56003 28.8 19.2 149.4696 788202.6 16 496.3413 194.2147 255.1575 94.90889 52.7187 152.6486 139.095
-9999 31.69185 30.78953 19.42106 16 20.62222 21.49926 47.26838 37.33333 34.13334 40.53333 27.02222 32.35556 2256.204 22.04445 16 16 19.91111 37.38074 44.11417 782.2941 171.4002 18.84444 73.73347 236.0652 30.60148 16 16 31.28889 16 16 16 16 16 16 32 21.59407 31.83829 46.1763 69.11051 43.46307 37.67039 16 142.3671 79.06667 157.4247 285.0875 119.6706 84.96297 36.26667 49.50124 106.7586 296.3312 464.1747 152.4342 85.13358 62.59178 104.5592 53.22866 16 115.2303 58.62629 17.29772 788775.8 217.1553 312.3288 58.18173 31.22985 175.6077 185.6247 130.7784
-9999 29.81926 34.55421 1662.801 1692.236 128.8158 30.31286 16 16 16 16 16 16 16 2324.826 28.8 16 16 16 23.82222 35.58716 989.4649 16 16 19.2 320.3556 29.51111 16 22.75556 69.00938 25.95555 16 16 16 16 20.97778 32.45037 59.38147 77.1284 61.79191 69.65483 121.5259 167.2506 63.06668 88.38749 170.4769 194.9759 129.3056 33.77778 35.55556 51.23951 94.83129 374.4776 323.785 104.6769 56.8399 47.69554 53.93435 64.43422 62.98338 50.97227 29.19869 27.54885 19.04877 789349.4 16 16 129.1801 295.2821 146.7784 225.562
-9999 31.64444 1551.87 27.02222 23.82222 1655.789 1795.47 16 16 16 16 16 16 16 20.62222 2391.671 30.57778 16 16 27.02222 40.01975 685.8152 1369.375 16 16 1509.82 1891.687 16 41.24445 64.32395 155.1012 89.31029 43.28735 37.33333 19.91111 16 30.93333 42.02667 51.80682 66.89764 78.46566 60.80041 139.1221 171.4441 154.4769 144.9639 139.1397 16 16 32 49.63187 181.0501 377.3055 180.1205 45.73301 43.75704 33.95951 38.21827 43.85975 45.59803 38.3842 24.74755 45.73147 76.3604 789516.3 16 32 427.3386 197.9531 330.7653 160.5658
-9999 1420.227 67.75625 16 16 37.54667 62.24505 1891.217 1876.568 32.35556 50.48889 42.66667 18.48889 16 16 16 2444.056 29.39259 28.8 29.93778 40.95684 253.3205 38.75555 1442.264 1493.82 16 19.84 1927.086 358.593 215.2183 159.4789 243.44 318.995 90.9777 40.44642 29.71654 16 24.53333 31.81037 47.87358 63.2018 109.0022 48.22534 177.3914 223.2068 123.1397 16 16 16 16 78.35857 172.3319 288.6376 135.5337 32.34537 25.24444 23.11111 26.31111 30.57778 28.8 26.31111 32.6321 33.14568 76.32774 57.51482 789758.2 789891.7 894.6427 412.0768 87.36259 27.90432
-9999 -9999 -9999 -9999 16 31.28889 34.09383 56.80988 137.3554 2046.986 1990.062 69.63358 41.71852 45.51111 16 16 16 2474.989 980.3885 297.2769 215.5619 16 16 16 16 19.2 48.07111 76.60089 1682.071 1483.652 1638.472 2039.546 2130.726 2475.29 2594.43 2444.694 21.28294 16 16 21.33333 150.9657 171.7811 190.7877 111.2716 58.03595 61.13908 77.13908 109.1391 143.9835 137.5861 118.0118 109.3915 144.6846 161.8726 24.59654 22.75556 16 16 16 16 16 24.88889 30.38025 54.29816 57.45427 116.6093 16 790931.3 16 43.90432 136.1488
-9999 -9999 -9999 -9999 16 17.42222 30.22222 33.77778 31.89728 192.9267 875.1198 3120.833 3223.655 73.04165 38.04445 18.13333 16 17.06667 1568.509 2198.893 512.6128 16 16 16 16 16 16 16 27.02222 431.2277 403.4249 80.1011 69.38051 68.41139 99.71373 389.4776 2885.151 2935.554 806.2811 213.0909 101.2364 58.74425 56.46826 32.31305 16 18.84444 16 16 29.15556 67.55299 80.23533 33.99901 73.94765 117.12 54.77926 16 16 16 16 16 16 23.11111 45.35308 39.41048 30.65679 50.29136 39.74321 51.91375 791075.1 146.0978 135.7805
-9999 -9999 24.88889 16 16 16 17.77778 16 21.68889 326.3027 548.3521 58.37172 119.6863 3421.608 2380.485 22.85037 20.62222 27.37778 46.7121 167.2794 2285.393 161.5856 24.17778 52.85136 33.06667 16 16 16 16 18.84444 16 16 16 38.62176 49.78601 37.57147 46.66716 63.07182 2253.031 2891.312 1943.542 16 25.24444 16 55.77972 29.57432 55.02613 16 16 16 16 33.42222 40.53333 79.28889 16 17.80148 35.2 31.28889 38.75555 22.04445 16 16 16 16 16.35556 37.33333 35.91111 23.94864 65.11407 791456.2 101.8603
-9999 16 45.51111 39.11111 23.82222 16 16 16 517.1712 527.0001 30.10538 39.64142 58.27655 273.5735 1693.406 4150.121 37.63779 16 17.21679 26.71267 1442.569 1045.578 112.9514 74.2997 60.81141 23.11111 38.04445 30.93333 19.91111 16 16 23.82222 27.11704 22.62861 16 17.06667 16.37926 27.28296 32.72639 55.05345 1056.348 3036.403 3080.736 3249.168 2641.221 54.42603 103.2568 16 69.68889 16 16 16 16 57.24445 24.53333 46.90963 81.68296 68.88297 54.97679 38.34469 26.31111 16 16 16 16 16 16 34.84444 33.8963 30.45926 791665.3
-9999 16 61.43803 266.5757 395.5822 454.5131 710.151 734.6901 294.728 23.50896 23.64142 35.70498 98.57349 392.1431 75.11937 60.19758 4330.086 2276.268 21.68889 22.50412 18.37446 1667.684 1039.714 16 16 87.5966 28.32593 76.02568 134.6686 28.70518 20.62222 31.05185 36.98568 16 22.75556 16 18.13333 22.85037 28.18686 37.2532 48.58509 69.35387 127.1879 42.90238 719.0396 3517.064 3699.598 16 107.7333 16 16 16 25.24444 16 16 16 32 148.5943 116.3936 55.29653 42.00296 29.86667 33.77778 29.15556 16 16 16 16 17.77778 32 30.22222
-9999 -9999 47.66175 83.01768 63.02024 136.3537 122.7543 39.03608 48.2719 68.77282 80.61128 92.89518 376.1431 58.72223 48.50954 243.7861 256.386 2410.337 4724.541 4778.083 4810.261 4024.361 1732.387 38.4 103.5966 16 16 29.21877 16 153.8686 68.6403 73.98301 83.16064 49.69806 34.07965 59.20335 61.44179 16 28.08889 31.60494 30.74897 81.52814 46.56181 66.23721 136.7764 20.13498 16.71111 3730.453 4057.887 16 32 16 22.75556 16 16 16 16 34.13334 183.5573 175.402 84.22886 64.95605 42.66667 19.23951 29.15556 34.84444 16 16 16 16 16
-9999 -9999 49.13031 58.67659 56.83916 138.2827 74.87029 45.11182 27.02222 52.19831 179.8748 349.8214 42.72223 40.21133 277.0372 131.7333 72.76022 89.73838 87.78345 105.3832 16 1846.01 8142.445 122.0954 53.75013 24.17778 27.02222 48.24863 17.94792 28.8 145.9335 72.83511 74.77827 134.0572 143.2552 172.8871 227.8931 229.3705 126.9507 58.3169 60.06166 16 32 31.76296 37.21481 32 55.11111 183.4345 16 4207.144 4307.195 4409.22 4474.274 4546.034 4592.999 19.2 16 20.97778 31.17037 234.6377 244.8809 115.4997 39.0321 16 26.36642 73.54469 39.46667 20.62222 16 16 16
-9999 -9999 36.36253 44.37491 41.43302 122.1889 77.57371 16 31.77896 73.57368 140.367 109.3182 108.951 249.4206 66.4822 44.20577 41.24583 44.78769 111.7793 292.7194 640.2607 1058.96 896.0863 9127.875 9338.321 37.87062 43.70803 59.95986 31.55486 33.11306 30.08 129.5038 62.93818 55.88174 63.66477 16 20.62222 126.0977 269.359 352.0356 147.6004 16 19.55556 21.21482 16 16 51.28837 100.209 41.28395 66.99457 80.84859 42.33955 27.37778 32.71111 35.37383 4695.627 4775.754 16 29.16082 80.93708 383.2895 208.9446 42.88878 28.8 41.46498 105.0476 52.77235 33.60395 31.64444 26.66667 16
-9999 -9999 -9999 -9999 34.38617 62.33453 89.38119 19.72369 38.90992 72.63699 90.66751 91.81206 123.5028 112.2441 43.76758 27.99407 53.66045 77.30547 139.2394 186.4835 327.7222 433.813 117.5481 74.11629 116.5587 9523.38 9628.838 83.19003 46.15242 43.22629 42.60854 108.8163 104.0046 63.05754 103.8093 21.65909 16 18.48889 38.09185 92.3869 354.9797 521.1608 351.8592 94.19093 51.58324 29.75553 18.64494 24.53333 45.51111 41.95555 47.07555 32.92445 16 16 36.62222 38.04445 21.33333 4886.783 4984.797 5098.589 5476.847 5851.854 20.76542 37.12 72.14815 123.4262 60.88411 60.76822 61.65333 16 18.13333
-9999 -9999 -9999 -9999 27.73333 50.32771 55.85541 37.10578 59.27127 73.2703 62.87431 43.00487 154.2383 36.06707 24.53333 29.86667 48.33185 98.57108 105.1044 338.5738 306.474 228.3032 67.35979 60.76321 90.17307 142.2162 153.275 9808.289 9724.388 63.78391 59.65149 111.1523 125.4824 78.91203 136.2286 35.25253 16 16 23.46667 19.12889 23.22647 54.77908 269.9474 562.4601 449.5811 662.1942 16 23.46667 16 16 16 18.84444 16 16 16 16 36.97778 44.00988 51.99012 48.85333 36.48 40.63816 6022.069 6120.015 6354.724 16 68.76622 101.327 77.21245 34.13334 16
-9999 -9999 -9999 -9999 17.77778 50.70222 33.92 36.48 56.29156 50.22247 41.90411 127.2129 23.62576 16 16 18.13333 39.43822 83.00745 228.9262 415.4732 191.6622 48.71782 68.85549 77.62299 97.45269 64.42985 114.4813 219.553 547.626 10387.94 10731.4 72.81116 141.4824 89.65123 163.7565 50.31874 26.66667 16 16 16 16 16 16 43.73333 264.6422 133.8036 843.3435 16 16 16 16 16 16 16 16 16 16 30.57778 37.33333 38.4 42.64296 58.60925 69.31016 32.85281 16 6596.67 6713.004 6930.466 25.86074 43.11704 38.47111
-9999 -9999 -9999 -9999 16 38.4 25.6 35.2 42.41435 48.5702 84.87504 19.06441 16 19.2 20.26667 24.10667 17.07141 72.91786 456.3959 259.8604 64.01311 72.07568 89.45272 81.45269 55.98886 96.06131 165.4132 176.458 187.3619 182.0415 122.5932 11090.28 11538.51 27.9535 186.4657 59.60958 40.2963 31.17037 35.2 32 16 16 16 17.42222 22.4 48.64 52.70755 955.4288 16 48.71111 46.22222 34.13334 30.57778 35.91111 24.53333 16 16 17.42222 16 16 36.26667 34.84444 44.61037 60.19096 149.3421 99.09441 54.56107 236.2823 7251.726 16 52.76128
-9999 -9999 -9999 -9999 16 16 23.46667 47.73926 54.49113 99.01917 137.8985 167.7005 150.1604 52.15829 30.93333 46.03259 56.91786 337.1315 331.9214 48.86808 58.69815 65.9585 51.30403 94.71046 137.9434 130.7307 114.6804 114.4476 93.086 139.1818 146.8983 249.5408 115.3657 12024.56 12293.93 54.91846 51.81893 45.09235 48.58469 54.47111 37.68889 24.53333 16 16 25.6 19.41333 27.37778 30.20642 1024.051 1048.229 739.8706 16 84.70123 98.05432 32 16 16 16 16 16 16 16 36.97778 60.603 88.83625 72.302 70.02231 95.69892 26.43256 7450.374 7519.135
-9999 -9999 -9999 -9999 16 16 24.53333 18.18074 55.2723 81.81507 47.43691 50.83712 98.11781 225.6572 429.2531 552.1057 602.1215 315.9214 35.2158 44.68412 49.9585 41.80741 81.28674 86.42807 71.92039 125.5401 94.9378 72.63731 111.1722 80.20562 254.0987 165.6095 245.5033 122.9627 57.19635 12576.29 12706.12 25.01847 58.10673 80.29919 53.06469 44.91852 24.88889 16 16 16 20.62222 22.4158 16 27.73333 463.0249 1134.387 16 120.4543 16 64 16 16 48 20.62222 16 16 32 49.44593 59.47417 70.87298 58.91695 52.16278 56.83564 83.37978 66.59165
-9999 -9999 -9999 -9999 -9999 16 16 32 54.4 22.75556 16 27.73333 42.91128 148.6511 82.27812 28.7842 22.75556 27.02222 45.58222 55.33709 55.30158 62.98217 53.33631 37.54857 62.17517 33.34112 61.69575 95.38472 92.60269 223.8399 93.14307 128.3635 150.4163 59.80116 113.9968 66.18882 90.30289 13057.36 13231.07 13415.28 45.75447 64.77695 37.01728 27.02222 28.8 19.2 16 16 16 16 93.51111 602.2379 1509.108 1648.051 107.3778 16 16 16 109.2899 30.57778 16 16 16 49.06667 41.03111 46.25154 34.69766 42.8865 61.24213 78.50429 87.60579
-9999 -9999 -9999 -9999 -9999 -9999 16 29.15556 16 16 16 22.4 50.01482 61.15556 19.91111 16 16 36.97778 34.77333 42.18627 56.21142 71.00893 53.87143 48.32286 18.14768 47.82114 78.33881 75.55375 199.0939 99.18395 136.6584 119.1201 50.5398 83.08466 70.57803 107.859 140.5572 121.7621 116.8119 43.44891 13498.55 13659.7 25.87127 49.42222 38.4 24.53333 28.8 32.35556 29.51111 61.51111 16 16 16 16 1805.562 16 30.22222 17.77778 218.8428 55.64281 37.74771 22.24198 19.91111 16 25.6 43.13284 18.02272 39.00049 49.2425 69.23302 74.57175
-9999 -9999 -9999 -9999 -9999 -9999 -9999 -9999 -9999 -9999 -9999 -9999 -9999 16 -9999 -9999 16 16 36.97778 57.11802 66.62251 69.06293 -9999 -9999 99.68969 84.67513 40.4617 150.5571 61.94553 103.5538 73.90808 43.07541 66.40115 54.52004 59.00063 82.01285 76.17229 130.2172 52.31308 16 16 16 13764.77 13883.09 30.50667 37.80741 45.60593 17.92 66.27556 16 16 16 16 16 16 1869.562 16 295.9984 16 53.82372 48.45388 37.84691 28.08889 16 16 22.75556 25.24444 26.77728 41.25182 35.01618 78.81686
-9999 -9999 -9999 -9999 -9999 -9999 -9999 -9999 -9999 -9999 -9999 -9999 -9999 -9999 -9999 -9999 -9999 16 16 16 24.53333 37.80741 -9999 -9999 -9999 114.964 132.7589 41.3261 69.29133 64.35545 36.97778 41.99273 39.54869 56.91259 55.52988 49.12197 65.99967 102.1305 58.45937 94.99661 124.3312 60.20663 32.0551 730.8997 14691.46 14781.47 27.14812 16 16 130.2756 16.71111 40.88889 22.4 16 16 16 1885.562 268.7986 172.9352 52.80077 25.44285 16 16 16 16 16 16 23.46667 16 62.62133 34.95695
-9999 -9999 -9999 -9999 -9999 -9999 -9999 -9999 -9999 -9999 -9999 -9999 -9999 -9999 -9999 -9999 -9999 -9999 -9999 -9999 -9999 -9999 -9999 -9999 -9999 -9999 -9999 -9999 -9999 16 16 33.68365 36.26667 35.55556 46.57778 43.71996 83.53117 56.19622 66.01257 150.0136 248.1086 407.2368 714.8997 16.71111 16 16 15149.66 15198.78 16 16 170.4612 16179.15 16 32 16 16 1930.718 16 469.4673 26.17714 28.44444 30.93333 33.06667 32 16 16 16 25.24444 35.07358 17.47806 43.27489
-9999 -9999 -9999 -9999 -9999 -9999 -9999 -9999 -9999 -9999 -9999 -9999 -9999 -9999 -9999 -9999 -9999 -9999 -9999 -9999 -9999 -9999 -9999 -9999 -9999 -9999 -9999 -9999 -9999 -9999 17.68365 16 16 32 32 47.69907 48.07766 59.22542 86.30166 113.0087 101.2558 276.374 16 144.5595 262.5936 310.1603 16 16 15721.08 15740.64 15921.23 16 16405.41 16474.39 16 16 1064.561 2459.373 16 99.60437 31.81037 46.55407 50.70222 46.93333 16 16 32 22.75556 22.17086 36.69281 26.60014
-9999 -9999 -9999 -9999 -9999 -9999 -9999 -9999 -9999 -9999 -9999 -9999 -9999 -9999 -9999 -9999 -9999 -9999 -9999 -9999 -9999 -9999 -9999 -9999 -9999 -9999 -9999 -9999 -9999 -9999 -9999 -9999 -9999 16 16 47.09723 30.57778 74.96519 55.69462 119.891 45.87778 176.244 105.9599 72.64145 83.55898 105.636 347.5115 476.7871 16 254.8535 148.0366 167.2366 16 16 16838.59 3760.042 16 2499.03 16 223.1265 88.69452 50.96928 62.81956 61.65333 36.97778 22.04445 40.17778 46.57778 16 16 16
