04_184A001/flow_acc.asc
ncols 378
nrows 390
xllcorner 613424
yllcorner 6870896
cellsize 16
nodata_value -9999
[rows 160 to 191 of 390, columns 213 to 283 of 378]
16 16 16 16 39.11111 24.88889 48 46.94123 16 67.49128 293.3643 95.78177 17.96612 230.0655 36.20609 16 16 32 4468.747 285.0133 16 33.65926 24.88889 16 16 32 30.94123 22.74765 64.28445 32.42667 42.31111 47.28889 16 653868.8 263.4667 16 16 16 16 3715.057 30.93333 17.06667 41.10275 97.71404 117.9955 32.96553 35.55556 26.66667 23.11111 24.88889 22.75556 351.6444 16 16 2878.112 24.23186 41.44392 42.66667 16 183.8909 126.3834 197.0734 99.91427 352.5792 23.09919 298.8948 39.46799 67.25313 47.64444 16 67.89557
32 16 16 16 16 16 32 30.94123 22.74765 184.7804 115.6288 85.48047 44.23767 112.9086 63.09136 16 16 23.11111 63.45481 3994.981 103.4904 89.71852 50.48889 27.37778 16 16 21.68889 29.51111 35.2 25.6 16 16 16 16 654173.4 16 16 16 16 3754.524 16 16 30.53037 63.26519 97.65926 32.54519 16 16 16 16 47.28889 21.33333 448.6716 489.6 2920.029 16 36.26147 37.18245 274.5576 16 16 385.158 16 16 775.2914 38.20609 121.0086 69.18312 53.1516 87.09557 16
16 47.28889 32.71111 16 16 16 16 21.68889 30.79111 167.8249 61.15561 55.52803 50.8278 74.88 49.56445 19.55556 16 50.84444 41.75803 16 3816.666 32 16 20.62222 19.55556 16 16 16 16 16 16 16 16 16 821.6889 655046.3 18.13333 27.73333 3829.744 24.88889 16 16 23.46667 41.6 34.84444 34.13334 16 16 16 22.04445 16 26.66667 28.44444 22.51852 3452.757 16 16 380.0015 16 16 433.158 16 16 855.2914 17.42222 46.51214 31.2056 38.44179 77.67713 81.01714 32
818.5277 762.3499 31.28889 35.8716 47.40741 27.73333 16 16 22.4 124.278 43.32089 36.84082 48.97659 51.2 28.8 16 25.95555 22.36839 16 32 3732.778 16 40.82831 63.09136 49.56445 28.8 16 16 28.44444 36.22716 51.32115 35.34761 30.93333 784 16 16 655126 3878.574 33.58025 31.64444 16 16 16 16 16 16 16 26.31111 21.68889 25.95555 16 16 19.55556 29.03704 3489.326 16 428.0015 16 16 465.158 16 16 894.047 16 30.57778 16 40.7736 50.52317 102.3631 62.34133 509.525
16 28.44444 606.6166 140.8395 80.59259 52.26667 32 16 16 79.31259 33.51704 25.76593 41.22074 32 16 16 22.04445 31.67605 47.67605 63.67605 3593.662 228.6222 182.6815 96.90865 58.88 35.2 16 16 38.75555 73.11803 133.4009 279.9005 411.7333 721.0667 17.77778 16 16 659067.5 16 16 32 16 16 16 16 16 16 53.63358 40.92049 27.82815 39.39556 24.17778 16 16 1869.621 4268.137 16 16 688386.5 688899.7 688947.7 16 932.6761 27.37778 16 44.99456 35.6382 97.33451 106.0145 278.475 356.3381
16 19.55556 376.3351 96 80 64 48 32 16 35.8163 30.93333 19.2 29.86667 16 16 32 48 64 80 96 3360.48 16 80 64 48 32 16 16 38.04445 61.59803 87.27792 80.48519 53.33333 275.5555 30.22222 16 16 16 659190.1 58.58765 36.97778 25.24444 27.73333 36.97778 27.02222 22.4 37.33333 23.84224 129.2313 16 53.7837 80.77959 26.74568 275.84 16 16 688210.5 688306.5 16 32 16 689082.9 690045.6 20.62222 26.99867 78.50645 88.01732 95.56239 161.5336 326.6177 314.2249
16 17.06667 282.3499 215.3362 157.4736 117.1403 86.45715 60.50684 39.20592 23.20592 27.02222 16 16 16 32 48 64 80 96 109.8667 1784.32 1338.293 80 64 48 32 16 16 22.75556 37.05679 48 48 49.80148 109.1319 17.06667 16 17.06667 16 659333.4 127.2494 61.76746 40.37531 22.16296 83.0037 17.20099 16 90.9037 16.82963 17.58948 145.2313 22.04445 83.07622 201.0943 16 16 683878.4 16 45.86666 34.13334 16 17.2608 69.92932 16 690373.5 690448.5 690631 71.21383 203.5236 356.9762 16 418.5104
26.66667 51.67407 16 17.94709 43.8096 52.143 50.82609 44.77641 34.07732 29.05284 20.97778 16 16 32 48 64 80 96 112 1768.32 16 1162.293 64.15363 48.15364 32.15364 22.71605 17.77778 16 16 32 32 32 40.53333 39.46667 16 16 46.93333 659450.2 16 16 33.04735 38.16296 39.97885 88.37671 16 16 16 128.8876 122.131 158.0039 16 34.13334 28.89482 16 16 683830.4 109.0418 29.44 32 16 28.36807 26.82206 47.40667 227.9087 32 16 690835.7 691412.2 32 16 4827.061
24.53333 130.1333 32 16 16 19.55556 16 16 26.97552 35.74519 24.17778 16 16 32 48 64 80 96 112 1638.187 16 1050.851 32 16 22.56241 35.27901 36.97778 16 16 16 16 16 16 16 16 39.11111 55.11111 50.29136 659548.5 16 16 32.96132 136.0983 61.10335 32 16 16 16 366.5541 16 16 26.66667 16 683558.4 683607.1 31.28889 50.95822 66.56 28.8 16 23.19012 26.78518 103.9833 112.5469 16 43.53124 57.96328 16 691508.2 16 18669.94
76.30193 299.7017 16 35.42387 51.35802 28.44444 25.6 46.37824 54.74247 42.78519 29.51111 16 16 16 32 48 64 80 96 1510.187 16 16 970.1398 44.96569 96.04916 80.58627 48.85333 29.51111 16 16 16 16 16 16 16 24.88889 16 7289.223 16 659612.5 16 16 262.163 25.24444 45.15556 40.17778 17.42222 16 16 398.5541 16 16 683465.5 16 16 16.71111 16 32 35.2 16 17.97531 39.80958 90.32568 54.39491 25.57946 43.91506 16 32 691612.5 18685.94 16
77.26646 16 475.7017 92.57613 28.64198 31.36 63.34259 80.01811 58.78519 42.15396 38.32099 33.77778 16 16 33.77778 54.47901 80.20543 116.4347 185.9105 440.0779 958.1088 16 573.7311 335.443 155.887 81.19151 43.94667 18.48889 16 16 32 35.55556 40.17778 36.26667 16 16 7257.223 16 666968.2 16 16 16 16 668037.1 668138.4 18.32296 31.09926 16 681396.5 25.24444 22.75556 16 683406.8 16 16 16 16 16 16 16 17.77778 40.03556 59.4805 30.79111 27.91506 24.48487 78.30904 230.2873 878.9111 711438.4 711503.7
16 32 523.7017 16 47.36 45.55988 129.8008 74.78519 58.15396 60.90008 56.73087 42.66667 16 16 30.22222 48.6321 75.85976 120.3205 150.0895 100.313 718.2263 221.6533 540.0202 76.99093 77.34782 49.02716 28.44444 16 16 32 32 48 73.87654 70.12346 16 7184.334 16 18.48889 29.51111 667157.7 667189.7 16 667683.9 33.77778 16 680557.8 680901.9 680933.9 16 681517.8 681615.6 681666.8 1688.53 16 47.28889 36.21926 52.62222 37.12 28.8 16 16 24.53333 36.97778 18.48889 31.81827 85.10437 145.691 120.0737 752.8799 60.95468 33.33228
16 16 16 619.0617 16 185.5918 96.55411 74.15396 76.90009 80.7076 54.91358 19.55556 17.42222 16 16 36.26667 62.60148 67.24477 64 231.9086 480.6247 205.6533 314.9947 143.2987 48 35.2 16 16 22.4 36.48 48 48 97.32565 58.68422 7104.334 16 16 16 33.36007 94.63993 16 667605.7 16 32 16 12646.9 16 16 16 48 59.02222 32 16 1647.285 1450.307 529.9584 238.3755 126.0193 73.02321 39.77481 18.13333 16 16 27.37778 58.8484 82.41075 80 323.1218 428.1191 45.97638 16.68128
10475.33 16 16 16 680.5728 981.2076 86.85823 104.9418 131.1901 62.06852 27.96879 38.11555 35.2 16 16 35.2 37.33333 48 89.58406 236.8585 354.0908 189.6533 234.1155 145.9783 46.19968 32 16 16 38.04445 60.97383 84.99937 67.77775 61.86666 113.3257 6959.526 91.78864 23.46667 16 30.60148 49.39852 16 48.29123 319.7088 16 16 9747.272 2869.76 47.28889 16 32 43.02222 16 39.04895 141.9288 656.5222 164.3188 237.0023 171.1251 101.4787 63.21778 36.26667 16 16 35.2 53.33333 64 124.4053 342.5934 252.2422 30.65766 23.32883
16 10395.33 39.11111 16 16 16 1371.038 182.0301 43.58601 36.72652 71.54252 62.62519 36.26667 16 16 17.42222 32 54.60389 94.90086 203.8188 279.2097 173.6533 186.0067 120.4079 53.58744 18.29136 16 16 35.55556 62.54617 107.0006 204.2222 2984.281 6671.552 16 50.86025 54.75555 16 27.37778 20.62222 32 54.55253 234.7064 17.65926 16 12481.92 16 16.71111 16 16 27.02222 20.97778 46.60148 81.39852 279.5278 386.7797 112 129.7356 103.7031 60.51556 35.55556 16 16 33.42222 48 77.04695 156.7916 282.8815 154.5209 21.98648 35.69426
33.42222 46.57778 10255.6 16 16 1419.038 16 16 62.57062 147.6615 111.9503 75.05383 48.6321 30.22222 16 16 33.34163 47.36032 92.00699 170.5045 225.3199 157.6533 150.4925 97.57104 45.60768 20.62222 16 35.42913 62.20505 107.4103 221.816 560.9708 2285.365 3660.82 156.7688 42.24948 32.42667 30.22222 16 16 32 99.43198 99.67913 24.88889 24.53333 23.46667 12410.1 16 16 16 16 16 27.37778 52.62222 127.089 306.9873 200.2312 96 92.99496 71.43401 34.84444 16 16 32 51.84146 82.84943 167.8691 213.6344 91.04657 17.95945 43.43229
32 41.24445 16 10162.09 16 16 1870.602 416.72 324.9938 171.1764 112.8841 80.20543 54.47901 33.77778 16 16 20.12444 47.16563 77.66035 140.0484 187.5345 141.6533 122.1527 79.32685 32.81383 16 22.04445 53.87957 109.5199 221.4128 346.2372 255.9363 4266.727 929.8205 103.4616 103.1016 56.24889 27.37778 16 16 43.27348 75.29719 41.42933 16 16 16 16 12346.1 32 16 16 16 16 32 67.678 162.7912 220.6378 135.2005 80 69.05785 49.43803 16 16 32.86246 44.68493 94.28811 155.1084 148.3229 51.97411 29.39174 35.36734
25.24444 26.11358 83.77943 447.8525 9667.344 9543.182 16 81.42223 128 112 96 80 64 48 32 16 20.62222 38.82667 62.50257 114.2854 156.2965 125.6533 99.51292 59.75827 27.02222 16 43.34459 87.25883 160.8405 207.2302 160 1279.211 3028.37 649.5097 283.1902 64 57.10222 36.62222 16 18.25185 45.10815 32.64 16 16 16 16 18.13333 12282.1 32 32 32 19.55556 16 16 36.42866 76.24673 148.4893 159.6851 101.4578 64 49.76197 31.64444 16 19.40538 50.71004 99.84727 128.302 93.46397 32.06216 24.20917 18.90087
22.75556 44.64198 58.31915 380.8101 32 16 7608.58 6348.733 1084.01 457.4993 257.8558 160.4926 102.4066 65.86428 39.21101 18.21235 16 24.53333 50.12719 91.77335 130.0995 109.6533 79.72946 42.56395 16 28.98173 66.34476 121.4976 155.4878 144 344.5582 1722.474 2208.548 496.5525 308.1536 95.99374 48 33.77778 16 20.26667 27.73333 16 28.44444 36.22716 51.32115 34.28094 29.86667 12215.97 45.15556 55.05053 63.09136 49.56445 28.8 16 16 28.46994 81.46225 122.6706 118.8076 74.89709 48 32.35556 16 21.89176 56.15884 94.09736 93.17512 52.2063 18.47063 26.1078 59.28994
16 32 165.2179 206.9352 16 63.5447 1180.302 4692.04 412.6826 638.9064 486.1151 332.8494 210.43 132.0578 79.89957 44.98795 19.91111 16 37.49136 73.06033 105.9816 93.65334 61.13786 29.15556 18.84444 49.82409 94.75394 125.9881 128 210.9629 587.9762 1738.257 1690.385 405.4164 281.7606 109.9661 55.55682 32 16 16 16 32 51.55556 75.77284 108.6788 173.7191 7252.407 16 4856.537 203.7939 128.9086 90.88 67.2 48 32 16 33.00866 74.87254 98.64209 86.66475 53.11944 32 16 24.10265 58.0975 78.65213 56.91204 22.23567 32.48935 56.48346 71.62198
16 48.56783 188.7189 102.8664 33.78152 309.6715 868.3939 3265.1 1511.721 267.5054 360.4892 351.3679 257.0285 177.674 117.0287 71.73087 39.07793 16 28.44444 54.99575 85.09313 77.65334 45.13786 16 34.00708 72.51634 101.5655 112 159.0206 323.4804 711.0951 1665.771 1304.214 339.5748 249.2077 114.9133 51.12805 33.87593 16 16 34.33086 57.78893 90.7448 146.0002 279.8073 657.5712 7028.407 16 4581.692 1195.27 611.1826 329.5684 196.8192 118.6479 73.68391 42.25012 19.06079 33.27782 61.84362 77.11036 59.60537 34.47031 16 26.04423 54.35084 54.09536 25.50957 17.2563 19.3949 22.76233 27.05046
18.61457 69.76629 164.3988 57.15489 67.62562 423.8361 654.6037 2344.926 2034.392 365.5033 211.451 250.7568 268.632 199.4578 146.9841 99.76524 59.87597 27.47259 16 38.89778 65.63556 61.65333 29.13786 20.7774 52.81811 80.73109 96 128.1729 222.7155 373.5473 789.6758 1517.276 1052.193 289.4245 219.5377 107.5957 55.03769 21.1042 16 20.97778 47.94469 84.77937 147.2077 265.0659 387.6042 305.5442 6049.291 400 2668.358 286.0643 594.51 569.173 404.1321 279.7709 186.1968 115.7534 64.70393 27.54713 28.79637 46.80692 56.10983 37.80425 16.79012 26.58765 42.66667 26.74568 18.84444 39.41926 61.53008 84.48358 108.5801
23.53112 82.12434 127.4454 36.09471 141.8229 413.9688 519.0127 1754.125 2155.503 562.7444 224.4489 176 192.9696 213.6892 159.913 118.7255 83.30045 49.30634 23.46667 24.53333 48 45.65333 17.91526 35.63141 62.38362 80 104.7868 166.1891 239.5632 439.1386 834.0566 1347.292 856.5541 252.5235 188.1096 96.16538 52.93251 22.96889 16 35.2 63.65867 109.7035 181.4317 224.3454 171.9122 2065.315 4059.768 384 1705.375 1014.625 176 274.951 332.2378 284.2208 228.2958 174.6931 126.7163 83.83015 47.23824 25.03638 39.60889 36.12444 17.77778 23.82222 24.17778 16 29.15556 39.32444 46.58568 50.16283 50.55662
28.24172 85.15077 84.91788 61.96737 176.852 375.2455 419.6248 1312.28 2129.228 754.8244 256.5459 212.5051 160 162.7236 173.4139 129.8067 94.31001 65.88365 34.25185 16 32 29.65333 21.54667 44.8 64 85.97295 126.6217 169.5935 278.1375 482.8969 840.7674 1182.416 709.1744 222.2739 160.3071 83.73869 43.98013 22.4 16 42.92741 82.03717 134.0016 168.0272 155.9122 541.393 2827.354 2724.336 368 1176.917 1153.031 358.0522 160 192.5035 227.8682 199.7224 172.7356 139.1541 109.5081 80.3476 53.43254 27.10914 29.51111 16 16 16 27.02222 34.01482 37.92066 38.7524 36.66795 34.74139
32.40454 81.64657 60.43208 81.72952 189.2194 320.8537 353.7143 981.0598 2026.414 904.5748 275 263.839 196.5051 144 139.0163 140.3404 104.7152 72.2661 50.37827 27.37778 16 19.2 28.8 48 67.83216 96.33591 123.1991 191.5405 310.8123 512.8173 823.2928 1044.648 577.1025 194.0767 137.2191 72.3199 33.08422 16 27.73333 62.82798 103.5021 137.1382 139.9122 297.1808 1141.061 2669.773 1937.069 352 893.027 1004.586 514.7159 227.6709 144 151.1848 169.9381 148.0833 129.0896 104.0621 81.53922 61.18628 43.55951 26.31111 16 16 29.15556 44.95012 60.96751 75.51333 88.22278 96.82065 100.6252
35.15259 70.34778 47.21134 104.5615 180.2648 268.5551 301.9069 763.28 1816.018 1048.701 271.3295 289.2208 247.839 180.5051 128 119.8977 112.887 83.54471 52.09284 33.42222 16 16 32 50.23313 71.95617 89.80891 136.8446 212.3513 334.1833 518.5999 793.9229 916.0004 479.6802 170.3559 115.8121 59.07514 27.45679 16 46.45926 78.79324 111.938 123.9122 211.5341 626.8209 1419.717 2316.783 1406.228 336 704.2008 864.1309 514.5256 316.6557 176.487 128 123.8556 130.1038 112.2523 97.64638 75.2261 55.07073 37.7758 24.17778 16 16 33.77778 52.70914 74.18522 97.13931 122.9635 150.7875 180.1553
35.91111 52.8599 55.17936 105.6918 161.8438 223.433 261.081 606.3317 1585.669 1142.028 280.7002 276.5234 273.2208 242.6222 153.7218 112 101.3891 89.59521 63.96997 33.06667 16 16 33.08627 51.60868 61.81134 98.39199 149.792 228.9807 343.7735 519.1027 762.8825 801.7365 392.4147 147.8828 97.09663 45.9427 17.77778 30.22222 57.07027 90.68508 107.9122 167.8105 415.8537 835.0903 1483.719 1904.662 1093.947 320 572.0013 746.9969 489.0004 319.02 228.8353 140.1461 112 102.0732 98.83877 83.519 72.80338 52.39309 33.42222 16 16 32 49.06667 67.31852 86.83246 109.4267 134.0613 163.7239 196.4781
33.18518 40.82162 58.08591 100.4051 139.202 188.1215 224.1786 468.1203 1374.877 1188.76 277.1968 299.4854 272.6408 275.7414 205.0998 128.6063 96 83.39807 69.45238 47.00444 16 16.35556 32.88224 38.893 66.69958 106.6414 159.6554 239.7233 350.269 521.1414 716.4609 688.3331 330.5258 128.412 78.09335 36.41679 16 38.76346 72.14863 91.91216 138.3728 302.3478 554.7177 993.4839 1415.92 1525.724 874.5173 304 486.0708 629.3743 454.1113 317.4038 226.3609 174.1423 112.5366 96 83.87675 73.33251 59.57812 52.09284 33.42222 16 16 32 48 64 80 96 112 128 144
26.66667 31.37756 58.60912 86.40753 117.3163 157.4388 194.1841 373.9869 1172.002 1192.542 255.2091 262.0068 303.7344 287.5036 240.7265 164.3054 105.3038 80 65.85468 50.39407 30.93333 16 18.56702 41.72836 72.675 112.5049 168.4904 243.1737 363.4272 510.524 658.7406 594.8825 274.867 109.6988 61.04549 24.17778 23.82222 54.42581 75.91216 117.2833 229.0289 401.1976 692.0605 1040.04 1267.847 1222.997 722.6288 288 422.6961 532.9651 410.7338 303.5765 222.0802 171.814 133.5324 90.60181 80 66.24715 51.86528 37.66518 33.06667 16 16 32.80593 50.5147 69.28947 89.2361 113.2047 139.3094 171.8758 207.6036
16 26.58765 50.99808 70.56487 98.00557 131.3339 166.5099 292.0307 989.3425 1163.076 262.8746 263.2362 283.854 303.9168 271.8424 191.6528 129.8972 86.41724 64 48.73481 33.06667 16 19.25266 45.21359 76.89049 120.3558 171.1259 251.0235 361.1325 503.5728 604.7806 505.035 225.198 91.60368 47.14064 16 37.36704 59.91216 97.35602 176.7281 301.7104 506.1078 777.3564 1013.159 1095.525 1001.826 595.3148 272 365.8089 459.9814 367.0162 282.5744 217.6512 162.2997 129.847 104.8808 69.94045 64 49.09459 33.2563 18.13333 16 18.13333 38.44741 62.4324 88.79912 119.5288 151.571 186.3714 221.9381 256.7335
16 23.82222 39.17432 55.73109 79.28568 106.5822 143.4044 239.8121 814.9183 1094.866 245.1283 250.1237 278.1407 304.6493 300.2959 213.7664 151.0791 102.7513 68.13388 48 32 16 20.90995 47.27577 80.90685 121.5498 176.1344 253.9533 360.4102 490.1276 542.4631 433.5555 180.2943 74.15528 32.58904 21.36704 43.91216 78.29668 137.6702 235.0549 383.8639 588.2678 801.237 920.0453 941.7001 829.3524 505.5946 256 323.3208 397.3213 329.1667 251.4644 206.4519 157.9605 120.4022 100.4896 78.99297 50.42965 48 32.35556 16 16 38.4 62.31704 84.48106 105.0541 120.0541 130.073 135.499 133.3497 126.1663
17.06667 16 25.95555 41.76593 61.16574 85.40178 121.711 193.942 672.0773 1007.428 214.7027 218.3705 270.1427 290.7279 325.2239 235.4337 172.2408 118.8506 77.91834 50.40236 32 16 22.09479 48.77629 84.99792 120.2527 177.3686 252.0663 365.3755 466.3267 488.4538 357.461 148.4072 58.15528 21.95608 27.91216 59.89894 107.898 181.9115 299.8874 454.8369 631.9077 767.0543 820.9257 814.9055 693.9465 427.9105 240 284.2195 346.5196 289.5151 229.3722 187.8144 150.4737 114.9906 88.97837 75.0307 55.89841 33.18747 32 16 16 23.46667 26.42963 26.57185 24.85728 23.18099 21.15133 18.82018 16.83645 17.49657
