04_184A001/flow_acc.asc
ncols 378
nrows 390
xllcorner 613424
yllcorner 6870896
cellsize 16
nodata_value -9999
[rows 160 to 191 of 390, columns 284 to 354 of 378]
48.92801 567.025 16 16 27.02222 16149.13 16 16 260.0564 255.7503 348.7751 340.3381 810.8453 39.73449 62.46627 48.78361 71.11796 142.6429 166.1974 98.70697 62.47694 60.01551 63.44566 16 -9999 -9999 -9999 -9999 -9999 -9999 -9999 -9999 -9999 -9999 -9999 -9999 -9999 -9999 -9999 -9999 -9999 -9999 -9999 -9999 -9999 -9999 -9999 -9999 -9999 -9999 -9999 -9999 -9999 -9999 -9999 -9999 -9999 -9999 -9999 -9999 -9999 -9999 -9999 -9999 -9999 -9999 -9999 -9999 -9999 -9999 -9999
16 599.025 16 16 20.97778 16 16489.18 276.0564 50.10003 147.7595 531.3427 644.1783 27.23877 26.87136 27.38595 43.86051 39.87196 67.54163 105.4219 116.0459 59.10457 39.80854 32.73628 47.44566 27.5358 -9999 -9999 -9999 -9999 -9999 -9999 -9999 -9999 -9999 -9999 -9999 -9999 -9999 -9999 -9999 -9999 -9999 -9999 -9999 -9999 -9999 -9999 -9999 -9999 -9999 -9999 -9999 -9999 -9999 -9999 -9999 -9999 -9999 -9999 -9999 -9999 -9999 -9999 -9999 -9999 -9999 -9999 -9999 -9999 -9999 -9999
622.136 16 16 16 16 16 17718.5 1198.032 16 1019.221 180.9487 36.11308 114.4323 56.19387 29.53596 18.7181 30.5786 41.31685 41.46901 71.73443 100.0459 49.73604 21.47134 29.46792 25.95555 -9999 -9999 -9999 -9999 -9999 -9999 -9999 -9999 -9999 -9999 -9999 -9999 -9999 -9999 -9999 -9999 -9999 -9999 -9999 -9999 -9999 -9999 -9999 -9999 -9999 -9999 -9999 -9999 -9999 -9999 -9999 -9999 -9999 -9999 -9999 -9999 -9999 -9999 -9999 -9999 -9999 -9999 -9999 -9999 -9999 -9999
184.0777 32 16 16 17862.5 17814.5 16 16 1115.221 16 143.1703 146.735 150.8481 171.8911 89.38904 51.8648 43.61935 41.00232 39.28476 29.38733 55.73443 84.04591 48.97168 18.93926 16 -9999 -9999 -9999 -9999 -9999 -9999 -9999 -9999 -9999 -9999 -9999 -9999 -9999 -9999 -9999 -9999 -9999 -9999 -9999 -9999 -9999 -9999 -9999 -9999 -9999 -9999 -9999 -9999 -9999 -9999 -9999 -9999 -9999 -9999 -9999 -9999 -9999 -9999 -9999 -9999 -9999 -9999 -9999 -9999 -9999 -9999
160.5869 46.22222 16 17906.24 16 24.53333 23.46667 32 17.06667 16 81.29919 60.531 66.79649 67.23065 135.6105 134.04 85.34048 53.80344 38.19603 28.11259 35.43704 39.79062 44.57087 22.04445 16 39.07161 -9999 -9999 -9999 -9999 -9999 -9999 -9999 -9999 -9999 -9999 -9999 -9999 -9999 -9999 -9999 -9999 -9999 -9999 -9999 -9999 -9999 -9999 -9999 -9999 -9999 -9999 -9999 -9999 -9999 -9999 -9999 -9999 -9999 -9999 -9999 -9999 -9999 -9999 -9999 -9999 -9999 -9999 -9999 -9999 -9999
158.914 37.21481 17937.44 22.75556 16 16 16 16 16 16 292.3381 87.50059 61.54386 78.82591 91.19891 84.59877 93.54378 62.74749 43.53473 30.26225 25.95555 20.97778 27.02222 16 28.08889 53.37284 -9999 -9999 -9999 -9999 -9999 -9999 -9999 -9999 -9999 -9999 -9999 -9999 -9999 -9999 -9999 -9999 -9999 -9999 -9999 -9999 -9999 -9999 -9999 -9999 -9999 -9999 -9999 -9999 -9999 -9999 -9999 -9999 -9999 -9999 -9999 -9999 -9999 -9999 -9999 -9999 -9999 -9999 -9999 -9999 -9999
4392.551 13750.08 5633.933 48.71111 32 16 16 16 16 594.9032 57.10354 119.2395 99.80206 75.78001 61.44852 58.43381 48.96209 64.49104 62.34562 40.20885 30.56198 16 16 16 32 48.92445 -9999 -9999 -9999 -9999 -9999 -9999 -9999 -9999 -9999 -9999 -9999 -9999 -9999 -9999 -9999 -9999 -9999 -9999 -9999 -9999 -9999 -9999 -9999 -9999 -9999 -9999 -9999 -9999 -9999 -9999 -9999 -9999 -9999 -9999 -9999 -9999 -9999 -9999 -9999 -9999 -9999 -9999 -9999 -9999 -9999
9965.877 4298.36 67.79259 43.02222 32 32 16 16 1355.344 364.8001 197.4616 131.4528 106.5815 79.44506 62.63168 52.20992 63.60352 79.3392 75.00694 75.86607 50.84444 34.84444 16 16 35.2 41.69482 56.15425 -9999 -9999 -9999 -9999 -9999 -9999 -9999 -9999 -9999 -9999 -9999 -9999 -9999 -9999 -9999 -9999 -9999 -9999 -9999 -9999 -9999 -9999 -9999 -9999 -9999 -9999 -9999 -9999 -9999 -9999 -9999 -9999 -9999 -9999 -9999 -9999 -9999 -9999 -9999 -9999 -9999 -9999 -9999 -9999
3861.004 64.16522 38.46321 33.77778 28.8 51.2 16 1559.094 57.65081 347.6405 475.6365 264.3326 206.7156 154.9262 123.4103 114.2316 82.68394 50.73135 39.91777 41.39615 42.32691 34.84444 16 16 17.06667 36.92247 58.80643 -9999 -9999 -9999 -9999 -9999 -9999 -9999 -9999 -9999 -9999 -9999 -9999 -9999 -9999 -9999 -9999 -9999 -9999 -9999 -9999 -9999 -9999 -9999 -9999 -9999 -9999 -9999 -9999 -9999 -9999 -9999 -9999 -9999 -9999 -9999 -9999 -9999 -9999 -9999 -9999 -9999 -9999 -9999 -9999
55.92503 48.48005 44.52346 26.88 33.92 31.92889 1734.642 16 114.0991 98.64667 236.3125 377.3012 312.1276 243.7402 142.5481 119.7986 103.8946 87.70315 61.70509 35.2834 34.71012 26.31111 16 16 41.24445 37.08049 46.95353 -9999 -9999 -9999 -9999 -9999 -9999 -9999 -9999 -9999 -9999 -9999 -9999 -9999 -9999 -9999 -9999 -9999 -9999 -9999 -9999 -9999 -9999 -9999 -9999 -9999 -9999 -9999 -9999 -9999 -9999 -9999 -9999 -9999 -9999 -9999 -9999 -9999 -9999 -9999 -9999 -9999 -9999 -9999 -9999
711624.1 42.71407 58.89738 17.792 16 2800.823 228.5836 148.3029 180.413 205.5162 209.2023 257.3247 291.8269 302.9451 321.6591 287.0238 249.9865 209.3656 180.2465 148.1933 62.36444 27.37778 16 16 29.86667 48.30025 72.57214 86.98591 -9999 -9999 -9999 -9999 -9999 -9999 -9999 -9999 -9999 -9999 -9999 -9999 -9999 -9999 -9999 -9999 -9999 -9999 -9999 -9999 -9999 -9999 -9999 -9999 -9999 -9999 -9999 -9999 -9999 -9999 -9999 -9999 -9999 -9999 -9999 -9999 -9999 -9999 -9999 -9999 -9999 -9999 -9999
16.3707 711888.5 711981.2 16 2927.098 94.27469 755.7488 503.2225 260.0677 255.4196 157.2614 145.528 95.41989 81.23367 87.07687 72.69225 57.76033 50.78959 35.22944 21.30752 59.70963 46.57778 16 16 27.37778 49.36691 68.1385 116.6933 -9999 -9999 -9999 -9999 -9999 -9999 -9999 -9999 -9999 -9999 -9999 -9999 -9999 -9999 -9999 -9999 -9999 -9999 -9999 -9999 -9999 -9999 -9999 -9999 -9999 -9999 -9999 -9999 -9999 -9999 -9999 -9999 -9999 -9999 -9999 -9999 -9999 -9999 -9999 -9999 -9999 -9999 -9999
43.19754 146.1103 16 715010.1 16 16 140.8944 391.3398 473.9419 400.1013 464.7702 222.0486 185.9913 126.9035 95.93094 81.95814 67.45718 53.85054 43.67371 34.59213 34.86025 27.37778 21.33333 16 29.15556 43.4884 119.2421 23.7843 -9999 -9999 -9999 -9999 -9999 -9999 -9999 -9999 -9999 -9999 -9999 -9999 -9999 -9999 -9999 -9999 -9999 -9999 -9999 -9999 -9999 -9999 -9999 -9999 -9999 -9999 -9999 -9999 -9999 -9999 -9999 -9999 -9999 -9999 -9999 -9999 -9999 -9999 -9999 -9999 -9999 -9999 -9999
87.04615 46.9329 53.86068 16 715104.6 30.47853 34.29125 82.31061 139.2275 160.922 164.7081 309.3898 202.4011 189.0193 134.528 75.02016 63.23589 49.21741 43.96423 50.33561 29.03704 26.66667 26.66667 16 16 36.62222 58.38222 74.29531 38.96889 -9999 -9999 -9999 -9999 -9999 -9999 -9999 -9999 -9999 -9999 -9999 -9999 -9999 -9999 -9999 -9999 -9999 -9999 -9999 -9999 -9999 -9999 -9999 -9999 -9999 -9999 -9999 -9999 -9999 -9999 -9999 -9999 -9999 -9999 -9999 -9999 -9999 -9999 -9999 -9999 -9999 -9999
66.28478 37.86068 38.88567 137.239 715309.1 35.81272 21.37051 34.52471 26.05037 18.84444 16 100.5808 238.4262 256.7723 161.9679 105.5257 80.87901 77.79103 65.62828 45.42817 46.14655 39.11901 18.84444 16 16 20.62222 36.83556 60.8 38.80296 42.31111 38.61333 -9999 -9999 -9999 -9999 -9999 -9999 -9999 -9999 -9999 -9999 -9999 -9999 -9999 -9999 -9999 -9999 -9999 -9999 -9999 -9999 -9999 -9999 -9999 -9999 -9999 -9999 -9999 -9999 -9999 -9999 -9999 -9999 -9999 -9999 -9999 -9999 -9999 -9999 -9999 -9999
36.43446 51.49276 88.23576 51.30444 16 715462.8 64.43479 33.37026 31.26647 24.53539 54.87039 102.8922 118.4894 153.7341 228.3996 144.5534 99.69657 71.15322 57.05038 44.76348 48.40015 40.08296 32.71111 16 16 16 23.46667 40.53333 32 32 63.28889 82.40198 80.00088 -9999 -9999 -9999 -9999 -9999 -9999 -9999 -9999 -9999 -9999 -9999 -9999 -9999 -9999 -9999 -9999 -9999 -9999 -9999 -9999 -9999 -9999 -9999 -9999 -9999 -9999 -9999 -9999 -9999 -9999 -9999 -9999 -9999 -9999 -9999 -9999 -9999 -9999
45.63355 43.62867 29.42205 16 32 715577.7 66.8985 53.43218 75.65134 103.0549 107.7881 52.06174 54.09261 61.22026 101.7456 208.341 166.4388 110.12 83.18439 78.40389 56.54736 41.98277 36.18765 34.84444 16 16 24.53333 16 16 16 32 35.2 36.62222 57.06272 -9999 -9999 -9999 -9999 -9999 -9999 -9999 -9999 -9999 -9999 -9999 -9999 -9999 -9999 -9999 -9999 -9999 -9999 -9999 -9999 -9999 -9999 -9999 -9999 -9999 -9999 -9999 -9999 -9999 -9999 -9999 -9999 -9999 -9999 -9999 -9999 -9999
28.10552 46.46096 86.58702 181.2746 359.599 716014.8 32.62334 239.9506 266.6409 217.2824 150.991 113.2113 89.07803 86.45257 137.842 143.7648 166.4718 177.8765 156.3308 107.227 74.63836 75.70699 50.44938 33.06667 16 16 16 19.91111 16 16 16 16 32 38.4 52.62222 76.42864 67.74782 -9999 -9999 -9999 -9999 -9999 -9999 -9999 -9999 -9999 -9999 -9999 -9999 -9999 -9999 -9999 -9999 -9999 -9999 -9999 -9999 -9999 -9999 -9999 -9999 -9999 -9999 -9999 -9999 -9999 -9999 -9999 -9999 -9999 -9999
99.2166 140.8055 177.0471 173.919 61.49963 16 716531.8 212.4528 111.564 76.24999 72.45536 151.705 195.2184 200.6947 175.9579 163.5934 102.4145 40.85334 41.42224 71.50004 91.86176 58.01315 54.82667 28.08889 29.51111 18.48889 16 42.69037 37.30963 16 16 16 16 16 33.42222 38.63704 47.57333 75.88029 53.01044 82.81859 -9999 -9999 -9999 -9999 -9999 -9999 -9999 -9999 -9999 -9999 -9999 -9999 -9999 -9999 -9999 -9999 -9999 -9999 -9999 -9999 -9999 -9999 -9999 -9999 -9999 -9999 -9999 -9999 -9999 -9999 -9999
78.6326 74.30112 59.55954 33.90503 16 32 716841.3 261.5444 235.6276 235.3153 208.9023 171.2463 183.9328 133.7282 83.07498 71.86605 105.5278 127.2596 94.69074 77.24117 53.62226 50.11437 30.98074 48.83665 32.6716 27.44099 47.18196 37.81952 24.29103 66.35194 26.66667 16 16 16 16 29.86667 34.13334 36.26667 36.97778 64.92445 65.39009 70.47638 325.0916 -9999 -9999 -9999 -9999 -9999 -9999 -9999 -9999 -9999 -9999 -9999 -9999 -9999 -9999 -9999 -9999 -9999 -9999 -9999 -9999 -9999 -9999 -9999 -9999 -9999 -9999 -9999 -9999
32.27231 43.47028 61.97895 102.4914 189.2515 324.7548 717198.1 16 104.5904 182.2569 207.6859 216.7059 102.6084 72.50133 37.50218 16 16 16 60.62823 69.62226 59.43245 46.98074 39.8757 78.92182 43.44099 26.48488 85.474 21.0426 33.81342 93.57028 38.63704 31.28889 31.28889 16.71111 16 18.13333 16 16 32 34.84444 46.60148 47.38371 87.37712 210.4599 16 -9999 -9999 -9999 -9999 -9999 -9999 -9999 -9999 -9999 -9999 -9999 -9999 -9999 -9999 -9999 -9999 -9999 -9999 -9999 -9999 -9999 -9999 -9999 -9999 -9999 -9999
130.4914 147.7842 159.0657 159.2101 128.0392 40.53595 717270.6 197.4473 172.9279 178.4016 153.6051 74.60942 90.94566 65.27881 39.82222 16 16 16 95.19417 98.75363 98.67648 55.46324 68.65142 76.70628 33.65659 72.31385 72.22536 18.80568 49.81342 109.5703 57.41827 51.46074 50.36247 22.68444 16 16 16 16 16 16 34.13334 33.06667 39.11111 52.10864 140.2469 62.7358 16 53.29639 -9999 -9999 -9999 -9999 -9999 -9999 -9999 -9999 -9999 -9999 -9999 -9999 -9999 -9999 -9999 -9999 -9999 -9999 -9999 -9999 -9999 -9999 -9999
48.58093 42.98941 34.15108 23.58913 16 16 16 717807.4 211.3186 103.646 91.11071 61.62835 54.37682 61.67704 50.13334 42.66667 16 16 48 376.8796 60.37059 52.61409 124.7436 39.18565 40.93371 101.1362 73.05944 40.3979 72.45094 105.0492 75.30825 67.33871 68.83222 30.61886 30.57778 33.06667 32.35556 16 16 16 16 16 16 39.11111 45.62963 53.92593 33.22785 66.09895 150.1225 243.2316 16 -9999 -9999 -9999 -9999 -9999 -9999 -9999 -9999 -9999 -9999 -9999 -9999 -9999 -9999 -9999 -9999 -9999 -9999 -9999 -9999
30.66859 24.17829 18.68648 22.64408 31.59925 47.59925 63.59925 718074.6 187.5852 135.4398 112.1078 94.57479 49.61922 25.79753 18.37037 21.33333 16.35556 16 16 464.9949 16 51.07606 282.9626 56.93371 117.1362 45.22378 72.4039 96.96035 86.67764 113.2033 47.79681 68.37455 113.4048 33.01048 43.85975 53.94173 46.19852 38.75555 25.24444 16 16 16 16 16 26.66667 32 33.70667 45.74025 51.78469 50.25203 375.3244 498.3151 16 -9999 -9999 -9999 -9999 -9999 -9999 -9999 -9999 -9999 -9999 -9999 -9999 -9999 -9999 -9999 -9999 -9999 -9999
98.68405 91.1218 73.94053 42.8305 23.04482 16 16 719036.3 765.7462 166.1219 102.7874 73.46441 60.00256 40.11193 34.96296 32.35556 31.64444 16 16 16 541.4802 392.179 94.54436 107.1059 79.21426 96.44369 59.09349 139.0198 114.1512 83.97781 77.0435 106.3893 73.96243 21.13496 73.11535 94.82798 56.23835 55.49827 39.75111 28.44444 28.08889 35.91111 16 16 16 16 19.2 35.55556 35.91111 37.18321 50.14124 57.66321 49.32741 16 16 -9999 -9999 -9999 -9999 -9999 -9999 -9999 -9999 -9999 -9999 -9999 -9999 -9999 -9999 -9999 -9999
210.1486 239.5114 256.9597 257.8793 196.3661 47.77221 719285 152.9089 299.9019 842.8276 800.7062 725.6704 108.6772 81.0893 73.39088 46.94123 32.70321 16 16 16 16 1017.667 16 40.64444 132.7224 108.0714 156.333 114.9311 90.64694 68.13281 97.5257 139.2059 25.86166 16 85.87853 69.87383 153.5971 68.71581 47.55753 41.26025 43.01432 55.0242 35.91111 24.17778 16 16 16 16 16 20.97778 38.4 33.77778 31.82617 37.95753 88.35161 363.9546 29.86667 -9999 -9999 -9999 -9999 -9999 -9999 -9999 -9999 -9999 -9999 -9999 -9999 -9999 -9999
236.4988 285.1886 354.4133 444.6461 580.9898 784.6285 720119.4 33.77778 23.11111 21.68889 30.93333 44.42864 586.3259 121.0278 77.30233 61.13238 32.90074 20.26667 27.73333 16 16 1053.578 51.22518 21.41926 196.7542 159.4172 245.0128 109.201 84.13281 113.5257 19.09347 184.9041 66.77514 16 31.26729 160.6965 138.2622 119.2077 72.11293 63.22937 74.44456 56.89187 39.14272 43.73333 44.44444 16 16 16 16 16 16 16 18.84444 34.48889 30.86222 86.13452 136.3832 16 16 -9999 -9999 -9999 -9999 -9999 -9999 -9999 -9999 -9999 -9999 -9999 -9999
160 176 192 208 224 240 720404.7 29.27407 24.88889 16 16 16 29.51111 436.8379 91.07128 54.54749 35.36592 20.93037 46.98074 23.82222 16 16 1187.789 64.09546 306.3629 303.2131 137.7412 168.6618 154.1903 110.9906 200.9041 54.58119 34.48889 16 16 59.24486 326.4838 116.3389 146.2615 100.2174 104.4455 69.585 39.48563 73.56049 54.08395 29.15556 32.35556 37.33333 21.68889 16 16 16 16 16 20.97778 38.4 42.66667 51.54765 37.96543 17.37481 -9999 -9999 -9999 -9999 -9999 -9999 -9999 -9999 -9999 -9999 -9999
252.1295 313.0955 391.113 492.0721 643.2859 873.1324 721312.9 19.10114 19.93587 29.51901 20.97778 16 16 29.51111 297.7666 96.0358 52.08139 55.12375 51.70304 39.22173 17.77778 16 1265.868 206.6258 429.5532 222.2572 192.677 240.8842 174.0286 179.2566 101.249 51.11309 28.08889 16 16 34.13334 51.93481 398.6695 359.7466 192.1165 159.8518 88.42596 77.25318 83.83736 72.32878 42.61136 37.34914 45.65333 38.3763 39.11111 36.26667 18.48889 16 16 16 16 32 28.08889 19.91111 24.53333 44.16 -9999 -9999 -9999 -9999 -9999 -9999 -9999 -9999 -9999 -9999
289.0667 310.0878 318.5965 304.231 229.1213 54.09047 721399 53.16427 41.58315 50.83654 35.2 16 16 16 26.31111 155.7187 79.98306 21.74478 73.28899 52.58236 33.61975 51.59706 1432.813 397.825 271.1682 135.8879 197.1645 50.80573 171.2662 113.0027 80.53413 44.08889 28.08889 16 16 23.46667 38.25778 67.70568 293.7858 594.4612 276.9453 106.5432 123.2251 106.4855 94.58336 75.70155 59.25434 42.83364 45.07707 52.37729 58.05037 35.27111 30.22222 25.6 16 16 16 16 16 23.46667 24.17778 -9999 -9999 -9999 -9999 -9999 -9999 -9999 -9999 -9999 -9999
112.4709 94.37231 70.19172 44.10405 22.81572 16 16 721602.4 96.96365 52.14305 37.48346 32.35556 16 16 16 36.97778 27.73333 16 68.11661 90.50185 59.19206 57.27765 1846.638 238.9605 157.8193 255.4407 62.28966 187.2662 81.29045 68.57527 16 43.46469 31.32049 25.95555 16 16 39.82222 47.3679 65.64873 215.2975 791.5934 1056.253 1160.907 1282.483 79.89127 293.4669 31.00769 55.4749 67.19287 59.69611 80.14117 64.25126 38.90568 27.66222 42.31111 17.42222 16 16 16 16 16 16 -9999 -9999 -9999 -9999 -9999 -9999 -9999 -9999 -9999
18.33288 18.44438 20.09875 23.59286 32.77715 48.77715 64.77715 721739.6 56.46855 25.16262 34.69432 31.64444 32 16 16 16 16 16 26.13852 81.0892 197.3919 42.17995 13973.95 114.5954 373.1465 78.28967 99.22943 177.8433 108.0592 30.57778 16 69.20885 58.00103 29.51111 16 16 16 22.75556 46.15901 67.61508 138.3293 174.6565 16 16 1340.997 2119.441 27.09498 66.35262 90.48598 62.43031 21.34274 233.3352 38.89918 54.00652 46.6963 29.73235 20.97778 34.48889 45.51111 16 16 16 16 -9999 -9999 -9999 -9999 -9999 -9999 -9999 -9999
