04_184A001/flow_acc.asc
ncols 378
nrows 390
xllcorner 613424
yllcorner 6870896
cellsize 16
nodata_value -9999
[rows 160 to 191 of 390, columns 142 to 212 of 378]
19.71358 16 16 18.84444 33.2563 32 48 48 64 64.71111 79.28889 81.42223 283.7379 482.8399 354.401 131.0899 32 16 16 32 72.53333 71.46667 81603.3 81139.33 22.75556 25.24444 37.79951 112.3014 63.54798 91.05679 16 79506.35 16.40296 35.62667 62.7279 87.0321 16 16 28.8 380.2548 16 24.53333 35.91111 19.55556 63132.34 62949.7 62851.89 62758.65 62672.25 62576.25 62476.7 62346.25 27.02222 16 16 46339.77 16.6417 50.97087 77.26881 89.07308 153.3669 67.73816 29.27407 34.01482 25.6 27.02222 25.24444 22.75556 26.66667 1389.966 46.93333
35.50463 16 16 16 16 32 32 48 48.71111 63.28889 65.42223 115.6633 285.1399 333.7746 277.4473 137.1457 38.89788 16 16 48 64 90.95216 357.0169 16 80950.84 80348.3 80227.05 80093.26 79900.95 79773.41 79618.35 16 79217.98 79169.98 37.27451 93.13536 46.57778 16 16 16 414.7437 166.9531 294.6688 63514.48 16 16 32 48 64 59.02222 32 16 62213.23 16 46398.91 16 25.5385 28.87649 60.62473 66.42152 63.14275 107.3383 32.6558 19.91111 16 16 16 16 21.33333 1309.255 16
32 32 16 16 16 16 32 32.71111 47.28889 49.42222 74.13585 127.6371 234.8862 249.9186 226.1735 132.277 31.04046 16 32 48 64 246.4236 105.5454 103.1452 483.3949 80 80 64 48 48 46.93333 17.06667 32 16 79002.35 41.87654 57.32346 16 16 16 20.62222 292.4958 217.4971 63779.97 32 16 16 32 48 43.02222 16 36.97778 16 62112.25 105.1713 100.3178 70.15078 47.6925 36.21513 39.91142 42.08321 36.85575 91.33827 44.08889 16 16 16 16 26.31111 31.94056 1197.67
48 32 32 16 16 16 16 32 33.42222 50.13272 72.0281 119.0303 189.6018 191.7849 186.2496 119.6191 35.62215 16 32 48 128.0859 191.8831 76.67983 235.47 242.3902 64 64 48 32 32 16 16 16 16 16 78819.34 17.42222 23.82222 24.17778 32.91654 35.70568 16 16 63859.97 48 32 16 16 32 27.02222 20.97778 28.64198 92.57613 15589.4 16 72.66791 70.83488 51.41823 52.82083 34.98772 34.71012 27.5121 32.35556 24.17778 16 16 36.97778 33.59605 44.83283 250.5495 64.59259
48 48 32 32 16 16 16 17.42222 31.39951 40.99828 66.61139 101.5912 149.4385 152.5389 154.0536 104.1175 35.31987 16 32 78.22845 169.2874 101.1331 107.0344 210.8167 128.0091 48 48 32 16 16 16 16 16 16 16 16 78696.59 16 44.56665 44.52767 50.91222 32.79346 16 63945.63 64 48 32 16 16 16 28.44444 51.35802 53.28856 56.09087 15358.21 16 119.7034 87.36047 58.45867 45.09867 29.4637 22.75556 16 16 16 27.37778 47.20988 74.72987 205.6572 48.59259 24.17778
64 48 48 32 33.2563 18.84444 16 16 18.48889 36.65558 56.34774 84.21727 115.098 121.1925 128.5051 85.93598 31.04979 16 49.47285 114.8004 128.1065 74.42261 124.4047 134.0057 73.29634 32 32 16 16 16 16 33.77778 46.93333 32 16 2012.126 65.91147 76562.73 76496.92 76366.99 76214.79 76064.84 75995.5 74.01595 63.67605 47.67605 31.67605 22.04445 16 16 19.55556 32 41.95555 38.3684 16 15199.18 102.1143 107.2692 94.12512 58.22472 38.09185 25.24444 16 16 16 30.93333 47.41531 81.24558 24.88889 23.11111 16
64 64 48 52.95766 41.64038 36.23506 22.75556 16 16 24.73086 48.77432 63.30645 87.74538 95.44299 106.3452 69.29923 21.84647 28.54299 73.94807 111.6831 79.95575 78.05125 97.56458 76.45753 40.30578 16 16 16 27.37778 46.60148 34.07118 31.28889 1751.334 1828.345 1928.996 51.12967 59.10568 40.62054 69.36388 91.67157 83.04 20.54542 11943.5 16 16 16 22.36839 25.95555 16 16 16 25.95555 22.36839 16 32 14961.36 39.08741 31.28889 27.37778 36.26667 22.75556 16 16 16 32 35.2 27.68593 23.80923 16 16 16
80 64 77.02969 72.64826 64.76276 51.44986 40.44642 26.31111 16 23.11111 34.48889 43.89136 66.44885 72.05978 85.14529 58.49916 16.44321 43.79067 80.51829 82.76956 56.04608 69.22447 57.74995 39.68 18.13333 16 17.77778 22.32099 35.9989 64.7752 125.3055 1589.53 33.80412 29.0107 56.5472 63.23341 36.07124 31.65498 55.84592 76.59369 68.18125 69.38986 28.49343 11813.97 31.28889 39.07951 41.95555 32 32 16 16 22.04445 31.67605 47.67605 63.67605 14874.27 25.6 16 16 16 16 16 21.33333 31.64444 27.02222 49.35111 66.66917 46.4082 16 16 21.33333
80 121.5612 128.392 113.2478 92.14969 72.77107 52.40099 34.48889 16 16 16 28.44444 47.73926 51.8163 66.10963 45.53481 19.9443 53.29014 67.56135 49.56866 46.01679 43.44099 24.53333 16 16 24.53333 40.03556 35.4639 22.94431 16 16 1412.119 27.57004 30.81482 35.08148 35.13679 37.63358 29.35309 34.60741 58.65086 60.4383 51.10949 61.63513 211.8045 11526.55 56.09087 49.86469 48 32 16 16 16 32 55.11111 109.2741 14769 16 16 16 16 16 32 48.35556 40.77037 62.99128 91.92068 114.8505 60.30842 22.75556 20.97778 39.82222
284.5721 264.6195 202.8533 151.7765 112.2881 77.39645 49.49333 26.66667 16 16 16 16 30.93333 33.06667 48 31.64444 29.58222 47.66815 41.14963 29.86667 28.08889 16 16 30.22222 42.19259 59.09597 76.68353 102.559 106.162 43.66262 1252.361 91.27834 30.78069 22.63704 26.66667 21.68889 26.31111 23.11111 24.88889 49.8963 38.07605 48.14152 88.20227 87.6014 44.60978 11357.14 61.86666 50.13334 32 32 16 16 16 40.88889 52.14815 46.57778 14529 28.8 35.2 16 16 16 57.95555 109.4321 112.1773 111.1438 168.6558 112.0397 31.67605 32.86914 49.60658
377.3427 223.3407 141.9934 89.08005 55.61301 31.0134 18.37037 24.53333 32 32 16.71111 16 16 16 32 23.46667 28.8 27.73333 16 16 16 22.04445 25.30765 31.83759 43.37719 65.94048 95.07292 133.2259 197.0868 314.5305 1176.698 52.11776 69.30238 41.77909 21.33333 16 16 16 33.8963 30.1037 42.54025 65.22518 62.79378 44.39449 30.33815 65.08839 11133.98 46.57778 49.42222 32 32 16 16 32 32 48 45.15556 14375.04 32 35.55556 16 16 28.8 61.23457 118.5756 107.1637 162.2017 324.3368 16 16 39.21909
39.30665 43.69997 38.95309 29.51111 16 23.75638 39.98815 48.54519 48 34.2237 34.03325 20.58272 20.62222 16 16 16 16 16 22.04445 22.85827 21.58758 31.71224 40.71697 42.62981 35.85797 19.98422 23.1055 31.91712 47.91712 63.91712 794.0502 51.80685 50.0789 36.08757 31.17037 21.33333 16 16 18.13333 25.24444 44.47605 53.99282 34.53384 32.26083 52.5947 170.4392 54.69536 10796.14 43.73333 54.99259 40.88889 16 16 16 32 32 44.08889 16 14231.75 34.48889 16 16 16 28.44444 39.38765 119.6041 99.34955 170.9927 356.3368 16 26.31111
16 16 16 18.48889 33.42134 59.65731 67.21106 65.19999 53.99945 56.63625 45.65017 44.29432 36.76445 23.46667 16 16 25.24444 30.02469 41.30151 49.5424 51.98671 46.84927 45.10192 51.35765 66.66364 74.53921 43.78656 23.18838 16 32 657.6689 49.579 25.66684 22.89514 22.16296 26.66667 16 16 16 22.75556 17.01136 27.80076 21.68889 28.97383 110.4786 79.14959 29.86667 23.46667 10633.65 109.2741 55.11111 32 16 16 16 25.24444 26.11358 83.77943 14145.71 28.08889 32 16 16 25.24444 40.13037 60.06115 135.6041 195.1462 360.5912 135.5264 41.72642
32 32 32.43457 38.10713 82.39725 89.83965 81.19999 82.16113 85.89639 76.66153 74.33661 64.63526 51.69778 40.53333 16 16 33.77778 49.73827 62.73229 76.58466 87.67153 93.88171 88.94584 74.79816 56.26678 62.25005 100.5314 113.4033 44.22852 32.70855 525.205 34.16845 34.06585 31.26782 32.59259 31.05185 32.35556 26.66667 16 16 16 21.33333 31.64444 65.09212 71.56763 16 16 27.37778 10453.38 59.37778 43.37778 27.37778 16 16 16 22.75556 44.64198 44.22058 16 13957.62 32.71111 16 16 37.33333 61.44 76.94222 116.3694 133.5236 11320.33 10748.59 10565.06
49.42222 48.43457 38.86428 97.16065 122.3191 97.19999 115.3612 129.0007 121.3979 114.4306 96.58834 75.25294 50.91555 16 16 16 20.97778 44.04148 67.9392 92.42476 117.4638 141.0673 159.0557 166.0567 148.9099 95.7969 53.35003 62.91465 187.2778 367.1492 69.7363 57.83753 44.82593 37.00412 36.55901 50.30453 45.61383 40.2963 35.2 21.68889 16 31.28889 42.42173 39.56763 16 16 16 20.62222 10350.63 32 16 20.62222 28.8 19.2 16 16 25.24444 26.11358 83.77943 13879.04 32.71111 16 16 17.42222 31.48642 81.66242 70.71447 11634.22 16 32 32
62.28192 57.01693 61.34164 190.1381 113.2 177.6726 208.4013 190.8965 162.6309 125.313 87.01791 51.23476 16 27.73333 30.22222 22.04445 16 35.12889 57.79332 85.2635 118.4903 160.4793 211.509 268.8336 324.7267 366.0447 307.0208 82.9954 16 116.795 53.34671 49.72319 37.38015 24.93665 51.44751 78.75219 62.83237 55.14272 45.80346 22.74765 16 16.71111 37.57827 48.56784 16 26.66667 21.33333 16 10282 16 36.62222 29.44 50.56 32 16 16 22.75556 44.64198 36.39835 46.57778 13663.57 32 16 16 16 22.4 11841 16 32 16 16
888328 16 259.0292 164.9622 409.674 388.8025 287.3353 201.2995 134.5766 80.14064 40.68483 16 35.10519 46.11951 38.44741 24.3279 16 17.06667 36.18924 57.32642 82.80014 111.9657 149.363 198.2644 274.0052 383.8151 570.636 955.6294 987.9928 30.22222 51.00469 47.51173 24.86636 57.2224 59.79588 88.42191 81.1415 88.19902 45.92742 31.55472 24.53333 16 16 41.63266 109.4694 130.5917 25.48148 43.35144 16 10174.65 16 93.75289 50.24711 32 16 16 16 16 32 32.71111 31.28889 13537 32 16 16 16 12014.04 32 16 16 16
428.0263 889369 817.0868 810.7722 412.4098 223.6087 130.9859 74.72602 40.78247 21.01495 20.97778 40.18357 61.76746 51.19649 47.2838 34.94646 20.62222 16 32 48 64 80 96 112 128 144 160 165.3333 1070.74 45.51111 32 16 16 86.51038 62.50791 104.4219 79.11006 140.6014 61.78807 46.22385 34.29926 21.33333 16 27.37778 46.15329 55.06674 151.4865 47.55447 16 16 10090.03 171.16 46.57778 36.14815 40.88889 16 16 16 16 16 32.71111 31.28889 13409 16 16 12388.41 93.53251 125.0418 45.44 16 16
471.5916 16 890607.1 64.68552 48.68552 32.68552 23.46401 19.75769 21.13699 35.57926 49.93279 66.17431 71.38802 59.07343 60.26676 37.37407 23.79062 16 16 32 48 64 80 96 112 128 144 1412.429 32.21333 20.26667 16 16 16 98.27312 87.57551 113.8697 98.90636 191.2099 78.79443 68.22319 52.59589 21.92593 16 16 27.02222 66.05907 129.295 150.6547 8186.03 8218.741 1646.222 16 129.4222 77.27407 23.11111 16 31.64444 16.35556 16 16 16 32.71111 31.28889 13297 13089 16 232.8397 77.53251 66.56 28.8 16
16 16 890671.1 32 16 22.77849 28.29367 33.3793 51.57926 65.93279 57.17513 98.1096 67.0344 81.17299 60.81805 40.76947 37.07645 19.91111 16 16 32 48 64 80 96 112 128 138.3111 1619.007 16 16 16 16 32.71111 128.8114 193.1825 214.8653 236.0763 124.5176 77.02377 55.5448 50.81811 16 16 20.97778 26.80889 18.93596 7939.821 16 16 16 1601.422 16 16 16 32 47.64444 39.82222 24.53333 16 16 16 34.07118 157.9288 563.0652 89.52082 68.79965 158.6143 48 35.2 16
176.1135 1229.001 894496.3 16 41.7314 44.29367 42.70344 74.25512 81.93279 51.57563 109.5465 94.30043 81.40417 95.31979 53.53128 57.76728 41.31246 31.26518 22.04445 16 32 49.42222 68.81976 92.47693 122.2976 164.3488 236.7657 377.8069 2073.825 32 32 16 16 18.84444 34.17284 70.38703 176.8026 494.4442 85.17647 115.8438 78.14504 85.96326 37.70908 31.64444 21.15161 7466.306 7603.917 144.3506 47.28889 16 16 16 1408 16 17.06667 62.93333 63.64444 79.26518 34.74963 24.88889 16 16 46.60148 97.39852 301.6359 262.9599 55.99017 118.7992 76.61479 32 16
1608.964 2580.206 235.1425 894862.5 57.34076 35.92827 113.0303 97.93279 61.84501 87.45855 143.6412 77.12931 116.6539 83.05405 63.83992 70.87316 43.71638 43.48734 22.36839 16 16 30.57778 49.22469 69.10332 97.69209 126.938 133.9727 61.01101 16 2173.704 26.31111 27.02222 26.66667 28.1442 22.70025 50.17284 80.13041 659.7442 16 142.3654 120.1763 91.36771 75.21914 7152.765 7369.097 16 32 161.2995 36.6955 16 16 98.8629 17.18022 1243.957 985.6 932.2667 17.41432 208.3556 78.34074 39.11111 16 16 27.37778 68.62222 168.4366 263.6986 100.4607 69.21375 94.59724 39.59318 16
1805.624 1408.773 152.2624 895301.5 16 159.935 118.9564 77.84501 68.47513 165.8964 113.2876 94.56224 136.4874 64.95085 92.09096 68.90114 52.77354 50.32327 30.42924 22.04445 16 16 25.95555 45.70864 50.52488 47.45158 36.07949 43.71246 146.9508 2431.451 43.02222 31.40741 27.25926 34.7628 49.72165 65.13813 21.57476 98.5276 689.0121 57.91153 195.6708 64.07054 6976.192 16 152.5952 47.73698 16 89.51801 59.76587 16 16 53.10978 224.4606 17.8963 20.26667 27.73333 745.9556 385.2326 219.371 103.8484 48.57995 19.55556 16 48 103.4904 183.548 145.4101 60.17 78.21533 51.26962 17.89655
1450.921 142.6002 270.7151 175.9478 895847.1 896141.9 90.38523 87.93491 93.41832 217.7657 72.73734 163.0148 101.0316 78.47134 114.0818 56.49255 72.8404 53.08672 36.4786 37.1279 19.2 16 16 16.71111 24.59654 34.75296 62.35303 93.46966 72.36465 61.86666 2649.881 43.25926 16 16 106.3933 16 81.13813 35.17756 110.1486 729.4636 49.46 6681.831 72.53936 50.38389 46.80256 96.20644 25.32322 51.30531 49.97857 16 32 90.97008 94.98548 28.44444 16 43.38568 92.98173 94.50667 55.35489 104.1516 84.14657 45.08445 16 32 64.43375 115.2835 130.3635 83.66368 58.12339 54.7959 21.33625
185.9189 245.6389 179.9413 201.0244 136.6181 50.65996 896441.2 16 317.5056 98.41582 92.07357 203.9728 63.0828 138.654 89.03197 65.98119 92.32436 44.59632 57.00793 40.83411 30.22222 22.04445 16 16 24.88889 40.73087 42.82908 48 48 66.13333 61.86666 2838.207 16 16 19.91111 126.66 40.35482 97.02422 107.2069 57.61169 6341.808 16 62.89156 60.57789 34.38389 69.30576 41.70324 32.27268 46.33442 16 41.10222 63.50222 39.39556 22.4 25.6 40.17778 39.46667 39.46667 40.88889 32 43.27348 45.10815 27.73333 16 37.61866 69.5256 91.28925 89.50399 53.75182 50.29757 24.01312
209.7946 245.3684 246.3875 131.2065 50.31285 54.24332 44.06371 896697.5 897129.4 16 302.9809 88.14825 80.7052 178.9808 55.58871 116.252 74.10604 55.1599 75.10016 39.34206 43.58321 28.27852 25.6 16 16 17.77778 32 32 48 48 51.2 60.8 2997.045 16 27.06173 106.4747 80.76367 92.68423 56.96578 5075.654 430.3883 210.1561 56.27808 42.85303 44.57789 31.81827 51.26321 23.00049 37.91803 17.77778 36.62222 25.6 16 16 16 16 16 16 16 16 16 18.25185 20.26667 16 17.42222 37.7679 52.81975 70.70604 58.14202 41.38561 25.75644
279.0913 105.6966 262.918 52.03279 41.06272 52.61946 100.3225 79.93462 30.78308 897344.4 897697.6 897882.5 187.0261 79.54342 70.25092 152.1071 49.09594 98.14409 65.99075 46.52127 58.56974 23.12428 45.08445 24.53333 16 16 16 32 32 32 48 50.03852 59.82815 3158.412 16 94.08144 64.13548 77.02144 4857.547 16 164.507 94.35043 144.291 86.31017 44.75505 32.15012 27.37778 26.66667 25.95555 16 16 16 16 16 16 16 16 16 16 16 16 16 16 16 16 16 23.11111 40.88889 50.39407 37.21481 24.39111
328.8642 310.4884 43.5437 27.02222 22.04445 42.58748 91.20734 60.47624 64.94192 87.203 34.31554 200.9313 898407.9 898573.8 161.3468 71.85625 61.80058 134.3343 43.91276 81.4643 42.61626 34.24073 65.78568 40.03556 17.77778 16 16 16 16 32 32 45.86666 42.47704 16 3313.82 16 16 4617.126 16 38.71488 37.38211 119.0623 64 82.25891 65.51019 41.97136 25.95555 16 16 16 24.53333 25.81333 37.16267 32 40.88889 39.11111 39.46667 40.53333 32 32 32 32 32 33.8366 20.66173 20.97778 16 16 26.66667 32.35556 20.97778
368.3333 376.5555 24.17778 16 16 53.45975 57.56927 47.41215 57.4634 58.8714 114.7148 143.6248 48.08159 110.2912 898965.9 899115.6 144.3639 65.88317 54.01667 102.0639 26.65267 58.59281 94.80937 41.78489 32 16 16 16 16 16 29.86667 26.47704 32.04477 99.94886 241.7772 3603.261 16 4520.991 32 16 22.71488 48.10974 76.3347 48 53.15687 36.81185 22.04445 16 16 29.86667 48.68741 68.58798 85.42435 98.72231 55.11358 93.27407 94.19852 49.80148 48 48 48 48 55.28126 49.00197 49.07369 41.8941 30.41975 25.95555 16 16 16
478.5438 482.7474 38.72395 16 16 34.48889 44.28642 50.35457 43.55161 45.70864 98.50103 120.306 72.36605 51.92793 74.50908 525.7637 899841.1 899977.1 113.5277 47.18885 16 118.8372 108.3499 48 26.31111 25.24444 38.04445 22.4 16 16 18.13333 36.10074 55.61152 54.1231 100.6954 16 3900.15 556.8407 231.8704 109.0094 47.75137 21.58354 41.28395 51.16049 32 33.06667 16 16 32 50.13334 70.77926 104.4617 151.8632 229.0012 379.088 578.3151 738.3151 61.86666 66.13333 64 64 93.93684 101.9501 100.404 89.11287 77.10494 66.13123 52.63012 39.32444 29.15556 16
272.4626 502.2061 221.2244 29.15556 16 16 39.11111 37.57037 44.56296 46.85432 80.20509 92.71175 37.61015 44.42656 537.0326 16 32 132.0511 900373.4 16 32 238.3715 68.81555 42.31111 23.85383 44.38123 60.97383 36.48 16 16 16 19.55556 32 54.35259 32.75852 46.36541 218.5235 233.8879 75.08238 111.8313 96.98145 58.44017 25.12593 28.44444 32 16 16 16 16 21.68889 34.31506 43.45205 47.86484 42.59158 18.83944 16 16 2050.315 72.88889 109.9558 257.0025 264.7182 231.0323 196.2764 166.5836 136.637 109.8251 87.57479 67.32431 48.74272 31.28889
176.392 288.1013 406.7492 49.65926 16 23.11111 24.88889 28.56296 16 30.73668 99.03938 38.89828 37.62338 273.9972 247.0354 16 16 187.5959 66.72869 900886.8 901036.5 901359.7 55.49037 42.67457 16 88.83569 84.99937 32 32 16 16 16 19.2 35.91111 26.66667 83.2216 123.0006 132.3185 91.68153 48 44.10785 49.28 38.16296 19.55556 16 16 16 16 33.06667 26.31111 19.37383 16 16 16 16 16.71111 2115.026 16 1095.111 933.2059 627.7551 456.2655 352.2184 275.3866 218.5351 175.0405 139.735 107.2145 80.6164 56.22202 35.84
