04_184A001/ika.asc
ncols 378
nrows 390
xllcorner 613424
yllcorner 6870896
cellsize 16
nodata_value -9999
[rows 108 to 143 of 390, columns 0 to 81 of 378]
-9999 -9999 -9999 -9999 48 9 9 9 9 9 44 44 9 9 9 35 35 35 21 21 35 35 35 7 7 7 7 7 50 50 31 -9999 50 50 -9999 63 63 63 63 63 63 63 35 35 35 85 84 84 84 84 84 84 84 58 58 58 58 58 99 99 99 12 12 12 12 58 58 58 -9999 -9999 -9999 -9999 -9999 -9999 -9999 -9999 -9999 -9999 -9999 -9999 -9999 -9999
-9999 -9999 48 48 48 9 9 9 9 9 9 9 9 9 9 9 35 35 35 35 35 35 35 9 9 7 7 7 50 50 29 50 50 -9999 -9999 -9999 52 63 63 63 63 63 35 35 35 35 35 84 84 84 84 84 84 84 58 58 58 58 58 58 99 99 12 12 12 12 12 58 58 -9999 -9999 -9999 -9999 -9999 -9999 -9999 -9999 -9999 -9999 -9999 -9999 -9999
-9999 21 21 48 48 9 9 9 9 9 9 9 9 9 9 9 35 35 35 35 35 35 35 9 9 9 9 7 50 50 24 50 50 -9999 -9999 -9999 63 63 63 63 63 63 35 35 35 35 35 35 84 84 84 84 84 84 27 58 58 58 58 58 58 99 99 99 12 12 12 12 12 12 12 -9999 -9999 -9999 -9999 -9999 -9999 -9999 -9999 -9999 -9999 -9999
-9999 21 21 48 48 48 9 9 9 9 9 9 9 9 9 9 9 9 9 9 35 35 35 9 9 9 9 9 45 50 22 50 50 -9999 -9999 -9999 63 63 63 63 63 63 63 35 35 35 35 35 35 35 84 84 84 27 27 27 58 58 58 58 58 58 58 58 58 58 58 12 12 12 12 12 -9999 -9999 -9999 -9999 -9999 -9999 -9999 -9999 -9999 -9999
-9999 -9999 48 48 48 48 48 48 48 9 9 9 9 9 9 9 9 9 9 9 9 35 9 9 9 9 45 45 45 45 45 -9999 50 -9999 -9999 31 29 63 63 63 63 63 63 35 35 35 35 35 35 35 35 35 27 27 27 27 27 58 58 58 58 58 58 58 58 58 58 58 58 12 12 12 12 -9999 -9999 -9999 -9999 -9999 -9999 -9999 -9999 -9999
-9999 -9999 48 48 48 48 48 48 9 9 9 9 9 9 9 9 9 9 9 9 9 9 9 9 9 9 45 45 45 45 45 -9999 45 -9999 43 36 14 24 30 63 63 63 63 35 35 35 35 35 35 35 35 35 35 37 27 27 27 27 58 58 58 58 58 58 58 58 58 58 58 58 12 12 51 -9999 -9999 -9999 -9999 -9999 -9999 -9999 -9999 -9999
-9999 -9999 28 28 28 48 48 48 9 9 9 9 9 9 9 9 9 9 9 9 9 9 9 9 9 9 9 9 45 45 45 -9999 45 -9999 46 10 22 23 24 30 40 63 63 63 35 35 35 35 35 35 35 35 35 37 37 37 27 27 27 27 58 58 58 58 58 58 58 58 58 58 58 84 84 51 51 -9999 -9999 -9999 -9999 -9999 -9999 -9999
-9999 -9999 -9999 -9999 28 28 28 48 9 9 9 9 9 9 9 9 9 9 9 9 9 27 9 9 9 9 60 60 60 45 45 -9999 45 -9999 -9999 -9999 -9999 -9999 -9999 13 16 15 63 63 63 35 35 35 35 35 35 35 35 37 37 37 37 37 27 27 77 77 77 77 77 58 58 58 58 58 58 84 84 51 51 51 51 -9999 -9999 -9999 -9999 -9999
-9999 -9999 -9999 -9999 28 28 28 28 28 9 9 9 9 9 9 9 9 9 9 9 9 27 27 9 27 60 60 60 60 60 60 45 45 -9999 13 -9999 -9999 -9999 -9999 5 7 17 63 63 63 63 35 35 35 35 35 37 37 37 37 37 37 37 37 37 77 77 77 77 77 77 77 58 58 84 84 84 84 51 51 51 51 -9999 -9999 -9999 -9999 -9999
-9999 -9999 -9999 -9999 28 28 28 28 57 57 57 57 9 9 9 9 9 9 9 9 27 27 27 27 27 60 60 60 60 60 60 60 45 45 -9999 -9999 -9999 -9999 -9999 -9999 -9999 14 63 63 63 63 63 63 35 35 35 37 37 37 37 37 37 37 37 37 37 77 77 77 77 77 77 77 47 84 84 84 51 51 51 51 51 51 51 -9999 -9999 -9999
-9999 -9999 -9999 -9999 63 28 28 28 28 57 57 57 57 57 9 9 9 9 9 9 9 27 27 27 27 27 60 60 60 60 60 60 -9999 45 -9999 -9999 -9999 -9999 32 47 47 6 -9999 -9999 43 63 63 63 42 42 42 37 37 37 37 37 37 37 37 37 37 37 88 88 77 77 77 47 47 47 47 84 51 51 51 51 51 51 82 103 -9999 -9999
-9999 -9999 -9999 -9999 63 28 28 28 28 57 57 57 57 57 57 57 9 9 9 9 27 27 27 27 27 27 27 60 60 60 60 60 -9999 45 -9999 47 47 9 47 47 47 47 47 -9999 -9999 47 47 42 42 42 42 42 37 37 37 37 37 37 37 37 37 37 88 88 88 88 77 47 47 47 47 47 47 51 51 51 51 51 51 -9999 -9999 -9999
-9999 -9999 -9999 -9999 120 28 28 28 28 57 57 57 57 57 57 57 57 32 32 27 27 27 27 27 27 27 27 27 60 60 60 60 60 45 -9999 47 47 47 47 47 47 47 47 47 47 47 47 47 47 42 42 42 42 42 42 42 53 53 53 53 53 37 37 88 88 88 88 83 47 47 47 47 47 47 47 47 47 51 51 -9999 -9999 -9999
-9999 -9999 -9999 -9999 -9999 120 28 28 57 38 120 57 57 57 57 57 32 32 32 32 32 27 27 27 27 27 27 27 27 60 60 60 60 7 -9999 47 47 47 47 47 47 47 47 47 47 47 47 47 47 47 47 42 42 42 42 53 53 53 53 53 53 53 53 53 88 88 88 83 83 83 47 47 47 47 47 47 47 -9999 -9999 -9999 -9999 -9999
-9999 -9999 -9999 -9999 -9999 -9999 28 38 120 120 120 120 57 57 57 32 32 32 32 32 32 17 17 27 27 27 27 27 27 27 27 60 27 -9999 -9999 47 47 47 47 25 25 47 25 47 47 47 47 47 47 47 12 12 12 12 53 53 53 53 53 53 53 53 53 53 88 88 83 83 83 83 83 47 47 47 47 47 -9999 -9999 -9999 -9999 -9999 -9999
-9999 -9999 -9999 -9999 -9999 -9999 -9999 -9999 -9999 -9999 -9999 -9999 -9999 57 -9999 -9999 32 32 32 32 32 17 -9999 -9999 17 17 27 27 27 27 27 27 27 -9999 -9999 47 47 47 25 25 25 25 25 25 25 25 47 47 47 12 12 12 12 12 12 12 53 39 39 53 53 53 53 53 53 83 83 83 83 83 83 83 83 47 47 47 -9999 -9999 -9999 -9999 -9999 -9999
-9999 -9999 -9999 -9999 -9999 -9999 -9999 -9999 -9999 -9999 -9999 -9999 -9999 -9999 -9999 -9999 -9999 32 32 32 17 17 -9999 -9999 -9999 17 28 28 27 27 27 27 27 27 12 -9999 47 47 47 47 25 34 34 34 34 25 25 25 25 25 12 12 12 12 12 12 12 39 39 53 53 53 53 53 53 53 83 83 83 83 83 83 83 83 83 47 -9999 -9999 -9999 -9999 -9999 -9999
-9999 -9999 -9999 -9999 -9999 -9999 -9999 -9999 -9999 -9999 -9999 -9999 -9999 -9999 -9999 -9999 -9999 -9999 -9999 -9999 -9999 -9999 -9999 -9999 -9999 -9999 -9999 -9999 -9999 28 27 27 27 27 -9999 -9999 47 47 47 47 47 34 34 34 34 34 34 25 25 25 25 12 12 12 12 12 39 39 39 39 53 53 53 53 53 53 35 83 53 53 53 83 83 83 83 55 55 -9999 -9999 -9999 -9999 -9999
-9999 -9999 -9999 -9999 -9999 -9999 -9999 -9999 -9999 -9999 -9999 -9999 -9999 -9999 -9999 -9999 -9999 -9999 -9999 -9999 -9999 -9999 -9999 -9999 -9999 -9999 -9999 -9999 -9999 -9999 28 28 34 27 -9999 -9999 47 47 47 47 47 28 34 34 34 34 34 34 34 25 31 31 31 12 12 12 39 39 39 39 53 53 53 53 35 35 51 51 53 53 53 53 83 83 55 55 55 55 -9999 -9999 -9999 -9999
-9999 -9999 -9999 -9999 -9999 -9999 -9999 -9999 -9999 -9999 -9999 -9999 -9999 -9999 -9999 -9999 -9999 -9999 -9999 -9999 -9999 -9999 -9999 -9999 -9999 -9999 -9999 -9999 -9999 -9999 -9999 -9999 -9999 34 -9999 12 -9999 47 47 47 5 -9999 -9999 34 34 34 34 34 34 34 31 31 31 31 31 39 39 39 39 58 58 53 53 53 35 35 51 51 51 53 53 53 53 55 55 55 55 55 65 65 -9999 -9999
-9999 -9999 -9999 -9999 -9999 -9999 -9999 -9999 -9999 -9999 -9999 -9999 -9999 -9999 -9999 -9999 -9999 -9999 -9999 -9999 -9999 -9999 -9999 -9999 -9999 -9999 -9999 -9999 -9999 -9999 -9999 -9999 -9999 -9999 -9999 -9999 -9999 47 -9999 10 -9999 -9999 -9999 -9999 -9999 34 34 34 34 31 31 31 31 31 31 67 39 39 39 58 58 35 35 35 35 35 51 51 51 53 53 53 53 55 55 55 55 55 65 65 65 -9999
-9999 -9999 -9999 -9999 -9999 -9999 -9999 -9999 -9999 -9999 -9999 -9999 -9999 -9999 -9999 -9999 -9999 -9999 -9999 -9999 -9999 -9999 -9999 -9999 -9999 -9999 -9999 -9999 -9999 -9999 -9999 -9999 -9999 -9999 -9999 -9999 -9999 20 -9999 -9999 -9999 -9999 -9999 -9999 -9999 -9999 -9999 -9999 31 31 31 31 31 31 67 67 67 67 58 58 58 35 35 35 35 51 51 51 53 53 53 53 53 55 55 55 55 65 65 65 65 65
-9999 -9999 -9999 -9999 -9999 -9999 -9999 -9999 -9999 -9999 -9999 -9999 -9999 -9999 -9999 -9999 -9999 -9999 -9999 -9999 -9999 -9999 -9999 -9999 -9999 -9999 -9999 -9999 -9999 -9999 -9999 -9999 -9999 -9999 -9999 -9999 -9999 -9999 -9999 -9999 -9999 -9999 -9999 -9999 -9999 -9999 -9999 -9999 -9999 -9999 -9999 -9999 31 31 67 67 67 67 58 58 58 58 35 35 35 51 51 51 53 53 53 53 53 55 55 55 65 -9999 -9999 65 65 -9999
-9999 -9999 -9999 -9999 -9999 -9999 -9999 -9999 -9999 -9999 -9999 -9999 -9999 -9999 -9999 -9999 -9999 -9999 -9999 -9999 -9999 -9999 -9999 -9999 -9999 -9999 -9999 -9999 -9999 -9999 -9999 -9999 -9999 -9999 -9999 -9999 -9999 -9999 -9999 -9999 -9999 -9999 -9999 -9999 -9999 -9999 -9999 -9999 -9999 -9999 -9999 -9999 -9999 67 67 67 67 67 67 67 58 58 58 58 51 51 51 53 53 53 53 53 53 53 55 55 -9999 65 65 65 65 65
-9999 -9999 -9999 -9999 -9999 -9999 -9999 -9999 -9999 -9999 -9999 -9999 -9999 -9999 -9999 -9999 -9999 -9999 -9999 -9999 -9999 -9999 -9999 -9999 -9999 -9999 -9999 -9999 -9999 -9999 -9999 -9999 -9999 -9999 -9999 -9999 -9999 -9999 -9999 -9999 -9999 -9999 -9999 -9999 -9999 -9999 -9999 -9999 -9999 -9999 -9999 -9999 -9999 67 67 67 67 67 67 67 58 58 58 58 39 51 51 53 53 53 53 53 53 53 53 -9999 65 65 65 65 65 65
-9999 -9999 -9999 -9999 -9999 -9999 -9999 -9999 -9999 -9999 -9999 -9999 -9999 -9999 -9999 -9999 -9999 -9999 -9999 -9999 -9999 -9999 -9999 -9999 -9999 -9999 -9999 -9999 -9999 -9999 -9999 -9999 -9999 -9999 -9999 -9999 -9999 -9999 -9999 -9999 -9999 -9999 -9999 -9999 -9999 -9999 3 5 2 -9999 -9999 -9999 67 67 67 67 67 67 67 67 58 58 58 39 39 39 53 53 53 53 53 53 53 53 53 65 65 65 65 65 65 65
-9999 -9999 -9999 -9999 -9999 -9999 -9999 -9999 -9999 -9999 -9999 -9999 -9999 -9999 -9999 -9999 -9999 -9999 -9999 -9999 -9999 -9999 -9999 -9999 -9999 -9999 -9999 -9999 -9999 -9999 -9999 -9999 -9999 -9999 -9999 -9999 -9999 -9999 -9999 -9999 -9999 -9999 -9999 -9999 -9999 -9999 -9999 -9999 -9999 -9999 -9999 -9999 67 67 67 67 67 67 67 58 58 58 58 39 39 39 39 39 39 53 53 53 53 53 -9999 65 65 65 65 65 65 65
-9999 -9999 -9999 -9999 -9999 -9999 -9999 -9999 -9999 -9999 -9999 -9999 -9999 -9999 -9999 -9999 -9999 -9999 -9999 -9999 -9999 -9999 -9999 -9999 -9999 -9999 -9999 -9999 -9999 -9999 -9999 -9999 -9999 -9999 -9999 -9999 -9999 -9999 -9999 -9999 -9999 -9999 -9999 -9999 -9999 -9999 -9999 -9999 -9999 -9999 -9999 67 67 67 67 67 67 67 67 58 58 58 58 39 39 39 39 39 39 39 39 39 53 -9999 -9999 -9999 -9999 65 65 65 65 65
-9999 -9999 -9999 -9999 -9999 -9999 -9999 -9999 -9999 -9999 -9999 -9999 -9999 -9999 -9999 -9999 -9999 -9999 -9999 -9999 -9999 -9999 -9999 -9999 -9999 -9999 -9999 -9999 -9999 -9999 -9999 -9999 -9999 -9999 -9999 -9999 -9999 -9999 -9999 -9999 -9999 -9999 -9999 -9999 -9999 -9999 -9999 -9999 -9999 -9999 -9999 67 67 67 67 67 67 67 67 67 67 67 50 50 50 50 39 39 39 39 39 39 39 -9999 -9999 -9999 -9999 -9999 65 65 65 65
-9999 -9999 -9999 -9999 -9999 -9999 -9999 -9999 -9999 -9999 -9999 -9999 -9999 -9999 -9999 -9999 -9999 -9999 -9999 -9999 -9999 -9999 -9999 -9999 -9999 -9999 -9999 -9999 -9999 -9999 -9999 -9999 -9999 -9999 -9999 -9999 -9999 -9999 -9999 -9999 -9999 -9999 -9999 -9999 -9999 -9999 -9999 -9999 -9999 -9999 67 67 67 67 67 67 67 67 67 67 67 67 50 50 50 50 50 50 50 39 39 39 -9999 -9999 -9999 -9999 -9999 65 65 65 65 65
-9999 -9999 -9999 -9999 -9999 -9999 -9999 -9999 -9999 -9999 -9999 -9999 -9999 -9999 -9999 -9999 -9999 -9999 -9999 -9999 -9999 -9999 -9999 -9999 -9999 -9999 -9999 -9999 -9999 -9999 -9999 -9999 -9999 -9999 -9999 -9999 -9999 -9999 -9999 -9999 -9999 -9999 -9999 -9999 -9999 -9999 -9999 -9999 -9999 -9999 3 67 67 67 67 67 67 67 67 67 67 50 50 50 50 50 50 50 50 50 39 -9999 -9999 -9999 -9999 -9999 -9999 65 65 65 65 65
-9999 -9999 -9999 -9999 -9999 -9999 -9999 -9999 -9999 -9999 -9999 -9999 -9999 -9999 -9999 -9999 -9999 -9999 -9999 -9999 -9999 -9999 -9999 -9999 -9999 -9999 -9999 -9999 -9999 -9999 -9999 -9999 -9999 -9999 -9999 -9999 -9999 -9999 -9999 -9999 -9999 -9999 -9999 -9999 -9999 -9999 -9999 -9999 -9999 3 3 67 67 67 67 67 67 67 67 67 67 50 50 50 50 50 50 50 50 50 50 -9999 -9999 -9999 -9999 -9999 -9999 -9999 65 65 65 65
-9999 -9999 -9999 -9999 -9999 -9999 -9999 -9999 -9999 -9999 -9999 -9999 -9999 -9999 -9999 -9999 -9999 -9999 -9999 -9999 -9999 -9999 -9999 -9999 -9999 -9999 -9999 -9999 -9999 -9999 -9999 -9999 -9999 -9999 -9999 -9999 -9999 -9999 -9999 -9999 -9999 -9999 -9999 -9999 -9999 -9999 -9999 -9999 -9999 3 3 3 3 3 3 67 67 67 67 67 50 50 50 50 50 50 50 50 50 50 -9999 -9999 -9999 -9999 -9999 -9999 -9999 -9999 -9999 -9999 65 65
-9999 -9999 -9999 -9999 -9999 -9999 -9999 -9999 -9999 -9999 -9999 -9999 -9999 -9999 -9999 -9999 -9999 -9999 -9999 -9999 -9999 -9999 -9999 -9999 -9999 -9999 -9999 -9999 -9999 -9999 -9999 -9999 -9999 -9999 -9999 -9999 -9999 -9999 -9999 -9999 -9999 -9999 -9999 -9999 -9999 -9999 -9999 -9999 42 42 42 42 3 3 3 67 67 67 67 67 50 50 50 50 50 50 50 50 50 50 -9999 -9999 -9999 -9999 -9999 -9999 -9999 -9999 -9999 -9999 -9999 45
-9999 -9999 -9999 -9999 -9999 -9999 -9999 -9999 -9999 -9999 -9999 -9999 -9999 -9999 -9999 -9999 -9999 -9999 -9999 -9999 -9999 -9999 -9999 -9999 -9999 -9999 -9999 -9999 -9999 -9999 -9999 -9999 -9999 -9999 -9999 -9999 -9999 -9999 -9999 -9999 -9999 -9999 -9999 -9999 -9999 -9999 -9999 -9999 42 42 42 42 42 42 42 67 67 42 67 67 50 50 50 50 50 50 50 50 50 -9999 42 42 -9999 -9999 -9999 -9999 -9999 -9999 -9999 -9999 45 45
-9999 -9999 -9999 -9999 -9999 -9999 -9999 -9999 -9999 -9999 -9999 -9999 -9999 -9999 -9999 -9999 -9999 -9999 -9999 -9999 -9999 -9999 -9999 -9999 -9999 -9999 -9999 -9999 -9999 -9999 -9999 -9999 -9999 -9999 -9999 -9999 -9999 -9999 -9999 -9999 -9999 -9999 -9999 -9999 -9999 -9999 -9999 3 3 42 42 42 42 42 42 42 42 42 42 50 50 50 50 50 50 50 50 50 50 -9999 42 42 42 42 -9999 -9999 -9999 -9999 -9999 -9999 45 45
