04_184A001/ika.asc
ncols 378
nrows 390
xllcorner 613424
yllcorner 6870896
cellsize 16
nodata_value -9999
[rows 36 to 71 of 390, columns 82 to 163 of 378]
1 36 35 22 35 40 18 15 15 14 16 16 17 17 16 22 23 16 17 17 17 25 25 25 25 25 25 25 88 88 88 88 74 74 -9999 2 2 2 2 2 2 46 50 50 50 50 50 50 50 50 50 70 70 70 70 61 61 61 -9999 -9999 -9999 -9999 -9999 -9999 -9999 -9999 -9999 -9999 -9999 -9999 -9999 -9999 -9999 -9999 -9999 -9999 -9999 -9999 -9999 -9999 -9999 -9999
1 68 55 22 29 18 53 51 16 14 15 15 20 22 37 40 38 48 23 22 16 25 25 25 25 25 25 25 25 88 88 88 88 74 -9999 59 59 59 2 2 2 46 46 50 50 50 50 50 50 50 50 50 70 70 70 70 61 70 70 -9999 -9999 -9999 -9999 -9999 -9999 -9999 -9999 -9999 -9999 -9999 -9999 -9999 -9999 -9999 -9999 -9999 -9999 -9999 -9999 -9999 -9999 -9999
1 64 77 23 15 18 60 46 43 16 15 22 54 48 61 68 57 48 44 25 31 25 25 25 25 25 25 25 25 88 88 88 2 2 -9999 59 59 59 2 2 46 46 46 46 46 50 50 50 50 50 50 50 70 70 70 70 70 70 70 61 53 -9999 -9999 -9999 -9999 -9999 -9999 -9999 -9999 -9999 23 38 38 38 38 60 -9999 -9999 -9999 -9999 -9999 -9999
1 79 42 35 15 16 32 43 21 19 16 19 45 45 45 45 49 49 54 38 57 40 25 25 25 25 25 25 25 25 2 2 2 2 -9999 59 59 59 59 46 46 46 46 46 46 46 50 50 50 50 50 50 50 70 70 70 70 70 70 23 23 23 23 23 23 23 23 23 23 23 60 60 60 60 60 60 60 60 -9999 -9999 -9999 -9999
1 1 71 62 16 19 14 11 15 20 16 25 34 45 39 41 46 46 47 42 55 38 25 25 25 25 25 25 25 25 2 2 2 2 -9999 59 59 59 46 46 46 46 46 46 46 46 46 46 50 50 50 50 50 70 70 70 70 70 23 29 23 23 23 23 46 46 46 46 23 23 60 60 60 60 60 60 60 0 0 0 0 -9999
1 1 66 51 -9999 -9999 35 21 -9999 -9999 17 20 47 40 41 39 51 41 39 43 44 56 25 25 19 25 25 25 25 25 2 2 2 2 -9999 59 59 46 46 46 46 46 46 46 46 46 46 46 46 46 50 50 50 50 70 70 70 21 21 29 29 23 23 46 46 46 46 46 46 23 60 60 60 60 60 60 0 0 0 0 0 0
1 1 -9999 26 27 28 28 24 20 18 17 -9999 -9999 56 39 45 46 38 44 38 58 -9999 -9999 40 33 33 33 -9999 -9999 25 2 2 2 2 15 59 59 46 46 46 59 59 59 59 59 46 46 46 46 46 46 50 50 50 70 21 21 21 21 21 29 29 29 29 46 46 46 46 46 46 60 60 60 60 60 0 0 0 0 39 39 0
1 -9999 77 27 27 28 28 23 19 23 31 40 32 38 -9999 42 38 41 54 -9999 41 40 40 40 33 33 33 33 33 33 -9999 -9999 -9999 2 59 59 59 59 59 59 59 59 59 59 59 46 46 46 46 46 46 50 50 70 21 21 21 21 21 21 21 21 29 29 29 46 46 46 46 46 60 60 60 60 0 0 0 0 0 39 39 39
-9999 85 85 30 28 27 26 23 24 22 22 37 41 34 41 51 30 35 38 77 58 41 40 40 40 33 33 33 33 33 33 81 81 81 -9999 -9999 59 59 59 59 59 59 59 59 59 59 46 46 46 46 46 50 59 25 25 21 21 21 21 21 21 21 29 29 29 46 46 46 46 60 60 60 60 0 0 0 0 0 39 39 39 39
85 85 85 28 28 37 24 30 26 27 22 21 40 53 34 54 46 38 35 40 45 43 40 40 40 33 33 33 33 81 81 81 81 81 81 81 81 84 -9999 -9999 59 59 59 59 59 59 59 46 46 59 59 59 59 25 25 25 21 21 21 21 21 21 29 29 29 46 46 46 46 60 60 60 0 0 0 0 0 0 30 39 39 30
85 85 85 37 26 27 26 35 48 42 25 32 51 48 29 36 52 62 41 44 47 46 40 40 40 27 33 33 33 81 81 81 81 81 81 81 81 81 81 81 81 -9999 -9999 59 59 59 59 59 59 59 59 59 25 25 25 25 25 21 21 21 21 21 21 29 29 46 46 46 60 60 60 0 0 0 0 0 30 30 30 30 30 30
85 85 85 34 29 25 33 78 110 67 39 30 37 38 26 40 39 73 59 44 45 49 40 40 40 40 27 33 33 81 81 81 81 81 81 81 81 81 81 81 81 81 81 81 -9999 -9999 44 59 59 59 59 59 34 25 25 25 25 25 21 21 21 21 21 34 34 46 46 60 60 60 60 0 0 0 30 30 30 30 30 30 30 30
85 85 85 85 41 36 60 81 102 69 48 26 30 45 25 45 38 49 43 39 44 48 40 40 40 27 27 27 27 81 81 81 81 81 81 81 81 81 81 81 81 81 81 81 81 81 81 -9999 -9999 -9999 59 34 34 34 34 34 25 25 25 21 21 21 21 34 34 46 60 60 60 60 0 0 0 0 30 30 30 30 30 38 38 38
85 85 85 85 52 56 84 111 105 78 38 39 45 39 35 28 44 44 44 42 30 37 40 27 27 27 27 27 27 81 81 81 81 81 81 81 81 81 81 81 81 81 81 81 81 81 81 81 81 81 81 -9999 -9999 34 34 34 34 25 25 25 21 21 21 34 34 34 34 60 60 0 0 0 0 30 30 30 30 30 38 38 38 38
85 85 85 85 52 42 54 54 91 88 58 43 37 36 46 44 38 24 25 27 42 40 27 27 27 27 27 27 27 81 81 81 81 81 81 81 81 81 81 81 81 81 81 81 81 81 81 81 81 81 30 30 30 30 -9999 17 34 34 34 25 25 25 25 34 34 34 34 60 0 0 0 0 0 30 30 30 42 -9999 -9999 -9999 38 37
42 85 85 85 69 32 37 49 53 83 79 43 44 36 47 49 49 50 33 24 43 45 27 27 27 27 27 27 27 81 81 81 81 81 81 81 81 81 81 81 81 81 81 81 81 9 9 9 81 81 30 30 30 30 30 30 -9999 -9999 34 34 34 34 34 34 34 34 34 0 0 0 52 -9999 -9999 -9999 40 37 37 37 37 37 37 37
42 85 85 85 85 34 25 37 44 46 76 76 35 43 60 57 55 38 34 25 44 42 34 27 27 27 27 27 27 27 81 81 81 81 81 81 81 81 81 81 81 81 81 81 9 9 9 9 9 30 30 30 30 30 30 30 30 21 21 -9999 -9999 34 34 34 -9999 -9999 -9999 -9999 41 41 35 35 35 -9999 30 30 30 30 37 37 37 37
42 42 85 85 85 32 28 26 25 31 73 44 52 55 74 50 59 34 26 25 42 41 38 27 27 27 27 27 27 81 81 81 81 81 81 81 81 81 81 81 81 81 81 81 9 9 9 9 9 30 30 30 30 30 30 30 30 21 21 21 21 21 21 21 21 33 41 41 41 41 35 35 35 23 30 30 30 30 37 37 37 37
42 42 42 85 85 38 22 21 28 23 28 59 85 91 95 77 29 34 22 23 45 46 32 27 27 27 27 27 27 81 81 81 81 81 81 81 81 81 81 81 81 81 81 9 9 9 9 9 9 30 30 30 30 30 30 30 30 21 21 21 21 21 21 21 33 33 33 41 41 41 41 41 41 35 30 30 30 30 37 37 37 37
42 42 42 2 2 92 39 22 24 36 45 46 66 94 102 91 35 22 22 23 41 39 34 27 27 27 27 27 27 81 81 81 81 81 81 81 81 81 81 81 81 81 81 9 9 9 9 9 30 30 30 30 30 30 30 30 30 21 21 21 21 21 21 33 33 33 33 33 33 41 41 41 35 35 30 30 30 37 37 37 37 39
42 42 42 2 2 2 46 23 21 34 54 47 55 108 112 94 43 40 40 40 64 59 47 27 27 27 27 27 27 81 81 81 81 81 81 81 81 81 81 81 81 81 81 9 9 9 9 9 30 30 30 30 30 30 30 30 6 6 6 21 21 21 33 33 33 33 33 33 33 41 41 35 35 -9999 27 30 30 30 37 37 39 39
42 42 2 2 2 2 39 21 38 23 43 62 66 86 95 104 76 48 40 79 70 50 43 27 27 27 27 27 27 81 81 81 81 81 81 81 81 81 81 81 81 81 81 9 9 9 9 30 30 30 30 30 30 30 30 6 6 6 6 21 21 21 33 33 33 33 33 33 33 35 35 35 35 -9999 27 30 27 30 27 28 39 39
2 2 2 2 2 2 66 24 21 24 43 37 44 35 66 72 58 32 46 62 72 45 37 27 27 27 27 27 29 81 81 81 81 81 2 81 81 81 81 81 81 81 81 9 9 9 9 30 30 30 30 30 30 6 6 6 6 6 6 21 21 33 33 33 33 33 33 33 33 35 35 35 35 -9999 27 27 27 27 28 28 28 28
2 2 2 2 2 2 50 30 18 17 34 33 45 20 20 28 25 23 35 25 36 45 43 27 27 27 29 29 29 81 81 81 2 2 2 2 2 2 2 81 81 81 81 2 9 9 30 30 30 30 30 6 6 6 6 6 6 6 6 21 33 33 33 33 33 33 33 33 35 35 35 35 35 -9999 27 27 27 27 28 41 28 28
2 2 2 2 2 2 2 23 16 34 40 22 23 20 21 23 22 22 23 24 32 36 40 29 27 29 29 29 29 29 81 81 2 2 2 2 2 2 2 2 2 81 2 2 2 9 30 30 30 30 6 6 6 6 6 6 6 6 6 33 33 33 33 33 33 33 33 33 35 35 35 35 35 35 35 35 35 28 41 41 41 28
2 2 2 2 2 2 2 38 23 25 25 25 19 21 25 23 24 24 26 24 31 44 35 29 29 29 29 29 29 29 29 29 2 2 2 2 2 2 2 2 2 2 2 2 2 2 30 30 30 30 6 6 6 6 6 6 6 6 0 0 0 0 33 33 33 73 33 35 35 35 35 35 35 21 35 35 28 28 41 41 41 28
2 2 2 2 2 2 2 44 21 24 22 20 19 20 20 20 20 25 25 25 32 40 38 29 29 29 29 29 29 29 29 29 2 2 2 2 2 2 2 2 2 2 2 2 2 30 30 30 30 6 6 6 6 6 6 6 6 0 0 0 0 0 0 0 73 73 73 73 35 35 35 35 35 -9999 35 72 28 28 41 41 41 41
2 2 2 2 2 2 2 2 27 22 25 20 19 22 21 20 21 23 24 24 24 27 30 29 29 29 29 29 29 29 29 29 2 86 86 86 2 2 2 30 30 30 30 30 30 23 30 30 30 6 6 6 6 6 6 6 0 0 0 0 0 0 0 0 73 73 73 73 73 35 35 35 -9999 35 72 72 72 28 28 41 41 41
2 2 2 2 29 29 2 2 53 53 51 46 39 24 29 21 21 25 24 25 25 22 38 29 29 29 86 86 86 29 29 86 86 86 86 86 86 30 30 30 30 30 30 30 23 23 23 23 6 6 6 6 6 6 6 0 0 0 0 0 0 0 0 0 0 57 73 73 73 35 35 -9999 59 59 72 72 72 72 72 41 41 41
2 2 -9999 -9999 -9999 -9999 29 29 55 50 52 53 53 37 31 23 25 24 23 25 25 27 31 41 86 86 86 86 86 86 86 86 86 86 86 86 86 30 30 30 30 30 30 30 23 23 23 23 6 6 6 6 6 6 0 48 0 0 0 0 0 0 0 57 57 57 35 35 35 35 -9999 59 59 72 72 72 72 72 72 72 72 41
2 -9999 -9999 -9999 -9999 -9999 29 29 -9999 -9999 -9999 36 81 -9999 17 24 25 25 25 25 23 28 30 36 86 86 86 86 86 86 86 86 86 86 86 86 30 30 30 30 30 30 30 23 23 23 23 23 23 6 6 6 6 0 48 48 48 48 48 48 48 48 48 48 57 57 35 35 35 -9999 59 59 72 72 72 72 72 72 72 72 72 72
2 -9999 -9999 -9999 -9999 -9999 -9999 -9999 -9999 -9999 -9999 86 -9999 -9999 -9999 23 23 24 26 24 26 34 22 39 86 86 86 86 86 86 86 86 86 86 30 30 30 30 30 30 30 30 30 23 23 23 23 23 23 6 6 6 6 0 48 48 48 48 3 3 48 48 48 48 57 35 35 35 -9999 59 59 72 72 72 72 72 72 72 72 72 72 72
-9999 -9999 -9999 -9999 -9999 -9999 -9999 -9999 -9999 -9999 -9999 -9999 -9999 -9999 -9999 43 22 30 21 30 31 35 45 59 86 86 86 86 86 86 86 86 74 86 30 30 30 30 30 30 30 30 23 23 23 23 23 23 23 23 6 6 0 48 48 48 3 3 3 3 48 48 48 48 57 57 35 35 59 59 59 59 0 0 0 72 72 72 72 72 72 72
-9999 -9999 -9999 -9999 -9999 -9999 -9999 -9999 -9999 -9999 -9999 -9999 -9999 -9999 -9999 -9999 -9999 -9999 -9999 27 45 85 80 77 86 86 86 86 86 86 86 86 74 74 30 30 30 30 30 30 30 30 23 23 23 23 23 23 23 23 64 69 48 48 48 3 3 3 3 3 48 48 48 48 57 57 57 -9999 59 59 59 0 0 0 0 72 72 72 72 72 72 60
-9999 -9999 -9999 -9999 106 -9999 -9999 -9999 -9999 -9999 -9999 -9999 -9999 -9999 -9999 -9999 -9999 -9999 -9999 -9999 43 74 82 87 86 86 74 74 86 86 86 74 74 74 30 30 30 30 30 30 30 30 23 23 23 23 23 64 64 64 69 69 48 48 3 3 3 3 3 3 48 40 48 48 48 57 -9999 30 30 59 0 0 0 0 -9999 -9999 72 60 60 60 60 60
-9999 -9999 -9999 -9999 105 77 -9999 -9999 -9999 -9999 -9999 -9999 -9999 -9999 -9999 -9999 -9999 -9999 -9999 -9999 -9999 59 57 44 74 74 74 74 74 74 74 74 74 74 74 74 30 30 30 30 30 23 23 23 23 23 23 64 64 69 69 48 48 3 3 3 3 3 3 3 40 40 48 48 48 -9999 30 30 30 30 3 0 -9999 -9999 -9999 -9999 -9999 57 -9999 60 60 60
