04_184A001/ika.asc
ncols 378
nrows 390
xllcorner 613424
yllcorner 6870896
cellsize 16
nodata_value -9999
[rows 36 to 71 of 390, columns 164 to 245 of 378]
-9999 -9999 -9999 -9999 -9999 -9999 -9999 -9999 -9999 -9999 -9999 41 41 41 48 48 48 48 48 48 48 48 48 48 48 48 48 0 52 52 52 52 52 61 61 61 61 61 61 61 61 61 61 13 13 13 13 13 13 13 12 42 42 42 42 0 0 3 3 3 3 28 28 28 22 26 26 24 24 24 -9999 -9999 -9999 -9999 -9999 -9999 -9999 -9999 -9999 -9999 -9999 -9999
-9999 -9999 -9999 -9999 -9999 -9999 -9999 -9999 -9999 -9999 41 41 41 48 48 48 48 48 48 48 48 48 48 48 48 48 0 0 0 0 0 52 52 61 61 61 61 61 61 61 61 61 61 61 13 13 13 13 13 13 3 42 42 42 42 42 42 0 3 3 28 28 28 28 -9999 26 26 24 24 24 -9999 -9999 -9999 -9999 -9999 -9999 -9999 -9999 -9999 -9999 -9999 -9999
-9999 -9999 -9999 -9999 -9999 -9999 -9999 -9999 -9999 41 41 41 48 48 48 48 48 48 48 48 48 48 48 48 48 0 0 0 0 0 0 0 0 52 52 61 61 61 61 61 61 61 61 61 61 13 13 13 13 13 3 3 3 42 42 42 42 42 0 45 45 28 28 -9999 26 46 46 46 46 24 24 -9999 -9999 -9999 -9999 -9999 -9999 -9999 -9999 -9999 -9999 -9999
-9999 -9999 -9999 -9999 -9999 -9999 -9999 -9999 -9999 41 41 41 48 48 48 48 48 48 48 48 48 48 48 48 48 0 0 0 0 0 0 0 0 0 0 61 61 61 61 61 61 61 61 61 58 13 13 13 13 13 3 3 3 3 42 42 42 42 45 45 45 28 28 -9999 26 46 46 46 46 46 24 -9999 -9999 -9999 -9999 -9999 -9999 -9999 -9999 -9999 -9999 -9999
-9999 -9999 -9999 -9999 -9999 -9999 38 38 41 41 41 48 48 48 48 48 48 48 48 48 48 48 48 48 0 0 0 0 0 0 0 0 0 0 61 61 61 61 61 61 61 61 61 58 58 58 13 13 13 13 13 13 3 3 3 42 42 45 45 45 28 28 -9999 26 26 46 46 46 46 46 46 46 -9999 -9999 -9999 -9999 -9999 -9999 -9999 -9999 -9999 -9999
0 0 0 0 0 38 38 38 38 38 48 48 48 48 48 48 48 48 48 51 51 48 48 0 0 0 0 0 0 0 0 0 0 0 61 61 61 61 61 61 61 61 61 58 58 58 58 13 13 13 13 13 13 3 3 3 42 45 45 45 28 28 -9999 26 26 46 46 46 46 46 46 46 -9999 -9999 -9999 -9999 -9999 -9999 -9999 -9999 -9999 -9999
0 0 0 0 0 0 38 38 38 48 48 48 48 48 51 51 51 51 51 51 51 51 51 53 53 53 53 0 0 0 0 0 0 53 61 61 61 61 61 61 61 61 58 58 58 58 58 58 13 13 13 13 13 13 13 3 45 45 45 45 45 -9999 26 26 26 26 46 46 46 46 46 46 -9999 -9999 -9999 -9999 -9999 -9999 -9999 -9999 -9999 -9999
39 0 0 0 0 38 38 38 23 23 48 51 51 51 51 51 51 51 51 51 51 51 53 53 53 53 53 53 0 0 0 53 53 53 61 61 61 61 61 61 61 58 58 58 58 58 58 58 58 13 13 13 13 13 13 45 45 45 45 45 45 38 26 26 26 26 26 26 46 46 46 46 36 -9999 -9999 -9999 -9999 -9999 -9999 -9999 -9999 -9999
39 39 39 0 0 38 38 38 23 23 23 23 23 51 51 51 51 51 51 51 51 53 53 53 53 53 53 53 53 53 53 53 53 53 61 61 61 61 61 61 61 58 58 58 58 58 58 58 58 58 13 13 13 13 45 45 45 45 45 45 -9999 38 26 26 26 26 26 26 26 26 26 16 16 -9999 -9999 -9999 -9999 -9999 -9999 -9999 -9999 -9999
39 39 39 38 38 38 38 42 42 23 23 23 23 23 23 23 23 51 51 51 51 53 53 53 53 53 53 53 53 53 53 53 53 61 61 61 61 61 61 61 58 58 58 58 58 58 58 58 58 58 58 13 13 45 45 45 45 45 45 45 38 38 38 38 26 26 26 26 26 26 16 16 16 -9999 -9999 -9999 -9999 -9999 -9999 -9999 -9999 -9999
30 38 38 38 38 38 42 42 42 42 23 23 23 23 23 23 23 23 23 51 53 53 53 53 53 53 53 53 53 53 53 53 53 61 61 61 61 61 61 58 58 58 58 58 58 58 58 58 58 58 58 58 45 45 45 45 45 45 45 -9999 38 38 38 38 38 26 26 26 26 16 16 16 16 16 -9999 -9999 -9999 -9999 -9999 -9999 -9999 -9999
38 38 38 38 38 42 42 42 42 42 42 42 23 23 23 23 23 23 23 8 8 8 53 53 53 53 53 53 53 53 53 53 61 61 61 61 61 61 61 61 58 58 58 58 58 58 58 58 58 58 58 58 45 45 45 45 45 45 45 45 38 38 38 38 38 38 38 26 16 16 16 16 16 16 -9999 -9999 -9999 -9999 -9999 -9999 -9999 -9999
38 38 38 38 42 42 42 42 42 42 42 83 83 83 83 83 23 23 23 8 8 8 8 8 53 53 53 53 53 53 53 53 23 61 61 61 61 61 61 61 61 61 58 58 58 58 58 58 58 58 58 45 45 45 45 45 45 45 -9999 45 45 38 38 38 38 38 38 26 16 16 16 16 16 16 -9999 -9999 -9999 -9999 -9999 -9999 -9999 -9999
43 -9999 19 38 42 42 42 42 42 42 83 83 83 83 83 83 83 83 8 8 8 8 8 8 53 53 53 53 53 53 23 23 23 23 23 61 61 61 61 61 61 61 61 58 58 58 58 58 58 58 45 45 45 45 45 45 45 -9999 45 45 45 45 38 38 38 38 38 68 16 16 16 16 16 16 -9999 -9999 -9999 -9999 -9999 -9999 -9999 -9999
37 37 37 33 -9999 42 42 42 42 42 83 83 83 83 83 83 83 83 8 8 8 8 8 8 8 46 53 53 53 23 23 23 23 23 23 23 61 61 61 61 61 61 61 61 61 58 58 58 58 58 45 45 45 45 45 45 45 -9999 8 45 45 38 38 38 38 38 68 68 68 16 16 16 16 16 -9999 -9999 -9999 -9999 -9999 -9999 -9999 -9999
37 37 21 21 21 -9999 42 42 83 83 83 83 83 83 83 83 83 8 8 8 8 8 8 8 35 46 46 46 46 23 23 23 23 23 23 23 61 61 61 61 61 61 61 61 61 61 58 58 58 58 13 45 45 45 45 45 -9999 8 8 8 38 38 38 38 38 68 68 68 68 68 68 68 16 16 16 -9999 -9999 -9999 -9999 -9999 -9999 -9999
37 39 39 21 21 21 -9999 83 83 83 83 83 83 83 83 83 8 8 8 8 8 8 8 8 35 46 46 46 46 46 46 23 23 23 23 23 23 61 61 61 61 61 61 61 61 61 61 61 58 58 13 13 45 45 13 45 8 8 8 8 8 38 38 38 32 68 68 68 68 68 68 68 68 68 68 -9999 -9999 -9999 -9999 -9999 -9999 -9999
39 39 39 21 21 21 18 -9999 83 83 83 83 83 83 83 83 8 8 8 8 8 8 8 35 35 46 46 46 46 46 46 23 23 23 23 23 23 61 61 61 61 61 61 61 61 61 61 61 61 61 13 13 13 13 13 -9999 8 8 8 8 38 38 38 32 32 32 68 68 68 68 68 68 68 68 68 -9999 -9999 -9999 -9999 -9999 -9999 -9999
39 39 39 21 21 18 18 18 -9999 83 83 83 83 83 83 79 79 79 35 35 8 35 35 35 35 46 46 46 46 46 46 46 23 23 23 23 23 61 61 61 61 61 61 61 61 61 61 61 61 61 61 13 13 13 -9999 8 8 8 8 8 38 38 32 32 32 32 68 68 68 26 26 26 68 68 68 -9999 -9999 -9999 -9999 -9999 -9999 -9999
39 39 21 21 21 18 18 18 18 -9999 83 83 83 83 83 79 79 79 79 79 35 35 35 35 46 46 46 46 46 46 46 6 6 23 23 23 23 23 61 61 61 61 61 61 61 61 61 61 61 61 61 66 13 13 -9999 12 8 8 8 8 38 32 32 32 32 59 59 68 26 26 26 26 26 26 26 -9999 -9999 -9999 -9999 -9999 -9999 -9999
39 39 39 21 21 18 18 18 18 18 -9999 83 83 83 79 79 79 79 79 79 79 79 79 35 46 46 46 46 46 46 6 6 6 6 23 23 23 23 61 61 61 61 61 61 61 61 61 61 61 61 66 66 66 -9999 12 12 12 12 8 8 38 32 32 32 32 59 59 59 26 26 26 26 26 26 26 26 -9999 -9999 -9999 -9999 -9999 -9999
39 39 39 21 21 18 18 18 18 18 18 -9999 83 79 79 79 79 79 79 79 79 79 79 46 46 46 46 46 46 6 6 6 6 6 23 23 23 23 23 61 61 61 61 61 61 -9999 61 61 61 61 66 66 66 9 9 12 12 12 12 8 32 32 32 32 59 59 59 59 26 26 26 26 26 26 26 26 -9999 -9999 -9999 -9999 -9999 -9999
39 39 39 21 21 18 18 18 18 18 18 18 -9999 51 79 79 79 79 79 79 79 79 46 46 46 46 46 46 6 6 6 6 6 6 6 6 6 23 23 61 61 61 61 61 61 61 61 61 66 66 66 66 -9999 9 9 9 12 12 12 32 32 32 32 59 59 59 59 59 26 26 26 26 26 26 26 26 -9999 -9999 -9999 -9999 -9999 -9999
28 41 41 39 18 18 18 18 18 47 18 18 79 79 -9999 79 79 79 79 79 79 46 46 46 46 46 6 6 6 6 6 6 6 6 6 6 6 50 50 50 50 44 44 61 61 61 61 61 66 66 66 -9999 9 9 9 9 12 12 79 79 32 59 59 59 59 59 59 26 26 26 26 26 26 26 26 22 22 -9999 -9999 -9999 -9999 -9999
28 41 41 39 39 18 18 18 47 47 47 18 79 79 79 79 -9999 79 79 79 53 53 53 53 53 53 53 6 6 6 6 6 6 6 6 6 6 6 50 50 50 44 44 44 44 44 44 44 44 66 66 -9999 9 9 9 9 9 79 79 79 59 59 59 59 59 59 59 26 26 26 26 26 26 26 26 26 26 -9999 -9999 -9999 -9999 -9999
41 41 41 41 41 39 18 47 47 47 47 25 25 79 79 79 25 25 -9999 53 53 53 53 53 53 53 53 53 53 6 6 6 6 6 6 6 6 6 50 50 50 44 44 44 44 44 44 44 44 19 -9999 9 9 9 9 9 79 79 79 79 79 59 59 59 59 79 79 26 26 26 26 26 26 26 26 26 26 26 -9999 -9999 -9999 -9999
41 41 41 41 41 39 18 18 47 47 25 25 25 25 25 -9999 25 25 25 25 -9999 53 53 53 53 53 53 53 53 6 6 6 6 6 6 6 6 6 50 50 44 44 38 -9999 -9999 -9999 -9999 -9999 8 8 8 -9999 9 9 9 79 79 79 79 79 79 79 79 79 79 79 79 79 26 26 26 26 26 26 26 26 26 26 -9999 -9999 -9999 -9999
41 41 41 41 41 39 18 18 18 47 25 25 25 25 -9999 25 25 25 25 65 65 75 -9999 53 53 53 53 53 6 6 6 6 6 6 6 6 6 6 56 -9999 53 57 57 57 57 8 8 8 8 8 8 8 -9999 29 79 79 79 79 79 79 79 79 79 79 79 79 79 26 26 26 26 26 26 28 26 26 28 28 28 -9999 -9999 -9999
41 41 41 41 41 41 41 18 18 6 25 25 25 -9999 25 25 25 65 65 65 65 65 53 33 -9999 53 53 53 53 6 6 6 6 6 6 6 6 -9999 57 57 57 57 57 57 8 8 8 8 8 8 8 8 8 31 -9999 -9999 79 79 79 79 79 79 79 26 26 26 26 26 26 26 26 28 28 28 28 28 28 28 28 17 -9999 -9999
41 41 41 41 41 41 41 18 18 6 6 6 14 25 25 25 25 65 65 53 53 53 53 53 13 -9999 -9999 53 53 6 6 6 6 6 6 -9999 57 57 57 57 57 57 57 8 8 8 8 8 8 8 8 8 8 31 31 31 -9999 79 79 26 26 26 26 26 26 26 26 26 26 26 26 26 28 28 28 28 28 28 17 17 17 -9999
41 41 41 41 41 41 41 18 6 6 6 6 -9999 6 6 25 65 65 65 53 53 53 53 13 13 13 13 -9999 -9999 -9999 -9999 -9999 -9999 -9999 57 57 57 57 57 57 57 57 57 8 8 8 8 8 8 8 8 8 31 31 31 31 31 -9999 79 26 26 26 26 26 26 26 26 29 29 26 26 26 28 28 28 28 28 28 28 17 17 -9999
72 72 41 41 41 41 41 6 6 6 6 -9999 6 6 6 6 65 65 65 53 53 13 13 13 13 13 13 57 57 57 57 57 57 57 57 57 57 57 26 26 26 26 26 24 8 8 8 8 8 8 8 31 31 31 31 31 31 -9999 29 29 26 26 29 29 29 29 29 29 29 34 34 34 34 28 28 28 28 28 17 17 17 17
72 72 72 72 41 41 41 6 6 6 -9999 6 6 6 6 6 6 65 65 53 53 13 13 13 13 13 57 57 57 57 57 57 57 57 26 26 26 26 26 26 26 26 24 24 24 8 8 8 8 8 31 31 31 31 31 31 31 31 -9999 29 29 29 29 29 29 29 29 29 29 34 34 34 34 34 28 28 28 28 17 17 17 17
60 72 72 72 60 41 6 -9999 -9999 -9999 6 6 6 6 6 6 6 6 65 53 53 13 13 13 13 13 57 57 57 57 57 57 57 26 26 26 26 26 26 26 26 26 26 24 24 24 8 8 8 31 31 31 31 31 31 31 31 31 -9999 29 29 29 29 29 29 29 29 29 34 34 34 34 34 34 34 28 28 17 17 17 17 17
60 60 60 60 60 -9999 6 6 6 -9999 6 6 6 6 6 6 6 6 6 53 53 53 53 13 13 13 57 57 26 26 26 26 26 26 26 26 26 26 26 26 26 26 24 24 24 24 24 8 0 0 31 31 31 31 31 31 31 31 31 29 29 29 29 29 29 29 29 29 29 34 34 34 34 34 34 34 17 17 17 17 17 17
60 60 60 60 -9999 58 15 6 6 6 6 6 6 6 6 6 6 6 53 53 53 53 41 41 41 41 26 26 26 26 26 26 26 26 26 26 26 11 11 11 11 11 24 24 24 24 24 0 0 0 0 31 31 31 31 31 31 31 31 21 29 29 29 29 29 29 29 35 29 34 34 34 34 34 34 34 17 17 17 17 17 17
