04_184A001/keskipituus.asc
ncols 378
nrows 390
xllcorner 613424
yllcorner 6870896
cellsize 16
nodata_value -9999
[rows 324 to 359 of 390, columns 243 to 323 of 378]
124 124 124 124 124 124 110 -9999 -9999 -9999 -9999 -9999 -9999 -9999 -9999 124 124 128 128 128 128 128 199 166 38 38 38 38 194 194 194 194 194 194 194 194 194 194 194 194 194 194 194 194 194 0 0 0 0 0 0 182 53 53 53 53 53 53 53 53 -9999 2 2 2 2 2 2 2 223 223 223 223 209 209 209 209 209 209 209 139 139
124 124 124 124 124 124 130 130 -9999 100 172 -9999 130 130 130 130 -9999 -9999 128 128 128 128 128 166 166 166 166 166 194 194 194 194 194 43 43 43 194 194 194 194 194 194 194 194 194 0 0 0 0 0 0 88 88 88 88 53 53 53 53 -9999 66 66 2 2 2 2 2 122 122 122 122 209 209 209 209 209 209 209 236 209 209
165 165 165 165 165 124 130 130 130 130 130 130 130 130 130 130 130 130 127 -9999 -9999 128 166 166 166 166 166 166 166 194 194 194 43 43 43 43 43 194 194 194 194 194 194 194 194 0 0 0 0 88 88 88 88 88 88 88 88 88 -9999 66 66 66 66 2 2 2 2 122 122 122 122 169 209 209 209 209 209 236 236 236 209
165 165 165 165 165 124 130 130 130 130 130 130 152 152 152 152 130 130 130 130 130 119 -9999 74 166 166 166 166 166 95 95 194 43 43 43 43 194 194 194 194 194 194 194 194 194 0 0 0 0 88 88 88 88 88 88 88 -9999 66 66 66 66 66 66 66 66 66 122 122 122 122 122 169 169 209 209 236 236 236 236 236 236
58 165 165 165 165 124 130 130 130 130 130 130 130 152 152 152 152 152 130 130 130 166 166 166 -9999 -9999 166 166 166 95 95 95 43 43 43 43 194 194 194 194 194 136 194 136 194 132 132 132 132 88 88 88 88 88 88 -9999 66 66 66 66 66 66 66 66 66 66 122 122 122 122 122 169 169 209 236 236 236 236 236 236 236
58 58 58 58 58 130 130 130 130 130 2 2 2 2 2 2 2 152 152 130 130 166 166 166 166 166 161 -9999 166 166 95 95 95 43 43 43 43 194 194 194 194 136 136 136 136 132 132 132 132 132 88 88 88 -9999 66 66 2 2 66 2 66 66 66 66 66 122 122 122 122 122 122 169 169 169 236 236 236 236 236 236 236
58 58 58 58 58 186 186 130 2 2 2 2 2 2 2 2 2 2 2 152 2 2 166 166 166 166 166 166 166 -9999 -9999 -9999 -9999 119 -9999 -9999 -9999 -9999 -9999 -9999 -9999 -9999 136 136 136 132 132 132 132 132 88 -9999 -9999 44 66 2 2 2 2 2 2 66 66 66 122 122 122 131 131 131 122 169 169 169 236 236 236 236 236 236 236
58 58 58 58 58 186 186 186 116 116 116 116 116 182 182 2 2 2 2 2 2 2 2 2 167 167 166 166 95 95 95 95 95 95 166 166 166 166 166 166 166 166 166 -9999 -9999 -9999 -9999 -9999 -9999 -9999 44 44 44 44 2 2 2 2 2 2 2 66 66 66 131 131 131 131 131 131 131 169 169 169 169 169 236 236 236 236 236
58 58 58 58 186 186 186 116 116 116 116 116 116 182 182 182 182 182 161 161 2 2 167 167 167 167 167 167 95 95 95 95 95 95 166 166 166 166 166 166 166 166 166 92 92 92 92 92 92 44 44 44 44 44 44 2 2 2 2 2 2 2 120 131 131 131 131 131 131 131 131 169 169 169 169 169 169 236 236 236 236
58 58 58 58 186 186 186 186 186 116 116 116 116 182 182 182 182 161 161 161 161 161 95 95 95 95 167 95 95 95 95 95 95 95 166 166 166 166 166 166 166 166 166 92 92 92 92 92 92 44 44 44 44 44 44 44 44 120 120 120 120 120 131 131 131 131 131 131 131 131 169 169 169 169 169 169 169 169 169 236 236
58 58 58 58 186 186 186 186 186 186 116 116 116 116 182 179 179 161 161 161 161 161 95 95 95 95 95 167 95 95 95 95 95 95 166 166 166 166 166 166 166 166 44 44 92 92 92 92 92 44 44 44 44 44 44 44 120 120 120 44 44 120 131 131 131 131 131 131 131 131 169 169 169 169 169 169 169 169 169 169 169
58 58 58 58 186 186 186 186 186 186 186 116 116 116 116 179 179 161 161 161 161 161 2 2 95 95 95 167 167 167 167 166 166 166 166 166 166 166 166 166 166 166 44 44 44 92 92 92 92 44 44 44 44 44 44 120 120 120 44 44 44 131 131 131 131 131 131 131 131 131 169 169 169 169 169 169 169 169 169 169 182
191 191 58 186 186 186 186 186 186 186 186 186 116 116 179 179 179 179 161 161 161 2 2 2 2 2 2 2 2 167 167 166 166 166 166 166 166 166 76 166 166 166 166 44 44 44 92 92 44 44 44 44 44 44 120 120 120 44 44 44 44 131 131 131 131 131 131 131 131 131 169 169 169 169 169 169 169 169 169 169 182
191 191 191 186 186 186 186 186 186 186 186 186 108 108 108 108 108 161 161 161 161 2 2 2 2 2 2 2 108 76 76 76 76 166 166 166 76 76 76 76 76 166 1 44 44 44 44 44 44 44 44 44 44 44 120 120 120 44 44 44 131 131 131 131 131 131 131 131 131 131 169 169 169 169 169 169 169 169 169 169 210
10 10 10 191 191 186 186 186 186 186 108 108 108 108 108 108 108 108 108 108 108 108 108 108 108 108 108 108 108 76 76 76 76 76 76 76 76 76 76 1 1 1 1 1 44 44 44 44 44 44 44 44 44 44 44 44 44 44 44 114 131 131 131 131 131 131 131 131 131 131 169 169 169 169 169 169 169 169 210 210 210
10 10 10 33 191 191 191 191 191 108 108 108 108 108 108 108 108 108 108 108 108 108 108 108 108 108 108 108 108 108 108 108 108 76 76 1 1 76 1 1 1 1 1 1 1 44 44 44 44 162 162 114 114 114 44 44 44 44 44 114 131 131 131 131 131 131 131 131 131 131 169 169 169 169 169 169 169 210 210 210 210
10 10 10 33 33 33 191 191 191 191 191 191 191 191 191 4 4 108 108 108 108 108 108 108 108 108 108 108 108 108 108 108 1 1 1 1 1 1 1 153 153 153 1 1 1 1 1 44 44 162 162 114 114 114 44 44 44 44 114 114 114 131 131 131 131 131 131 131 131 169 169 169 169 169 169 169 210 210 210 210 210
33 10 10 33 33 33 33 33 33 33 191 191 191 191 191 4 4 4 4 4 4 4 4 4 108 108 108 108 108 108 1 1 1 1 1 1 1 153 153 153 153 153 1 1 1 1 1 1 44 44 162 114 114 114 44 44 44 114 114 114 114 114 114 131 131 131 131 131 131 169 169 169 169 169 169 210 210 210 210 210 210
33 33 33 33 33 33 33 33 33 33 33 33 33 33 33 4 4 4 4 4 4 4 4 4 4 4 4 4 4 4 4 4 1 1 1 1 1 153 153 153 153 153 1 1 1 1 1 1 1 152 152 162 162 114 114 44 44 114 114 114 114 114 114 196 196 196 196 131 131 169 169 169 169 169 210 210 210 210 210 210 210
33 33 33 33 33 33 33 33 33 33 33 33 33 33 33 4 4 4 4 4 4 4 4 4 4 4 4 4 4 4 4 218 218 218 218 218 218 153 153 153 153 153 153 1 1 1 1 1 1 152 152 152 162 162 114 114 114 114 114 114 114 114 114 196 196 196 196 196 131 169 169 169 169 169 210 210 210 210 210 210 210
33 33 33 33 33 33 33 33 33 33 33 33 33 33 33 33 33 33 4 4 4 4 4 4 4 4 4 4 4 4 218 218 218 218 218 218 218 218 153 153 153 153 153 1 1 1 1 1 152 152 152 152 162 162 162 114 114 114 114 114 114 114 196 196 196 196 196 131 131 169 169 169 169 169 210 210 210 210 210 210 210
33 33 33 33 33 33 33 33 33 33 33 33 33 33 33 33 33 33 4 4 4 4 4 4 4 4 4 4 4 218 218 218 218 218 218 218 218 218 32 32 153 153 1 1 1 1 1 1 152 152 152 152 152 152 162 137 137 137 137 137 114 114 196 196 196 196 196 196 131 169 169 169 169 169 169 210 210 210 210 210 210
33 33 33 33 33 33 33 33 33 33 33 33 33 33 33 33 33 33 4 4 4 4 4 4 4 4 4 4 218 218 218 218 218 218 218 218 218 218 32 32 32 153 1 1 1 1 1 1 152 152 152 152 152 152 147 147 137 137 137 137 137 114 114 196 196 196 196 196 196 169 65 65 169 169 169 210 210 210 210 210 210
33 33 33 33 33 33 33 33 33 33 33 33 33 33 33 33 33 33 4 4 4 4 4 4 4 4 4 218 218 218 218 218 218 218 188 188 218 32 32 32 32 32 1 1 1 1 1 152 152 152 152 152 152 152 147 147 147 211 211 211 137 137 137 196 196 196 196 196 196 65 65 65 65 65 65 65 65 210 210 210 210
178 33 33 33 33 33 33 33 33 33 33 33 33 33 33 33 33 33 33 33 4 4 4 4 4 218 218 218 218 218 218 218 218 218 188 188 32 32 32 32 32 190 190 1 1 1 1 152 152 152 152 152 152 147 147 147 147 147 147 211 211 137 137 137 196 196 196 196 148 65 65 148 148 148 65 65 65 65 210 210 210
178 178 33 33 33 33 33 33 33 33 33 33 33 33 33 33 33 33 33 33 33 4 4 4 255 218 218 218 218 218 218 218 218 188 188 32 32 32 32 32 190 190 190 190 190 1 152 152 152 152 152 152 147 147 147 147 147 147 147 211 211 211 211 196 211 196 196 196 148 148 148 148 148 148 148 148 148 148 171 210 233
33 33 178 33 33 33 33 33 33 33 33 33 33 33 33 33 33 33 33 33 33 33 33 273 255 255 218 218 218 218 218 218 218 188 188 32 32 32 190 190 190 190 190 190 190 190 152 152 152 152 152 152 147 147 147 147 147 147 147 211 211 211 211 211 211 211 196 211 148 148 148 148 148 148 148 148 148 171 171 171 171
33 178 178 33 33 33 33 33 33 33 33 33 33 33 33 33 33 33 33 33 33 33 273 273 255 255 218 218 218 218 218 218 188 188 32 32 32 190 190 190 190 190 190 190 190 107 190 190 152 152 152 147 147 147 147 147 147 147 211 211 211 211 211 211 211 211 211 211 148 148 148 148 148 148 195 195 195 171 171 171 171
33 178 178 33 33 33 33 33 33 33 33 33 33 33 33 33 33 33 33 33 33 273 273 273 273 255 255 255 218 255 218 255 188 32 32 32 162 190 190 190 190 190 190 190 190 107 107 107 190 190 152 147 147 147 147 147 147 211 211 211 211 211 211 211 211 211 211 211 148 148 148 148 148 148 195 195 195 195 195 195 195
33 178 33 33 33 33 33 33 33 33 33 33 33 33 33 33 33 33 33 33 273 273 273 273 273 273 255 255 255 255 255 255 255 32 32 162 162 162 190 190 190 190 190 190 107 107 107 107 107 107 107 107 190 147 147 147 211 211 211 211 211 211 211 211 211 211 211 211 148 148 148 148 195 195 195 195 195 195 195 195 195
33 33 33 33 33 33 33 33 33 33 33 33 33 33 33 33 33 33 33 245 273 273 273 273 273 273 255 255 255 255 255 255 32 32 32 162 162 162 162 190 107 107 190 107 107 107 107 107 107 107 107 107 107 190 190 147 147 147 211 211 211 211 211 211 211 211 211 211 148 148 148 195 195 195 195 195 195 195 195 195 195
33 33 33 33 33 33 33 33 33 33 33 33 33 33 33 33 33 245 245 245 245 273 273 273 273 273 194 194 255 255 255 32 32 32 32 32 32 162 162 162 162 107 107 107 107 107 107 107 107 107 107 107 107 190 190 190 190 147 147 147 211 211 211 211 211 211 211 148 148 148 209 209 209 195 195 195 195 195 195 195 195
33 33 33 33 33 33 33 33 33 33 33 33 33 33 33 33 245 245 245 245 245 245 273 273 273 194 194 194 194 194 255 32 32 32 32 32 32 32 162 162 162 162 162 234 107 107 107 107 107 107 107 107 107 190 190 107 190 107 149 149 211 211 211 211 211 211 211 148 148 209 209 209 209 209 209 195 195 195 195 195 195
33 33 33 33 33 33 33 33 33 33 33 33 33 33 33 0 245 245 245 245 243 243 273 273 273 273 255 255 194 255 32 32 32 32 32 32 32 32 32 162 162 162 162 234 234 234 234 107 107 107 107 107 107 190 107 107 107 107 149 149 149 149 149 211 211 211 211 148 148 209 209 209 209 209 209 209 195 195 195 195 195
-9999 33 33 33 33 33 33 33 33 33 33 33 33 33 0 0 0 0 245 243 243 243 243 273 255 255 255 255 255 223 32 32 32 32 32 32 32 32 32 32 162 162 234 234 234 234 234 234 234 234 107 107 107 107 107 107 107 149 149 149 149 149 149 149 149 211 211 148 209 209 209 209 209 209 209 209 190 190 195 195 195
-9999 -9999 33 33 33 33 33 33 33 33 33 33 33 0 0 0 0 0 243 243 243 243 243 255 255 255 255 255 255 223 223 32 32 32 32 32 32 32 32 32 32 234 234 234 234 234 234 234 234 234 234 178 178 107 107 107 107 149 149 149 149 149 149 149 149 149 219 230 209 209 209 209 209 209 209 209 190 190 190 195 195
