04_184A001/keskipituus.asc
ncols 378
nrows 390
xllcorner 613424
yllcorner 6870896
cellsize 16
nodata_value -9999
[rows 108 to 143 of 390, columns 0 to 80 of 378]
-9999 -9999 -9999 -9999 187 42 42 42 42 42 169 169 42 42 42 140 140 140 93 93 140 140 140 33 33 33 33 33 200 200 143 -9999 200 200 -9999 223 223 223 223 223 223 223 138 138 138 243 253 253 253 253 253 253 253 217 217 217 217 217 96 96 96 49 49 49 49 217 217 217 -9999 -9999 -9999 -9999 -9999 -9999 -9999 -9999 -9999 -9999 -9999 -9999 -9999
-9999 -9999 187 187 187 42 42 42 42 42 42 42 42 42 42 42 140 140 140 140 140 140 140 42 42 33 33 33 200 200 136 200 200 -9999 -9999 -9999 168 223 223 223 223 223 138 138 138 138 138 253 253 253 253 253 253 253 217 217 217 217 217 217 96 96 49 49 49 49 49 217 217 -9999 -9999 -9999 -9999 -9999 -9999 -9999 -9999 -9999 -9999 -9999 -9999
-9999 90 90 187 187 42 42 42 42 42 42 42 42 42 42 42 140 140 140 140 140 140 140 42 42 42 42 33 200 200 113 200 200 -9999 -9999 -9999 223 223 223 223 223 223 138 138 138 138 138 138 253 253 253 253 253 253 136 217 217 217 217 217 217 96 96 96 49 49 49 49 49 49 49 -9999 -9999 -9999 -9999 -9999 -9999 -9999 -9999 -9999 -9999
-9999 90 90 187 187 187 42 42 42 42 42 42 42 42 42 42 42 42 42 42 140 140 140 42 42 42 42 42 208 200 102 200 200 -9999 -9999 -9999 223 223 223 223 223 223 223 138 138 138 138 138 138 138 253 253 253 136 136 136 217 217 217 217 217 217 217 217 217 217 217 49 49 49 49 49 -9999 -9999 -9999 -9999 -9999 -9999 -9999 -9999 -9999
-9999 -9999 187 187 187 187 187 187 187 42 42 42 42 42 42 42 42 42 42 42 42 140 42 42 42 42 208 208 208 208 208 -9999 200 -9999 -9999 101 99 223 223 223 223 223 223 138 138 138 138 138 138 138 138 138 136 136 136 136 136 217 217 217 217 217 217 217 217 217 217 217 217 49 49 49 49 -9999 -9999 -9999 -9999 -9999 -9999 -9999 -9999
-9999 -9999 187 187 187 187 187 187 42 42 42 42 42 42 42 42 42 42 42 42 42 42 42 42 42 42 208 208 208 208 208 -9999 208 -9999 145 112 32 99 104 223 223 223 223 138 138 138 138 138 138 138 138 138 138 151 136 136 136 136 217 217 217 217 217 217 217 217 217 217 217 217 49 49 222 -9999 -9999 -9999 -9999 -9999 -9999 -9999 -9999
-9999 -9999 108 108 108 187 187 187 42 42 42 42 42 42 42 42 42 42 42 42 42 42 42 42 42 42 42 42 208 208 208 -9999 208 -9999 180 42 66 85 98 143 142 223 223 223 138 138 138 138 138 138 138 138 138 151 151 151 136 136 136 136 217 217 217 217 217 217 217 217 217 217 217 243 243 222 222 -9999 -9999 -9999 -9999 -9999 -9999
-9999 -9999 -9999 -9999 108 108 108 187 42 42 42 42 42 42 42 42 42 42 42 42 42 130 42 42 42 42 253 253 253 208 208 -9999 208 -9999 -9999 -9999 -9999 -9999 -9999 57 41 41 223 223 223 138 138 138 138 138 138 138 138 151 151 151 151 151 136 136 225 225 225 225 225 217 217 217 217 217 217 243 243 222 222 222 222 -9999 -9999 -9999 -9999
-9999 -9999 -9999 -9999 108 108 108 108 108 42 42 42 42 42 42 42 42 42 42 42 42 130 130 42 130 253 253 253 253 253 253 208 208 -9999 34 -9999 -9999 -9999 -9999 4 6 73 223 223 223 223 138 138 138 138 138 151 151 151 151 151 151 151 151 151 225 225 225 225 225 225 225 217 217 243 243 243 243 222 222 222 222 -9999 -9999 -9999 -9999
-9999 -9999 -9999 -9999 108 108 108 108 216 216 216 216 42 42 42 42 42 42 42 42 130 130 130 130 130 253 253 253 253 253 253 253 208 208 -9999 -9999 -9999 -9999 -9999 -9999 -9999 34 223 223 223 223 223 223 138 138 138 151 151 151 151 151 151 151 151 151 151 225 225 225 225 225 225 225 176 243 243 243 222 222 222 222 222 222 222 -9999 -9999
-9999 -9999 -9999 -9999 211 108 108 108 108 216 216 216 216 216 42 42 42 42 42 42 42 130 130 130 130 130 253 253 253 253 253 253 -9999 208 -9999 -9999 -9999 -9999 56 203 203 9 -9999 -9999 174 223 223 223 158 158 158 151 151 151 151 151 151 151 151 151 151 151 256 256 225 225 225 176 176 176 176 243 222 222 222 222 222 222 219 233 -9999
-9999 -9999 -9999 -9999 211 108 108 108 108 216 216 216 216 216 216 216 42 42 42 42 130 130 130 130 130 130 130 253 253 253 253 253 -9999 208 -9999 203 203 38 203 203 203 203 203 -9999 -9999 203 203 158 158 158 158 158 151 151 151 151 151 151 151 151 151 151 256 256 256 256 225 176 176 176 176 176 176 222 222 222 222 222 222 -9999 -9999
-9999 -9999 -9999 -9999 102 108 108 108 108 216 216 216 216 216 216 216 216 133 133 130 130 130 130 130 130 130 130 130 253 253 253 253 253 208 -9999 203 203 203 203 203 203 203 203 203 203 203 203 203 203 158 158 158 158 158 158 158 206 206 206 206 206 151 151 256 256 256 256 249 176 176 176 176 176 176 176 176 176 222 222 -9999 -9999
-9999 -9999 -9999 -9999 -9999 102 108 108 216 155 122 216 216 216 216 216 133 133 133 133 133 130 130 130 130 130 130 130 130 253 253 253 253 8 -9999 203 203 203 203 203 203 203 203 203 203 203 203 203 203 203 203 158 158 158 158 206 206 206 206 206 206 206 206 206 256 256 256 249 249 249 176 176 176 176 176 176 176 -9999 -9999 -9999 -9999
-9999 -9999 -9999 -9999 -9999 -9999 108 155 122 122 122 122 216 216 216 133 133 133 133 133 133 74 74 130 130 130 130 130 130 130 130 253 130 -9999 -9999 203 203 203 203 96 96 203 96 203 203 203 203 203 203 203 76 76 76 76 206 206 206 206 206 206 206 206 206 206 256 256 249 249 249 249 249 176 176 176 176 176 -9999 -9999 -9999 -9999 -9999
-9999 -9999 -9999 -9999 -9999 -9999 -9999 -9999 -9999 -9999 -9999 -9999 -9999 216 -9999 -9999 133 133 133 133 133 74 -9999 -9999 74 74 130 130 130 130 130 130 130 -9999 -9999 203 203 203 96 96 96 96 96 96 96 96 203 203 203 76 76 76 76 76 76 76 206 152 152 206 206 206 206 206 206 249 249 249 249 249 249 249 249 176 176 176 -9999 -9999 -9999 -9999 -9999
-9999 -9999 -9999 -9999 -9999 -9999 -9999 -9999 -9999 -9999 -9999 -9999 -9999 -9999 -9999 -9999 -9999 133 133 133 74 74 -9999 -9999 -9999 74 126 126 130 130 130 130 130 130 31 -9999 203 203 203 203 96 148 148 148 148 96 96 96 96 96 76 76 76 76 76 76 76 152 152 206 206 206 206 206 206 206 249 249 249 249 249 249 249 249 249 176 -9999 -9999 -9999 -9999 -9999
-9999 -9999 -9999 -9999 -9999 -9999 -9999 -9999 -9999 -9999 -9999 -9999 -9999 -9999 -9999 -9999 -9999 -9999 -9999 -9999 -9999 -9999 -9999 -9999 -9999 -9999 -9999 -9999 -9999 126 130 130 130 130 -9999 -9999 203 203 203 203 203 148 148 148 148 148 148 96 96 96 96 76 76 76 76 76 152 152 152 152 206 206 206 206 206 206 139 249 196 196 196 249 249 249 249 200 200 -9999 -9999 -9999 -9999
-9999 -9999 -9999 -9999 -9999 -9999 -9999 -9999 -9999 -9999 -9999 -9999 -9999 -9999 -9999 -9999 -9999 -9999 -9999 -9999 -9999 -9999 -9999 -9999 -9999 -9999 -9999 -9999 -9999 -9999 126 126 168 130 -9999 -9999 203 203 203 203 203 84 148 148 148 148 148 148 148 96 123 123 123 76 76 76 152 152 152 152 206 206 206 206 139 139 223 223 196 196 196 196 249 249 200 200 200 200 -9999 -9999 -9999
-9999 -9999 -9999 -9999 -9999 -9999 -9999 -9999 -9999 -9999 -9999 -9999 -9999 -9999 -9999 -9999 -9999 -9999 -9999 -9999 -9999 -9999 -9999 -9999 -9999 -9999 -9999 -9999 -9999 -9999 -9999 -9999 -9999 168 -9999 31 -9999 203 203 203 12 -9999 -9999 148 148 148 148 148 148 148 123 123 123 123 123 152 152 152 152 208 208 206 206 206 139 139 223 223 223 196 196 196 196 200 200 200 200 200 218 218 -9999
-9999 -9999 -9999 -9999 -9999 -9999 -9999 -9999 -9999 -9999 -9999 -9999 -9999 -9999 -9999 -9999 -9999 -9999 -9999 -9999 -9999 -9999 -9999 -9999 -9999 -9999 -9999 -9999 -9999 -9999 -9999 -9999 -9999 -9999 -9999 -9999 -9999 203 -9999 25 -9999 -9999 -9999 -9999 -9999 148 148 148 148 123 123 123 123 123 123 229 152 152 152 208 208 139 139 139 139 139 223 223 223 196 196 196 196 200 200 200 200 200 218 218 218
-9999 -9999 -9999 -9999 -9999 -9999 -9999 -9999 -9999 -9999 -9999 -9999 -9999 -9999 -9999 -9999 -9999 -9999 -9999 -9999 -9999 -9999 -9999 -9999 -9999 -9999 -9999 -9999 -9999 -9999 -9999 -9999 -9999 -9999 -9999 -9999 -9999 54 -9999 -9999 -9999 -9999 -9999 -9999 -9999 -9999 -9999 -9999 123 123 123 123 123 123 229 229 229 229 208 208 208 139 139 139 139 223 223 223 196 196 196 196 196 200 200 200 200 218 218 218 218
-9999 -9999 -9999 -9999 -9999 -9999 -9999 -9999 -9999 -9999 -9999 -9999 -9999 -9999 -9999 -9999 -9999 -9999 -9999 -9999 -9999 -9999 -9999 -9999 -9999 -9999 -9999 -9999 -9999 -9999 -9999 -9999 -9999 -9999 -9999 -9999 -9999 -9999 -9999 -9999 -9999 -9999 -9999 -9999 -9999 -9999 -9999 -9999 -9999 -9999 -9999 -9999 123 123 229 229 229 229 208 208 208 208 139 139 139 223 223 223 196 196 196 196 196 200 200 200 218 -9999 -9999 218 218
-9999 -9999 -9999 -9999 -9999 -9999 -9999 -9999 -9999 -9999 -9999 -9999 -9999 -9999 -9999 -9999 -9999 -9999 -9999 -9999 -9999 -9999 -9999 -9999 -9999 -9999 -9999 -9999 -9999 -9999 -9999 -9999 -9999 -9999 -9999 -9999 -9999 -9999 -9999 -9999 -9999 -9999 -9999 -9999 -9999 -9999 -9999 -9999 -9999 -9999 -9999 -9999 -9999 229 229 229 229 229 229 229 208 208 208 208 223 223 223 196 196 196 196 196 196 196 200 200 -9999 218 218 218 218
-9999 -9999 -9999 -9999 -9999 -9999 -9999 -9999 -9999 -9999 -9999 -9999 -9999 -9999 -9999 -9999 -9999 -9999 -9999 -9999 -9999 -9999 -9999 -9999 -9999 -9999 -9999 -9999 -9999 -9999 -9999 -9999 -9999 -9999 -9999 -9999 -9999 -9999 -9999 -9999 -9999 -9999 -9999 -9999 -9999 -9999 -9999 -9999 -9999 -9999 -9999 -9999 -9999 229 229 229 229 229 229 229 208 208 208 208 194 223 223 196 196 196 196 196 196 196 196 -9999 218 218 218 218 218
-9999 -9999 -9999 -9999 -9999 -9999 -9999 -9999 -9999 -9999 -9999 -9999 -9999 -9999 -9999 -9999 -9999 -9999 -9999 -9999 -9999 -9999 -9999 -9999 -9999 -9999 -9999 -9999 -9999 -9999 -9999 -9999 -9999 -9999 -9999 -9999 -9999 -9999 -9999 -9999 -9999 -9999 -9999 -9999 -9999 -9999 2 2 2 -9999 -9999 -9999 229 229 229 229 229 229 229 229 208 208 208 194 194 194 196 196 196 196 196 196 196 196 196 218 218 218 218 218 218
-9999 -9999 -9999 -9999 -9999 -9999 -9999 -9999 -9999 -9999 -9999 -9999 -9999 -9999 -9999 -9999 -9999 -9999 -9999 -9999 -9999 -9999 -9999 -9999 -9999 -9999 -9999 -9999 -9999 -9999 -9999 -9999 -9999 -9999 -9999 -9999 -9999 -9999 -9999 -9999 -9999 -9999 -9999 -9999 -9999 -9999 -9999 -9999 -9999 -9999 -9999 -9999 229 229 229 229 229 229 229 208 208 208 208 194 194 194 194 194 194 196 196 196 196 196 -9999 218 218 218 218 218 218
-9999 -9999 -9999 -9999 -9999 -9999 -9999 -9999 -9999 -9999 -9999 -9999 -9999 -9999 -9999 -9999 -9999 -9999 -9999 -9999 -9999 -9999 -9999 -9999 -9999 -9999 -9999 -9999 -9999 -9999 -9999 -9999 -9999 -9999 -9999 -9999 -9999 -9999 -9999 -9999 -9999 -9999 -9999 -9999 -9999 -9999 -9999 -9999 -9999 -9999 -9999 229 229 229 229 229 229 229 229 208 208 208 208 194 194 194 194 194 194 194 194 194 196 -9999 -9999 -9999 -9999 218 218 218 218
-9999 -9999 -9999 -9999 -9999 -9999 -9999 -9999 -9999 -9999 -9999 -9999 -9999 -9999 -9999 -9999 -9999 -9999 -9999 -9999 -9999 -9999 -9999 -9999 -9999 -9999 -9999 -9999 -9999 -9999 -9999 -9999 -9999 -9999 -9999 -9999 -9999 -9999 -9999 -9999 -9999 -9999 -9999 -9999 -9999 -9999 -9999 -9999 -9999 -9999 -9999 229 229 229 229 229 229 229 229 229 229 229 235 235 235 235 194 194 194 194 194 194 194 -9999 -9999 -9999 -9999 -9999 218 218 218
-9999 -9999 -9999 -9999 -9999 -9999 -9999 -9999 -9999 -9999 -9999 -9999 -9999 -9999 -9999 -9999 -9999 -9999 -9999 -9999 -9999 -9999 -9999 -9999 -9999 -9999 -9999 -9999 -9999 -9999 -9999 -9999 -9999 -9999 -9999 -9999 -9999 -9999 -9999 -9999 -9999 -9999 -9999 -9999 -9999 -9999 -9999 -9999 -9999 -9999 229 229 229 229 229 229 229 229 229 229 229 229 235 235 235 235 235 235 235 194 194 194 -9999 -9999 -9999 -9999 -9999 218 218 218 218
-9999 -9999 -9999 -9999 -9999 -9999 -9999 -9999 -9999 -9999 -9999 -9999 -9999 -9999 -9999 -9999 -9999 -9999 -9999 -9999 -9999 -9999 -9999 -9999 -9999 -9999 -9999 -9999 -9999 -9999 -9999 -9999 -9999 -9999 -9999 -9999 -9999 -9999 -9999 -9999 -9999 -9999 -9999 -9999 -9999 -9999 -9999 -9999 -9999 -9999 4 229 229 229 229 229 229 229 229 229 229 235 235 235 235 235 235 235 235 235 194 -9999 -9999 -9999 -9999 -9999 -9999 218 218 218 218
-9999 -9999 -9999 -9999 -9999 -9999 -9999 -9999 -9999 -9999 -9999 -9999 -9999 -9999 -9999 -9999 -9999 -9999 -9999 -9999 -9999 -9999 -9999 -9999 -9999 -9999 -9999 -9999 -9999 -9999 -9999 -9999 -9999 -9999 -9999 -9999 -9999 -9999 -9999 -9999 -9999 -9999 -9999 -9999 -9999 -9999 -9999 -9999 -9999 4 4 229 229 229 229 229 229 229 229 229 229 235 235 235 235 235 235 235 235 235 235 -9999 -9999 -9999 -9999 -9999 -9999 -9999 218 218 218
-9999 -9999 -9999 -9999 -9999 -9999 -9999 -9999 -9999 -9999 -9999 -9999 -9999 -9999 -9999 -9999 -9999 -9999 -9999 -9999 -9999 -9999 -9999 -9999 -9999 -9999 -9999 -9999 -9999 -9999 -9999 -9999 -9999 -9999 -9999 -9999 -9999 -9999 -9999 -9999 -9999 -9999 -9999 -9999 -9999 -9999 -9999 -9999 -9999 4 4 4 4 4 4 229 229 229 229 229 235 235 235 235 235 235 235 235 235 235 -9999 -9999 -9999 -9999 -9999 -9999 -9999 -9999 -9999 -9999 218
-9999 -9999 -9999 -9999 -9999 -9999 -9999 -9999 -9999 -9999 -9999 -9999 -9999 -9999 -9999 -9999 -9999 -9999 -9999 -9999 -9999 -9999 -9999 -9999 -9999 -9999 -9999 -9999 -9999 -9999 -9999 -9999 -9999 -9999 -9999 -9999 -9999 -9999 -9999 -9999 -9999 -9999 -9999 -9999 -9999 -9999 -9999 -9999 221 221 221 221 4 4 4 229 229 229 229 229 235 235 235 235 235 235 235 235 235 235 -9999 -9999 -9999 -9999 -9999 -9999 -9999 -9999 -9999 -9999 -9999
-9999 -9999 -9999 -9999 -9999 -9999 -9999 -9999 -9999 -9999 -9999 -9999 -9999 -9999 -9999 -9999 -9999 -9999 -9999 -9999 -9999 -9999 -9999 -9999 -9999 -9999 -9999 -9999 -9999 -9999 -9999 -9999 -9999 -9999 -9999 -9999 -9999 -9999 -9999 -9999 -9999 -9999 -9999 -9999 -9999 -9999 -9999 -9999 221 221 221 221 221 221 221 229 229 221 229 229 235 235 235 235 235 235 235 235 235 -9999 208 208 -9999 -9999 -9999 -9999 -9999 -9999 -9999 -9999 182
-9999 -9999 -9999 -9999 -9999 -9999 -9999 -9999 -9999 -9999 -9999 -9999 -9999 -9999 -9999 -9999 -9999 -9999 -9999 -9999 -9999 -9999 -9999 -9999 -9999 -9999 -9999 -9999 -9999 -9999 -9999 -9999 -9999 -9999 -9999 -9999 -9999 -9999 -9999 -9999 -9999 -9999 -9999 -9999 -9999 -9999 -9999 9 9 221 221 221 221 221 221 221 221 221 221 235 235 235 235 235 235 235 235 235 235 -9999 208 208 208 208 -9999 -9999 -9999 -9999 -9999 -9999 182
