04_184A001/keskipituus.asc
ncols 378
nrows 390
xllcorner 613424
yllcorner 6870896
cellsize 16
nodata_value -9999
[rows 36 to 71 of 390, columns 81 to 161 of 378]
0 0 130 127 74 119 130 49 30 41 31 43 42 53 50 45 96 88 41 58 48 46 118 118 118 118 118 118 118 244 244 244 244 235 235 -9999 5 5 5 5 5 5 168 173 173 173 173 173 173 173 173 173 217 217 217 217 195 195 195 -9999 -9999 -9999 -9999 -9999 -9999 -9999 -9999 -9999 -9999 -9999 -9999 -9999 -9999 -9999 -9999 -9999 -9999 -9999 -9999 -9999 -9999
0 0 155 162 73 93 66 175 181 37 31 30 47 74 79 119 155 158 173 59 60 50 118 118 118 118 118 118 118 118 244 244 244 244 235 -9999 198 198 198 5 5 5 168 168 173 173 173 173 173 173 173 173 173 217 217 217 217 195 217 217 -9999 -9999 -9999 -9999 -9999 -9999 -9999 -9999 -9999 -9999 -9999 -9999 -9999 -9999 -9999 -9999 -9999 -9999 -9999 -9999 -9999
0 0 162 188 76 53 55 173 114 155 46 36 76 141 190 186 217 219 207 170 68 93 118 118 118 118 118 118 118 118 244 244 244 4 4 -9999 198 198 198 5 5 168 168 168 168 168 173 173 173 173 173 173 173 217 217 217 217 217 217 217 195 184 -9999 -9999 -9999 -9999 -9999 -9999 -9999 -9999 -9999 103 152 152 152 152 203 -9999 -9999 -9999 -9999
0 0 178 132 96 43 60 125 96 71 50 55 60 195 201 198 193 207 207 196 144 218 145 118 118 118 118 118 118 118 118 4 4 4 4 -9999 198 198 198 198 168 168 168 168 168 168 168 173 173 173 173 173 173 173 217 217 217 217 217 217 103 103 103 103 103 103 103 103 103 103 103 203 203 203 203 203 203 203 203 -9999 -9999
0 0 0 159 141 49 71 37 32 39 59 41 88 115 180 168 167 184 189 200 179 185 122 118 118 118 118 118 118 118 118 4 4 4 4 -9999 198 198 198 168 168 168 168 168 168 168 168 168 168 173 173 173 173 173 217 217 217 217 217 103 140 103 103 103 103 171 171 171 171 103 103 203 203 203 203 203 203 203 0 0 0
0 0 0 157 142 -9999 -9999 102 66 -9999 -9999 55 60 128 173 168 169 197 168 179 185 175 178 118 118 62 118 118 118 118 118 4 4 4 4 -9999 198 198 168 168 168 168 168 168 168 168 168 168 168 168 168 173 173 173 173 217 217 217 88 88 140 140 103 103 171 171 171 171 171 171 103 203 203 203 203 203 203 0 0 0 0
0 0 0 -9999 70 77 81 81 70 59 67 50 -9999 -9999 175 151 167 169 155 166 148 188 -9999 -9999 162 140 140 140 -9999 -9999 118 4 4 4 4 46 185 185 168 168 168 185 185 185 185 185 168 168 168 168 168 168 173 173 173 217 88 88 88 88 88 140 140 140 140 171 171 171 171 171 171 203 203 203 203 203 0 0 0 0 159
0 0 -9999 154 87 89 80 81 92 54 64 84 132 124 135 -9999 152 159 171 170 -9999 163 159 162 162 140 140 140 140 140 140 -9999 -9999 -9999 4 198 198 185 185 185 185 185 185 185 185 185 168 168 168 168 168 168 173 173 217 88 88 88 88 88 88 88 88 140 140 140 171 171 171 171 171 203 203 203 203 0 0 0 0 0 159
182 -9999 238 238 100 79 78 81 96 78 57 83 135 158 128 141 146 119 139 151 224 199 166 162 162 162 140 140 140 140 140 140 243 243 243 -9999 -9999 185 185 185 185 185 185 185 185 185 185 168 168 168 168 168 173 185 121 121 88 88 88 88 88 88 88 140 140 140 171 171 171 171 203 203 203 203 0 0 0 0 0 159 159
182 238 238 238 80 79 102 81 99 82 82 71 73 118 182 123 182 160 154 149 169 184 169 162 162 162 140 140 140 140 243 243 243 243 243 243 243 243 245 -9999 -9999 185 185 185 185 185 185 185 168 168 185 185 185 185 121 121 121 88 88 88 88 88 88 140 140 140 171 171 171 171 203 203 203 0 0 0 0 0 0 128 159
-9999 238 238 238 120 83 85 93 139 163 158 91 100 129 135 104 154 201 204 177 184 205 198 162 162 162 123 140 140 140 243 243 243 243 243 243 243 243 243 243 243 243 -9999 -9999 185 185 185 185 185 185 185 185 185 121 121 121 121 121 88 88 88 88 88 88 140 140 171 171 171 203 203 203 0 0 0 0 0 128 128 128 128
238 238 238 238 113 91 95 140 191 233 218 137 94 99 103 81 156 168 216 187 195 198 186 162 162 162 162 123 140 140 243 243 243 243 243 243 243 243 243 243 243 243 243 243 243 -9999 -9999 164 185 185 185 185 185 126 121 121 121 121 121 88 88 88 88 88 126 126 171 171 203 203 203 203 0 0 0 128 128 128 128 128 128
238 238 238 238 238 162 144 186 205 231 206 177 71 90 125 84 152 146 190 185 165 167 184 162 162 162 123 123 123 123 243 243 243 243 243 243 243 243 243 243 243 243 243 243 243 243 243 243 -9999 -9999 -9999 185 126 126 126 126 126 121 121 121 88 88 88 88 126 126 171 203 203 203 203 0 0 0 0 128 128 128 128 128 150
238 238 238 238 238 125 177 207 240 229 203 164 158 153 125 110 91 153 153 166 159 117 146 162 123 123 123 123 123 123 243 243 243 243 243 243 243 243 243 243 243 243 243 243 243 243 243 243 243 243 243 243 -9999 -9999 126 126 126 126 121 121 121 88 88 88 126 126 126 126 203 203 0 0 0 0 128 128 128 128 128 150 150
168 238 238 238 238 146 165 193 165 210 192 188 169 150 147 175 153 137 91 97 117 159 164 123 123 123 123 123 123 123 243 243 243 243 243 243 243 243 243 243 243 243 243 243 243 243 243 243 243 243 243 133 133 133 133 -9999 47 126 126 126 121 121 121 121 126 126 126 126 203 0 0 0 0 0 128 128 128 162 -9999 -9999 -9999
168 168 238 238 238 169 126 114 170 176 206 218 180 172 122 170 194 174 182 127 96 154 180 123 123 123 123 123 123 123 243 243 243 243 243 243 243 243 243 243 243 243 243 243 243 243 39 39 39 243 243 133 133 133 133 133 133 -9999 -9999 126 126 126 126 126 126 126 126 126 0 0 0 177 -9999 -9999 -9999 140 149 149 149 149 149
168 168 238 238 238 238 103 89 127 153 179 195 179 134 169 183 185 194 154 110 96 169 163 115 123 123 123 123 123 123 123 243 243 243 243 243 243 243 243 243 243 243 243 243 243 39 39 39 39 39 133 133 133 133 133 133 133 133 95 95 -9999 -9999 126 126 126 -9999 -9999 -9999 -9999 153 153 141 141 141 -9999 129 129 129 129 149 149
168 168 168 238 238 238 111 84 89 93 114 207 142 135 144 191 155 175 118 78 97 152 167 133 123 123 123 123 123 123 243 243 243 243 243 243 243 243 243 243 243 243 243 243 243 39 39 39 39 39 133 133 133 133 133 133 133 133 95 95 95 95 95 95 95 95 137 153 153 153 153 141 141 141 87 129 129 129 129 149 149
168 168 168 168 238 238 136 78 80 84 63 100 185 199 208 213 189 109 93 67 83 160 180 120 123 123 123 123 123 123 243 243 243 243 243 243 243 243 243 243 243 243 243 243 39 39 39 39 39 39 133 133 133 133 133 133 133 133 95 95 95 95 95 95 95 137 137 137 153 153 153 153 153 153 141 129 129 129 129 149 149
168 168 168 168 2 2 198 124 74 81 111 157 176 158 222 231 217 111 60 69 82 158 160 117 123 123 123 123 123 123 243 243 243 243 243 243 243 243 243 243 243 243 243 243 39 39 39 39 39 133 133 133 133 133 133 133 133 133 95 95 95 95 95 95 137 137 137 137 137 137 153 153 153 141 141 129 129 129 149 149 149
168 168 168 168 2 2 2 154 78 61 125 188 170 190 240 243 227 162 145 148 145 213 201 181 123 123 123 123 123 123 243 243 243 243 243 243 243 243 243 243 243 243 243 243 39 39 39 39 39 133 133 133 133 133 133 133 133 25 25 25 95 95 95 137 137 137 137 137 137 137 153 153 141 141 -9999 136 129 129 129 149 149
115 168 168 2 2 2 2 139 61 114 75 166 198 212 186 206 235 190 177 151 213 240 212 161 123 123 123 123 123 123 243 243 243 243 243 243 243 243 243 243 243 243 243 243 39 39 39 39 133 133 133 133 133 133 133 133 25 25 25 25 95 95 95 137 137 137 137 137 137 137 141 141 141 141 -9999 136 129 136 129 136 121
105 2 2 2 2 2 2 185 62 63 66 153 158 171 148 199 210 171 111 158 180 232 185 139 123 123 123 123 123 136 243 243 243 243 243 4 243 243 243 243 243 243 243 243 39 39 39 39 133 133 133 133 133 133 25 25 25 25 25 25 95 95 137 137 137 137 137 137 137 137 141 141 141 141 -9999 136 136 136 136 121 121
105 2 2 2 2 2 2 173 100 56 48 96 104 157 50 74 103 81 71 122 93 152 181 153 123 123 123 136 136 136 243 243 243 4 4 4 4 4 4 4 243 243 243 243 4 39 39 133 133 133 133 133 25 25 25 25 25 25 25 25 95 137 137 137 137 137 137 137 137 141 141 141 141 141 -9999 136 136 136 136 121 162
105 2 2 2 2 2 2 2 67 40 87 101 64 89 62 77 92 79 69 82 89 111 155 146 136 123 136 136 136 136 136 243 243 4 4 4 4 4 4 4 4 4 243 4 4 4 39 133 133 133 133 25 25 25 25 25 25 25 25 25 137 137 137 137 137 137 137 137 137 141 141 141 141 141 141 141 141 141 121 162 162
105 2 2 2 2 2 2 2 98 75 68 70 68 55 75 83 84 78 78 103 92 113 178 140 136 136 136 136 136 136 136 136 136 4 4 4 4 4 4 4 4 4 4 4 4 4 4 133 133 133 133 25 25 25 25 25 25 25 25 0 0 0 0 137 137 137 206 137 141 141 141 141 141 141 72 141 141 121 121 162 162
2 2 2 2 2 2 2 2 157 69 83 63 65 48 57 62 65 63 89 98 91 122 152 130 136 136 136 136 136 136 136 136 136 4 4 4 4 4 4 4 4 4 4 4 4 4 133 133 133 133 25 25 25 25 25 25 25 25 0 0 0 0 0 0 0 206 206 206 206 141 141 141 141 141 -9999 141 218 121 121 162 162
2 2 2 2 2 2 2 2 2 93 68 68 60 66 69 70 68 75 90 93 96 95 99 109 136 136 136 136 136 136 136 136 136 4 242 242 242 4 4 4 126 126 126 126 126 126 92 133 133 133 25 25 25 25 25 25 25 0 0 0 0 0 0 0 0 206 206 206 206 206 141 141 141 -9999 141 218 218 218 121 121 162
2 2 2 2 2 119 119 2 2 116 141 126 124 127 82 86 79 81 102 96 96 96 90 123 136 136 136 242 242 242 136 136 242 242 242 242 242 242 126 126 126 126 126 126 126 92 92 92 92 25 25 25 25 25 25 25 0 0 0 0 0 0 0 0 0 0 186 206 206 206 141 141 -9999 190 190 218 218 218 218 218 162
2 2 2 -9999 -9999 -9999 -9999 119 119 104 41 42 43 121 108 91 95 101 96 84 96 97 114 125 158 242 242 242 242 242 242 242 242 242 242 242 242 242 126 126 126 126 126 126 126 92 92 92 92 25 25 25 25 25 25 0 167 0 0 0 0 0 0 0 186 186 186 141 141 141 141 -9999 190 190 218 218 218 218 218 218 218
2 2 -9999 -9999 -9999 -9999 -9999 119 119 -9999 -9999 -9999 40 68 -9999 45 76 100 97 97 101 90 108 127 137 242 242 242 242 242 242 242 242 242 242 242 242 126 126 126 126 126 126 126 92 92 92 92 92 92 25 25 25 25 0 167 167 167 167 167 167 167 167 167 167 186 186 141 141 141 -9999 190 190 218 218 218 218 218 218 218 218
2 2 -9999 -9999 -9999 -9999 -9999 -9999 -9999 -9999 -9999 -9999 115 -9999 -9999 -9999 85 96 96 102 97 95 110 87 163 242 242 242 242 242 242 242 242 242 242 126 126 126 126 126 126 126 126 126 92 92 92 92 92 92 25 25 25 25 0 167 167 167 167 6 6 167 167 167 167 186 141 141 141 -9999 190 190 218 218 218 218 218 218 218 218 218
2 -9999 -9999 -9999 -9999 -9999 -9999 -9999 -9999 -9999 -9999 -9999 -9999 -9999 -9999 -9999 158 69 105 73 99 98 135 184 231 242 242 242 242 242 242 242 242 221 242 126 126 126 126 126 126 126 126 92 92 92 92 92 92 92 92 25 25 0 167 167 167 6 6 6 6 167 167 167 167 186 186 141 141 190 190 190 190 0 0 0 218 218 218 218 218
-9999 -9999 -9999 -9999 -9999 -9999 -9999 -9999 -9999 -9999 -9999 -9999 -9999 -9999 -9999 -9999 -9999 -9999 -9999 -9999 88 150 219 233 236 242 242 242 242 242 242 242 242 221 221 126 126 126 126 126 126 126 126 92 92 92 92 92 92 92 92 196 207 167 167 167 6 6 6 6 6 167 167 167 167 186 186 186 -9999 190 190 190 0 0 0 0 218 218 218 218 218
-9999 -9999 -9999 -9999 -9999 201 -9999 -9999 -9999 -9999 -9999 -9999 -9999 -9999 -9999 -9999 -9999 -9999 -9999 -9999 -9999 148 168 236 223 242 242 221 221 242 242 242 221 221 221 126 126 126 126 126 126 126 126 92 92 92 92 92 196 196 196 207 207 167 167 6 6 6 6 6 6 167 148 167 167 167 186 -9999 132 132 190 0 0 0 0 -9999 -9999 218 198 198 198
-9999 -9999 -9999 -9999 -9999 200 200 -9999 -9999 -9999 -9999 -9999 -9999 -9999 -9999 -9999 -9999 -9999 -9999 -9999 -9999 -9999 174 171 159 221 221 221 221 221 221 221 221 221 221 221 221 126 126 126 126 126 92 92 92 92 92 92 196 196 207 207 167 167 6 6 6 6 6 6 6 148 148 167 167 167 -9999 132 132 132 132 6 0 -9999 -9999 -9999 -9999 -9999 150 -9999 198
