04_184A001/keskipituus.asc
ncols 378
nrows 390
xllcorner 613424
yllcorner 6870896
cellsize 16
nodata_value -9999
[rows 36 to 71 of 390, columns 162 to 242 of 378]
-9999 -9999 -9999 -9999 -9999 -9999 -9999 -9999 -9999 -9999 -9999 -9999 -9999 130 130 130 139 139 139 139 139 139 139 139 139 139 139 139 139 0 139 139 139 139 139 183 183 183 183 183 183 183 183 183 183 57 57 57 57 57 57 57 55 154 154 154 154 0 0 4 4 4 4 123 123 123 82 135 135 98 98 98 -9999 -9999 -9999 -9999 -9999 -9999 -9999 -9999 -9999
-9999 -9999 -9999 -9999 -9999 -9999 -9999 -9999 -9999 -9999 -9999 -9999 130 130 130 139 139 139 139 139 139 139 139 139 139 139 139 139 0 0 0 0 0 139 139 183 183 183 183 183 183 183 183 183 183 183 57 57 57 57 57 57 4 154 154 154 154 154 154 0 4 4 123 123 123 123 -9999 135 135 98 98 98 -9999 -9999 -9999 -9999 -9999 -9999 -9999 -9999 -9999
-9999 -9999 -9999 -9999 -9999 -9999 -9999 -9999 -9999 -9999 -9999 130 130 130 139 139 139 139 139 139 139 139 139 139 139 139 139 0 0 0 0 0 0 0 0 139 139 183 183 183 183 183 183 183 183 183 183 57 57 57 57 57 4 4 4 154 154 154 154 154 0 180 180 123 123 -9999 135 174 174 174 174 98 98 -9999 -9999 -9999 -9999 -9999 -9999 -9999 -9999
-9999 -9999 -9999 -9999 -9999 -9999 -9999 -9999 -9999 -9999 -9999 130 130 130 139 139 139 139 139 139 139 139 139 139 139 139 139 0 0 0 0 0 0 0 0 0 0 183 183 183 183 183 183 183 183 183 185 57 57 57 57 57 4 4 4 4 154 154 154 154 180 180 180 123 123 -9999 135 174 174 174 174 174 98 -9999 -9999 -9999 -9999 -9999 -9999 -9999 -9999
0 -9999 -9999 -9999 -9999 -9999 -9999 -9999 150 150 130 130 130 139 139 139 139 139 139 139 139 139 139 139 139 139 0 0 0 0 0 0 0 0 0 0 183 183 183 183 183 183 183 183 183 185 185 185 57 57 57 57 57 57 4 4 4 154 154 180 180 180 123 123 -9999 135 135 174 174 174 174 174 174 174 -9999 -9999 -9999 -9999 -9999 -9999 -9999
0 0 0 0 0 0 0 150 150 150 150 150 139 139 139 139 139 139 139 139 139 175 175 139 139 0 0 0 0 0 0 0 0 0 0 0 183 183 183 183 183 183 183 183 183 185 185 185 185 57 57 57 57 57 57 4 4 4 154 180 180 180 123 123 -9999 135 135 174 174 174 174 174 174 174 -9999 -9999 -9999 -9999 -9999 -9999 -9999
159 0 0 0 0 0 0 0 150 150 150 139 139 139 139 139 175 175 175 175 175 175 175 175 175 155 155 155 155 0 0 0 0 0 0 155 183 183 183 183 183 183 183 183 185 185 185 185 185 185 57 57 57 57 57 57 57 4 180 180 180 180 180 -9999 135 135 135 135 174 174 174 174 174 174 -9999 -9999 -9999 -9999 -9999 -9999 -9999
159 159 159 0 0 0 0 150 150 150 95 95 139 175 175 175 175 175 175 175 175 175 175 175 155 155 155 155 155 155 0 0 0 155 155 155 183 183 183 183 183 183 183 185 185 185 185 185 185 185 185 57 57 57 57 57 57 180 180 180 180 180 180 158 135 135 135 135 135 135 174 174 174 174 146 -9999 -9999 -9999 -9999 -9999 -9999
159 159 159 159 159 0 0 150 150 150 95 95 95 95 95 175 175 175 175 175 175 175 175 155 155 155 155 155 155 155 155 155 155 155 155 155 183 183 183 183 183 183 183 185 185 185 185 185 185 185 185 185 57 57 57 57 180 180 180 180 180 180 -9999 158 135 135 135 135 135 135 135 135 135 71 71 -9999 -9999 -9999 -9999 -9999 -9999
159 128 159 159 159 150 150 150 150 155 155 95 95 95 95 95 95 95 95 175 175 175 175 155 155 155 155 155 155 155 155 155 155 155 155 183 183 183 183 183 183 183 185 185 185 185 185 185 185 185 185 185 185 57 57 180 180 180 168 168 168 168 158 158 158 158 135 135 135 135 135 135 71 71 71 -9999 -9999 -9999 -9999 -9999 -9999
128 128 128 150 150 150 150 150 155 155 155 155 95 95 95 95 95 95 95 95 95 175 155 155 155 155 155 155 155 155 155 155 155 155 155 183 183 183 183 183 183 185 185 185 185 185 185 185 185 185 185 185 185 185 180 180 180 180 168 168 168 -9999 158 158 158 158 158 135 135 135 135 71 71 71 71 71 -9999 -9999 -9999 -9999 -9999
128 128 150 150 150 150 150 155 155 155 155 155 155 155 95 95 95 95 95 95 95 23 23 23 155 155 155 155 155 155 155 155 155 155 183 183 183 183 183 183 183 183 185 185 185 185 185 185 185 185 185 185 185 185 168 168 168 168 168 168 168 168 158 158 158 158 158 158 158 135 71 71 71 71 71 71 -9999 -9999 -9999 -9999 -9999
150 150 150 150 150 150 155 155 155 155 155 155 155 228 228 228 228 228 95 95 95 23 23 23 23 23 155 155 155 155 155 155 155 155 108 183 183 183 183 183 183 183 183 183 185 185 185 185 185 185 185 185 185 168 168 168 168 168 168 168 -9999 168 168 158 158 158 158 158 158 135 71 71 71 71 71 71 -9999 -9999 -9999 -9999 -9999
150 150 120 -9999 69 150 155 155 155 155 155 155 228 228 228 228 228 228 228 228 23 23 23 23 23 23 155 155 155 155 155 155 108 108 108 108 108 183 183 183 183 183 183 183 183 185 185 185 185 185 185 185 168 168 168 168 168 168 168 -9999 168 168 168 168 158 158 158 158 158 210 71 71 71 71 71 71 -9999 -9999 -9999 -9999 -9999
144 149 149 149 149 104 -9999 155 155 155 155 155 228 228 228 228 228 228 228 228 23 23 23 23 23 23 23 150 155 155 155 108 108 108 108 108 108 108 183 183 183 183 183 183 183 183 183 185 185 185 185 185 168 168 168 168 168 168 168 -9999 36 168 168 158 158 158 158 158 210 210 210 71 71 71 71 71 -9999 -9999 -9999 -9999 -9999
149 149 149 149 89 89 89 -9999 155 155 228 228 228 228 228 228 228 228 228 23 23 23 23 23 23 23 124 150 150 150 150 108 108 108 108 108 108 108 183 183 183 183 183 183 183 183 183 183 185 185 185 185 45 168 168 168 168 168 -9999 36 36 36 159 159 158 158 158 210 210 210 210 210 210 210 71 71 71 -9999 -9999 -9999 -9999
149 149 149 154 154 89 89 89 -9999 228 228 228 228 228 228 228 228 228 23 23 23 23 23 23 23 23 124 150 150 150 150 150 150 108 108 108 108 108 108 183 183 183 183 183 183 183 183 183 183 183 185 185 45 45 168 168 45 168 36 36 36 36 36 159 159 159 130 210 210 210 210 210 210 210 210 210 210 -9999 -9999 -9999 -9999
149 149 154 154 154 89 89 89 75 -9999 228 228 228 228 228 228 228 228 23 23 23 23 23 23 23 124 124 150 150 150 150 150 150 108 108 108 108 108 108 183 183 183 183 183 183 183 183 183 183 183 183 183 45 45 45 45 45 -9999 36 36 36 36 159 159 159 130 130 130 210 210 210 210 210 210 210 210 210 -9999 -9999 -9999 -9999
149 149 154 154 154 89 89 75 75 75 -9999 228 228 228 228 228 228 227 227 227 124 124 23 124 124 124 124 150 150 150 150 150 150 150 108 108 108 108 108 183 183 183 183 183 183 183 183 183 183 183 183 183 183 45 45 45 -9999 36 36 36 36 36 159 159 130 130 130 130 210 210 210 117 117 117 210 210 210 -9999 -9999 -9999 -9999
149 154 154 154 89 89 89 75 75 75 75 -9999 228 228 228 228 228 227 227 227 227 227 124 124 124 124 150 150 150 150 150 150 150 17 17 108 108 108 108 108 183 183 183 183 183 183 183 183 183 183 183 183 183 209 45 45 -9999 43 36 36 36 36 159 130 130 130 130 198 198 210 117 117 117 117 117 117 117 -9999 -9999 -9999 -9999
154 154 154 154 154 89 89 75 75 75 75 75 -9999 228 228 228 227 227 227 227 227 227 227 227 227 124 150 150 150 150 150 150 17 17 17 17 108 108 108 108 183 183 183 183 183 183 183 183 183 183 183 183 209 209 209 -9999 43 43 43 43 36 36 159 130 130 130 130 198 198 198 117 117 117 117 117 117 117 117 -9999 -9999 -9999
154 154 154 154 154 89 89 75 75 75 75 75 75 -9999 228 227 227 227 227 227 227 227 227 227 227 150 150 150 150 150 150 17 17 17 17 17 108 108 108 108 108 183 183 183 183 183 183 -9999 183 183 183 183 209 209 209 36 36 43 43 43 43 36 130 130 130 130 198 198 198 198 117 117 117 117 117 117 117 117 -9999 -9999 -9999
121 121 154 154 154 89 89 75 75 75 75 75 75 75 -9999 183 227 227 227 227 227 227 227 227 150 150 150 150 150 150 17 17 17 17 17 17 17 17 17 108 108 183 183 183 183 183 183 183 183 183 209 209 209 209 -9999 36 36 36 43 43 43 130 130 130 130 198 198 198 198 198 117 117 117 117 117 117 117 117 -9999 -9999 -9999
121 121 121 162 162 154 75 75 75 75 75 186 75 75 227 227 -9999 227 227 227 227 227 227 150 150 150 150 150 17 17 17 17 17 17 17 17 17 17 17 188 188 188 188 153 153 183 183 183 183 183 209 209 209 -9999 36 36 36 36 43 43 222 222 130 198 198 198 198 198 198 117 117 117 117 117 117 117 117 94 94 -9999 -9999
162 121 121 162 162 154 154 75 75 75 186 186 186 75 227 227 227 227 -9999 227 227 227 200 200 200 200 200 200 200 17 17 17 17 17 17 17 17 17 17 17 188 188 188 153 153 153 153 153 153 153 153 209 209 -9999 36 36 36 36 36 222 222 222 198 198 198 198 198 198 198 117 117 117 117 117 117 117 117 117 117 -9999 -9999
162 121 162 162 162 162 162 154 75 186 186 186 186 105 105 227 227 227 105 105 -9999 200 200 200 200 200 200 200 200 200 200 17 17 17 17 17 17 17 17 17 188 188 188 153 153 153 153 153 153 153 153 31 -9999 36 36 36 36 36 222 222 222 222 222 198 198 198 198 222 222 117 117 117 117 117 117 117 117 117 117 117 -9999
162 162 162 162 162 162 162 154 75 75 186 186 105 105 105 105 105 -9999 105 105 105 105 -9999 200 200 200 200 200 200 200 200 17 17 17 17 17 17 17 17 17 188 188 153 153 164 -9999 -9999 -9999 -9999 -9999 34 34 34 -9999 36 36 36 222 222 222 222 222 222 222 222 222 222 222 222 222 117 117 117 117 117 117 117 117 117 117 -9999
162 162 162 162 162 162 162 154 75 75 75 186 105 105 105 105 -9999 105 105 105 105 205 205 218 -9999 200 200 200 200 200 17 17 17 17 17 17 17 17 17 17 124 -9999 195 181 181 181 181 34 34 34 34 34 34 34 -9999 88 222 222 222 222 222 222 222 222 222 222 222 222 222 117 117 117 117 117 117 128 117 117 128 128 128
162 162 162 162 162 162 162 162 162 75 75 19 105 105 105 -9999 105 105 105 205 205 205 205 205 185 122 -9999 200 200 200 200 17 17 17 17 17 17 17 17 -9999 181 181 181 181 181 181 34 34 34 34 34 34 34 34 34 135 -9999 -9999 222 222 222 222 222 222 222 117 117 117 117 117 117 117 117 128 128 128 128 128 128 128 128
218 162 162 162 162 162 162 162 162 75 75 19 19 19 28 105 105 105 105 205 205 185 185 185 185 185 51 -9999 -9999 200 200 17 17 17 17 17 17 -9999 181 181 181 181 181 181 181 34 34 34 34 34 34 34 34 34 34 135 135 135 -9999 222 222 117 117 117 117 117 117 117 117 117 117 117 117 117 128 128 128 128 128 128 79
218 218 162 162 162 162 162 162 162 75 19 19 19 19 -9999 19 19 105 205 205 205 185 185 185 185 51 51 51 51 -9999 -9999 -9999 -9999 -9999 -9999 -9999 181 181 181 181 181 181 181 181 181 34 34 34 34 34 34 34 34 34 135 135 135 135 135 -9999 222 117 117 117 117 117 117 117 117 133 133 117 117 117 128 128 128 128 128 128 128
218 218 218 218 162 162 162 162 162 19 19 19 19 -9999 19 19 19 19 205 205 205 185 185 51 51 51 51 51 51 181 181 181 181 181 181 181 181 181 181 181 107 107 107 107 107 106 34 34 34 34 34 34 34 135 135 135 135 135 135 -9999 133 133 117 117 133 133 133 133 133 133 133 139 139 139 139 128 128 128 128 128 79
218 218 218 218 218 218 162 162 162 19 19 19 -9999 19 19 19 19 19 19 205 205 185 185 51 51 51 51 51 181 181 181 181 181 181 181 181 107 107 107 107 107 107 107 107 106 106 106 34 34 34 34 34 135 135 135 135 135 135 135 135 -9999 133 133 133 133 133 127 127 133 133 133 139 139 139 139 139 128 128 128 128 79
218 198 198 218 218 218 198 162 19 -9999 -9999 -9999 19 19 19 19 19 19 19 19 205 185 185 51 51 51 51 51 181 181 181 181 181 181 181 107 107 107 107 107 107 107 107 107 107 106 106 106 34 34 34 135 135 135 135 135 135 135 135 135 -9999 133 133 133 127 127 127 127 133 133 139 139 139 139 139 139 139 128 128 79 79
198 198 198 198 198 198 198 -9999 19 19 19 -9999 19 19 19 19 19 19 19 19 19 185 185 185 185 51 51 51 181 181 107 107 107 107 107 107 107 107 107 107 107 107 107 107 106 106 106 106 106 34 0 0 135 135 135 135 135 135 135 135 135 133 127 127 127 127 127 133 133 133 133 139 139 139 139 139 139 139 73 79 79
198 198 198 198 198 198 -9999 167 32 19 19 19 19 19 19 19 19 19 19 19 185 185 185 185 156 156 156 156 107 107 107 107 107 107 107 107 107 107 107 32 32 32 32 32 106 106 106 106 106 0 0 0 0 135 135 135 135 135 135 135 135 91 127 127 127 127 127 127 127 133 133 139 139 139 139 139 139 139 73 73 73
