04_184A001/koivu.asc
ncols 378
nrows 390
xllcorner 613424
yllcorner 6870896
cellsize 16
nodata_value -9999
[rows 34 to 67 of 390, columns 78 to 155 of 378]
28.8 28.8 0 0 5 19 9 15 24 17 16 17 1 12 15 37 48 25 32 24 21 7 1 0 0 44.1 44.1 44.1 44.1 44.1 44.1 44.1 53.1 53.1 53.1 0 0 0 0 -9999 0 0 0 0 0 0 0 99.9 99.9 99.9 99.9 99.9 5.4 5.4 5.4 19.8 19.8 24.3 24.3 -9999 -9999 -9999 -9999 -9999 -9999 -9999 -9999 -9999 -9999 -9999 -9999 -9999 -9999 -9999 -9999 -9999 -9999 -9999
28.8 28.8 0 0 26 34 29 14 10 15 20 9 7 14 23 33 23 34 31 42 49 16 1 0 1 44.1 44.1 44.1 44.1 44.1 44.1 44.1 53.1 53.1 53.1 0 0 0 0 0 0 0 0 0 0 0 99.9 99.9 99.9 99.9 99.9 99.9 99.9 5.4 19.8 19.8 19.8 19.8 24.3 0 -9999 -9999 -9999 -9999 -9999 -9999 -9999 -9999 -9999 -9999 -9999 -9999 -9999 -9999 -9999 -9999 -9999 -9999
28.8 28.8 0 0 0 45 5 8 13 7 7 6 6 18 30 30 36 30 34 50 23 14 2 0 0 44.1 44.1 44.1 44.1 44.1 44.1 44.1 53.1 53.1 53.1 53.1 0 0 -9999 0 0 0 0 0 0 30.6 99.9 99.9 99.9 99.9 99.9 99.9 99.9 99.9 99.9 19.8 19.8 19.8 19.8 0 0 0 -9999 -9999 -9999 -9999 -9999 -9999 -9999 -9999 -9999 -9999 -9999 -9999 -9999 -9999 -9999 -9999
28.8 28.8 0 0 0 36 12 6 9 16 0 4 7 2 7 12 17 27 64 16 26 31 21 3 1 44.1 44.1 44.1 44.1 44.1 44.1 44.1 44.1 53.1 53.1 53.1 53.1 0 -9999 0 0 0 0 0 0 30.6 30.6 99.9 99.9 99.9 99.9 99.9 99.9 99.9 99.9 99.9 19.8 19.8 19.8 19.8 0 19.8 19.8 -9999 -9999 -9999 -9999 -9999 -9999 -9999 -9999 -9999 -9999 -9999 -9999 -9999 -9999 -9999
28.8 0 0 0 0 41 10 7 13 14 0 6 2 6 2 8 8 31 37 25 17 10 19 1 18 44.1 44.1 44.1 44.1 44.1 44.1 44.1 44.1 53.1 53.1 53.1 0 0 -9999 0 0 0 0 0 30.6 30.6 30.6 30.6 30.6 99.9 99.9 99.9 99.9 99.9 99.9 99.9 19.8 19.8 19.8 19.8 19.8 19.8 19.8 0 14.4 -9999 -9999 -9999 -9999 -9999 -9999 -9999 -9999 -9999 1.8 28.8 28.8 28.8
28.8 0 0 0 0 31 4 10 7 6 18 5 5 5 11 5 27 14 12 10 11 11 18 50 21 18 44.1 44.1 44.1 44.1 44.1 44.1 44.1 44.1 0 0 0 0 -9999 0 0 0 0 30.6 30.6 30.6 30.6 30.6 30.6 30.6 99.9 99.9 99.9 99.9 99.9 99.9 99.9 19.8 19.8 19.8 19.8 19.8 19.8 1.8 1.8 1.8 1.8 1.8 1.8 1.8 1.8 1.8 1.8 1.8 12.6 12.6 12.6 12.6
0 0 0 0 0 0 14 44 15 11 1 0 2 11 26 12 0 5 20 17 12 24 25 15 34 19 44.1 44.1 44.1 44.1 44.1 44.1 44.1 44.1 0 0 0 0 -9999 0 0 0 30.6 30.6 30.6 30.6 30.6 30.6 30.6 30.6 30.6 30.6 99.9 99.9 99.9 99.9 99.9 19.8 19.8 19.8 19.8 19.8 1.8 84.60000000000001 1.8 1.8 1.8 1.8 7.2 7.2 7.2 7.2 1.8 1.8 12.6 12.6 12.6 12.6
0 0 0 0 0 0 23 28 -9999 -9999 2 5 -9999 -9999 24 8 5 20 26 19 7 18 22 19 33 10 44.1 44.1 21 44.1 44.1 44.1 44.1 44.1 0 0 0 0 -9999 0 0 30.6 30.6 30.6 30.6 30.6 30.6 30.6 30.6 30.6 30.6 30.6 30.6 30.6 99.9 99.9 99.9 99.9 19.8 19.8 19.8 1.8 1.8 84.60000000000001 84.60000000000001 1.8 1.8 7.2 7.2 7.2 7.2 7.2 7.2 1.8 12.6 12.6 12.6 12.6
0 0 0 0 0 0 -9999 16 17 10 10 3 6 15 7 -9999 -9999 58 66 52 50 56 24 15 30 -9999 -9999 72 63.9 63.9 63.9 -9999 -9999 44.1 0 0 0 0 3 16.2 16.2 30.6 30.6 30.6 16.2 16.2 16.2 16.2 16.2 30.6 30.6 30.6 30.6 30.6 30.6 99.9 99.9 99.9 19.8 1.8 1.8 1.8 1.8 1.8 84.60000000000001 84.60000000000001 84.60000000000001 84.60000000000001 7.2 7.2 7.2 7.2 7.2 7.2 12.6 12.6 12.6 12.6
0 0 0 0 0 -9999 21 29 3 10 10 4 3 4 0 5 44 45 -9999 43 65 62 12 -9999 69 44 72 72 63.9 63.9 63.9 63.9 63.9 63.9 -9999 -9999 -9999 0 0 0 16.2 16.2 16.2 16.2 16.2 16.2 16.2 16.2 16.2 30.6 30.6 30.6 30.6 30.6 30.6 99.9 99.9 19.8 1.8 1.8 1.8 1.8 1.8 1.8 1.8 1.8 84.60000000000001 84.60000000000001 84.60000000000001 7.2 7.2 7.2 7.2 7.2 12.6 12.6 12.6 12.6
0 0 0 0 -9999 38.7 38.7 9 10 9 7 2 2 3 0 6 25 52 52 38 41 34 53 3 47 35 72 72 72 63.9 63.9 63.9 63.9 63.9 63.9 11.700000000000001 11.700000000000001 11.700000000000001 -9999 -9999 16.2 16.2 16.2 16.2 16.2 16.2 16.2 16.2 16.2 16.2 30.6 30.6 30.6 30.6 30.6 99.9 16.2 65.7 65.7 1.8 1.8 1.8 1.8 1.8 1.8 1.8 84.60000000000001 84.60000000000001 84.60000000000001 7.2 7.2 7.2 7.2 12.6 12.6 12.6 12.6 0
0 0 0 0 38.7 38.7 38.7 9 9 10 3 0 3 1 0 4 7 29 38 22 55 31 6 24 16 21 72 72 72 63.9 63.9 63.9 63.9 11.700000000000001 11.700000000000001 11.700000000000001 11.700000000000001 11.700000000000001 11.700000000000001 11.700000000000001 11.700000000000001 2 -9999 -9999 16.2 16.2 16.2 16.2 16.2 16.2 16.2 30.6 30.6 16.2 16.2 16.2 16.2 65.7 65.7 65.7 1.8 1.8 1.8 1.8 1.8 1.8 84.60000000000001 84.60000000000001 84.60000000000001 7.2 7.2 7.2 7.2 12.6 12.6 12.6 0 0
0 0 0 -9999 38.7 38.7 38.7 9 2 2 2 4 2 0 1 1 0 9 7 22 21 25 22 26 10 17 72 72 72 26.1 63.9 63.9 63.9 11.700000000000001 11.700000000000001 11.700000000000001 11.700000000000001 11.700000000000001 11.700000000000001 11.700000000000001 11.700000000000001 11.700000000000001 11.700000000000001 11.700000000000001 11.700000000000001 -9999 -9999 16.2 16.2 16.2 16.2 16.2 16.2 16.2 16.2 16.2 65.7 65.7 65.7 65.7 65.7 1.8 1.8 1.8 1.8 1.8 1.8 84.60000000000001 84.60000000000001 7.2 7.2 7.2 12.6 12.6 12.6 0 0 0
0 0 29 38.7 38.7 38.7 38.7 3 8 5 2 20 6 11 4 6 8 7 5 26 19 19 39 24 25 17 72 72 72 72 26.1 63.9 63.9 11.700000000000001 11.700000000000001 11.700000000000001 11.700000000000001 11.700000000000001 11.700000000000001 11.700000000000001 11.700000000000001 11.700000000000001 11.700000000000001 11.700000000000001 11.700000000000001 11.700000000000001 11.700000000000001 11.700000000000001 -9999 -9999 15 16.2 16.2 16.2 16.2 16.2 18.900000000000002 65.7 65.7 65.7 65.7 65.7 1.8 1.8 1.8 1.8 1.8 18.900000000000002 18.900000000000002 7.2 7.2 12.6 12.6 12.6 12.6 0 0 0
0 0 -9999 38.7 38.7 38.7 38.7 38.7 8 14 13 5 10 26 6 2 1 0 0 4 18 20 20 16 17 17 72 72 72 26.1 26.1 26.1 26.1 11.700000000000001 11.700000000000001 11.700000000000001 11.700000000000001 11.700000000000001 11.700000000000001 11.700000000000001 11.700000000000001 11.700000000000001 11.700000000000001 11.700000000000001 11.700000000000001 11.700000000000001 11.700000000000001 11.700000000000001 11.700000000000001 11.700000000000001 11.700000000000001 -9999 -9999 -9999 16.2 18.900000000000002 18.900000000000002 18.900000000000002 18.900000000000002 18.900000000000002 65.7 65.7 65.7 1.8 1.8 1.8 1.8 18.900000000000002 18.900000000000002 7.2 12.6 12.6 12.6 12.6 0 0 0 0
0 -9999 9.9 38.7 38.7 38.7 38.7 38.7 46 15 19 2 9 20 20 3 3 0 3 7 3 6 17 11 5 17 72 26.1 26.1 26.1 26.1 26.1 26.1 11.700000000000001 11.700000000000001 11.700000000000001 11.700000000000001 11.700000000000001 11.700000000000001 11.700000000000001 11.700000000000001 11.700000000000001 11.700000000000001 11.700000000000001 11.700000000000001 11.700000000000001 11.700000000000001 11.700000000000001 11.700000000000001 11.700000000000001 11.700000000000001 11.700000000000001 11.700000000000001 11.700000000000001 11.700000000000001 -9999 -9999 18.900000000000002 18.900000000000002 18.900000000000002 18.900000000000002 65.7 65.7 65.7 1.8 1.8 1.8 18.900000000000002 18.900000000000002 18.900000000000002 18.900000000000002 12.6 12.6 0 0 0 0 30.6
0 19 9.9 9.9 38.7 38.7 38.7 38.7 22 21 27 7 4 52 26 15 8 18 14 6 8 7 5 25 8 30 26.1 26.1 26.1 26.1 26.1 26.1 26.1 11.700000000000001 11.700000000000001 11.700000000000001 11.700000000000001 11.700000000000001 11.700000000000001 11.700000000000001 11.700000000000001 11.700000000000001 11.700000000000001 11.700000000000001 11.700000000000001 11.700000000000001 11.700000000000001 11.700000000000001 11.700000000000001 11.700000000000001 11.700000000000001 11.700000000000001 11.700000000000001 11.700000000000001 50.4 50.4 50.4 50.4 -9999 2 18.900000000000002 18.900000000000002 18.900000000000002 65.7 65.7 65.7 65.7 18.900000000000002 18.900000000000002 18.900000000000002 18.900000000000002 12.6 0 0 0 0 0 30.6
-9999 9.9 9.9 9.9 9.9 38.7 38.7 38.7 18 19 6 1 6 5 40 33 14 3 3 6 5 5 9 4 6 16 26.1 26.1 26.1 26.1 26.1 26.1 26.1 11.700000000000001 11.700000000000001 11.700000000000001 11.700000000000001 11.700000000000001 11.700000000000001 11.700000000000001 11.700000000000001 11.700000000000001 11.700000000000001 11.700000000000001 11.700000000000001 11.700000000000001 11.700000000000001 11.700000000000001 11.700000000000001 2.7 2.7 2.7 11.700000000000001 11.700000000000001 50.4 50.4 50.4 50.4 50.4 50.4 -9999 -9999 18.900000000000002 18.900000000000002 18.900000000000002 18.900000000000002 18.900000000000002 18.900000000000002 18.900000000000002 18.900000000000002 18.900000000000002 0 0 0 18 -9999 -9999 -9999
9.9 9.9 9.9 9.9 9.9 38.7 38.7 38.7 38.7 13 4 7 2 3 27 22 21 15 46 16 18 19 0 4 14 19 8 26.1 26.1 26.1 26.1 26.1 26.1 26.1 11.700000000000001 11.700000000000001 11.700000000000001 11.700000000000001 11.700000000000001 11.700000000000001 11.700000000000001 11.700000000000001 11.700000000000001 11.700000000000001 11.700000000000001 11.700000000000001 11.700000000000001 11.700000000000001 2.7 2.7 2.7 2.7 2.7 50.4 50.4 50.4 50.4 50.4 50.4 50.4 50.4 26.1 26.1 -9999 -9999 18.900000000000002 18.900000000000002 18.900000000000002 -9999 -9999 -9999 -9999 40.5 40.5 17.1 17.1 17.1 -9999
0 0 9.9 9.9 9.9 9.9 38.7 38.7 38.7 20 9 1 0 0 6 37 43 43 59 36 19 7 2 9 3 30 11 26.1 26.1 26.1 26.1 26.1 26.1 11.700000000000001 11.700000000000001 11.700000000000001 11.700000000000001 11.700000000000001 11.700000000000001 11.700000000000001 11.700000000000001 11.700000000000001 11.700000000000001 11.700000000000001 11.700000000000001 11.700000000000001 11.700000000000001 11.700000000000001 2.7 2.7 2.7 2.7 2.7 50.4 50.4 50.4 50.4 50.4 50.4 50.4 50.4 26.1 26.1 26.1 26.1 26.1 26.1 26.1 26.1 40.5 40.5 40.5 40.5 40.5 17.1 17.1 17.1 0
0 0 9.9 9.9 9.9 9.9 9.9 38.7 38.7 2 14 17 12 7 9 23 5 5 7 48 3 18 7 10 6 34 13 26.1 26.1 26.1 26.1 26.1 26.1 11.700000000000001 11.700000000000001 11.700000000000001 11.700000000000001 11.700000000000001 11.700000000000001 11.700000000000001 11.700000000000001 11.700000000000001 11.700000000000001 11.700000000000001 11.700000000000001 11.700000000000001 11.700000000000001 2.7 2.7 2.7 2.7 2.7 2.7 50.4 50.4 50.4 50.4 50.4 50.4 50.4 50.4 26.1 26.1 26.1 26.1 26.1 26.1 26.1 40.5 40.5 40.5 40.5 40.5 40.5 40.5 40.5 40.5 17.1
0 0 9.9 9.9 9.9 9.9 9.9 0 0 20 4 5 2 55 12 33 51 4 6 20 8 2 5 2 14 6 24 26.1 26.1 26.1 26.1 26.1 26.1 11.700000000000001 11.700000000000001 11.700000000000001 11.700000000000001 11.700000000000001 11.700000000000001 11.700000000000001 11.700000000000001 11.700000000000001 11.700000000000001 11.700000000000001 11.700000000000001 11.700000000000001 11.700000000000001 2.7 2.7 2.7 2.7 2.7 50.4 50.4 50.4 50.4 50.4 50.4 50.4 50.4 50.4 26.1 26.1 26.1 26.1 26.1 26.1 40.5 40.5 40.5 40.5 40.5 40.5 40.5 40.5 40.5 17.1 17.1
0 0 0 9.9 9.9 9.9 9.9 0 0 0 4 10 14 65 29 22 35 6 13 8 63 19 2 4 15 35 34 26.1 26.1 26.1 26.1 26.1 26.1 11.700000000000001 11.700000000000001 11.700000000000001 11.700000000000001 11.700000000000001 11.700000000000001 11.700000000000001 11.700000000000001 11.700000000000001 11.700000000000001 11.700000000000001 11.700000000000001 11.700000000000001 11.700000000000001 2.7 2.7 2.7 2.7 2.7 50.4 50.4 50.4 50.4 50.4 50.4 50.4 50.4 0.9 0.9 0.9 26.1 26.1 26.1 40.5 40.5 40.5 40.5 40.5 40.5 40.5 40.5 40.5 17.1 17.1 -9999
27 0 0 0 9.9 9.9 0 0 0 0 2 5 27 18 31 18 9 57 16 6 52 6 13 18 5 11 18 26.1 26.1 26.1 26.1 26.1 26.1 11.700000000000001 11.700000000000001 11.700000000000001 11.700000000000001 11.700000000000001 11.700000000000001 11.700000000000001 11.700000000000001 11.700000000000001 11.700000000000001 11.700000000000001 11.700000000000001 11.700000000000001 11.700000000000001 2.7 2.7 2.7 2.7 50.4 50.4 50.4 50.4 50.4 50.4 50.4 50.4 0.9 0.9 0.9 0.9 26.1 26.1 26.1 40.5 40.5 40.5 40.5 40.5 40.5 40.5 17.1 17.1 17.1 17.1 -9999
27 27 0 35.1 0 0 0 0 0 0 6 3 17 5 4 10 18 26 12 27 26 19 14 26 13 11 14 26.1 26.1 26.1 26.1 26.1 92.7 11.700000000000001 11.700000000000001 11.700000000000001 11.700000000000001 11.700000000000001 0 11.700000000000001 11.700000000000001 11.700000000000001 11.700000000000001 11.700000000000001 11.700000000000001 11.700000000000001 11.700000000000001 2.7 2.7 2.7 2.7 50.4 50.4 50.4 50.4 50.4 50.4 0.9 0.9 0.9 0.9 0.9 0.9 26.1 26.1 40.5 40.5 40.5 40.5 40.5 40.5 40.5 40.5 17.1 17.1 17.1 17.1 -9999
27 27 35.1 35.1 0 0 0 0 0 0 25 41 19 4 18 0 4 14 11 12 2 22 72 38 21 5 4 26.1 26.1 26.1 92.7 92.7 92.7 11.700000000000001 11.700000000000001 11.700000000000001 0 0 0 0 0 0 0 11.700000000000001 11.700000000000001 11.700000000000001 11.700000000000001 0 2.7 2.7 50.4 50.4 50.4 50.4 50.4 0.9 0.9 0.9 0.9 0.9 0.9 0.9 0.9 26.1 40.5 40.5 40.5 40.5 40.5 40.5 40.5 40.5 17.1 17.1 17.1 17.1 17.1 -9999
35.1 35.1 35.1 35.1 0 0 0 0 0 0 0 5 10 4 3 2 11 11 28 30 26 20 42 44 4 20 32 92.7 26.1 92.7 92.7 92.7 92.7 92.7 11.700000000000001 11.700000000000001 0 0 0 0 0 0 0 0 0 11.700000000000001 0 0 0 2.7 50.4 50.4 50.4 50.4 0.9 0.9 0.9 0.9 0.9 0.9 0.9 0.9 0.9 40.5 40.5 40.5 40.5 40.5 40.5 40.5 40.5 40.5 17.1 17.1 17.1 17.1 17.1 17.1
35.1 35.1 35.1 35.1 0 0 0 0 0 0 0 10 19 4 1 1 3 3 26 24 24 22 41 33 16 18 25 92.7 92.7 92.7 92.7 92.7 92.7 92.7 92.7 92.7 0 0 0 0 0 0 0 0 0 0 0 0 0 0 50.4 50.4 50.4 50.4 0.9 0.9 0.9 0.9 0.9 0.9 0.9 0.9 0 0 0 0 40.5 40.5 40.5 57.6 40.5 17.1 17.1 17.1 17.1 17.1 17.1 6
35.1 35.1 0 0 0 0 0 0 0 0 0 18 15 2 1 2 1 3 7 7 7 26 45 19 5 13 15 92.7 92.7 92.7 92.7 92.7 92.7 92.7 92.7 92.7 0 0 0 0 0 0 0 0 0 0 0 0 0 50.4 50.4 50.4 50.4 0.9 0.9 0.9 0.9 0.9 0.9 0.9 0.9 0 0 0 0 0 0 0 57.6 57.6 57.6 57.6 17.1 17.1 17.1 17.1 17.1 -9999
35.1 35.1 0 0 0 0 0 0 0 0 0 0 13 6 1 1 5 16 4 7 11 10 6 5 4 2 28 92.7 92.7 92.7 92.7 92.7 92.7 92.7 92.7 92.7 0 36.9 36.9 36.9 0 0 0 30.6 30.6 30.6 30.6 30.6 30.6 27 50.4 50.4 50.4 0.9 0.9 0.9 0.9 0.9 0.9 0.9 0 0 0 0 0 0 0 0 57.6 57.6 57.6 57.6 57.6 17.1 17.1 17.1 -9999 17.1
0 0 0 0 0 0 0 0 32.4 32.4 0 0 43 53 32 6 20 52 9 5 5 4 5 9 10 8 63 92.7 92.7 92.7 36.9 36.9 36.9 92.7 92.7 36.9 36.9 36.9 36.9 36.9 36.9 30.6 30.6 30.6 30.6 30.6 30.6 30.6 27 27 27 27 0.9 0.9 0.9 0.9 0.9 0.9 0.9 0 0 0 0 0 0 0 0 0 0 52.2 57.6 57.6 57.6 17.1 17.1 -9999 19.8 19.8
0 0 0 0 0 0 -9999 -9999 -9999 -9999 32.4 32.4 3 0 1 1 48 28 6 10 4 5 2 9 5 17 59 28 36.9 36.9 36.9 36.9 36.9 36.9 36.9 36.9 36.9 36.9 36.9 36.9 36.9 30.6 30.6 30.6 30.6 30.6 30.6 30.6 27 27 27 27 0.9 0.9 0.9 0.9 0.9 0.9 0 16.2 0 0 0 0 0 0 0 52.2 52.2 52.2 17.1 17.1 17.1 17.1 -9999 19.8 19.8 28.8
11.700000000000001 11.700000000000001 0 0 0 -9999 -9999 -9999 -9999 -9999 32.4 32.4 -9999 -9999 -9999 0 2 -9999 4 15 4 5 5 4 21 25 72 24 36.9 36.9 36.9 36.9 36.9 36.9 36.9 36.9 36.9 36.9 36.9 36.9 30.6 30.6 30.6 30.6 30.6 30.6 30.6 27 27 27 27 27 27 0.9 0.9 0.9 0.9 0 16.2 16.2 16.2 16.2 16.2 16.2 16.2 16.2 16.2 16.2 52.2 52.2 17.1 17.1 17.1 -9999 19.8 19.8 28.8 28.8
-9999 -9999 11.700000000000001 0 0 -9999 -9999 -9999 -9999 -9999 -9999 -9999 -9999 -9999 -9999 0 -9999 -9999 -9999 11 2 4 4 11 27 20 14 31 36.9 36.9 36.9 36.9 36.9 36.9 36.9 36.9 36.9 36.9 30.6 30.6 30.6 30.6 30.6 30.6 30.6 30.6 30.6 27 27 27 27 27 27 0.9 0.9 0.9 0.9 0 16.2 16.2 16.2 16.2 0 0 16.2 16.2 16.2 16.2 52.2 17.1 17.1 17.1 -9999 19.8 19.8 28.8 28.8 28.8
