04_184A001/koivu.asc
ncols 378
nrows 390
xllcorner 613424
yllcorner 6870896
cellsize 16
nodata_value -9999
[rows 306 to 339 of 390, columns 234 to 311 of 378]
48.6 48.6 48.6 48.6 0 0 42.300000000000004 42.300000000000004 42.300000000000004 1.8 1.8 1.8 1.8 1.8 26.1 26.1 26.1 26.1 26.1 26.1 26.1 26.1 26.1 26.1 36 36 -9999 36 36 36 36 36 36 36 36 36 36 22.5 22.5 22.5 22.5 22.5 22.5 22.5 22.5 22.5 22.5 113.4 113.4 113.4 32.4 32.4 32.4 32.4 39.6 39.6 39.6 39.6 39.6 39.6 39.6 39.6 39.6 17.1 17.1 -9999 22.5 22.5 22.5 22.5 22.5 22.5 22.5 22.5 108.9 108.9 108.9 45.9
48.6 48.6 48.6 48.6 48.6 0 42.300000000000004 42.300000000000004 1.8 1.8 1.8 1.8 1.8 15.3 26.1 26.1 26.1 26.1 26.1 26.1 26.1 26.1 26.1 26.1 36 36 -9999 36 36 36 36 36 36 36 36 36 22.5 22.5 22.5 22.5 22.5 22.5 22.5 22.5 22.5 22.5 19.8 19.8 113.4 113.4 32.4 32.4 39.6 39.6 39.6 39.6 39.6 39.6 39.6 39.6 39.6 39.6 0.9 0.9 17.1 17.1 32.4 32.4 32.4 32.4 32.4 32.4 22.5 22.5 22.5 22.5 22.5 45.9
48.6 48.6 48.6 48.6 48.6 48.6 48.6 51.300000000000004 1.8 1.8 1.8 1.8 15.3 15.3 15.3 15.3 26.1 220.5 26.1 220.5 26.1 220.5 26.1 36 36 -9999 36 36 36 36 36 36 36 36 36 36 22.5 22.5 22.5 22.5 22.5 22.5 22.5 22.5 22.5 22.5 19.8 19.8 19.8 113.4 113.4 113.4 39.6 39.6 39.6 39.6 0.9 0.9 0.9 39.6 39.6 0.9 0.9 0.9 0.9 0.9 -9999 32.4 32.4 32.4 32.4 32.4 32.4 32.4 22.5 22.5 22.5 22.5
17.1 48.6 48.6 48.6 48.6 48.6 48.6 51.300000000000004 51.300000000000004 51.300000000000004 51.300000000000004 51.300000000000004 15.3 15.3 15.3 15.3 220.5 220.5 220.5 220.5 220.5 220.5 220.5 37.800000000000004 -9999 36 36 36 36 36 36 36 36 36 36 22.5 22.5 22.5 22.5 22.5 22.5 22.5 22.5 22.5 22.5 19.8 19.8 19.8 19.8 19.8 113.4 113.4 0.9 0.9 0.9 0.9 0.9 0.9 0.9 0.9 0.9 0.9 0.9 0.9 0.9 0.9 -9999 32.4 32.4 32.4 32.4 32.4 32.4 32.4 22.5 22.5 22.5 22.5
17.1 17.1 48.6 48.6 48.6 48.6 51.300000000000004 51.300000000000004 51.300000000000004 51.300000000000004 51.300000000000004 51.300000000000004 15.3 15.3 15.3 220.5 220.5 220.5 220.5 220.5 220.5 220.5 37.800000000000004 -9999 37.800000000000004 37.800000000000004 37.800000000000004 36 36 36 36 36 36 36 22.5 22.5 22.5 22.5 22.5 22.5 22.5 22.5 22.5 22.5 22.5 19.8 19.8 19.8 19.8 19.8 19.8 19.8 19.8 19.8 0.9 0.9 0.9 0.9 0.9 0.9 0.9 0.9 0.9 0.9 0.9 0.9 0.9 -9999 168.3 32.4 168.3 32.4 32.4 32.4 32.4 32.4 22.5 22.5
17.1 17.1 17.1 48.6 48.6 51.300000000000004 51.300000000000004 51.300000000000004 51.300000000000004 51.300000000000004 51.300000000000004 51.300000000000004 15.3 15.3 15.3 220.5 220.5 220.5 220.5 220.5 220.5 220.5 37.800000000000004 -9999 37.800000000000004 37.800000000000004 37.800000000000004 0 0 36 36 36 36 36 22.5 22.5 22.5 22.5 22.5 22.5 22.5 22.5 22.5 22.5 19.8 19.8 19.8 19.8 19.8 19.8 19.8 19.8 19.8 0 0 0 0 0 0 0.9 0.9 0.9 0.9 0.9 0.9 0.9 0.9 0.9 -9999 168.3 168.3 168.3 32.4 32.4 32.4 32.4 22.5 22.5
17.1 17.1 17.1 17.1 51.300000000000004 51.300000000000004 51.300000000000004 51.300000000000004 51.300000000000004 51.300000000000004 51.300000000000004 51.300000000000004 15.3 15.3 15.3 15.3 220.5 220.5 220.5 220.5 220.5 0 0 37.800000000000004 37.800000000000004 37.800000000000004 0 0 0 0 0 36 36 36 22.5 22.5 22.5 22.5 22.5 22.5 22.5 22.5 22.5 22.5 19.8 19.8 19.8 19.8 19.8 19.8 19.8 19.8 19.8 0 0 0 0 0 0 0 0.9 0.9 0.9 0.9 0.9 0.9 0.9 0.9 168.3 64 -9999 168.3 168.3 32.4 32.4 32.4 32.4 22.5
17.1 17.1 17.1 17.1 51.300000000000004 51.300000000000004 51.300000000000004 51.300000000000004 51.300000000000004 51.300000000000004 51.300000000000004 51.300000000000004 51.300000000000004 51.300000000000004 15.3 15.3 15.3 51.300000000000004 220.5 220.5 220.5 0 -9999 37.800000000000004 37.800000000000004 37.800000000000004 0 0 0 0 0 0 0 22.5 22.5 22.5 22.5 22.5 22.5 22.5 22.5 22.5 22.5 22.5 19.8 19.8 19.8 19.8 19.8 19.8 19.8 19.8 0 0 0 0 23.400000000000002 0 0 0 0 0 0.9 0.9 0.9 0.9 0.9 0.9 0.9 168.3 168.3 -9999 168.3 168.3 32.4 32.4 32.4 7
17.1 17.1 17.1 51.300000000000004 51.300000000000004 51.300000000000004 51.300000000000004 51.300000000000004 51.300000000000004 51.300000000000004 51.300000000000004 51.300000000000004 51.300000000000004 51.300000000000004 15.3 15.3 51.300000000000004 51.300000000000004 220.5 220.5 0 0 37.800000000000004 37.800000000000004 37.800000000000004 37.800000000000004 37.800000000000004 0 0 0 0 0 0 0 0 22.5 22.5 22.5 22.5 22.5 22.5 22.5 22.5 19.8 19.8 19.8 19.8 19.8 19.8 19.8 19.8 19.8 33.300000000000004 23.400000000000002 23.400000000000002 23.400000000000002 23.400000000000002 23.400000000000002 0 0 0 0 0 0 0.9 0.9 0.9 0.9 0.9 168.3 168.3 168.3 -9999 168.3 168.3 168.3 168.3 -9999
17.1 17.1 204.3 204.3 204.3 51.300000000000004 51.300000000000004 51.300000000000004 51.300000000000004 51.300000000000004 51.300000000000004 51.300000000000004 51.300000000000004 51.300000000000004 15.3 51.300000000000004 90 90 220.5 220.5 -9999 -9999 37.800000000000004 37.800000000000004 37.800000000000004 37.800000000000004 37.800000000000004 37.800000000000004 37.800000000000004 0 0 0 0 0 0 0 0 22.5 22.5 22.5 22.5 22.5 19.8 19.8 19.8 19.8 19.8 19.8 19.8 19.8 19.8 33.300000000000004 33.300000000000004 33.300000000000004 33.300000000000004 33.300000000000004 33.300000000000004 23.400000000000002 23.400000000000002 23.400000000000002 23.400000000000002 0 0 0 0 0 0.9 0.9 0.9 0.9 0.9 168.3 168.3 -9999 2 168.3 -9999 15.3
106.2 17.1 204.3 204.3 204.3 204.3 204.3 51.300000000000004 51.300000000000004 51.300000000000004 51.300000000000004 51.300000000000004 51.300000000000004 51.300000000000004 51.300000000000004 51.300000000000004 90 90 90 37.800000000000004 -9999 -9999 37.800000000000004 37.800000000000004 37.800000000000004 37.800000000000004 37.800000000000004 37.800000000000004 37.800000000000004 159.3 159.3 159.3 159.3 159.3 159.3 0 0 0 0 22.5 22.5 22.5 19.8 19.8 19.8 19.8 19.8 19.8 19.8 19.8 19.8 33.300000000000004 33.300000000000004 33.300000000000004 33.300000000000004 33.300000000000004 33.300000000000004 23.400000000000002 23.400000000000002 23.400000000000002 23.400000000000002 23.400000000000002 23.400000000000002 23.400000000000002 23.400000000000002 0 0 19.8 0.9 0.9 0.9 0.9 0.9 0.9 0.9 -9999 47.7 15.3
106.2 9 31 81 204.3 204.3 204.3 204.3 204.3 204.3 204.3 204.3 204.3 51.300000000000004 51.300000000000004 90 90 90 90 37.800000000000004 -9999 -9999 37.800000000000004 37.800000000000004 37.800000000000004 37.800000000000004 37.800000000000004 37.800000000000004 37.800000000000004 37.800000000000004 159.3 159.3 159.3 159.3 159.3 0 0 0 0 0 0 22.5 19.8 19.8 19.8 19.8 19.8 19.8 19.8 19.8 33.300000000000004 33.300000000000004 33.300000000000004 33.300000000000004 33.300000000000004 33.300000000000004 33.300000000000004 23.400000000000002 23.400000000000002 23.400000000000002 23.400000000000002 23.400000000000002 23.400000000000002 23.400000000000002 23.400000000000002 19.8 19.8 19.8 19.8 19.8 0.9 0.9 0.9 0.9 -9999 47.7 47.7 15.3
-9999 -9999 -9999 3 4 16 -9999 90 204.3 204.3 204.3 204.3 204.3 204.3 204.3 90 90 90 37.800000000000004 37.800000000000004 37.800000000000004 -9999 37.800000000000004 37.800000000000004 37.800000000000004 37.800000000000004 37.800000000000004 37.800000000000004 37.800000000000004 159.3 159.3 159.3 159.3 159.3 159.3 0 0 0 0 0 0 0 32.4 19.8 19.8 19.8 19.8 19.8 19.8 19.8 33.300000000000004 33.300000000000004 33.300000000000004 33.300000000000004 33.300000000000004 33.300000000000004 33.300000000000004 33.300000000000004 23.400000000000002 23.400000000000002 23.400000000000002 23.400000000000002 23.400000000000002 19.8 19.8 19.8 19.8 19.8 19.8 19.8 19.8 19.8 0.9 24 47.7 47.7 47.7 47.7
-9999 -9999 -9999 -9999 -9999 -9999 -9999 90 90 90 204.3 204.3 204.3 204.3 204.3 90 90 90 37.800000000000004 37.800000000000004 37.800000000000004 -9999 37.800000000000004 37.800000000000004 37.800000000000004 37.800000000000004 37.800000000000004 37.800000000000004 159.3 159.3 159.3 159.3 159.3 159.3 159.3 159.3 32.4 0 0 0 0 32.4 32.4 32.4 32.4 19.8 19.8 19.8 19.8 33.300000000000004 33.300000000000004 33.300000000000004 33.300000000000004 33.300000000000004 33.300000000000004 33.300000000000004 33.300000000000004 33.300000000000004 33.300000000000004 23.400000000000002 23.400000000000002 23.400000000000002 33.300000000000004 33.300000000000004 19.8 19.8 19.8 19.8 19.8 19.8 19.8 19.8 19.8 30 47.7 47.7 47.7 47.7
-9999 -9999 -9999 -9999 -9999 -9999 69.3 69.3 69.3 90 90 90 90 90 90 69.3 69.3 69.3 -9999 -9999 -9999 -9999 21.6 21.6 37.800000000000004 37.800000000000004 37.800000000000004 37.800000000000004 37.800000000000004 159.3 159.3 159.3 159.3 159.3 159.3 159.3 159.3 32.4 32.4 32.4 32.4 32.4 32.4 32.4 32.4 32.4 32.4 19.8 19.8 33.300000000000004 33.300000000000004 33.300000000000004 33.300000000000004 33.300000000000004 33.300000000000004 33.300000000000004 33.300000000000004 33.300000000000004 33.300000000000004 33.300000000000004 33.300000000000004 33.300000000000004 33.300000000000004 33.300000000000004 33.300000000000004 33.300000000000004 19.8 19.8 19.8 19.8 19.8 19.8 18 0 0 0 0 47.7
-9999 -9999 -9999 -9999 -9999 -9999 69.3 69.3 69.3 69.3 90 90 90 69.3 69.3 69.3 69.3 -9999 -9999 -9999 -9999 -9999 21.6 21.6 21.6 21.6 37.800000000000004 37.800000000000004 37.800000000000004 159.3 159.3 159.3 159.3 159.3 159.3 159.3 159.3 32.4 32.4 32.4 32.4 32.4 32.4 32.4 32.4 32.4 32.4 32.4 32.4 32.4 33.300000000000004 33.300000000000004 33.300000000000004 33.300000000000004 33.300000000000004 33.300000000000004 33.300000000000004 33.300000000000004 33.300000000000004 33.300000000000004 33.300000000000004 33.300000000000004 33.300000000000004 33.300000000000004 33.300000000000004 33.300000000000004 33.300000000000004 33.300000000000004 19.8 19.8 19.8 -9999 20.7 0 0 0 0 0
-9999 -9999 -9999 -9999 -9999 -9999 20 69.3 69.3 69.3 69.3 69.3 69.3 69.3 69.3 69.3 69.3 -9999 -9999 -9999 -9999 -9999 21.6 21.6 21.6 21.6 21.6 95.4 159.3 159.3 159.3 159.3 159.3 159.3 5.4 5.4 159.3 32.4 32.4 32.4 32.4 32.4 32.4 32.4 32.4 32.4 32.4 32.4 32.4 32.4 32.4 32.4 32.4 33.300000000000004 33.300000000000004 33.300000000000004 33.300000000000004 33.300000000000004 33.300000000000004 33.300000000000004 33.300000000000004 33.300000000000004 0.9 0.9 0.9 0.9 33.300000000000004 33.300000000000004 33.300000000000004 33.300000000000004 -9999 20.7 20.7 20.7 20.7 20.7 0 0
-9999 -9999 -9999 -9999 -9999 -9999 78.3 78.3 -9999 -9999 -9999 -9999 -9999 69.3 69.3 69.3 -9999 -9999 -9999 -9999 -9999 -9999 21.6 21.6 21.6 21.6 95.4 95.4 95.4 95.4 159.3 159.3 159.3 5.4 5.4 5.4 5.4 32.4 32.4 32.4 32.4 32.4 32.4 32.4 32.4 32.4 32.4 32.4 32.4 32.4 32.4 32.4 32.4 32.4 0 0 0 33.300000000000004 33.300000000000004 33.300000000000004 33.300000000000004 33.300000000000004 0.9 0.9 0.9 0.9 0.9 33.300000000000004 33.300000000000004 33.300000000000004 0 0 0 20.7 20.7 20.7 20.7 20.7
-9999 -9999 -9999 -9999 -9999 0 78.3 78.3 78.3 78.3 78.3 78.3 78.3 78.3 78.3 33 -9999 -9999 -9999 -9999 -9999 -9999 -9999 -9999 21.6 21.6 95.4 95.4 95.4 95.4 95.4 159.3 148.5 5.4 5.4 5.4 5.4 32.4 32.4 32.4 32.4 32.4 32.4 32.4 32.4 32.4 32.4 32.4 32.4 32.4 32.4 32.4 32.4 32.4 0 0 0 0 0 0 33.300000000000004 0.9 0.9 0.9 0.9 0.9 0.9 0.9 0.9 -9999 0 0 0 0 0 0 0 47.7
-9999 -9999 0 0 -9999 75.60000000000001 75.60000000000001 78.3 78.3 78.3 78.3 78.3 78.3 78.3 78.3 18 18 -9999 53 30 -9999 18 18 18 18 -9999 -9999 95.4 95.4 95.4 95.4 95.4 148.5 148.5 148.5 148.5 148.5 32.4 32.4 32.4 32.4 32.4 9 9 9 32.4 32.4 32.4 32.4 32.4 32.4 32.4 32.4 32.4 0 0 0 0 0 0 22.5 22.5 22.5 22.5 0.9 0.9 0.9 0.9 -9999 1.8 1.8 0 0 0 0 0 28.8 28.8
-9999 0 0 0 0 0.9 75.60000000000001 75.60000000000001 75.60000000000001 75.60000000000001 75.60000000000001 75.60000000000001 75.60000000000001 75.60000000000001 78.3 18 18 18 18 18 18 18 18 18 18 18 18 14 -9999 -9999 95.4 148.5 148.5 148.5 148.5 148.5 148.5 148.5 32.4 32.4 32.4 9 9 9 9 9 32.4 32.4 32.4 32.4 32.4 32.4 32.4 32.4 0 0 0 0 22.5 22.5 22.5 22.5 22.5 22.5 22.5 22.5 22.5 -9999 1.8 1.8 1.8 1.8 0 0 0 0 28.8 28.8
19.8 0 0 0 0 0.9 0.9 75.60000000000001 75.60000000000001 75.60000000000001 75.60000000000001 75.60000000000001 75.60000000000001 75.60000000000001 78.3 18 18 18 18 18 18 82.8 82.8 82.8 82.8 18 18 18 18 18 32 -9999 22 148.5 148.5 148.5 148.5 148.5 10.8 10.8 32.4 9 9 9 9 32.4 32.4 32.4 32.4 32.4 32.4 32.4 32.4 32.4 0 0 0 0 22.5 22.5 22.5 22.5 22.5 22.5 22.5 -9999 1.8 1.8 1.8 1.8 1.8 1.8 1.8 1.8 1.8 28.8 28.8 28.8
19.8 19.8 0 0 0 0.9 0.9 0.9 0.9 0.9 75.60000000000001 75.60000000000001 75.60000000000001 75.60000000000001 78.3 18 18 18 18 18 18 18 82.8 82.8 82.8 82.8 82.8 18 18 18 148.5 148.5 148.5 -9999 -9999 148.5 148.5 148.5 10.8 10.8 10.8 9 9 9 9 32.4 32.4 32.4 32.4 32.4 10.8 32.4 10.8 32.4 27 27 27 27 22.5 22.5 22.5 22.5 22.5 22.5 -9999 1.8 1.8 1.8 1.8 1.8 1.8 1.8 1.8 1.8 1.8 28.8 28.8 28.8
19.8 19.8 19.8 19.8 0.9 0.9 0.9 0.9 0.9 0.9 0.9 0.9 0.9 0.9 18 18 18 18 18 0 0 0 0 0 0 0 82.8 82.8 18 18 148.5 148.5 148.5 148.5 148.5 41 -9999 148.5 148.5 10.8 10.8 10.8 9 9 9 9 32.4 32.4 32.4 32.4 10.8 10.8 10.8 10.8 27 27 27 27 27 22.5 22.5 22.5 -9999 1.8 1.8 0 0 1.8 0 1.8 1.8 1.8 1.8 1.8 28.8 28.8 28.8 28.8
19.8 19.8 19.8 19.8 0.9 0.9 0.9 0.9 0.9 0.9 0.9 0.9 0.9 0.9 70.2 70.2 18 0 0 0 0 0 0 0 0 0 0 0 82.8 0 0 148.5 148.5 148.5 148.5 148.5 148.5 148.5 -9999 -9999 -9999 -9999 21 -9999 -9999 -9999 -9999 -9999 -9999 -9999 -9999 10.8 10.8 10.8 27 27 27 27 27 22.5 -9999 -9999 1.8 1.8 0 0 0 0 0 0 1.8 1.8 1.8 28.8 28.8 28.8 33.300000000000004 33.300000000000004
36 36 19.8 19.8 0.9 0.9 0.9 0.9 0.9 0.9 0.9 0.9 0.9 0.9 70.2 70.2 70.2 32.4 32.4 32.4 32.4 32.4 160.20000000000002 160.20000000000002 0 0 0 0 0 0 0 0 0 118.8 118.8 148.5 148.5 10.8 10.8 10.8 10.8 10.8 10.8 48.6 48.6 48.6 48.6 48.6 48.6 48.6 48.6 48.6 -9999 -9999 -9999 -9999 -9999 -9999 -9999 1.8 1.8 1.8 1.8 0 0 0 0 0 0 0 1.8 1.8 1.8 33.300000000000004 33.300000000000004 33.300000000000004 33.300000000000004 33.300000000000004
36 36 36 19.8 0.9 0.9 0.9 0.9 0.9 0.9 0.9 0.9 0.9 70.2 70.2 70.2 32.4 32.4 32.4 32.4 32.4 32.4 160.20000000000002 160.20000000000002 160.20000000000002 160.20000000000002 160.20000000000002 53.1 53.1 0 0 118.8 118.8 118.8 118.8 118.8 118.8 10.8 10.8 10.8 10.8 10.8 10.8 48.6 48.6 48.6 48.6 48.6 48.6 48.6 48.6 48.6 8.1 8.1 8.1 8.1 8.1 8.1 1.8 1.8 1.8 1.8 1.8 1.8 0 0 0 0 0 0 0 27 33.300000000000004 33.300000000000004 33.300000000000004 33.300000000000004 33.300000000000004 33.300000000000004
36 36 36 36 36 0.9 0.9 0.9 0.9 0.9 0.9 0.9 0.9 70.2 70.2 70.2 70.2 70.2 32.4 32.4 32.4 32.4 160.20000000000002 160.20000000000002 160.20000000000002 160.20000000000002 53.1 53.1 53.1 53.1 53.1 0 0 0 0 118.8 10.8 10.8 10.8 10.8 10.8 10.8 10.8 48.6 48.6 48.6 48.6 48.6 48.6 48.6 48.6 48.6 8.1 8.1 8.1 8.1 8.1 8.1 1.8 1.8 1.8 1.8 1.8 1.8 1.8 1.8 27 27 27 27 27 33.300000000000004 33.300000000000004 33.300000000000004 33.300000000000004 33.300000000000004 33.300000000000004 33.300000000000004
0 0 36 36 36 36 36 0.9 0.9 0.9 0.9 0.9 0.9 70.2 70.2 70.2 70.2 70.2 70.2 32.4 32.4 32.4 32.4 160.20000000000002 54 54 53.1 53.1 53.1 53.1 53.1 0 0 0 0 0 118.8 10.8 10.8 10.8 10.8 10.8 10.8 48.6 48.6 48.6 48.6 48.6 48.6 48.6 48.6 1.8 1.8 8.1 8.1 8.1 8.1 8.1 1.8 1.8 1.8 1.8 1.8 1.8 1.8 27 27 27 1.8 1.8 27 33.300000000000004 33.300000000000004 33.300000000000004 33.300000000000004 33.300000000000004 33.300000000000004 33.300000000000004
0 0 0 36 36 36 36 36 36 0.9 0.9 0.9 0.9 70.2 70.2 70.2 70.2 70.2 70.2 70.2 32.4 32.4 32.4 32.4 54 54 53.1 53.1 53.1 53.1 53.1 0 0 0 0 0 118.8 118.8 118.8 118.8 48.6 48.6 48.6 48.6 48.6 48.6 48.6 48.6 48.6 48.6 48.6 1.8 1.8 1.8 8.1 8.1 8.1 8.1 1.8 1.8 1.8 1.8 1.8 1.8 27 27 27 1.8 1.8 1.8 33.300000000000004 33.300000000000004 33.300000000000004 33.300000000000004 33.300000000000004 33.300000000000004 33.300000000000004 33.300000000000004
0 0 0 0 0 36 36 36 36 36 36 0.9 70.2 70.2 70.2 70.2 70.2 70.2 70.2 70.2 70.2 32.4 32.4 54 54 54 54 53.1 53.1 53.1 0 0 0 0 0 0 0 0 118.8 118.8 48.6 48.6 48.6 48.6 48.6 48.6 48.6 18 48.6 48.6 48.6 48.6 1.8 1.8 1.8 8.1 8.1 1.8 1.8 1.8 1.8 1.8 1.8 27 27 27 1.8 1.8 1.8 1.8 33.300000000000004 33.300000000000004 33.300000000000004 33.300000000000004 33.300000000000004 33.300000000000004 33.300000000000004 33.300000000000004
-9999 0 0 0 0 0 0 0 36 36 36 36 70.2 70.2 70.2 70.2 70.2 70.2 70.2 70.2 70.2 18 18 18 18 18 53.1 53.1 53.1 53.1 0 0 0 0 0 0 0 18 18 18 18 18 48.6 48.6 48.6 18 18 18 18 18 48.6 0 1.8 1.8 1.8 1.8 1.8 1.8 1.8 1.8 1.8 1.8 1.8 27 27 27 1.8 1.8 1.8 33.300000000000004 33.300000000000004 33.300000000000004 33.300000000000004 33.300000000000004 33.300000000000004 33.300000000000004 33.300000000000004 33.300000000000004
-9999 0 0 0 0 0 0 0 0 0 0 0 36 36 70.2 70.2 70.2 70.2 70.2 18 18 18 18 18 18 18 18 18 18 18 18 18 18 18 18 18 18 18 18 18 18 18 18 18 18 18 18 18 0 0 0 0 0 1.8 1.8 1.8 1.8 1.8 1.8 1.8 1.8 1.8 1.8 1.8 1.8 1.8 1.8 1.8 23.400000000000002 33.300000000000004 33.300000000000004 33.300000000000004 33.300000000000004 33.300000000000004 33.300000000000004 33.300000000000004 33.300000000000004 33.300000000000004
-9999 0 0 0 0 0 0 0 0 0 0 0 1.8 36 36 36 36 36 18 18 18 18 18 18 18 18 18 18 18 18 18 18 18 18 18 18 18 18 18 18 18 18 18 18 0 0 18 0 0 0 0 0 0 0 1.8 1.8 1.8 1.8 25.2 25.2 7.2 7.2 7.2 1.8 1.8 1.8 1.8 1.8 23.400000000000002 33.300000000000004 33.300000000000004 33.300000000000004 33.300000000000004 33.300000000000004 33.300000000000004 33.300000000000004 33.300000000000004 33.300000000000004
