04_184A001/koivu.asc
ncols 378
nrows 390
xllcorner 613424
yllcorner 6870896
cellsize 16
nodata_value -9999
[rows 102 to 135 of 390, columns 0 to 77 of 378]
-9999 18 18 18 18 18 18 18 18 192.6 192.6 192.6 192.6 81.9 81.9 81.9 6.3 6.3 6.3 6.3 6.3 6.3 6.3 6.3 6.3 -9999 -9999 5.4 94.5 94.5 94.5 94.5 94.5 84.60000000000001 84.60000000000001 -9999 27 27 27 27 28.8 28.8 28.8 28.8 28.8 28.8 29.7 29.7 29.7 29.7 29.7 10.8 10.8 105.3 105.3 105.3 105.3 105.3 105.3 10.8 10.8 10.8 -9999 -9999 -9999 -9999 -9999 -9999 -9999 -9999 -9999 -9999 -9999 -9999 -9999 -9999 -9999 -9999
-9999 18 18 18 18 18 18 18 18 18 18 192.6 192.6 81.9 81.9 6.3 6.3 6.3 6.3 6.3 6.3 6.3 6.3 6.3 6.3 6.3 6.3 -9999 -9999 94.5 94.5 20 94.5 94.5 94.5 -9999 27 27 27 27 28.8 28.8 28.8 28.8 28.8 28.8 29.7 29.7 29.7 29.7 29.7 10.8 10.8 10.8 105.3 105.3 105.3 105.3 10.8 10.8 10.8 10.8 10.8 10.8 10.8 -9999 -9999 -9999 -9999 -9999 -9999 -9999 -9999 -9999 -9999 -9999 -9999 -9999
-9999 62.1 62.1 62.1 62.1 62.1 62.1 62.1 18 18 18 18 18 18 81.9 6.3 6.3 6.3 6.3 6.3 6.3 6.3 6.3 6.3 6.3 6.3 6.3 6.3 94.5 94.5 -9999 -9999 -9999 -9999 -9999 -9999 15.3 27 27 27 27 27 28.8 28.8 39.6 28.8 30.6 29.7 29.7 29.7 29.7 29.7 10.8 105.3 105.3 10.8 10.8 10.8 10.8 10.8 10.8 10.8 10.8 10.8 -9999 -9999 -9999 -9999 -9999 -9999 -9999 -9999 -9999 -9999 -9999 -9999 -9999 -9999
-9999 62.1 62.1 26.1 62.1 62.1 62.1 62.1 18 18 18 18 18 18 18 18 6.3 6.3 6.3 6.3 6.3 6.3 6.3 6.3 6.3 6.3 6.3 6.3 94.5 94.5 94.5 -9999 94.5 94.5 94.5 -9999 15.3 15.3 15.3 27 27 39.6 39.6 28.8 39.6 39.6 30.6 30.6 30.6 30.6 29.7 10.8 10.8 10.8 10.8 10.8 9.9 9.9 9.9 9.9 9.9 10.8 10.8 10.8 -9999 -9999 -9999 -9999 -9999 -9999 -9999 -9999 -9999 -9999 -9999 -9999 -9999 -9999
-9999 62.1 62.1 26.1 26.1 9.9 9.9 62.1 62.1 62.1 62.1 62.1 27 27 18 18 18 18 6.3 6.3 6.3 6.3 6.3 6.3 6.3 6.3 6.3 6.3 94.5 94.5 94.5 -9999 94.5 94.5 -9999 15.3 15.3 15.3 15.3 15.3 18.900000000000002 39.6 39.6 39.6 39.6 39.6 30.6 30.6 30.6 30.6 30.6 10.8 10.8 10.8 10.8 9.9 9.9 9.9 9.9 9.9 9.9 9.9 9.9 10.8 10.8 -9999 -9999 -9999 -9999 -9999 -9999 -9999 -9999 -9999 -9999 -9999 -9999 -9999
-9999 -9999 -9999 -9999 26.1 9.9 9.9 9.9 9.9 62.1 62.1 62.1 9.9 9.9 27 27 27 18 18 18 6.3 6.3 6.3 6.3 6.3 6.3 6.3 6.3 94.5 94.5 94.5 -9999 94.5 94.5 -9999 15.3 15.3 15.3 15.3 15.3 15.3 18.900000000000002 18.900000000000002 39.6 39.6 39.6 30.6 30.6 30.6 30.6 30.6 30.6 10.8 10.8 10.8 10.8 9.9 0 0 0 9.9 9.9 9.9 9.9 10.8 10.8 10.8 10.8 -9999 -9999 -9999 -9999 -9999 -9999 -9999 -9999 -9999 -9999
-9999 -9999 -9999 -9999 26.1 9.9 9.9 9.9 9.9 9.9 62.1 62.1 9.9 9.9 9.9 27 27 27 18 18 27 27 27 6.3 6.3 6.3 6.3 6.3 94.5 94.5 72 -9999 94.5 94.5 -9999 15.3 15.3 15.3 15.3 15.3 15.3 15.3 18.900000000000002 18.900000000000002 18.900000000000002 39.6 30.6 30.6 30.6 30.6 30.6 30.6 30.6 10.8 10.8 10.8 10.8 10.8 0 0 0 9.9 9.9 9.9 9.9 10.8 10.8 10.8 -9999 -9999 -9999 -9999 -9999 -9999 -9999 -9999 -9999 -9999
-9999 -9999 26.1 26.1 26.1 9.9 9.9 9.9 9.9 9.9 9.9 9.9 9.9 9.9 9.9 9.9 27 27 27 27 27 27 27 9.9 9.9 6.3 6.3 6.3 94.5 94.5 57 94.5 94.5 -9999 -9999 -9999 25 15.3 15.3 15.3 15.3 15.3 18.900000000000002 18.900000000000002 18.900000000000002 18.900000000000002 18.900000000000002 30.6 30.6 30.6 30.6 30.6 30.6 30.6 10.8 10.8 10.8 10.8 10.8 10.8 0 0 9.9 9.9 9.9 9.9 9.9 10.8 10.8 -9999 -9999 -9999 -9999 -9999 -9999 -9999 -9999 -9999
-9999 15.3 15.3 26.1 26.1 9.9 9.9 9.9 9.9 9.9 9.9 9.9 9.9 9.9 9.9 9.9 27 27 27 27 27 27 27 9.9 9.9 9.9 9.9 6.3 94.5 94.5 45 94.5 94.5 -9999 -9999 -9999 15.3 15.3 15.3 15.3 15.3 15.3 18.900000000000002 18.900000000000002 18.900000000000002 18.900000000000002 18.900000000000002 18.900000000000002 30.6 30.6 30.6 30.6 30.6 30.6 81 10.8 10.8 10.8 10.8 10.8 10.8 0 0 0 9.9 9.9 9.9 9.9 9.9 9.9 9.9 -9999 -9999 -9999 -9999 -9999 -9999 -9999
-9999 15.3 15.3 26.1 26.1 26.1 9.9 9.9 9.9 9.9 9.9 9.9 9.9 9.9 9.9 9.9 9.9 9.9 9.9 9.9 27 27 27 9.9 9.9 9.9 9.9 9.9 117.9 94.5 39 94.5 94.5 -9999 -9999 -9999 15.3 15.3 15.3 15.3 15.3 15.3 15.3 18.900000000000002 18.900000000000002 18.900000000000002 18.900000000000002 18.900000000000002 18.900000000000002 18.900000000000002 30.6 30.6 30.6 81 81 81 10.8 10.8 10.8 10.8 10.8 10.8 10.8 10.8 10.8 10.8 10.8 9.9 9.9 9.9 9.9 9.9 -9999 -9999 -9999 -9999 -9999 -9999
-9999 -9999 26.1 26.1 26.1 26.1 26.1 26.1 26.1 9.9 9.9 9.9 9.9 9.9 9.9 9.9 9.9 9.9 9.9 9.9 9.9 27 9.9 9.9 9.9 9.9 117.9 117.9 117.9 117.9 117.9 -9999 94.5 -9999 -9999 18 23 15.3 15.3 15.3 15.3 15.3 15.3 18.900000000000002 18.900000000000002 18.900000000000002 18.900000000000002 18.900000000000002 18.900000000000002 18.900000000000002 18.900000000000002 18.900000000000002 81 81 81 81 81 10.8 10.8 10.8 10.8 10.8 10.8 10.8 10.8 10.8 10.8 10.8 10.8 9.9 9.9 9.9 9.9 -9999 -9999 -9999 -9999 -9999
-9999 -9999 26.1 26.1 26.1 26.1 26.1 26.1 9.9 9.9 9.9 9.9 9.9 9.9 9.9 9.9 9.9 9.9 9.9 9.9 9.9 9.9 9.9 9.9 9.9 9.9 117.9 117.9 117.9 117.9 117.9 -9999 117.9 -9999 45 12 1 46 45 15.3 15.3 15.3 15.3 18.900000000000002 18.900000000000002 18.900000000000002 18.900000000000002 18.900000000000002 18.900000000000002 18.900000000000002 18.900000000000002 18.900000000000002 18.900000000000002 50.4 81 81 81 81 10.8 10.8 10.8 10.8 10.8 10.8 10.8 10.8 10.8 10.8 10.8 10.8 9.9 9.9 149.4 -9999 -9999 -9999 -9999 -9999
-9999 -9999 0 0 0 26.1 26.1 26.1 9.9 9.9 9.9 9.9 9.9 9.9 9.9 9.9 9.9 9.9 9.9 9.9 9.9 9.9 9.9 9.9 9.9 9.9 9.9 9.9 117.9 117.9 117.9 -9999 117.9 -9999 48 8 5 21 55 79 33 15.3 15.3 15.3 18.900000000000002 18.900000000000002 18.900000000000002 18.900000000000002 18.900000000000002 18.900000000000002 18.900000000000002 18.900000000000002 18.900000000000002 50.4 50.4 50.4 81 81 81 81 10.8 10.8 10.8 10.8 10.8 10.8 10.8 10.8 10.8 10.8 10.8 11.700000000000001 11.700000000000001 149.4 149.4 -9999 -9999 -9999
-9999 -9999 -9999 -9999 0 0 0 26.1 9.9 9.9 9.9 9.9 9.9 9.9 9.9 9.9 9.9 9.9 9.9 9.9 9.9 81.9 9.9 9.9 9.9 9.9 173.70000000000002 173.70000000000002 173.70000000000002 117.9 117.9 -9999 117.9 -9999 -9999 -9999 -9999 -9999 -9999 22 9 9 15.3 15.3 15.3 18.900000000000002 18.900000000000002 18.900000000000002 18.900000000000002 18.900000000000002 18.900000000000002 18.900000000000002 18.900000000000002 50.4 50.4 50.4 50.4 50.4 81 81 36 36 36 36 36 10.8 10.8 10.8 10.8 10.8 10.8 11.700000000000001 11.700000000000001 149.4 149.4 149.4 149.4 -9999
-9999 -9999 -9999 -9999 0 0 0 0 0 9.9 9.9 9.9 9.9 9.9 9.9 9.9 9.9 9.9 9.9 9.9 9.9 81.9 81.9 9.9 81.9 173.70000000000002 173.70000000000002 173.70000000000002 173.70000000000002 173.70000000000002 173.70000000000002 117.9 117.9 -9999 11 -9999 -9999 -9999 -9999 0 4 47 15.3 15.3 15.3 15.3 18.900000000000002 18.900000000000002 18.900000000000002 18.900000000000002 18.900000000000002 50.4 50.4 50.4 50.4 50.4 50.4 50.4 50.4 50.4 36 36 36 36 36 36 36 10.8 10.8 11.700000000000001 11.700000000000001 11.700000000000001 11.700000000000001 149.4 149.4 149.4 149.4 -9999
-9999 -9999 -9999 -9999 0 0 0 0 0 0 0 0 9.9 9.9 9.9 9.9 9.9 9.9 9.9 9.9 81.9 81.9 81.9 81.9 81.9 173.70000000000002 173.70000000000002 173.70000000000002 173.70000000000002 173.70000000000002 173.70000000000002 173.70000000000002 117.9 117.9 -9999 -9999 -9999 -9999 -9999 -9999 -9999 8 15.3 15.3 15.3 15.3 15.3 15.3 18.900000000000002 18.900000000000002 18.900000000000002 50.4 50.4 50.4 50.4 50.4 50.4 50.4 50.4 50.4 50.4 36 36 36 36 36 36 36 30.6 11.700000000000001 11.700000000000001 11.700000000000001 149.4 149.4 149.4 149.4 149.4 149.4
-9999 -9999 -9999 -9999 98.10000000000001 0 0 0 0 0 0 0 0 0 9.9 9.9 9.9 9.9 9.9 9.9 9.9 81.9 81.9 81.9 81.9 81.9 173.70000000000002 173.70000000000002 173.70000000000002 173.70000000000002 173.70000000000002 173.70000000000002 -9999 117.9 -9999 -9999 -9999 -9999 2 90 90 0 -9999 -9999 36 15.3 15.3 15.3 11.700000000000001 11.700000000000001 11.700000000000001 50.4 50.4 50.4 50.4 50.4 50.4 50.4 50.4 50.4 50.4 50.4 36 36 36 36 36 30.6 30.6 30.6 30.6 11.700000000000001 149.4 149.4 149.4 149.4 149.4 149.4
-9999 -9999 -9999 -9999 98.10000000000001 0 0 0 0 0 0 0 0 0 0 0 9.9 9.9 9.9 9.9 81.9 81.9 81.9 81.9 81.9 81.9 81.9 173.70000000000002 173.70000000000002 173.70000000000002 173.70000000000002 173.70000000000002 -9999 117.9 -9999 90 90 31 90 90 90 90 90 -9999 -9999 90 90 11.700000000000001 11.700000000000001 11.700000000000001 11.700000000000001 11.700000000000001 50.4 50.4 50.4 50.4 50.4 50.4 50.4 50.4 50.4 50.4 36 36 36 36 36 30.6 30.6 30.6 30.6 30.6 30.6 149.4 149.4 149.4 149.4 149.4
-9999 -9999 -9999 -9999 0 0 0 0 0 0 0 0 0 0 0 0 0 38.7 38.7 81.9 81.9 81.9 81.9 81.9 81.9 81.9 81.9 81.9 173.70000000000002 173.70000000000002 173.70000000000002 173.70000000000002 173.70000000000002 117.9 -9999 90 90 90 90 90 90 90 90 90 90 90 90 90 90 11.700000000000001 11.700000000000001 11.700000000000001 11.700000000000001 11.700000000000001 11.700000000000001 11.700000000000001 0 0 0 0 0 50.4 50.4 36 36 36 36 23.400000000000002 30.6 30.6 30.6 30.6 30.6 30.6 30.6 30.6 30.6 149.4
-9999 -9999 -9999 -9999 -9999 0 0 0 0 74.7 0 0 0 0 0 0 38.7 38.7 38.7 38.7 38.7 81.9 81.9 81.9 81.9 81.9 81.9 81.9 81.9 173.70000000000002 173.70000000000002 173.70000000000002 173.70000000000002 5 -9999 90 90 90 90 90 90 90 90 90 90 90 90 90 90 90 90 11.700000000000001 11.700000000000001 11.700000000000001 11.700000000000001 0 0 0 0 0 0 0 0 0 36 36 36 23.400000000000002 23.400000000000002 23.400000000000002 30.6 30.6 30.6 30.6 30.6 30.6 30.6 -9999
-9999 -9999 -9999 -9999 -9999 -9999 0 74.7 0 0 0 0 0 0 0 38.7 38.7 38.7 38.7 38.7 38.7 13.5 13.5 81.9 81.9 81.9 81.9 81.9 81.9 81.9 81.9 173.70000000000002 81.9 -9999 -9999 90 90 90 90 13.5 13.5 90 13.5 90 90 90 90 90 90 90 1.8 1.8 1.8 1.8 0 0 0 0 0 0 0 0 0 0 36 36 23.400000000000002 23.400000000000002 23.400000000000002 23.400000000000002 23.400000000000002 30.6 30.6 30.6 30.6 30.6 -9999 -9999
-9999 -9999 -9999 -9999 -9999 -9999 -9999 -9999 -9999 -9999 -9999 -9999 -9999 0 -9999 -9999 38.7 38.7 38.7 38.7 38.7 13.5 -9999 -9999 13.5 13.5 81.9 81.9 81.9 81.9 81.9 81.9 81.9 -9999 -9999 90 90 90 13.5 13.5 13.5 13.5 13.5 13.5 13.5 13.5 90 90 90 1.8 1.8 1.8 1.8 1.8 1.8 1.8 0 45 45 0 0 0 0 0 0 23.400000000000002 23.400000000000002 23.400000000000002 23.400000000000002 23.400000000000002 23.400000000000002 23.400000000000002 23.400000000000002 30.6 30.6 30.6 -9999 -9999
-9999 -9999 -9999 -9999 -9999 -9999 -9999 -9999 -9999 -9999 -9999 -9999 -9999 -9999 -9999 -9999 -9999 38.7 38.7 38.7 13.5 13.5 -9999 -9999 -9999 13.5 44.1 44.1 81.9 81.9 81.9 81.9 81.9 81.9 23 -9999 90 90 90 90 13.5 61.2 61.2 61.2 61.2 13.5 13.5 13.5 13.5 13.5 1.8 1.8 1.8 1.8 1.8 1.8 1.8 45 45 0 0 0 0 0 0 0 23.400000000000002 23.400000000000002 23.400000000000002 23.400000000000002 23.400000000000002 23.400000000000002 23.400000000000002 23.400000000000002 23.400000000000002 30.6 -9999 -9999
-9999 -9999 -9999 -9999 -9999 -9999 -9999 -9999 -9999 -9999 -9999 -9999 -9999 -9999 -9999 -9999 -9999 -9999 -9999 -9999 -9999 -9999 -9999 -9999 -9999 -9999 -9999 -9999 -9999 44.1 81.9 81.9 81.9 81.9 -9999 -9999 90 90 90 90 90 61.2 61.2 61.2 61.2 61.2 61.2 13.5 13.5 13.5 13.5 1.8 1.8 1.8 1.8 1.8 45 45 45 45 0 0 0 0 0 0 42.300000000000004 23.400000000000002 16.2 16.2 16.2 23.400000000000002 23.400000000000002 23.400000000000002 23.400000000000002 42.300000000000004 42.300000000000004 -9999
-9999 -9999 -9999 -9999 -9999 -9999 -9999 -9999 -9999 -9999 -9999 -9999 -9999 -9999 -9999 -9999 -9999 -9999 -9999 -9999 -9999 -9999 -9999 -9999 -9999 -9999 -9999 -9999 -9999 -9999 44.1 44.1 79.2 81.9 -9999 -9999 90 90 90 90 90 30 61.2 61.2 61.2 61.2 61.2 61.2 61.2 13.5 11.700000000000001 11.700000000000001 11.700000000000001 1.8 1.8 1.8 45 45 45 45 0 0 0 0 42.300000000000004 42.300000000000004 147.6 147.6 16.2 16.2 16.2 16.2 23.400000000000002 23.400000000000002 42.300000000000004 42.300000000000004 42.300000000000004 42.300000000000004
-9999 -9999 -9999 -9999 -9999 -9999 -9999 -9999 -9999 -9999 -9999 -9999 -9999 -9999 -9999 -9999 -9999 -9999 -9999 -9999 -9999 -9999 -9999 -9999 -9999 -9999 -9999 -9999 -9999 -9999 -9999 -9999 -9999 79.2 -9999 10 -9999 90 90 90 0 -9999 -9999 61.2 61.2 61.2 61.2 61.2 61.2 61.2 11.700000000000001 11.700000000000001 11.700000000000001 11.700000000000001 11.700000000000001 45 45 45 45 90 90 0 0 0 42.300000000000004 42.300000000000004 147.6 147.6 147.6 16.2 16.2 16.2 16.2 42.300000000000004 42.300000000000004 42.300000000000004 42.300000000000004 42.300000000000004
-9999 -9999 -9999 -9999 -9999 -9999 -9999 -9999 -9999 -9999 -9999 -9999 -9999 -9999 -9999 -9999 -9999 -9999 -9999 -9999 -9999 -9999 -9999 -9999 -9999 -9999 -9999 -9999 -9999 -9999 -9999 -9999 -9999 -9999 -9999 -9999 -9999 90 -9999 9 -9999 -9999 -9999 -9999 -9999 61.2 61.2 61.2 61.2 11.700000000000001 11.700000000000001 11.700000000000001 11.700000000000001 11.700000000000001 11.700000000000001 18.900000000000002 45 45 45 90 90 42.300000000000004 42.300000000000004 42.300000000000004 42.300000000000004 42.300000000000004 147.6 147.6 147.6 16.2 16.2 16.2 16.2 42.300000000000004 42.300000000000004 42.300000000000004 42.300000000000004 42.300000000000004
-9999 -9999 -9999 -9999 -9999 -9999 -9999 -9999 -9999 -9999 -9999 -9999 -9999 -9999 -9999 -9999 -9999 -9999 -9999 -9999 -9999 -9999 -9999 -9999 -9999 -9999 -9999 -9999 -9999 -9999 -9999 -9999 -9999 -9999 -9999 -9999 -9999 32 -9999 -9999 -9999 -9999 -9999 -9999 -9999 -9999 -9999 -9999 11.700000000000001 11.700000000000001 11.700000000000001 11.700000000000001 11.700000000000001 11.700000000000001 18.900000000000002 18.900000000000002 18.900000000000002 18.900000000000002 90 90 90 42.300000000000004 42.300000000000004 42.300000000000004 42.300000000000004 147.6 147.6 147.6 16.2 16.2 16.2 16.2 16.2 42.300000000000004 42.300000000000004 42.300000000000004 42.300000000000004 11.700000000000001
-9999 -9999 -9999 -9999 -9999 -9999 -9999 -9999 -9999 -9999 -9999 -9999 -9999 -9999 -9999 -9999 -9999 -9999 -9999 -9999 -9999 -9999 -9999 -9999 -9999 -9999 -9999 -9999 -9999 -9999 -9999 -9999 -9999 -9999 -9999 -9999 -9999 -9999 -9999 -9999 -9999 -9999 -9999 -9999 -9999 -9999 -9999 -9999 -9999 -9999 -9999 -9999 11.700000000000001 11.700000000000001 18.900000000000002 18.900000000000002 18.900000000000002 18.900000000000002 90 90 90 90 42.300000000000004 42.300000000000004 42.300000000000004 147.6 147.6 147.6 16.2 16.2 16.2 16.2 16.2 42.300000000000004 42.300000000000004 42.300000000000004 11.700000000000001 -9999
-9999 -9999 -9999 -9999 -9999 -9999 -9999 -9999 -9999 -9999 -9999 -9999 -9999 -9999 -9999 -9999 -9999 -9999 -9999 -9999 -9999 -9999 -9999 -9999 -9999 -9999 -9999 -9999 -9999 -9999 -9999 -9999 -9999 -9999 -9999 -9999 -9999 -9999 -9999 -9999 -9999 -9999 -9999 -9999 -9999 -9999 -9999 -9999 -9999 -9999 -9999 -9999 -9999 18.900000000000002 18.900000000000002 18.900000000000002 18.900000000000002 18.900000000000002 18.900000000000002 18.900000000000002 90 90 90 90 147.6 147.6 147.6 16.2 16.2 16.2 16.2 16.2 16.2 16.2 42.300000000000004 42.300000000000004 -9999 11.700000000000001
-9999 -9999 -9999 -9999 -9999 -9999 -9999 -9999 -9999 -9999 -9999 -9999 -9999 -9999 -9999 -9999 -9999 -9999 -9999 -9999 -9999 -9999 -9999 -9999 -9999 -9999 -9999 -9999 -9999 -9999 -9999 -9999 -9999 -9999 -9999 -9999 -9999 -9999 -9999 -9999 -9999 -9999 -9999 -9999 -9999 -9999 -9999 -9999 -9999 -9999 -9999 -9999 -9999 18.900000000000002 18.900000000000002 18.900000000000002 18.900000000000002 18.900000000000002 18.900000000000002 18.900000000000002 90 90 90 90 111.60000000000001 147.6 147.6 16.2 16.2 16.2 16.2 16.2 16.2 16.2 16.2 -9999 11.700000000000001 11.700000000000001
-9999 -9999 -9999 -9999 -9999 -9999 -9999 -9999 -9999 -9999 -9999 -9999 -9999 -9999 -9999 -9999 -9999 -9999 -9999 -9999 -9999 -9999 -9999 -9999 -9999 -9999 -9999 -9999 -9999 -9999 -9999 -9999 -9999 -9999 -9999 -9999 -9999 -9999 -9999 -9999 -9999 -9999 -9999 -9999 -9999 -9999 0 0 0 -9999 -9999 -9999 18.900000000000002 18.900000000000002 18.900000000000002 18.900000000000002 18.900000000000002 18.900000000000002 18.900000000000002 18.900000000000002 90 90 90 111.60000000000001 111.60000000000001 111.60000000000001 16.2 16.2 16.2 16.2 16.2 16.2 16.2 16.2 16.2 11.700000000000001 11.700000000000001 11.700000000000001
-9999 -9999 -9999 -9999 -9999 -9999 -9999 -9999 -9999 -9999 -9999 -9999 -9999 -9999 -9999 -9999 -9999 -9999 -9999 -9999 -9999 -9999 -9999 -9999 -9999 -9999 -9999 -9999 -9999 -9999 -9999 -9999 -9999 -9999 -9999 -9999 -9999 -9999 -9999 -9999 -9999 -9999 -9999 -9999 -9999 -9999 -9999 -9999 -9999 -9999 -9999 -9999 18.900000000000002 18.900000000000002 18.900000000000002 18.900000000000002 18.900000000000002 18.900000000000002 18.900000000000002 90 90 90 90 111.60000000000001 111.60000000000001 111.60000000000001 111.60000000000001 111.60000000000001 111.60000000000001 16.2 16.2 16.2 16.2 16.2 -9999 11.700000000000001 11.700000000000001 11.700000000000001
-9999 -9999 -9999 -9999 -9999 -9999 -9999 -9999 -9999 -9999 -9999 -9999 -9999 -9999 -9999 -9999 -9999 -9999 -9999 -9999 -9999 -9999 -9999 -9999 -9999 -9999 -9999 -9999 -9999 -9999 -9999 -9999 -9999 -9999 -9999 -9999 -9999 -9999 -9999 -9999 -9999 -9999 -9999 -9999 -9999 -9999 -9999 -9999 -9999 -9999 -9999 18.900000000000002 18.900000000000002 18.900000000000002 18.900000000000002 18.900000000000002 18.900000000000002 18.900000000000002 18.900000000000002 90 90 90 90 111.60000000000001 111.60000000000001 111.60000000000001 111.60000000000001 111.60000000000001 111.60000000000001 111.60000000000001 111.60000000000001 111.60000000000001 16.2 -9999 -9999 -9999 -9999 11.700000000000001
