04_184A001/koivu.asc
ncols 378
nrows 390
xllcorner 613424
yllcorner 6870896
cellsize 16
nodata_value -9999
[rows 272 to 305 of 390, columns 234 to 311 of 378]
0 0 0 0 0 0 0 0 0 0 0 0 0 0 0 25.2 25.2 -9999 -9999 -9999 -9999 -9999 -9999 -9999 -9999 -9999 -9999 -9999 -9999 -9999 -9999 -9999 -9999 -9999 -9999 -9999 -9999 -9999 -9999 -9999 -9999 -9999 -9999 -9999 -9999 -9999 -9999 -9999 -9999 -9999 -9999 -9999 -9999 -9999 -9999 -9999 -9999 -9999 -9999 -9999 -9999 -9999 -9999 -9999 -9999 -9999 -9999 -9999 -9999 -9999 -9999 -9999 -9999 -9999 -9999 -9999 -9999 -9999
9 0 0 0 0 0 0 0 0 0 0 0 0 0 0 25.2 25.2 25.2 25.2 25.2 -9999 -9999 -9999 -9999 -9999 -9999 -9999 -9999 -9999 -9999 -9999 -9999 -9999 -9999 -9999 -9999 -9999 -9999 -9999 -9999 -9999 -9999 -9999 -9999 -9999 -9999 -9999 -9999 -9999 -9999 -9999 -9999 -9999 -9999 -9999 -9999 -9999 -9999 -9999 -9999 -9999 -9999 -9999 -9999 -9999 -9999 -9999 -9999 -9999 -9999 -9999 -9999 -9999 -9999 -9999 -9999 -9999 -9999
9 9 0 0 0 0 0 0 0 0 0 0 0 0 0 25.2 25.2 25.2 25.2 25.2 25.2 -9999 -9999 -9999 -9999 -9999 -9999 -9999 -9999 -9999 -9999 -9999 -9999 -9999 -9999 -9999 -9999 -9999 -9999 -9999 -9999 -9999 -9999 -9999 -9999 -9999 -9999 -9999 -9999 -9999 -9999 -9999 -9999 -9999 -9999 -9999 -9999 -9999 -9999 -9999 -9999 -9999 -9999 -9999 -9999 -9999 -9999 -9999 -9999 -9999 -9999 -9999 -9999 -9999 -9999 -9999 -9999 -9999
9 9 9 9 0 0 0 0 0 0 0 0 0 0 0 0 25.2 25.2 25.2 25.2 25.2 25.2 -9999 -9999 -9999 -9999 -9999 -9999 -9999 -9999 -9999 -9999 -9999 -9999 -9999 -9999 -9999 -9999 -9999 -9999 -9999 -9999 -9999 -9999 -9999 -9999 -9999 -9999 -9999 -9999 -9999 -9999 -9999 -9999 -9999 -9999 -9999 -9999 -9999 -9999 -9999 -9999 -9999 -9999 -9999 -9999 -9999 -9999 -9999 -9999 -9999 -9999 -9999 -9999 -9999 -9999 -9999 -9999
0 0 0 0 0 0 0 0 0 0 0 0 0 0 0 0 0 0 25.2 25.2 25.2 18 -9999 -9999 -9999 -9999 -9999 -9999 -9999 -9999 -9999 -9999 -9999 -9999 -9999 -9999 -9999 -9999 -9999 -9999 -9999 -9999 -9999 -9999 -9999 -9999 -9999 -9999 -9999 -9999 -9999 -9999 -9999 -9999 -9999 -9999 -9999 -9999 -9999 -9999 -9999 -9999 -9999 -9999 -9999 -9999 -9999 -9999 -9999 -9999 -9999 -9999 -9999 -9999 -9999 -9999 -9999 -9999
18 18 18 0 18 18 18 18 18 18 0 0 0 0 0 0 0 0 0 25.2 18 18 68.4 68.4 -9999 -9999 -9999 -9999 -9999 -9999 -9999 -9999 -9999 -9999 -9999 -9999 -9999 -9999 -9999 -9999 -9999 -9999 -9999 -9999 -9999 -9999 -9999 -9999 -9999 -9999 -9999 -9999 -9999 -9999 -9999 -9999 -9999 -9999 -9999 -9999 -9999 -9999 -9999 -9999 -9999 -9999 -9999 -9999 -9999 -9999 -9999 -9999 -9999 -9999 -9999 -9999 -9999 -9999
18 18 18 18 18 18 18 18 18 18 18 18 0 0 0 0 0 0 18 18 18 68.4 68.4 68.4 68.4 -9999 -9999 -9999 -9999 -9999 -9999 -9999 -9999 -9999 -9999 -9999 -9999 -9999 -9999 -9999 -9999 -9999 -9999 -9999 -9999 -9999 -9999 -9999 -9999 -9999 -9999 -9999 -9999 -9999 -9999 -9999 -9999 -9999 -9999 -9999 -9999 -9999 -9999 -9999 -9999 -9999 -9999 -9999 -9999 -9999 -9999 -9999 -9999 -9999 -9999 -9999 -9999 -9999
18 18 18 18 18 18 18 18 18 18 18 18 18 18 18 0 0 18 18 18 76.5 68.4 68.4 68.4 68.4 36 -9999 -9999 -9999 -9999 -9999 -9999 -9999 -9999 -9999 -9999 -9999 -9999 -9999 -9999 -9999 -9999 -9999 -9999 -9999 -9999 -9999 -9999 -9999 -9999 -9999 -9999 -9999 -9999 -9999 -9999 -9999 -9999 -9999 -9999 -9999 -9999 -9999 -9999 -9999 -9999 -9999 -9999 -9999 -9999 -9999 -9999 -9999 -9999 -9999 -9999 -9999 -9999
18 18 18 18 18 18 18 18 18 18 18 18 18 18 18 18 18 18 18 76.5 76.5 76.5 76.5 68.4 68.4 68.4 68.4 -9999 -9999 -9999 -9999 -9999 -9999 -9999 -9999 -9999 -9999 -9999 -9999 -9999 -9999 -9999 -9999 -9999 -9999 -9999 -9999 -9999 -9999 -9999 -9999 -9999 -9999 -9999 -9999 -9999 -9999 -9999 -9999 -9999 -9999 -9999 -9999 -9999 -9999 -9999 -9999 -9999 -9999 -9999 -9999 -9999 -9999 -9999 -9999 -9999 -9999 -9999
18 18 18 18 18 18 18 18 18 18 18 18 18 18 18 18 18 18 76.5 76.5 76.5 76.5 76.5 76.5 68.4 68.4 68.4 68.4 -9999 -9999 -9999 -9999 -9999 -9999 -9999 -9999 -9999 -9999 -9999 -9999 -9999 -9999 -9999 -9999 -9999 -9999 -9999 -9999 -9999 -9999 -9999 -9999 -9999 -9999 -9999 -9999 -9999 -9999 -9999 -9999 -9999 -9999 -9999 -9999 -9999 -9999 -9999 -9999 -9999 -9999 -9999 -9999 -9999 -9999 -9999 -9999 -9999 -9999
18 18 18 18 18 18 18 18 18 18 18 18 18 18 18 18 76.5 76.5 76.5 76.5 76.5 76.5 76.5 76.5 76.5 68.4 68.4 68.4 68.4 68.4 14 -9999 -9999 -9999 -9999 -9999 -9999 -9999 -9999 -9999 -9999 -9999 -9999 -9999 -9999 -9999 -9999 -9999 -9999 -9999 -9999 -9999 -9999 -9999 -9999 -9999 -9999 -9999 -9999 -9999 -9999 -9999 -9999 -9999 -9999 -9999 -9999 -9999 -9999 -9999 -9999 -9999 -9999 -9999 -9999 -9999 -9999 -9999
18 18 18 18 18 18 18 18 18 18 18 76.5 76.5 18 76.5 76.5 76.5 76.5 76.5 76.5 76.5 76.5 76.5 76.5 76.5 80.10000000000001 80.10000000000001 68.4 68.4 68.4 68.4 68.4 -9999 -9999 -9999 -9999 -9999 -9999 -9999 -9999 -9999 -9999 -9999 -9999 -9999 -9999 -9999 -9999 -9999 -9999 -9999 -9999 -9999 -9999 -9999 -9999 -9999 -9999 -9999 -9999 -9999 -9999 0 1 8 26 -9999 -9999 -9999 -9999 -9999 -9999 -9999 -9999 -9999 -9999 -9999 -9999
18 18 18 18 18 18 18 18 18 18 76.5 76.5 76.5 76.5 76.5 76.5 76.5 76.5 76.5 76.5 76.5 76.5 76.5 76.5 10.8 10.8 10.8 80.10000000000001 68.4 68.4 68.4 68.4 68.4 -9999 -9999 -9999 -9999 -9999 -9999 -9999 -9999 -9999 -9999 -9999 -9999 -9999 -9999 -9999 -9999 -9999 -9999 -9999 -9999 -9999 -9999 -9999 -9999 -9999 -9999 -9999 -9999 13 0 -9999 -9999 0 0 -9999 -9999 -9999 -9999 -9999 -9999 -9999 -9999 -9999 -9999 -9999
18 18 18 18 18 18 18 18 18 18 76.5 76.5 76.5 76.5 76.5 76.5 76.5 76.5 76.5 76.5 76.5 76.5 76.5 76.5 10.8 10.8 10.8 80.10000000000001 80.10000000000001 143.1 68.4 68.4 68.4 68.4 68.4 -9999 -9999 -9999 -9999 -9999 -9999 -9999 20 -9999 -9999 -9999 -9999 -9999 -9999 -9999 -9999 -9999 -9999 18 18 18 18 -9999 -9999 -9999 18 5 5 -9999 -9999 0 0 5 -9999 -9999 -9999 -9999 -9999 -9999 -9999 -9999 -9999 -9999
18 18 18 18 18 18 18 18 18 76.5 76.5 76.5 76.5 76.5 76.5 76.5 76.5 76.5 76.5 76.5 76.5 76.5 76.5 10.8 10.8 10.8 80.10000000000001 80.10000000000001 80.10000000000001 143.1 143.1 68.4 68.4 68.4 -9999 -9999 68.4 68.4 -9999 68.4 -9999 -9999 -9999 -9999 -9999 -9999 -9999 -9999 -9999 -9999 -9999 -9999 -9999 18 18 18 18 18 18 18 18 18 18 0 7 0 0 0 68.4 68.4 68.4 68.4 -9999 -9999 -9999 -9999 -9999 -9999
18 18 18 18 18 18 18 18 18 76.5 76.5 76.5 76.5 76.5 76.5 76.5 76.5 76.5 76.5 76.5 76.5 76.5 10.8 10.8 10.8 10.8 90 80.10000000000001 80.10000000000001 143.1 143.1 143.1 148.5 68.4 68.4 68.4 68.4 68.4 -9999 -9999 68.4 -9999 -9999 -9999 -9999 -9999 -9999 -9999 -9999 -9999 -9999 -9999 -9999 18 18 18 18 18 18 18 18 18 18 15.3 15.3 0 -9999 15 68.4 68.4 68.4 68.4 -9999 -9999 -9999 -9999 -9999 -9999
76.5 18 18 18 18 18 18 18 18 18 76.5 76.5 76.5 76.5 76.5 76.5 76.5 76.5 76.5 76.5 76.5 76.5 10.8 90 90 90 90 90 80.10000000000001 143.1 143.1 143.1 148.5 148.5 -9999 -9999 -9999 -9999 68.4 68.4 8 -9999 -9999 -9999 -9999 -9999 -9999 -9999 -9999 -9999 -9999 -9999 -9999 18 18 18 18 18 18 18 18 18 18 15.3 15.3 15.3 15.3 80.10000000000001 80.10000000000001 80.10000000000001 80.10000000000001 68.4 -9999 -9999 -9999 -9999 -9999 -9999
76.5 76.5 76.5 76.5 76.5 18 18 18 18 18 76.5 76.5 76.5 76.5 76.5 76.5 76.5 76.5 76.5 76.5 76.5 10.8 10.8 90 90 90 90 90 80.10000000000001 80.10000000000001 143.1 148.5 148.5 -9999 126 126 126 126 -9999 -9999 47 -9999 -9999 18 18 18 18 18 18 18 18 18 18 18 18 18 18 18 18 18 18 18 15.3 15.3 15.3 15.3 3 80.10000000000001 80.10000000000001 80.10000000000001 80.10000000000001 68.4 -9999 -9999 -9999 -9999 -9999 -9999
76.5 76.5 76.5 76.5 76.5 76.5 76.5 76.5 76.5 76.5 76.5 76.5 76.5 76.5 76.5 76.5 76.5 76.5 76.5 76.5 10.8 10.8 10.8 90 90 90 90 90 80.10000000000001 80.10000000000001 143.1 148.5 148.5 -9999 126 126 126 126 126 126 -9999 -9999 -9999 18 18 18 18 18 18 18 18 18 18 18 18 18 18 18 18 18 18 18 15.3 15.3 15.3 15.3 -9999 80.10000000000001 80.10000000000001 80.10000000000001 80.10000000000001 80.10000000000001 68.4 -9999 -9999 -9999 -9999 -9999
76.5 76.5 76.5 76.5 76.5 76.5 76.5 76.5 76.5 76.5 76.5 76.5 76.5 76.5 76.5 76.5 76.5 76.5 76.5 10.8 10.8 10.8 10.8 90 90 90 90 90 90 80.10000000000001 143.1 148.5 -9999 148.5 126 126 126 126 126 126 126 126 126 18 18 18 18 18 18 18 18 18 18 18 18 18 18 18 18 18 18 18 15.3 15.3 15.3 -9999 80.10000000000001 80.10000000000001 80.10000000000001 80.10000000000001 80.10000000000001 80.10000000000001 68.4 68.4 -9999 -9999 -9999 -9999
76.5 76.5 76.5 76.5 76.5 76.5 76.5 76.5 76.5 76.5 76.5 76.5 76.5 76.5 76.5 76.5 76.5 76.5 76.5 10.8 10.8 10.8 10.8 90 90 90 90 90 80.10000000000001 80.10000000000001 148.5 148.5 -9999 148.5 126 126 126 126 126 126 126 126 126 18 18 18 18 18 18 18 18 18 18 18 18 18 18 18 18 18 18 18 18 18 15.3 -9999 53.1 80.10000000000001 80.10000000000001 80.10000000000001 80.10000000000001 80.10000000000001 68.4 80.10000000000001 -9999 -9999 -9999 -9999
76.5 76.5 76.5 76.5 76.5 76.5 76.5 76.5 76.5 76.5 76.5 76.5 76.5 76.5 76.5 76.5 76.5 76.5 10.8 10.8 10.8 10.8 10.8 90 90 90 90 90 80.10000000000001 143.1 148.5 148.5 148.5 148.5 126 126 126 126 126 126 126 126 18 18 18 18 18 18 18 18 18 18 18 18 18 18 18 18 18 18 18 18 18 18 -9999 53.1 53.1 80.10000000000001 80.10000000000001 80.10000000000001 80.10000000000001 80.10000000000001 80.10000000000001 -9999 -9999 -9999 -9999 -9999
42.300000000000004 42.300000000000004 42.300000000000004 76.5 76.5 76.5 76.5 76.5 76.5 76.5 76.5 76.5 76.5 76.5 76.5 76.5 76.5 10.8 10.8 10.8 10.8 10.8 10.8 90 90 90 90 90 143.1 143.1 148.5 -9999 148.5 148.5 126 126 126 126 126 126 126 13.5 13.5 13.5 13.5 18 18 18 18 18 0 0 18 18 18 18 41.4 18 18 18 18 18 18 -9999 53.1 53.1 53.1 53.1 80.10000000000001 80.10000000000001 80.10000000000001 80.10000000000001 80.10000000000001 -9999 -9999 -9999 -9999 -9999
42.300000000000004 42.300000000000004 42.300000000000004 42.300000000000004 42.300000000000004 76.5 76.5 76.5 76.5 76.5 76.5 76.5 76.5 76.5 76.5 76.5 76.5 54.9 54.9 10.8 10.8 54.9 54.9 54.9 90 90 90 143.1 143.1 148.5 148.5 -9999 148.5 148.5 126 126 126 126 126 126 13.5 13.5 13.5 13.5 13.5 13.5 18 18 18 0 0 0 0 18 18 41.4 41.4 41.4 18 18 18 18 18 -9999 53.1 53.1 53.1 53.1 53.1 80.10000000000001 80.10000000000001 80.10000000000001 80.10000000000001 -9999 -9999 -9999 -9999 39.6
42.300000000000004 42.300000000000004 42.300000000000004 42.300000000000004 42.300000000000004 42.300000000000004 42.300000000000004 76.5 76.5 76.5 76.5 76.5 76.5 76.5 76.5 76.5 54.9 54.9 54.9 54.9 54.9 92.7 54.9 54.9 90 90 143.1 143.1 143.1 148.5 148.5 148.5 148.5 0.9 0.9 126 126 126 126 126 113.4 13.5 13.5 13.5 13.5 13.5 18 18 0 0 0 0 0 18 41.4 41.4 41.4 41.4 18 18 18 18 -9999 53.1 53.1 53.1 53.1 53.1 80.10000000000001 80.10000000000001 80.10000000000001 80.10000000000001 80.10000000000001 80.10000000000001 80.10000000000001 -9999 -9999 9
42.300000000000004 42.300000000000004 42.300000000000004 42.300000000000004 42.300000000000004 42.300000000000004 42.300000000000004 42.300000000000004 42.300000000000004 42.300000000000004 76.5 76.5 76.5 76.5 76.5 54.9 54.9 54.9 54.9 54.9 92.7 92.7 92.7 92.7 90 18 18 143.1 143.1 148.5 -9999 148.5 148.5 0.9 0.9 0.9 113.4 113.4 113.4 113.4 113.4 113.4 13.5 13.5 13.5 13.5 13.5 0 0 0 0 0 0 0 0 41.4 41.4 41.4 23.400000000000002 23.400000000000002 23.400000000000002 -9999 22.5 53.1 53.1 53.1 53.1 53.1 53.1 80.10000000000001 80.10000000000001 80.10000000000001 80.10000000000001 80.10000000000001 80.10000000000001 80.10000000000001 80.10000000000001 39.6
42.300000000000004 42.300000000000004 42.300000000000004 42.300000000000004 42.300000000000004 42.300000000000004 42.300000000000004 42.300000000000004 42.300000000000004 42.300000000000004 42.300000000000004 42.300000000000004 76.5 76.5 54.9 54.9 54.9 54.9 54.9 92.7 92.7 92.7 92.7 92.7 18 18 18 143.1 143.1 148.5 -9999 148.5 0.9 0.9 0.9 0.9 0.9 113.4 113.4 113.4 113.4 113.4 113.4 13.5 13.5 13.5 0 0 0 0 0 0 0 0 0 41.4 41.4 23.400000000000002 23.400000000000002 23.400000000000002 23.400000000000002 -9999 22.5 22.5 22.5 53.1 53.1 53.1 53.1 53.1 53.1 53.1 80.10000000000001 80.10000000000001 80.10000000000001 80.10000000000001 80.10000000000001 39.6
52.2 52.2 42.300000000000004 42.300000000000004 42.300000000000004 42.300000000000004 42.300000000000004 42.300000000000004 42.300000000000004 42.300000000000004 42.300000000000004 42.300000000000004 42.300000000000004 42.300000000000004 54.9 54.9 54.9 54.9 54.9 92.7 92.7 92.7 92.7 18 18 18 18 143.1 148.5 148.5 148.5 148.5 0.9 0.9 0.9 0.9 0.9 0.9 113.4 113.4 113.4 113.4 113.4 113.4 13.5 13.5 0 0 0 0 0 0 0 23.400000000000002 23.400000000000002 23.400000000000002 23.400000000000002 23.400000000000002 23.400000000000002 23.400000000000002 -9999 22.5 22.5 22.5 22.5 22.5 53.1 53.1 53.1 53.1 53.1 53.1 53.1 80.10000000000001 80.10000000000001 80.10000000000001 80.10000000000001 39.6
52.2 52.2 42.300000000000004 42.300000000000004 42.300000000000004 42.300000000000004 42.300000000000004 42.300000000000004 42.300000000000004 42.300000000000004 42.300000000000004 42.300000000000004 42.300000000000004 26.1 26.1 26.1 54.9 54.9 92.7 92.7 92.7 26.1 26.1 18 18 143.1 143.1 143.1 148.5 -9999 148.5 148.5 0.9 0.9 0.9 0.9 0.9 0.9 0.9 0.9 113.4 113.4 113.4 113.4 13.5 13.5 0 0 0 0 0 0 0 23.400000000000002 23.400000000000002 23.400000000000002 23.400000000000002 23.400000000000002 23.400000000000002 23.400000000000002 -9999 22.5 22.5 22.5 22.5 22.5 22.5 53.1 53.1 53.1 53.1 53.1 53.1 80.10000000000001 80.10000000000001 80.10000000000001 39.6 17.1
52.2 52.2 52.2 42.300000000000004 42.300000000000004 42.300000000000004 42.300000000000004 42.300000000000004 42.300000000000004 42.300000000000004 42.300000000000004 42.300000000000004 26.1 26.1 26.1 26.1 26.1 92.7 92.7 92.7 26.1 26.1 26.1 26.1 26.1 26.1 143.1 148.5 148.5 -9999 148.5 148.5 0.9 0.9 0.9 0.9 0.9 0.9 0.9 0.9 0.9 113.4 113.4 113.4 13.5 13.5 13.5 0 0 0 0 23.400000000000002 23.400000000000002 23.400000000000002 23.400000000000002 32.4 23.400000000000002 23.400000000000002 23.400000000000002 23.400000000000002 -9999 22.5 22.5 22.5 22.5 22.5 22.5 53.1 53.1 53.1 53.1 53.1 108.9 80.10000000000001 80.10000000000001 80.10000000000001 17.1 17.1
52.2 52.2 52.2 52.2 52.2 52.2 42.300000000000004 42.300000000000004 42.300000000000004 42.300000000000004 42.300000000000004 42.300000000000004 26.1 26.1 26.1 26.1 26.1 92.7 92.7 26.1 26.1 26.1 26.1 26.1 26.1 26.1 26.1 148.5 148.5 148.5 148.5 148.5 0.9 0.9 0.9 0.9 0.9 0.9 118.8 0.9 0.9 0.9 113.4 113.4 113.4 13.5 13.5 13.5 23.400000000000002 23.400000000000002 23.400000000000002 23.400000000000002 23.400000000000002 23.400000000000002 32.4 32.4 32.4 23.400000000000002 23.400000000000002 23.400000000000002 17.1 22.5 22.5 22.5 22.5 22.5 22.5 22.5 108.9 108.9 108.9 108.9 108.9 108.9 108.9 108.9 45.9 45.9
0 0 0 52.2 52.2 52.2 52.2 42.300000000000004 42.300000000000004 42.300000000000004 42.300000000000004 1.8 26.1 26.1 26.1 26.1 26.1 92.7 26.1 26.1 26.1 26.1 26.1 26.1 26.1 26.1 36 148.5 -9999 148.5 148.5 36 36 0.9 0.9 0.9 0.9 118.8 118.8 118.8 0.9 0.9 118.8 113.4 113.4 113.4 13.5 13.5 23.400000000000002 23.400000000000002 23.400000000000002 23.400000000000002 32.4 32.4 32.4 32.4 32.4 32.4 32.4 17.1 17.1 -9999 13 22.5 22.5 22.5 22.5 108.9 108.9 108.9 108.9 108.9 108.9 108.9 108.9 108.9 45.9 45.9
0 0 0 0 52.2 52.2 52.2 42.300000000000004 42.300000000000004 42.300000000000004 1.8 1.8 1.8 26.1 26.1 26.1 26.1 26.1 26.1 26.1 26.1 26.1 26.1 26.1 26.1 26.1 36 25 36 36 36 36 36 36 36 36 118.8 118.8 118.8 118.8 118.8 118.8 118.8 118.8 113.4 113.4 113.4 13.5 23.400000000000002 23.400000000000002 32.4 32.4 32.4 32.4 32.4 32.4 32.4 32.4 17.1 17.1 17.1 17.1 17.1 -9999 12 22.5 22.5 22.5 108.9 108.9 22.5 108.9 108.9 108.9 108.9 108.9 45.9 45.9
48.6 48.6 0 0 0 0 42.300000000000004 42.300000000000004 42.300000000000004 1.8 1.8 1.8 1.8 1.8 26.1 26.1 26.1 26.1 26.1 26.1 26.1 26.1 26.1 26.1 26.1 36 36 -9999 36 36 36 36 36 36 36 36 118.8 118.8 22.5 22.5 22.5 22.5 22.5 22.5 22.5 22.5 113.4 113.4 113.4 113.4 32.4 32.4 32.4 32.4 32.4 32.4 32.4 39.6 39.6 17.1 17.1 17.1 17.1 17.1 1 22.5 22.5 22.5 22.5 22.5 22.5 22.5 22.5 108.9 108.9 108.9 45.9 45.9
