04_184A001/kuusi.asc
ncols 378
nrows 390
xllcorner 613424
yllcorner 6870896
cellsize 16
nodata_value -9999
[rows 108 to 143 of 390, columns 0 to 81 of 378]
-9999 -9999 -9999 -9999 149 6 6 6 6 6 146 146 6 6 6 77 77 77 34 34 77 77 77 2 2 2 2 2 13 13 3 -9999 13 13 -9999 344 344 344 344 344 344 344 68 68 68 183 81 81 81 81 81 81 81 312 312 312 312 312 0 0 0 18 18 18 18 312 312 312 -9999 -9999 -9999 -9999 -9999 -9999 -9999 -9999 -9999 -9999 -9999 -9999 -9999 -9999
-9999 -9999 149 149 149 6 6 6 6 6 6 6 6 6 6 6 77 77 77 77 77 77 77 6 6 2 2 2 13 13 2 13 13 -9999 -9999 -9999 168 344 344 344 344 344 68 68 68 68 68 81 81 81 81 81 81 81 312 312 312 312 312 312 0 0 18 18 18 18 18 312 312 -9999 -9999 -9999 -9999 -9999 -9999 -9999 -9999 -9999 -9999 -9999 -9999 -9999
-9999 30 30 149 149 6 6 6 6 6 6 6 6 6 6 6 77 77 77 77 77 77 77 6 6 6 6 2 13 13 2 13 13 -9999 -9999 -9999 344 344 344 344 344 344 68 68 68 68 68 68 81 81 81 81 81 81 65 312 312 312 312 312 312 0 0 0 18 18 18 18 18 18 18 -9999 -9999 -9999 -9999 -9999 -9999 -9999 -9999 -9999 -9999 -9999
-9999 30 30 149 149 149 6 6 6 6 6 6 6 6 6 6 6 6 6 6 77 77 77 6 6 6 6 6 26 13 1 13 13 -9999 -9999 -9999 344 344 344 344 344 344 344 68 68 68 68 68 68 68 81 81 81 65 65 65 312 312 312 312 312 312 312 312 312 312 312 18 18 18 18 18 -9999 -9999 -9999 -9999 -9999 -9999 -9999 -9999 -9999 -9999
-9999 -9999 149 149 149 149 149 149 149 6 6 6 6 6 6 6 6 6 6 6 6 77 6 6 6 6 26 26 26 26 26 -9999 13 -9999 -9999 10 15 344 344 344 344 344 344 68 68 68 68 68 68 68 68 68 65 65 65 65 65 312 312 312 312 312 312 312 312 312 312 312 312 18 18 18 18 -9999 -9999 -9999 -9999 -9999 -9999 -9999 -9999 -9999
-9999 -9999 149 149 149 149 149 149 6 6 6 6 6 6 6 6 6 6 6 6 6 6 6 6 6 6 26 26 26 26 26 -9999 26 -9999 0 15 9 22 56 344 344 344 344 68 68 68 68 68 68 68 68 68 68 53 65 65 65 65 312 312 312 312 312 312 312 312 312 312 312 312 18 18 18 -9999 -9999 -9999 -9999 -9999 -9999 -9999 -9999 -9999
-9999 -9999 62 62 62 149 149 149 6 6 6 6 6 6 6 6 6 6 6 6 6 6 6 6 6 6 6 6 26 26 26 -9999 26 -9999 104 6 10 3 11 12 127 344 344 344 68 68 68 68 68 68 68 68 68 53 53 53 65 65 65 65 312 312 312 312 312 312 312 312 312 312 312 39 39 18 18 -9999 -9999 -9999 -9999 -9999 -9999 -9999
-9999 -9999 -9999 -9999 62 62 62 149 6 6 6 6 6 6 6 6 6 6 6 6 6 33 6 6 6 6 11 11 11 26 26 -9999 26 -9999 -9999 -9999 -9999 -9999 -9999 12 8 16 344 344 344 68 68 68 68 68 68 68 68 53 53 53 53 53 65 65 191 191 191 191 191 312 312 312 312 312 312 39 39 18 18 18 18 -9999 -9999 -9999 -9999 -9999
-9999 -9999 -9999 -9999 62 62 62 62 62 6 6 6 6 6 6 6 6 6 6 6 6 33 33 6 33 11 11 11 11 11 11 26 26 -9999 4 -9999 -9999 -9999 -9999 0 0 0 344 344 344 344 68 68 68 68 68 53 53 53 53 53 53 53 53 53 191 191 191 191 191 191 191 312 312 39 39 39 39 18 18 18 18 -9999 -9999 -9999 -9999 -9999
-9999 -9999 -9999 -9999 62 62 62 62 325 325 325 325 6 6 6 6 6 6 6 6 33 33 33 33 33 11 11 11 11 11 11 11 26 26 -9999 -9999 -9999 -9999 -9999 -9999 -9999 4 344 344 344 344 344 344 68 68 68 53 53 53 53 53 53 53 53 53 53 191 191 191 191 191 191 191 133 39 39 39 18 18 18 18 18 18 18 -9999 -9999 -9999
-9999 -9999 -9999 -9999 52 62 62 62 62 325 325 325 325 325 6 6 6 6 6 6 6 33 33 33 33 33 11 11 11 11 11 11 -9999 26 -9999 -9999 -9999 -9999 0 22 22 1 -9999 -9999 7 344 344 344 103 103 103 53 53 53 53 53 53 53 53 53 53 53 154 154 191 191 191 133 133 133 133 39 18 18 18 18 18 18 131 105 -9999 -9999
-9999 -9999 -9999 -9999 52 62 62 62 62 325 325 325 325 325 325 325 6 6 6 6 33 33 33 33 33 33 33 11 11 11 11 11 -9999 26 -9999 22 22 0 22 22 22 22 22 -9999 -9999 22 22 103 103 103 103 103 53 53 53 53 53 53 53 53 53 53 154 154 154 154 191 133 133 133 133 133 133 18 18 18 18 18 18 -9999 -9999 -9999
-9999 -9999 -9999 -9999 0 62 62 62 62 325 325 325 325 325 325 325 325 92 92 33 33 33 33 33 33 33 33 33 11 11 11 11 11 26 -9999 22 22 22 22 22 22 22 22 22 22 22 22 22 22 103 103 103 103 103 103 103 271 271 271 271 271 53 53 154 154 154 154 226 133 133 133 133 133 133 133 133 133 18 18 -9999 -9999 -9999
-9999 -9999 -9999 -9999 -9999 0 62 62 325 58 0 325 325 325 325 325 92 92 92 92 92 33 33 33 33 33 33 33 33 11 11 11 11 0 -9999 22 22 22 22 22 22 22 22 22 22 22 22 22 22 22 22 103 103 103 103 271 271 271 271 271 271 271 271 271 154 154 154 226 226 226 133 133 133 133 133 133 133 -9999 -9999 -9999 -9999 -9999
-9999 -9999 -9999 -9999 -9999 -9999 62 58 0 0 0 0 325 325 325 92 92 92 92 92 92 19 19 33 33 33 33 33 33 33 33 11 33 -9999 -9999 22 22 22 22 37 37 22 37 22 22 22 22 22 22 22 0 0 0 0 271 271 271 271 271 271 271 271 271 271 154 154 226 226 226 226 226 133 133 133 133 133 -9999 -9999 -9999 -9999 -9999 -9999
-9999 -9999 -9999 -9999 -9999 -9999 -9999 -9999 -9999 -9999 -9999 -9999 -9999 325 -9999 -9999 92 92 92 92 92 19 -9999 -9999 19 19 33 33 33 33 33 33 33 -9999 -9999 22 22 22 37 37 37 37 37 37 37 37 22 22 22 0 0 0 0 0 0 0 271 148 148 271 271 271 271 271 271 226 226 226 226 226 226 226 226 133 133 133 -9999 -9999 -9999 -9999 -9999 -9999
-9999 -9999 -9999 -9999 -9999 -9999 -9999 -9999 -9999 -9999 -9999 -9999 -9999 -9999 -9999 -9999 -9999 92 92 92 19 19 -9999 -9999 -9999 19 32 32 33 33 33 33 33 33 0 -9999 22 22 22 22 37 98 98 98 98 37 37 37 37 37 0 0 0 0 0 0 0 148 148 271 271 271 271 271 271 271 226 226 226 226 226 226 226 226 226 133 -9999 -9999 -9999 -9999 -9999 -9999
-9999 -9999 -9999 -9999 -9999 -9999 -9999 -9999 -9999 -9999 -9999 -9999 -9999 -9999 -9999 -9999 -9999 -9999 -9999 -9999 -9999 -9999 -9999 -9999 -9999 -9999 -9999 -9999 -9999 32 33 33 33 33 -9999 -9999 22 22 22 22 22 98 98 98 98 98 98 37 37 37 37 0 0 0 0 0 148 148 148 148 271 271 271 271 271 271 66 226 20 20 20 226 226 226 226 73 73 -9999 -9999 -9999 -9999 -9999
-9999 -9999 -9999 -9999 -9999 -9999 -9999 -9999 -9999 -9999 -9999 -9999 -9999 -9999 -9999 -9999 -9999 -9999 -9999 -9999 -9999 -9999 -9999 -9999 -9999 -9999 -9999 -9999 -9999 -9999 32 32 7 33 -9999 -9999 22 22 22 22 22 5 98 98 98 98 98 98 98 37 117 117 117 0 0 0 148 148 148 148 271 271 271 271 66 66 14 14 20 20 20 20 226 226 73 73 73 73 -9999 -9999 -9999 -9999
-9999 -9999 -9999 -9999 -9999 -9999 -9999 -9999 -9999 -9999 -9999 -9999 -9999 -9999 -9999 -9999 -9999 -9999 -9999 -9999 -9999 -9999 -9999 -9999 -9999 -9999 -9999 -9999 -9999 -9999 -9999 -9999 -9999 7 -9999 4 -9999 22 22 22 27 -9999 -9999 98 98 98 98 98 98 98 117 117 117 117 117 148 148 148 148 122 122 271 271 271 66 66 14 14 14 20 20 20 20 73 73 73 73 73 186 186 -9999 -9999
-9999 -9999 -9999 -9999 -9999 -9999 -9999 -9999 -9999 -9999 -9999 -9999 -9999 -9999 -9999 -9999 -9999 -9999 -9999 -9999 -9999 -9999 -9999 -9999 -9999 -9999 -9999 -9999 -9999 -9999 -9999 -9999 -9999 -9999 -9999 -9999 -9999 22 -9999 4 -9999 -9999 -9999 -9999 -9999 98 98 98 98 117 117 117 117 117 117 317 148 148 148 122 122 66 66 66 66 66 14 14 14 20 20 20 20 73 73 73 73 73 186 186 186 -9999
-9999 -9999 -9999 -9999 -9999 -9999 -9999 -9999 -9999 -9999 -9999 -9999 -9999 -9999 -9999 -9999 -9999 -9999 -9999 -9999 -9999 -9999 -9999 -9999 -9999 -9999 -9999 -9999 -9999 -9999 -9999 -9999 -9999 -9999 -9999 -9999 -9999 4 -9999 -9999 -9999 -9999 -9999 -9999 -9999 -9999 -9999 -9999 117 117 117 117 117 117 317 317 317 317 122 122 122 66 66 66 66 14 14 14 20 20 20 20 20 73 73 73 73 186 186 186 186 186
-9999 -9999 -9999 -9999 -9999 -9999 -9999 -9999 -9999 -9999 -9999 -9999 -9999 -9999 -9999 -9999 -9999 -9999 -9999 -9999 -9999 -9999 -9999 -9999 -9999 -9999 -9999 -9999 -9999 -9999 -9999 -9999 -9999 -9999 -9999 -9999 -9999 -9999 -9999 -9999 -9999 -9999 -9999 -9999 -9999 -9999 -9999 -9999 -9999 -9999 -9999 -9999 117 117 317 317 317 317 122 122 122 122 66 66 66 14 14 14 20 20 20 20 20 73 73 73 186 -9999 -9999 186 186 -9999
-9999 -9999 -9999 -9999 -9999 -9999 -9999 -9999 -9999 -9999 -9999 -9999 -9999 -9999 -9999 -9999 -9999 -9999 -9999 -9999 -9999 -9999 -9999 -9999 -9999 -9999 -9999 -9999 -9999 -9999 -9999 -9999 -9999 -9999 -9999 -9999 -9999 -9999 -9999 -9999 -9999 -9999 -9999 -9999 -9999 -9999 -9999 -9999 -9999 -9999 -9999 -9999 -9999 317 317 317 317 317 317 317 122 122 122 122 14 14 14 20 20 20 20 20 20 20 73 73 -9999 186 186 186 186 186
-9999 -9999 -9999 -9999 -9999 -9999 -9999 -9999 -9999 -9999 -9999 -9999 -9999 -9999 -9999 -9999 -9999 -9999 -9999 -9999 -9999 -9999 -9999 -9999 -9999 -9999 -9999 -9999 -9999 -9999 -9999 -9999 -9999 -9999 -9999 -9999 -9999 -9999 -9999 -9999 -9999 -9999 -9999 -9999 -9999 -9999 -9999 -9999 -9999 -9999 -9999 -9999 -9999 317 317 317 317 317 317 317 122 122 122 122 0 14 14 20 20 20 20 20 20 20 20 -9999 186 186 186 186 186 186
-9999 -9999 -9999 -9999 -9999 -9999 -9999 -9999 -9999 -9999 -9999 -9999 -9999 -9999 -9999 -9999 -9999 -9999 -9999 -9999 -9999 -9999 -9999 -9999 -9999 -9999 -9999 -9999 -9999 -9999 -9999 -9999 -9999 -9999 -9999 -9999 -9999 -9999 -9999 -9999 -9999 -9999 -9999 -9999 -9999 -9999 0 0 0 -9999 -9999 -9999 317 317 317 317 317 317 317 317 122 122 122 0 0 0 20 20 20 20 20 20 20 20 20 186 186 186 186 186 186 186
-9999 -9999 -9999 -9999 -9999 -9999 -9999 -9999 -9999 -9999 -9999 -9999 -9999 -9999 -9999 -9999 -9999 -9999 -9999 -9999 -9999 -9999 -9999 -9999 -9999 -9999 -9999 -9999 -9999 -9999 -9999 -9999 -9999 -9999 -9999 -9999 -9999 -9999 -9999 -9999 -9999 -9999 -9999 -9999 -9999 -9999 -9999 -9999 -9999 -9999 -9999 -9999 317 317 317 317 317 317 317 122 122 122 122 0 0 0 0 0 0 20 20 20 20 20 -9999 186 186 186 186 186 186 186
-9999 -9999 -9999 -9999 -9999 -9999 -9999 -9999 -9999 -9999 -9999 -9999 -9999 -9999 -9999 -9999 -9999 -9999 -9999 -9999 -9999 -9999 -9999 -9999 -9999 -9999 -9999 -9999 -9999 -9999 -9999 -9999 -9999 -9999 -9999 -9999 -9999 -9999 -9999 -9999 -9999 -9999 -9999 -9999 -9999 -9999 -9999 -9999 -9999 -9999 -9999 317 317 317 317 317 317 317 317 122 122 122 122 0 0 0 0 0 0 0 0 0 20 -9999 -9999 -9999 -9999 186 186 186 186 186
-9999 -9999 -9999 -9999 -9999 -9999 -9999 -9999 -9999 -9999 -9999 -9999 -9999 -9999 -9999 -9999 -9999 -9999 -9999 -9999 -9999 -9999 -9999 -9999 -9999 -9999 -9999 -9999 -9999 -9999 -9999 -9999 -9999 -9999 -9999 -9999 -9999 -9999 -9999 -9999 -9999 -9999 -9999 -9999 -9999 -9999 -9999 -9999 -9999 -9999 -9999 317 317 317 317 317 317 317 317 317 317 317 0 0 0 0 0 0 0 0 0 0 0 -9999 -9999 -9999 -9999 -9999 186 186 186 186
-9999 -9999 -9999 -9999 -9999 -9999 -9999 -9999 -9999 -9999 -9999 -9999 -9999 -9999 -9999 -9999 -9999 -9999 -9999 -9999 -9999 -9999 -9999 -9999 -9999 -9999 -9999 -9999 -9999 -9999 -9999 -9999 -9999 -9999 -9999 -9999 -9999 -9999 -9999 -9999 -9999 -9999 -9999 -9999 -9999 -9999 -9999 -9999 -9999 -9999 317 317 317 317 317 317 317 317 317 317 317 317 0 0 0 0 0 0 0 0 0 0 -9999 -9999 -9999 -9999 -9999 186 186 186 186 186
-9999 -9999 -9999 -9999 -9999 -9999 -9999 -9999 -9999 -9999 -9999 -9999 -9999 -9999 -9999 -9999 -9999 -9999 -9999 -9999 -9999 -9999 -9999 -9999 -9999 -9999 -9999 -9999 -9999 -9999 -9999 -9999 -9999 -9999 -9999 -9999 -9999 -9999 -9999 -9999 -9999 -9999 -9999 -9999 -9999 -9999 -9999 -9999 -9999 -9999 0 317 317 317 317 317 317 317 317 317 317 0 0 0 0 0 0 0 0 0 0 -9999 -9999 -9999 -9999 -9999 -9999 186 186 186 186 186
-9999 -9999 -9999 -9999 -9999 -9999 -9999 -9999 -9999 -9999 -9999 -9999 -9999 -9999 -9999 -9999 -9999 -9999 -9999 -9999 -9999 -9999 -9999 -9999 -9999 -9999 -9999 -9999 -9999 -9999 -9999 -9999 -9999 -9999 -9999 -9999 -9999 -9999 -9999 -9999 -9999 -9999 -9999 -9999 -9999 -9999 -9999 -9999 -9999 0 0 317 317 317 317 317 317 317 317 317 317 0 0 0 0 0 0 0 0 0 0 -9999 -9999 -9999 -9999 -9999 -9999 -9999 186 186 186 186
-9999 -9999 -9999 -9999 -9999 -9999 -9999 -9999 -9999 -9999 -9999 -9999 -9999 -9999 -9999 -9999 -9999 -9999 -9999 -9999 -9999 -9999 -9999 -9999 -9999 -9999 -9999 -9999 -9999 -9999 -9999 -9999 -9999 -9999 -9999 -9999 -9999 -9999 -9999 -9999 -9999 -9999 -9999 -9999 -9999 -9999 -9999 -9999 -9999 0 0 0 0 0 0 317 317 317 317 317 0 0 0 0 0 0 0 0 0 0 -9999 -9999 -9999 -9999 -9999 -9999 -9999 -9999 -9999 -9999 186 186
-9999 -9999 -9999 -9999 -9999 -9999 -9999 -9999 -9999 -9999 -9999 -9999 -9999 -9999 -9999 -9999 -9999 -9999 -9999 -9999 -9999 -9999 -9999 -9999 -9999 -9999 -9999 -9999 -9999 -9999 -9999 -9999 -9999 -9999 -9999 -9999 -9999 -9999 -9999 -9999 -9999 -9999 -9999 -9999 -9999 -9999 -9999 -9999 0 0 0 0 0 0 0 317 317 317 317 317 0 0 0 0 0 0 0 0 0 0 -9999 -9999 -9999 -9999 -9999 -9999 -9999 -9999 -9999 -9999 -9999 11
-9999 -9999 -9999 -9999 -9999 -9999 -9999 -9999 -9999 -9999 -9999 -9999 -9999 -9999 -9999 -9999 -9999 -9999 -9999 -9999 -9999 -9999 -9999 -9999 -9999 -9999 -9999 -9999 -9999 -9999 -9999 -9999 -9999 -9999 -9999 -9999 -9999 -9999 -9999 -9999 -9999 -9999 -9999 -9999 -9999 -9999 -9999 -9999 0 0 0 0 0 0 0 317 317 0 317 317 0 0 0 0 0 0 0 0 0 -9999 9 9 -9999 -9999 -9999 -9999 -9999 -9999 -9999 -9999 11 11
-9999 -9999 -9999 -9999 -9999 -9999 -9999 -9999 -9999 -9999 -9999 -9999 -9999 -9999 -9999 -9999 -9999 -9999 -9999 -9999 -9999 -9999 -9999 -9999 -9999 -9999 -9999 -9999 -9999 -9999 -9999 -9999 -9999 -9999 -9999 -9999 -9999 -9999 -9999 -9999 -9999 -9999 -9999 -9999 -9999 -9999 -9999 0 0 0 0 0 0 0 0 0 0 0 0 0 0 0 0 0 0 0 0 0 0 -9999 9 9 9 9 -9999 -9999 -9999 -9999 -9999 -9999 11 11
