04_184A001/kuusi.asc
ncols 378
nrows 390
xllcorner 613424
yllcorner 6870896
cellsize 16
nodata_value -9999
[rows 36 to 71 of 390, columns 164 to 245 of 378]
-9999 -9999 -9999 -9999 -9999 -9999 -9999 -9999 -9999 -9999 -9999 0 0 0 0 0 0 0 0 0 0 0 0 0 0 0 0 0 0 0 0 0 0 18 18 18 18 18 18 18 18 18 18 1 1 1 1 1 1 1 9 66 66 66 66 0 0 0 0 0 0 107 107 107 23 14 14 72 72 72 -9999 -9999 -9999 -9999 -9999 -9999 -9999 -9999 -9999 -9999 -9999 -9999
-9999 -9999 -9999 -9999 -9999 -9999 -9999 -9999 -9999 -9999 0 0 0 0 0 0 0 0 0 0 0 0 0 0 0 0 0 0 0 0 0 0 0 18 18 18 18 18 18 18 18 18 18 18 1 1 1 1 1 1 0 66 66 66 66 66 66 0 0 0 107 107 107 107 -9999 14 14 72 72 72 -9999 -9999 -9999 -9999 -9999 -9999 -9999 -9999 -9999 -9999 -9999 -9999
-9999 -9999 -9999 -9999 -9999 -9999 -9999 -9999 -9999 0 0 0 0 0 0 0 0 0 0 0 0 0 0 0 0 0 0 0 0 0 0 0 0 0 0 18 18 18 18 18 18 18 18 18 18 1 1 1 1 1 0 0 0 66 66 66 66 66 0 148 148 107 107 -9999 14 136 136 136 136 72 72 -9999 -9999 -9999 -9999 -9999 -9999 -9999 -9999 -9999 -9999 -9999
-9999 -9999 -9999 -9999 -9999 -9999 -9999 -9999 -9999 0 0 0 0 0 0 0 0 0 0 0 0 0 0 0 0 0 0 0 0 0 0 0 0 0 0 18 18 18 18 18 18 18 18 18 16 1 1 1 1 1 0 0 0 0 66 66 66 66 148 148 148 107 107 -9999 14 136 136 136 136 136 72 -9999 -9999 -9999 -9999 -9999 -9999 -9999 -9999 -9999 -9999 -9999
-9999 -9999 -9999 -9999 -9999 -9999 147 147 0 0 0 0 0 0 0 0 0 0 0 0 0 0 0 0 0 0 0 0 0 0 0 0 0 0 18 18 18 18 18 18 18 18 18 16 16 16 1 1 1 1 1 1 0 0 0 66 66 148 148 148 107 107 -9999 14 14 136 136 136 136 136 136 136 -9999 -9999 -9999 -9999 -9999 -9999 -9999 -9999 -9999 -9999
0 0 0 0 0 147 147 147 147 147 0 0 0 0 0 0 0 0 0 15 15 0 0 0 0 0 0 0 0 0 0 0 0 0 18 18 18 18 18 18 18 18 18 16 16 16 16 1 1 1 1 1 1 0 0 0 66 148 148 148 107 107 -9999 14 14 136 136 136 136 136 136 136 -9999 -9999 -9999 -9999 -9999 -9999 -9999 -9999 -9999 -9999
0 0 0 0 0 0 147 147 147 0 0 0 0 0 15 15 15 15 15 15 15 15 15 0 0 0 0 0 0 0 0 0 0 0 18 18 18 18 18 18 18 18 16 16 16 16 16 16 1 1 1 1 1 1 1 0 148 148 148 148 148 -9999 14 14 14 14 136 136 136 136 136 136 -9999 -9999 -9999 -9999 -9999 -9999 -9999 -9999 -9999 -9999
146 0 0 0 0 147 147 147 15 15 0 15 15 15 15 15 15 15 15 15 15 15 0 0 0 0 0 0 0 0 0 0 0 0 18 18 18 18 18 18 18 16 16 16 16 16 16 16 16 1 1 1 1 1 1 148 148 148 148 148 148 131 14 14 14 14 14 14 136 136 136 136 83 -9999 -9999 -9999 -9999 -9999 -9999 -9999 -9999 -9999
146 146 146 0 0 147 147 147 15 15 15 15 15 15 15 15 15 15 15 15 15 0 0 0 0 0 0 0 0 0 0 0 0 0 18 18 18 18 18 18 18 16 16 16 16 16 16 16 16 16 1 1 1 1 148 148 148 148 148 148 -9999 131 14 14 14 14 14 14 14 14 14 18 18 -9999 -9999 -9999 -9999 -9999 -9999 -9999 -9999 -9999
146 146 146 147 147 147 147 9 9 15 15 15 15 15 15 15 15 15 15 15 15 0 0 0 0 0 0 0 0 0 0 0 0 18 18 18 18 18 18 18 16 16 16 16 16 16 16 16 16 16 16 1 1 148 148 148 77 77 77 77 131 131 131 131 14 14 14 14 14 14 18 18 18 -9999 -9999 -9999 -9999 -9999 -9999 -9999 -9999 -9999
118 147 147 147 147 147 9 9 9 9 15 15 15 15 15 15 15 15 15 15 0 0 0 0 0 0 0 0 0 0 0 0 0 18 18 18 18 18 18 16 16 16 16 16 16 16 16 16 16 16 16 16 148 148 148 148 77 77 77 -9999 131 131 131 131 131 14 14 14 14 18 18 18 18 18 -9999 -9999 -9999 -9999 -9999 -9999 -9999 -9999
147 147 147 147 147 9 9 9 9 9 9 9 15 15 15 15 15 15 15 1 1 1 0 0 0 0 0 0 0 0 0 0 18 18 18 18 18 18 18 18 16 16 16 16 16 16 16 16 16 16 16 16 77 77 77 77 77 77 77 77 131 131 131 131 131 131 131 14 18 18 18 18 18 18 -9999 -9999 -9999 -9999 -9999 -9999 -9999 -9999
147 147 147 147 9 9 9 9 9 9 9 13 13 13 13 13 15 15 15 1 1 1 1 1 0 0 0 0 0 0 0 0 25 18 18 18 18 18 18 18 18 18 16 16 16 16 16 16 16 16 16 77 77 77 77 77 77 77 -9999 77 77 131 131 131 131 131 131 14 18 18 18 18 18 18 -9999 -9999 -9999 -9999 -9999 -9999 -9999 -9999
97 -9999 21 147 9 9 9 9 9 9 13 13 13 13 13 13 13 13 1 1 1 1 1 1 0 0 0 0 0 0 25 25 25 25 25 18 18 18 18 18 18 18 18 16 16 16 16 16 16 16 77 77 77 77 77 77 77 -9999 77 77 77 77 131 131 131 131 131 214 18 18 18 18 18 18 -9999 -9999 -9999 -9999 -9999 -9999 -9999 -9999
170 170 170 10 -9999 9 9 9 9 9 13 13 13 13 13 13 13 13 1 1 1 1 1 1 1 0 0 0 0 25 25 25 25 25 25 25 18 18 18 18 18 18 18 18 18 16 16 16 16 16 77 77 77 77 77 77 77 -9999 1 77 77 131 131 131 131 131 214 214 214 18 18 18 18 18 -9999 -9999 -9999 -9999 -9999 -9999 -9999 -9999
170 170 42 42 42 -9999 9 9 13 13 13 13 13 13 13 13 13 1 1 1 1 1 1 1 34 0 0 0 0 25 25 25 25 25 25 25 18 18 18 18 18 18 18 18 18 18 16 16 16 16 11 77 77 77 77 77 -9999 1 1 1 66 66 131 131 131 214 214 214 214 214 214 214 18 18 18 -9999 -9999 -9999 -9999 -9999 -9999 -9999
170 116 116 42 42 42 -9999 13 13 13 13 13 13 13 13 13 1 1 1 1 1 1 1 1 34 0 0 0 0 0 0 25 25 25 25 25 25 18 18 18 18 18 18 18 18 18 18 18 16 16 11 11 77 77 11 77 1 1 1 1 1 66 66 66 82 214 214 214 214 214 214 214 214 214 214 -9999 -9999 -9999 -9999 -9999 -9999 -9999
116 116 116 42 42 42 32 -9999 13 13 13 13 13 13 13 13 1 1 1 1 1 1 1 34 34 0 0 0 0 0 0 25 25 25 25 25 25 18 18 18 18 18 18 18 18 18 18 18 18 18 11 11 11 11 11 -9999 1 1 1 1 66 66 66 82 82 82 214 214 214 214 214 214 214 214 214 -9999 -9999 -9999 -9999 -9999 -9999 -9999
116 116 116 42 42 32 32 32 -9999 13 13 13 13 13 13 30 30 30 34 34 1 34 34 34 34 0 0 0 0 0 0 0 25 25 25 25 25 18 18 18 18 18 18 18 18 18 18 18 18 18 18 11 11 11 -9999 1 1 1 1 1 66 66 82 82 82 82 214 214 214 28 28 28 214 214 214 -9999 -9999 -9999 -9999 -9999 -9999 -9999
116 116 42 42 42 32 32 32 32 -9999 13 13 13 13 13 30 30 30 30 30 34 34 34 34 0 0 0 0 0 0 0 0 0 25 25 25 25 25 18 18 18 18 18 18 18 18 18 18 18 18 18 54 11 11 -9999 10 1 1 1 1 66 82 82 82 82 283 283 214 28 28 28 28 28 28 28 -9999 -9999 -9999 -9999 -9999 -9999 -9999
116 116 116 42 42 32 32 32 32 32 -9999 13 13 13 30 30 30 30 30 30 30 30 30 34 0 0 0 0 0 0 0 0 0 0 25 25 25 25 18 18 18 18 18 18 18 18 18 18 18 18 54 54 54 -9999 10 10 10 10 1 1 66 82 82 82 82 283 283 283 28 28 28 28 28 28 28 28 -9999 -9999 -9999 -9999 -9999 -9999
116 116 116 42 42 32 32 32 32 32 32 -9999 13 30 30 30 30 30 30 30 30 30 30 0 0 0 0 0 0 0 0 0 0 0 25 25 25 25 25 18 18 18 18 18 18 -9999 18 18 18 18 54 54 54 6 6 10 10 10 10 1 82 82 82 82 283 283 283 283 28 28 28 28 28 28 28 28 -9999 -9999 -9999 -9999 -9999 -9999
116 116 116 42 42 32 32 32 32 32 32 32 -9999 4 30 30 30 30 30 30 30 30 0 0 0 0 0 0 0 0 0 0 0 0 0 0 0 25 25 18 18 18 18 18 18 18 18 18 54 54 54 54 -9999 6 6 6 10 10 10 82 82 82 82 283 283 283 283 283 28 28 28 28 28 28 28 28 -9999 -9999 -9999 -9999 -9999 -9999
117 128 128 116 32 32 32 32 32 182 32 32 30 30 -9999 30 30 30 30 30 30 0 0 0 0 0 0 0 0 0 0 0 0 0 0 0 0 14 14 14 14 43 43 18 18 18 18 18 54 54 54 -9999 6 6 6 6 10 10 179 179 82 283 283 283 283 283 283 28 28 28 28 28 28 28 28 26 26 -9999 -9999 -9999 -9999 -9999
117 128 128 116 116 32 32 32 182 182 182 32 30 30 30 30 -9999 30 30 30 151 151 151 151 151 151 151 0 0 0 0 0 0 0 0 0 0 0 14 14 14 43 43 43 43 43 43 43 43 54 54 -9999 6 6 6 6 6 179 179 179 283 283 283 283 283 283 283 28 28 28 28 28 28 28 28 28 28 -9999 -9999 -9999 -9999 -9999
128 128 128 128 128 116 32 182 182 182 182 31 31 30 30 30 31 31 -9999 151 151 151 151 151 151 151 151 151 151 0 0 0 0 0 0 0 0 0 14 14 14 43 43 43 43 43 43 43 43 2 -9999 6 6 6 6 6 179 179 179 179 179 283 283 283 283 179 179 28 28 28 28 28 28 28 28 28 28 28 -9999 -9999 -9999 -9999
128 128 128 128 128 116 32 32 182 182 31 31 31 31 31 -9999 31 31 31 31 -9999 151 151 151 151 151 151 151 151 0 0 0 0 0 0 0 0 0 14 14 43 43 35 -9999 -9999 -9999 -9999 -9999 0 0 0 -9999 6 6 6 179 179 179 179 179 179 179 179 179 179 179 179 179 28 28 28 28 28 28 28 28 28 28 -9999 -9999 -9999 -9999
128 128 128 128 128 116 32 32 32 182 31 31 31 31 -9999 31 31 31 31 42 42 108 -9999 151 151 151 151 151 0 0 0 0 0 0 0 0 0 0 6 -9999 1 93 93 93 93 0 0 0 0 0 0 0 -9999 4 179 179 179 179 179 179 179 179 179 179 179 179 179 28 28 28 28 28 28 19 28 28 19 19 19 -9999 -9999 -9999
128 128 128 128 128 128 128 32 32 1 31 31 31 -9999 31 31 31 42 42 42 42 42 169 25 -9999 151 151 151 151 0 0 0 0 0 0 0 0 -9999 93 93 93 93 93 93 0 0 0 0 0 0 0 0 0 64 -9999 -9999 179 179 179 179 179 179 179 28 28 28 28 28 28 28 28 19 19 19 19 19 19 19 19 21 -9999 -9999
128 128 128 128 128 128 128 32 32 1 1 1 6 31 31 31 31 42 42 169 169 169 169 169 0 -9999 -9999 151 151 0 0 0 0 0 0 -9999 93 93 93 93 93 93 93 0 0 0 0 0 0 0 0 0 0 64 64 64 -9999 179 179 28 28 28 28 28 28 28 28 28 28 28 28 28 19 19 19 19 19 19 21 21 21 -9999
128 128 128 128 128 128 128 32 1 1 1 1 -9999 1 1 31 42 42 42 169 169 169 169 0 0 0 0 -9999 -9999 -9999 -9999 -9999 -9999 -9999 93 93 93 93 93 93 93 93 93 0 0 0 0 0 0 0 0 0 64 64 64 64 64 -9999 179 28 28 28 28 28 28 28 28 28 28 28 28 28 19 19 19 19 19 19 19 21 21 -9999
218 218 128 128 128 128 128 1 1 1 1 -9999 1 1 1 1 42 42 42 169 169 0 0 0 0 0 0 93 93 93 93 93 93 93 93 93 93 93 37 37 37 37 37 21 0 0 0 0 0 0 0 64 64 64 64 64 64 -9999 28 28 28 28 28 28 28 28 28 28 28 16 16 16 16 19 19 19 19 19 21 21 21 21
218 218 218 218 128 128 128 1 1 1 -9999 1 1 1 1 1 1 42 42 169 169 0 0 0 0 0 93 93 93 93 93 93 93 93 37 37 37 37 37 37 37 37 21 21 21 0 0 0 0 0 64 64 64 64 64 64 64 64 -9999 28 28 28 28 28 34 34 28 28 28 16 16 16 16 16 19 19 19 19 21 21 21 21
59 218 218 218 59 128 1 -9999 -9999 -9999 1 1 1 1 1 1 1 1 42 169 169 0 0 0 0 0 93 93 93 93 93 93 93 37 37 37 37 37 37 37 37 37 37 21 21 21 0 0 0 64 64 64 64 64 64 64 64 64 -9999 28 28 28 34 34 34 34 28 28 16 16 16 16 16 16 16 19 19 21 21 21 21 21
59 59 59 59 59 -9999 1 1 1 -9999 1 1 1 1 1 1 1 1 1 169 169 169 169 0 0 0 93 93 37 37 37 37 37 37 37 37 37 37 37 37 37 37 21 21 21 21 21 0 0 0 64 64 64 64 64 64 64 64 64 28 34 34 34 34 34 28 28 28 28 16 16 16 16 16 16 16 32 21 21 21 21 21
59 59 59 59 -9999 62 4 1 1 1 1 1 1 1 1 1 1 1 169 169 169 169 146 146 146 146 37 37 37 37 37 37 37 37 37 37 37 3 3 3 3 3 21 21 21 21 21 0 0 0 0 64 64 64 64 64 64 64 64 15 34 34 34 34 34 34 34 20 28 16 16 16 16 16 16 16 32 32 32 32 21 21
