04_184A001/kuusi.asc
ncols 378
nrows 390
xllcorner 613424
yllcorner 6870896
cellsize 16
nodata_value -9999
[rows 72 to 107 of 390, columns 0 to 81 of 378]
-9999 -9999 -9999 -9999 -9999 -9999 -9999 -9999 -9999 -9999 -9999 -9999 110 110 -9999 -9999 -9999 -9999 -9999 -9999 -9999 -9999 -9999 -9999 -9999 -9999 -9999 -9999 -9999 90 90 90 90 90 90 90 90 -9999 75 -9999 162 162 25 8 5 -9999 -9999 -9999 -9999 -9999 -9999 -9999 -9999 -9999 -9999 -9999 -9999 -9999 -9999 -9999 -9999 -9999 -9999 -9999 -9999 -9999 -9999 -9999 -9999 -9999 -9999 -9999 -9999 -9999 -9999 -9999 -9999 -9999 -9999 -9999 -9999 -9999
-9999 -9999 -9999 -9999 -9999 -9999 -9999 -9999 40 -9999 -9999 40 110 110 110 110 -9999 -9999 -9999 -9999 -9999 -9999 -9999 -9999 -9999 -9999 -9999 -9999 -9999 90 90 90 90 90 90 90 90 -9999 -9999 162 162 162 64 2 9 1 16 16 15 -9999 -9999 -9999 -9999 -9999 0 -9999 -9999 -9999 -9999 -9999 -9999 -9999 -9999 -9999 -9999 -9999 -9999 -9999 -9999 -9999 -9999 -9999 -9999 -9999 -9999 -9999 -9999 -9999 -9999 -9999 -9999 -9999
-9999 -9999 -9999 -9999 -9999 -9999 -9999 -9999 40 40 40 110 110 110 110 110 110 -9999 -9999 -9999 -9999 -9999 -9999 -9999 -9999 -9999 -9999 -9999 -9999 76 90 90 90 90 90 90 90 75 -9999 162 162 162 64 64 64 64 22 25 15 15 7 -9999 -9999 -9999 0 -9999 -9999 -9999 -9999 -9999 -9999 -9999 -9999 -9999 -9999 -9999 -9999 -9999 -9999 -9999 -9999 -9999 -9999 -9999 -9999 -9999 -9999 -9999 -9999 -9999 -9999 -9999
-9999 -9999 -9999 -9999 -9999 -9999 -9999 -9999 40 40 110 110 110 110 110 110 110 110 76 -9999 -9999 -9999 -9999 -9999 -9999 -9999 -9999 -9999 -9999 90 90 90 90 90 90 90 15 75 -9999 37 37 64 64 64 64 64 64 64 32 32 86 69 -9999 -9999 0 -9999 -9999 -9999 -9999 -9999 -9999 -9999 -9999 -9999 -9999 -9999 -9999 -9999 -9999 -9999 -9999 -9999 -9999 -9999 -9999 -9999 -9999 -9999 -9999 -9999 -9999 -9999
-9999 -9999 -9999 -9999 -9999 -9999 -9999 40 40 40 0 110 110 110 110 110 110 76 76 -9999 -9999 -9999 -9999 -9999 -9999 -9999 -9999 -9999 -9999 90 90 90 90 90 90 90 -9999 -9999 37 37 37 64 64 64 64 64 64 64 64 64 64 13 -9999 37 5 -9999 -9999 -9999 -9999 -9999 -9999 -9999 -9999 -9999 -9999 -9999 -9999 -9999 -9999 -9999 -9999 -9999 -9999 -9999 -9999 -9999 -9999 -9999 -9999 -9999 -9999 -9999
-9999 -9999 -9999 -9999 -9999 -9999 107 107 40 0 0 0 0 110 110 110 8 8 8 76 76 76 -9999 -9999 -9999 -9999 -9999 -9999 76 90 90 90 90 90 90 90 -9999 -9999 37 37 11 11 11 11 11 64 64 64 64 64 64 -9999 -9999 -9999 -9999 -9999 -9999 120 36 -9999 -9999 -9999 -9999 -9999 -9999 -9999 -9999 -9999 -9999 -9999 -9999 -9999 -9999 -9999 -9999 -9999 -9999 -9999 -9999 -9999 -9999 -9999
-9999 -9999 -9999 -9999 -9999 -9999 107 107 0 0 0 0 0 110 110 8 8 8 8 8 8 76 76 76 -9999 -9999 -9999 -9999 -9999 90 90 90 90 90 90 90 -9999 -9999 37 37 11 11 11 11 11 11 11 64 64 -9999 -9999 -9999 -9999 -9999 -9999 -9999 -9999 35 3 -9999 -9999 -9999 -9999 -9999 -9999 -9999 -9999 -9999 -9999 -9999 -9999 -9999 -9999 -9999 -9999 -9999 -9999 -9999 -9999 -9999 -9999 -9999
-9999 -9999 -9999 -9999 -9999 -9999 23 23 0 0 0 0 0 8 8 8 8 8 8 8 8 8 8 76 8 -9999 -9999 -9999 90 90 90 90 90 90 90 18 75 -9999 37 37 11 11 11 11 11 11 11 0 0 -9999 -9999 -9999 -9999 -9999 -9999 -9999 -9999 -9999 -9999 -9999 -9999 -9999 -9999 -9999 -9999 -9999 -9999 -9999 -9999 -9999 -9999 -9999 -9999 -9999 -9999 -9999 -9999 -9999 -9999 -9999 -9999 -9999
-9999 -9999 -9999 -9999 -9999 -9999 23 0 0 0 0 0 0 0 8 8 8 8 8 8 8 8 8 8 8 8 76 76 76 90 90 90 90 90 90 -9999 75 -9999 37 11 11 11 11 11 11 11 11 11 0 -9999 -9999 -9999 -9999 -9999 -9999 -9999 -9999 -9999 -9999 -9999 -9999 -9999 -9999 -9999 -9999 -9999 -9999 -9999 -9999 -9999 -9999 -9999 -9999 -9999 -9999 -9999 -9999 -9999 -9999 -9999 -9999 -9999
-9999 -9999 -9999 -9999 -9999 -9999 0 0 0 0 0 0 0 0 8 8 8 8 8 8 8 8 8 29 29 29 29 76 76 90 90 90 90 90 90 -9999 75 -9999 37 11 11 11 11 11 11 11 11 11 0 0 -9999 -9999 -9999 -9999 -9999 -9999 -9999 -9999 -9999 -9999 -9999 -9999 -9999 -9999 -9999 -9999 -9999 -9999 -9999 -9999 -9999 -9999 -9999 -9999 -9999 -9999 -9999 -9999 -9999 -9999 -9999 -9999
-9999 -9999 -9999 -9999 -9999 -9999 0 0 0 0 0 0 0 0 8 8 8 8 8 8 8 8 8 29 29 29 29 29 29 128 128 90 90 90 90 -9999 75 -9999 37 11 11 11 11 11 11 11 11 11 11 11 -9999 -9999 -9999 -9999 -9999 -9999 -9999 -9999 -9999 -9999 -9999 -9999 -9999 -9999 -9999 -9999 -9999 -9999 -9999 -9999 -9999 -9999 -9999 -9999 -9999 -9999 -9999 -9999 -9999 -9999 -9999 -9999
-9999 -9999 -9999 -9999 -9999 -9999 0 0 0 0 0 0 0 0 8 8 8 8 8 8 8 8 8 29 29 29 29 29 29 128 128 128 128 128 90 75 75 -9999 11 11 11 11 11 11 11 11 11 11 11 11 82 -9999 -9999 -9999 -9999 -9999 -9999 -9999 -9999 -9999 -9999 -9999 -9999 -9999 -9999 -9999 -9999 -9999 -9999 -9999 -9999 -9999 -9999 -9999 -9999 -9999 -9999 -9999 -9999 -9999 -9999 -9999
-9999 -9999 -9999 -9999 -9999 -9999 0 0 0 0 0 0 0 0 8 8 8 8 8 8 8 8 29 29 29 29 29 29 29 128 128 128 128 128 -9999 75 75 -9999 11 11 11 11 11 11 11 11 11 11 11 82 82 82 87 -9999 -9999 -9999 -9999 -9999 -9999 -9999 -9999 -9999 -9999 -9999 -9999 -9999 -9999 -9999 -9999 -9999 -9999 -9999 -9999 -9999 -9999 -9999 -9999 -9999 -9999 -9999 -9999 -9999
-9999 -9999 -9999 -9999 -9999 -9999 1 0 0 0 0 0 0 8 8 8 8 8 8 8 8 8 29 29 29 29 29 29 29 128 128 128 128 128 -9999 75 75 -9999 11 310 11 11 11 11 11 11 11 11 82 82 82 82 87 87 87 -9999 -9999 -9999 -9999 -9999 -9999 -9999 -9999 -9999 -9999 -9999 -9999 -9999 -9999 -9999 -9999 -9999 -9999 -9999 -9999 -9999 -9999 -9999 -9999 -9999 -9999 -9999
-9999 -9999 -9999 -9999 -9999 -9999 1 1 1 1 0 0 0 8 8 8 8 8 8 8 8 8 29 29 29 29 29 29 29 29 128 128 128 128 -9999 75 75 -9999 310 310 310 310 11 11 11 11 11 310 310 82 82 82 87 87 87 87 87 -9999 -9999 -9999 -9999 -9999 -9999 -9999 -9999 -9999 -9999 -9999 -9999 -9999 -9999 -9999 -9999 -9999 -9999 -9999 -9999 -9999 -9999 -9999 -9999 -9999
-9999 -9999 -9999 -9999 -9999 -9999 1 1 1 1 1 1 1 8 8 8 8 8 8 8 8 8 8 29 29 29 29 29 29 29 128 128 128 128 -9999 0 0 -9999 310 310 310 310 310 310 310 310 310 310 310 82 82 87 87 87 87 87 -9999 -9999 -9999 -9999 -9999 -9999 -9999 -9999 -9999 -9999 -9999 -9999 -9999 -9999 -9999 -9999 -9999 -9999 -9999 -9999 -9999 -9999 -9999 -9999 -9999 -9999
-9999 -9999 -9999 -9999 -9999 -9999 1 1 1 1 1 1 1 1 1 8 8 8 8 8 8 8 8 8 8 128 128 29 29 128 128 128 128 128 0 0 51 -9999 310 310 310 310 310 310 310 310 310 310 310 310 310 310 87 87 -9999 87 -9999 -9999 -9999 -9999 -9999 -9999 -9999 -9999 -9999 -9999 -9999 -9999 -9999 -9999 -9999 -9999 -9999 -9999 -9999 -9999 -9999 -9999 -9999 -9999 -9999 -9999
-9999 -9999 -9999 -9999 -9999 -9999 1 1 1 1 1 1 1 1 1 1 1 8 8 8 8 8 8 8 8 280 280 128 128 128 128 128 0 0 0 0 51 -9999 310 310 310 310 310 310 310 310 310 310 310 310 310 310 310 -9999 -9999 -9999 -9999 -9999 -9999 -9999 -9999 -9999 -9999 -9999 -9999 -9999 -9999 -9999 -9999 -9999 -9999 -9999 -9999 -9999 -9999 -9999 -9999 -9999 -9999 -9999 -9999 -9999
-9999 -9999 -9999 -9999 -9999 -9999 -9999 1 1 1 1 1 1 1 1 1 1 1 1 8 8 280 280 8 280 280 280 128 0 0 0 0 0 -9999 0 51 51 -9999 310 310 310 310 310 310 310 310 310 310 310 310 310 310 310 310 -9999 -9999 -9999 -9999 -9999 -9999 -9999 -9999 -9999 -9999 -9999 -9999 -9999 -9999 -9999 -9999 -9999 -9999 -9999 -9999 -9999 -9999 -9999 -9999 -9999 -9999 -9999 -9999
-9999 -9999 -9999 -9999 -9999 -9999 -9999 -9999 -9999 -9999 2 1 1 1 1 1 1 1 1 1 280 280 280 280 280 280 280 280 0 0 0 0 0 -9999 0 51 51 -9999 310 310 310 310 310 310 310 310 310 310 310 310 310 310 310 310 310 -9999 -9999 -9999 -9999 -9999 -9999 -9999 -9999 -9999 -9999 -9999 -9999 -9999 -9999 -9999 -9999 -9999 -9999 -9999 -9999 -9999 -9999 -9999 -9999 -9999 -9999 -9999
-9999 -9999 -9999 -9999 -9999 -9999 20 1 1 1 1 -9999 1 1 1 1 1 1 1 1 1 1 280 280 280 280 280 280 0 0 280 280 280 -9999 0 51 51 -9999 0 0 0 0 310 310 310 310 310 310 310 77 310 310 310 310 77 -9999 -9999 -9999 -9999 -9999 -9999 -9999 -9999 -9999 -9999 -9999 -9999 -9999 -9999 -9999 -9999 -9999 -9999 -9999 -9999 -9999 -9999 -9999 -9999 -9999 -9999 -9999
-9999 -9999 -9999 -9999 -9999 -9999 20 1 1 1 1 1 -9999 1 1 1 1 1 45 45 1 1 1 280 280 280 280 280 280 280 280 280 280 0 51 51 51 -9999 0 0 0 310 310 310 310 310 310 310 310 77 77 77 77 77 77 -9999 -9999 -9999 -9999 -9999 -9999 -9999 -9999 -9999 -9999 -9999 -9999 -9999 -9999 -9999 -9999 -9999 -9999 -9999 -9999 -9999 -9999 -9999 -9999 -9999 -9999 -9999
-9999 -9999 -9999 -9999 -9999 20 20 20 1 1 1 1 1 11 45 45 45 45 45 45 45 1 1 1 1 280 280 280 280 280 280 280 280 -9999 51 51 -9999 0 0 0 0 310 310 310 310 310 310 310 310 77 77 77 77 77 77 -9999 -9999 -9999 -9999 -9999 -9999 -9999 -9999 -9999 -9999 -9999 -9999 -9999 -9999 -9999 -9999 -9999 -9999 -9999 -9999 -9999 -9999 -9999 -9999 -9999 -9999 -9999
-9999 -9999 20 -9999 -9999 -9999 -9999 20 20 1 1 1 20 0 -9999 45 45 45 45 45 1 1 1 1 1 1 1 280 280 280 280 280 280 0 51 -9999 -9999 0 0 0 77 77 77 310 310 310 310 310 77 77 77 77 77 77 77 195 -9999 -9999 -9999 -9999 -9999 -9999 -9999 -9999 -9999 -9999 -9999 -9999 -9999 -9999 -9999 -9999 -9999 -9999 -9999 -9999 -9999 -9999 -9999 -9999 -9999 -9999
-9999 -9999 20 20 20 -9999 -9999 -9999 -9999 20 20 20 20 20 20 -9999 1 45 45 45 1 1 1 1 1 1 1 1 280 280 280 280 280 51 51 51 -9999 0 0 0 77 77 77 77 310 310 310 77 77 77 77 77 77 77 195 195 195 195 -9999 -9999 -9999 -9999 -9999 -9999 -9999 -9999 -9999 -9999 -9999 -9999 -9999 -9999 -9999 -9999 -9999 -9999 -9999 -9999 -9999 -9999 -9999 -9999
-9999 20 20 -9999 20 20 20 20 20 20 20 -9999 -9999 15 56 56 56 -9999 26 45 45 1 1 1 1 1 1 1 13 280 280 280 -9999 51 51 51 -9999 0 77 77 77 77 77 77 77 77 77 77 77 77 77 77 77 77 195 195 195 -9999 -9999 -9999 -9999 -9999 -9999 -9999 -9999 -9999 -9999 -9999 -9999 -9999 -9999 -9999 -9999 -9999 -9999 -9999 -9999 -9999 -9999 -9999 -9999 -9999
-9999 20 20 20 20 20 20 20 20 20 20 20 20 20 56 56 56 56 56 -9999 1 1 1 1 1 1 1 1 13 13 280 13 -9999 51 51 51 -9999 178 312 312 77 77 77 77 77 77 77 77 77 77 77 77 77 195 195 195 195 -9999 -9999 -9999 -9999 -9999 -9999 -9999 -9999 -9999 -9999 -9999 -9999 -9999 -9999 -9999 -9999 -9999 -9999 -9999 -9999 -9999 -9999 -9999 -9999 -9999
-9999 191 34 20 20 20 20 20 20 20 20 20 20 20 56 56 56 56 56 2 -9999 1 1 1 1 1 1 1 13 13 13 13 -9999 51 51 51 -9999 178 312 312 312 77 77 77 77 77 77 167 167 167 167 77 73 73 73 73 73 -9999 -9999 -9999 -9999 -9999 -9999 -9999 -9999 -9999 -9999 -9999 -9999 -9999 -9999 -9999 -9999 -9999 -9999 -9999 -9999 -9999 -9999 -9999 -9999 -9999
-9999 191 34 34 34 20 20 20 20 20 20 20 20 20 56 56 56 2 2 2 4 0 1 1 1 1 1 1 13 13 13 13 -9999 51 51 51 -9999 178 178 312 312 312 312 312 77 167 167 167 167 167 167 167 73 73 73 73 73 -9999 -9999 -9999 -9999 -9999 -9999 -9999 -9999 -9999 -9999 -9999 -9999 -9999 -9999 -9999 -9999 -9999 -9999 -9999 -9999 -9999 -9999 -9999 -9999 -9999
-9999 34 34 34 34 34 34 20 20 20 20 20 20 20 56 56 56 2 2 2 2 2 -9999 -9999 1 1 1 1 13 13 13 36 -9999 51 51 3 -9999 178 178 178 312 312 312 312 312 312 167 167 167 167 167 73 73 73 73 73 73 73 73 312 -9999 -9999 -9999 -9999 -9999 -9999 -9999 -9999 -9999 -9999 -9999 -9999 -9999 -9999 -9999 -9999 -9999 -9999 -9999 -9999 -9999 -9999
-9999 34 34 34 34 34 34 34 34 20 20 20 20 56 56 56 2 2 2 2 2 2 2 2 2 -9999 -9999 1 13 13 13 13 13 51 51 -9999 178 178 178 178 312 312 312 312 312 312 167 167 167 167 167 312 312 73 73 73 73 73 73 312 312 312 -9999 -9999 -9999 -9999 -9999 -9999 -9999 -9999 -9999 -9999 -9999 -9999 -9999 -9999 -9999 -9999 -9999 -9999 -9999 -9999
-9999 34 34 34 34 34 34 34 34 34 34 20 20 56 56 2 2 2 2 2 2 2 2 2 2 2 2 -9999 -9999 13 13 24 13 13 13 -9999 178 178 178 178 312 312 312 312 312 312 167 167 167 167 167 312 312 312 73 73 73 73 312 312 312 312 312 312 312 -9999 -9999 -9999 -9999 -9999 -9999 -9999 -9999 -9999 -9999 -9999 -9999 -9999 -9999 -9999 -9999 -9999
-9999 146 146 146 146 146 146 146 34 34 34 34 34 34 56 2 2 2 2 2 2 2 2 2 2 2 2 2 13 13 -9999 -9999 -9999 -9999 -9999 -9999 344 178 178 178 178 178 312 312 183 312 81 167 167 167 167 167 312 73 73 312 312 312 312 312 312 312 312 312 -9999 -9999 -9999 -9999 -9999 -9999 -9999 -9999 -9999 -9999 -9999 -9999 -9999 -9999 -9999 -9999 -9999 -9999
-9999 146 146 149 146 146 146 146 34 34 34 34 34 34 34 34 2 2 2 2 2 2 2 2 2 2 2 2 13 13 13 -9999 13 13 13 -9999 344 344 344 178 178 183 183 312 183 183 81 81 81 81 167 312 312 312 312 312 18 18 18 18 18 312 312 312 -9999 -9999 -9999 -9999 -9999 -9999 -9999 -9999 -9999 -9999 -9999 -9999 -9999 -9999 -9999 -9999 -9999 -9999
-9999 146 146 149 149 6 6 146 146 146 146 146 77 77 34 34 34 34 2 2 2 2 2 2 2 2 2 2 13 13 13 -9999 13 13 -9999 344 344 344 344 344 68 183 183 183 183 183 81 81 81 81 81 312 312 312 312 18 18 18 18 18 18 18 18 312 312 -9999 -9999 -9999 -9999 -9999 -9999 -9999 -9999 -9999 -9999 -9999 -9999 -9999 -9999 -9999 -9999 -9999
-9999 -9999 -9999 -9999 149 6 6 6 6 146 146 146 6 6 77 77 77 34 34 34 2 2 2 2 2 2 2 2 13 13 13 -9999 13 13 -9999 344 344 344 344 344 344 68 68 183 183 183 81 81 81 81 81 81 312 312 312 312 18 0 0 0 18 18 18 18 312 312 312 312 -9999 -9999 -9999 -9999 -9999 -9999 -9999 -9999 -9999 -9999 -9999 -9999 -9999 -9999
