04_184A001/kuusi.asc
ncols 378
nrows 390
xllcorner 613424
yllcorner 6870896
cellsize 16
nodata_value -9999
[rows 36 to 71 of 390, columns 82 to 163 of 378]
0 39 40 9 2 2 4 6 8 16 22 24 13 24 13 25 44 6 24 17 23 30 30 30 30 30 30 30 112 112 112 112 348 348 -9999 0 0 0 0 0 0 17 71 71 71 71 71 71 71 71 71 253 253 253 253 25 25 25 -9999 -9999 -9999 -9999 -9999 -9999 -9999 -9999 -9999 -9999 -9999 -9999 -9999 -9999 -9999 -9999 -9999 -9999 -9999 -9999 -9999 -9999 -9999 -9999
0 51 150 7 1 6 1 0 7 9 23 3 8 26 65 95 104 130 27 18 26 30 30 30 30 30 30 30 30 112 112 112 112 348 -9999 222 222 222 0 0 0 17 17 71 71 71 71 71 71 71 71 71 253 253 253 253 25 253 253 -9999 -9999 -9999 -9999 -9999 -9999 -9999 -9999 -9999 -9999 -9999 -9999 -9999 -9999 -9999 -9999 -9999 -9999 -9999 -9999 -9999 -9999 -9999
0 173 145 9 13 5 1 0 48 3 5 14 67 164 212 290 226 158 178 42 32 30 30 30 30 30 30 30 30 112 112 112 0 0 -9999 222 222 222 0 0 17 17 17 17 17 71 71 71 71 71 71 71 253 253 253 253 253 253 253 25 58 -9999 -9999 -9999 -9999 -9999 -9999 -9999 -9999 -9999 11 145 145 145 145 205 -9999 -9999 -9999 -9999 -9999 -9999
0 166 128 40 9 1 2 0 1 9 3 14 236 289 250 264 274 270 249 158 206 92 30 30 30 30 30 30 30 30 0 0 0 0 -9999 222 222 222 222 17 17 17 17 17 17 17 71 71 71 71 71 71 71 253 253 253 253 253 253 11 11 11 11 11 11 11 11 11 11 11 205 205 205 205 205 205 205 205 -9999 -9999 -9999 -9999
0 0 97 53 10 2 11 2 8 8 15 45 81 213 195 190 179 178 206 245 213 80 30 30 30 30 30 30 30 30 0 0 0 0 -9999 222 222 222 17 17 17 17 17 17 17 17 17 17 71 71 71 71 71 253 253 253 253 253 11 12 11 11 11 11 25 25 25 25 11 11 205 205 205 205 205 205 205 0 0 0 0 -9999
0 0 48 22 -9999 -9999 57 13 -9999 -9999 34 14 130 172 164 200 237 188 193 214 187 129 30 30 14 30 30 30 30 30 0 0 0 0 -9999 222 222 17 17 17 17 17 17 17 17 17 17 17 17 17 71 71 71 71 253 253 253 36 36 12 12 11 11 25 25 25 25 25 25 11 205 205 205 205 205 205 0 0 0 0 0 0
0 0 -9999 29 43 73 74 34 18 12 10 -9999 -9999 175 132 180 184 194 181 121 222 -9999 -9999 184 16 16 16 -9999 -9999 30 0 0 0 0 2 52 52 17 17 17 52 52 52 52 52 17 17 17 17 17 17 71 71 71 253 36 36 36 36 36 12 12 12 12 25 25 25 25 25 25 205 205 205 205 205 0 0 0 0 146 146 0
0 -9999 127 24 73 72 70 59 22 29 63 67 76 138 -9999 82 146 167 192 -9999 136 120 184 184 16 16 16 16 16 16 -9999 -9999 -9999 0 222 222 52 52 52 52 52 52 52 52 52 17 17 17 17 17 17 71 71 253 36 36 36 36 36 36 36 36 12 12 12 25 25 25 25 25 205 205 205 205 0 0 0 0 0 146 146 146
-9999 187 187 92 70 57 46 68 53 35 37 46 98 96 126 101 134 165 140 208 230 180 184 184 184 16 16 16 16 16 16 282 282 282 -9999 -9999 52 52 52 52 52 52 52 52 52 52 17 17 17 17 17 71 52 18 18 36 36 36 36 36 36 36 12 12 12 25 25 25 25 205 205 205 205 0 0 0 0 0 146 146 146 146
187 187 187 73 69 80 57 83 59 59 33 14 7 27 117 163 154 145 168 179 210 193 184 184 184 16 16 16 16 282 282 282 282 282 282 282 282 120 -9999 -9999 52 52 52 52 52 52 52 17 17 52 52 52 52 18 18 18 36 36 36 36 36 36 12 12 12 25 25 25 25 205 205 205 0 0 0 0 0 0 118 146 146 118
187 187 187 115 66 71 91 118 138 136 17 8 8 9 57 153 245 278 210 191 197 189 184 184 184 114 16 16 16 282 282 282 282 282 282 282 282 282 282 282 282 -9999 -9999 52 52 52 52 52 52 52 52 52 18 18 18 18 18 36 36 36 36 36 36 12 12 25 25 25 205 205 205 0 0 0 0 0 118 118 118 118 118 118
187 187 187 103 82 83 114 159 197 214 118 16 12 55 42 160 197 207 190 250 214 232 184 184 184 184 114 16 16 282 282 282 282 282 282 282 282 282 282 282 282 282 282 282 -9999 -9999 111 52 52 52 52 52 19 18 18 18 18 18 36 36 36 36 36 19 19 25 25 205 205 205 205 0 0 0 118 118 118 118 118 118 118 118
187 187 187 187 141 149 156 168 161 179 227 42 63 106 51 140 161 224 209 238 194 234 184 184 184 114 114 114 114 282 282 282 282 282 282 282 282 282 282 282 282 282 282 282 282 282 282 -9999 -9999 -9999 52 19 19 19 19 19 18 18 18 36 36 36 36 19 19 25 205 205 205 205 0 0 0 0 118 118 118 118 118 147 147 147
187 187 187 187 71 169 114 114 164 217 182 206 164 123 92 74 179 185 192 188 125 178 184 114 114 114 114 114 114 282 282 282 282 282 282 282 282 282 282 282 282 282 282 282 282 282 282 282 282 282 282 -9999 -9999 19 19 19 19 18 18 18 36 36 36 19 19 19 19 205 205 0 0 0 0 118 118 118 118 118 147 147 147 147
187 187 187 187 33 47 23 96 89 166 214 194 201 170 215 184 179 74 84 113 204 183 114 114 114 114 114 114 114 282 282 282 282 282 282 282 282 282 282 282 282 282 282 282 282 282 282 282 282 282 80 80 80 80 -9999 11 19 19 19 18 18 18 18 19 19 19 19 205 0 0 0 0 0 118 118 118 194 -9999 -9999 -9999 127 170
21 187 187 187 52 60 15 7 128 99 169 165 166 89 205 248 201 231 158 82 187 199 114 114 114 114 114 114 114 282 282 282 282 282 282 282 282 282 282 282 282 282 282 282 282 8 8 8 282 282 80 80 80 80 80 80 -9999 -9999 19 19 19 19 19 19 19 19 19 0 0 0 76 -9999 -9999 -9999 26 170 170 170 170 170 170 170
21 187 187 187 187 75 50 16 39 71 164 169 100 129 183 231 255 195 113 85 209 175 123 114 114 114 114 114 114 114 282 282 282 282 282 282 282 282 282 282 282 282 282 282 8 8 8 8 8 80 80 80 80 80 80 80 80 34 34 -9999 -9999 19 19 19 -9999 -9999 -9999 -9999 85 85 125 125 125 -9999 152 152 152 152 170 170 170 170
21 21 187 187 187 60 80 57 20 35 114 161 141 162 232 181 141 95 42 84 207 186 147 114 114 114 114 114 114 282 282 282 282 282 282 282 282 282 282 282 282 282 282 282 8 8 8 8 8 80 80 80 80 80 80 80 80 34 34 34 34 34 34 34 34 73 85 85 85 85 125 125 125 44 152 152 152 152 170 170 170 170
21 21 21 187 187 108 40 51 45 17 75 179 233 200 229 232 102 51 48 58 202 205 108 114 114 114 114 114 114 282 282 282 282 282 282 282 282 282 282 282 282 282 282 8 8 8 8 8 8 80 80 80 80 80 80 80 80 34 34 34 34 34 34 34 73 73 73 85 85 85 85 85 85 125 152 152 152 152 170 170 170 170
21 21 21 0 0 229 108 50 54 58 99 172 176 122 157 170 88 37 45 58 188 228 73 114 114 114 114 114 114 282 282 282 282 282 282 282 282 282 282 282 282 282 282 8 8 8 8 8 80 80 80 80 80 80 80 80 80 34 34 34 34 34 34 73 73 73 73 73 73 85 85 85 125 125 152 152 152 170 170 170 170 116
21 21 21 0 0 0 139 54 39 50 130 157 170 165 131 153 141 163 179 153 222 257 205 114 114 114 114 114 114 282 282 282 282 282 282 282 282 282 282 282 282 282 282 8 8 8 8 8 80 80 80 80 80 80 80 80 0 0 0 34 34 34 73 73 73 73 73 73 73 85 85 125 125 -9999 41 152 152 152 170 170 116 116
21 21 0 0 0 0 121 40 66 36 149 211 207 160 131 135 198 228 168 218 374 343 155 114 114 114 114 114 114 282 282 282 282 282 282 282 282 282 282 282 282 282 282 8 8 8 8 80 80 80 80 80 80 80 80 0 0 0 0 34 34 34 73 73 73 73 73 73 73 125 125 125 125 -9999 41 152 41 152 41 117 116 116
0 0 0 0 0 0 111 25 14 19 146 192 192 149 154 132 147 124 139 216 319 233 144 114 114 114 114 114 19 282 282 282 282 282 0 282 282 282 282 282 282 282 282 8 8 8 8 80 80 80 80 80 80 0 0 0 0 0 0 34 34 73 73 73 73 73 73 73 73 125 125 125 125 -9999 41 41 41 41 117 117 117 117
0 0 0 0 0 0 111 26 16 6 47 106 156 20 34 56 56 50 65 29 151 225 145 114 114 114 19 19 19 282 282 282 0 0 0 0 0 0 0 282 282 282 282 0 8 8 80 80 80 80 80 0 0 0 0 0 0 0 0 34 73 73 73 73 73 73 73 73 125 125 125 125 125 -9999 41 41 41 41 117 128 117 117
0 0 0 0 0 0 0 18 11 58 64 44 66 37 24 70 17 45 45 48 123 154 87 19 114 19 19 19 19 19 282 282 0 0 0 0 0 0 0 0 0 282 0 0 0 8 80 80 80 80 0 0 0 0 0 0 0 0 0 73 73 73 73 73 73 73 73 73 125 125 125 125 125 125 125 125 125 117 128 128 128 117
0 0 0 0 0 0 0 79 22 25 29 29 22 42 71 39 64 55 58 53 129 210 82 19 19 19 19 19 19 19 19 19 0 0 0 0 0 0 0 0 0 0 0 0 0 0 80 80 80 80 0 0 0 0 0 0 0 0 0 0 0 0 73 73 73 141 73 125 125 125 125 125 125 40 125 125 117 117 128 128 128 117
0 0 0 0 0 0 0 176 41 58 27 26 18 30 41 39 43 74 74 71 139 171 108 19 19 19 19 19 19 19 19 19 0 0 0 0 0 0 0 0 0 0 0 0 0 80 80 80 80 0 0 0 0 0 0 0 0 0 0 0 0 0 0 0 141 141 141 141 125 125 125 125 125 -9999 125 218 117 117 128 128 128 128
0 0 0 0 0 0 0 0 71 44 29 27 37 52 41 41 48 59 72 83 81 85 63 19 19 19 19 19 19 19 19 19 0 147 147 147 0 0 0 92 92 92 92 92 92 32 80 80 80 0 0 0 0 0 0 0 0 0 0 0 0 0 0 0 141 141 141 141 141 125 125 125 -9999 125 218 218 218 117 117 128 128 128
0 0 0 0 0 0 0 0 76 58 24 48 116 33 36 53 53 80 82 86 84 68 65 19 19 19 147 147 147 19 19 147 147 147 147 147 147 92 92 92 92 92 92 92 32 32 32 32 0 0 0 0 0 0 0 0 0 0 0 0 0 0 0 0 0 168 141 141 141 125 125 -9999 199 199 218 218 218 218 218 128 128 128
0 0 -9999 -9999 -9999 -9999 0 0 7 0 0 0 4 12 41 71 80 82 59 84 86 111 84 175 147 147 147 147 147 147 147 147 147 147 147 147 147 92 92 92 92 92 92 92 32 32 32 32 0 0 0 0 0 0 0 147 0 0 0 0 0 0 0 168 168 168 125 125 125 125 -9999 199 199 218 218 218 218 218 218 218 218 128
0 -9999 -9999 -9999 -9999 -9999 0 0 -9999 -9999 -9999 0 3 -9999 7 59 81 86 86 81 70 88 79 122 147 147 147 147 147 147 147 147 147 147 147 147 92 92 92 92 92 92 92 32 32 32 32 32 32 0 0 0 0 0 147 147 147 147 147 147 147 147 147 147 168 168 125 125 125 -9999 199 199 218 218 218 218 218 218 218 218 218 218
0 -9999 -9999 -9999 -9999 -9999 -9999 -9999 -9999 -9999 -9999 0 -9999 -9999 -9999 55 68 82 80 74 81 59 60 179 147 147 147 147 147 147 147 147 147 147 92 92 92 92 92 92 92 92 92 32 32 32 32 32 32 0 0 0 0 0 147 147 147 147 0 0 147 147 147 147 168 125 125 125 -9999 199 199 218 218 218 218 218 218 218 218 218 218 218
-9999 -9999 -9999 -9999 -9999 -9999 -9999 -9999 -9999 -9999 -9999 -9999 -9999 -9999 -9999 150 51 97 28 59 56 186 201 353 147 147 147 147 147 147 147 147 108 147 92 92 92 92 92 92 92 92 32 32 32 32 32 32 32 32 0 0 0 147 147 147 0 0 0 0 147 147 147 147 168 168 125 125 199 199 199 199 0 0 0 218 218 218 218 218 218 218
-9999 -9999 -9999 -9999 -9999 -9999 -9999 -9999 -9999 -9999 -9999 -9999 -9999 -9999 -9999 -9999 -9999 -9999 -9999 86 110 205 240 248 147 147 147 147 147 147 147 147 108 108 92 92 92 92 92 92 92 92 32 32 32 32 32 32 32 32 62 64 147 147 147 0 0 0 0 0 147 147 147 147 168 168 168 -9999 199 199 199 0 0 0 0 218 218 218 218 218 218 59
-9999 -9999 -9999 -9999 0 -9999 -9999 -9999 -9999 -9999 -9999 -9999 -9999 -9999 -9999 -9999 -9999 -9999 -9999 -9999 160 151 177 290 147 147 108 108 147 147 147 108 108 108 92 92 92 92 92 92 92 92 32 32 32 32 32 62 62 62 64 64 147 147 0 0 0 0 0 0 147 104 147 147 147 168 -9999 119 119 199 0 0 0 0 -9999 -9999 218 59 59 59 59 59
-9999 -9999 -9999 -9999 0 55 -9999 -9999 -9999 -9999 -9999 -9999 -9999 -9999 -9999 -9999 -9999 -9999 -9999 -9999 -9999 105 115 152 108 108 108 108 108 108 108 108 108 108 108 108 92 92 92 92 92 32 32 32 32 32 32 62 62 64 64 147 147 0 0 0 0 0 0 0 104 104 147 147 147 -9999 119 119 119 119 0 0 -9999 -9999 -9999 -9999 -9999 22 -9999 59 59 59
