04_184A001/manty.asc
ncols 378
nrows 390
xllcorner 613424
yllcorner 6870896
cellsize 16
nodata_value -9999
[rows 333 to 369 of 390, columns 246 to 327 of 378]
0 117 117 117 117 117 7 7 7 7 17 17 17 17 29 29 29 29 29 0 0 0 0 0 24 24 24 24 24 24 24 68 68 68 68 68 68 68 68 68 23 23 23 23 23 23 0 0 0 0 0 0 0 0 15 15 15 15 15 10 10 10 10 10 10 10 10 0 0 0 0 0 0 0 0 0 14 14 14 14 14 25
0 117 117 117 117 117 117 7 7 7 7 17 135 135 29 29 29 29 29 0 0 0 0 0 0 24 24 24 24 24 24 68 68 68 68 68 68 68 68 0 0 23 23 23 23 23 0 0 0 0 0 0 0 15 15 15 0 0 15 10 10 10 10 10 10 10 10 0 0 0 0 0 0 0 0 0 0 0 60 60 60 60
0 117 117 117 117 117 117 117 7 7 7 7 135 135 29 29 29 29 29 0 0 0 0 0 0 0 0 0 68 68 68 68 68 68 68 68 68 68 68 0 0 0 23 23 23 23 0 0 0 0 0 0 15 15 15 0 0 0 10 10 10 10 10 10 10 10 10 0 0 0 0 0 0 0 0 0 0 60 60 60 60 60
117 117 117 117 117 117 117 117 117 7 7 135 135 135 135 29 29 29 0 0 0 0 0 0 0 0 0 0 68 68 68 68 68 68 68 10 68 68 68 68 0 0 0 23 23 0 0 0 0 0 0 15 15 15 0 0 0 0 10 10 10 10 10 10 10 10 10 0 0 0 0 0 0 0 0 0 0 60 60 60 60 60
117 117 117 117 117 117 117 117 117 9 9 9 9 9 29 29 29 29 0 0 0 0 0 0 0 9 10 10 10 10 68 68 68 10 10 10 10 10 68 0 0 0 0 0 0 0 0 0 0 0 0 15 15 15 0 0 0 10 10 10 10 10 10 10 10 10 10 0 0 0 0 0 0 0 0 0 0 18 18 18 60 60
69 69 117 117 117 117 117 9 9 9 9 9 9 9 9 9 9 9 9 9 9 9 9 9 9 9 10 10 10 10 10 10 10 10 10 10 0 0 0 0 0 0 0 0 0 0 0 0 0 0 0 0 0 0 0 0 10 10 10 10 10 10 10 10 10 10 10 0 0 0 0 0 0 0 0 18 18 18 18 18 18 18
0 69 69 69 69 69 9 9 9 9 9 9 9 9 9 9 9 9 9 9 9 9 9 9 9 9 9 9 9 9 10 10 0 0 10 0 0 0 0 0 0 0 0 0 0 0 0 0 10 10 10 0 0 0 0 0 10 10 10 10 10 10 10 10 10 10 10 0 0 0 0 0 0 0 18 18 18 18 18 18 18 18
0 0 0 69 69 69 69 69 69 69 69 69 0 0 9 9 9 9 9 9 9 9 9 9 9 9 9 9 9 0 0 0 0 0 0 0 104 104 104 0 0 0 0 0 0 0 0 0 10 10 10 0 0 0 0 10 10 10 10 10 10 10 10 10 10 10 0 0 0 0 0 0 0 18 18 18 18 18 18 18 18 18
0 0 0 0 0 0 0 69 69 69 69 69 0 0 0 0 0 0 0 0 0 9 9 9 9 9 9 0 0 0 0 0 0 0 104 104 104 104 104 0 0 0 0 0 0 0 0 0 10 10 10 0 0 0 10 10 10 10 10 10 10 10 10 10 10 10 0 0 0 0 0 0 18 18 18 18 18 18 18 18 18 18
0 0 0 0 0 0 0 0 0 0 0 0 0 0 0 0 0 0 0 0 0 0 0 0 0 0 0 0 0 0 0 0 0 0 104 104 104 104 104 0 0 0 0 0 0 0 0 0 0 0 10 10 0 0 10 10 10 10 10 10 119 119 119 119 10 10 0 0 0 0 0 18 18 18 18 18 18 18 18 18 18 18
0 0 0 0 0 0 0 0 0 0 0 0 0 0 0 0 0 0 0 0 0 0 0 0 0 0 0 0 97 97 97 97 97 97 104 104 104 104 104 104 0 0 0 0 0 0 0 0 0 0 0 10 10 10 10 10 10 10 10 10 119 119 119 119 119 10 0 0 0 0 0 18 18 18 18 18 18 18 18 18 18 18
0 0 0 0 0 0 0 0 0 0 0 0 0 0 0 0 0 0 0 0 0 0 0 0 0 0 0 97 97 97 97 97 97 97 97 104 104 104 104 104 0 0 0 0 0 0 0 0 0 0 0 0 10 10 10 10 10 10 10 119 119 119 119 119 10 10 0 0 0 0 0 18 18 18 18 18 18 18 18 18 18 18
0 0 0 0 0 0 0 0 0 0 0 0 0 0 0 0 0 0 0 0 0 0 0 0 0 0 97 97 97 97 97 97 97 97 97 0 0 104 104 0 0 0 0 0 0 0 0 0 0 0 0 0 0 0 0 0 0 10 10 119 119 119 119 119 119 10 0 0 0 0 0 0 18 18 18 18 18 18 18 18 18 18
0 0 0 0 0 0 0 0 0 0 0 0 0 0 0 0 0 0 0 0 0 0 0 0 0 97 97 97 97 97 97 97 97 97 97 0 0 0 104 0 0 0 0 0 0 0 0 0 0 0 0 11 11 0 0 0 0 0 10 10 119 119 119 119 119 119 0 1 1 0 0 0 18 18 18 18 18 18 18 18 18 46
0 0 0 0 0 0 0 0 0 0 0 0 0 0 0 0 0 0 0 0 0 0 0 0 97 97 97 97 97 97 97 9 9 97 0 0 0 0 0 0 0 0 0 0 0 0 0 0 0 0 0 11 11 11 18 18 18 0 0 0 119 119 119 119 119 119 1 1 1 1 1 1 1 1 18 18 18 18 18 18 18 46
0 0 0 0 0 0 0 0 0 0 0 0 0 0 0 0 0 0 0 0 0 0 97 97 97 97 97 97 97 97 97 9 9 0 0 0 0 0 39 39 0 0 0 0 0 0 0 0 0 0 11 11 11 11 11 11 18 18 0 0 0 119 119 119 119 0 1 1 0 0 0 1 1 1 1 18 18 18 18 18 46 46
0 0 0 0 0 0 0 0 0 0 0 0 0 0 0 0 0 0 0 0 0 183 97 97 97 97 97 97 97 97 9 9 0 0 0 0 0 39 39 39 39 39 0 0 0 0 0 0 0 11 11 11 11 11 11 11 18 18 18 18 119 18 119 119 119 0 0 0 0 0 0 0 0 0 0 53 18 46 46 46 46 46
0 0 0 0 0 0 0 0 0 0 0 0 0 0 0 0 0 0 0 0 405 183 183 97 97 97 97 97 97 97 9 9 0 0 0 39 39 39 39 39 39 39 39 0 0 0 0 0 0 11 11 11 11 11 11 11 18 18 18 18 18 18 18 119 18 0 0 0 0 0 0 0 0 0 53 53 53 53 46 46 46 46
0 0 0 0 0 0 0 0 0 0 0 0 0 0 0 0 0 0 0 405 405 183 183 97 97 97 97 97 97 9 9 0 0 0 39 39 39 39 39 39 39 39 12 39 39 0 0 0 11 11 11 11 11 11 11 18 18 18 18 18 18 18 18 18 18 0 0 0 0 0 0 0 0 0 53 53 53 53 53 53 53 53
0 0 0 0 0 0 0 0 0 0 0 0 0 0 0 0 0 0 405 405 405 405 183 183 183 97 183 97 183 9 0 0 0 0 39 39 39 39 39 39 39 39 12 12 12 39 39 0 11 11 11 11 11 11 18 18 18 18 18 18 18 18 18 18 18 0 0 0 0 0 0 0 0 0 0 0 0 0 53 53 53 53
0 0 0 0 0 0 0 0 0 0 0 0 0 0 0 0 0 405 405 405 405 405 405 183 183 183 183 183 183 183 0 0 0 0 0 39 39 39 39 39 39 12 12 12 12 12 12 12 12 39 11 11 11 18 18 18 18 18 18 18 18 18 18 18 18 0 0 0 0 0 0 0 0 0 0 0 0 0 0 0 0 53
0 0 0 0 0 0 0 0 0 0 0 0 0 0 0 0 263 405 405 405 405 405 405 183 183 183 183 183 183 0 0 0 0 0 0 0 39 12 12 39 12 12 12 12 12 12 12 12 12 12 39 39 11 11 11 18 18 18 18 18 18 18 18 18 18 0 0 0 0 0 0 0 0 0 0 0 0 0 0 0 0 0
0 0 0 0 0 0 0 0 0 0 0 0 0 0 263 263 263 263 405 405 405 405 405 37 37 183 183 183 0 0 0 0 0 0 0 0 0 0 12 12 12 12 12 12 12 12 12 12 12 12 39 39 39 39 11 11 11 18 18 18 18 18 18 18 0 0 0 0 0 0 0 0 0 0 0 0 0 0 0 0 0 0
0 0 0 0 0 0 0 0 0 0 0 0 0 263 263 263 263 263 263 405 405 405 37 37 37 37 37 183 0 0 0 0 0 0 0 0 0 0 0 0 275 12 12 12 12 12 12 12 12 12 39 39 12 39 12 0 0 18 18 18 18 18 18 18 0 0 0 0 0 0 0 0 0 0 0 0 0 0 0 0 0 0
0 0 0 0 0 0 0 0 0 0 0 0 0 263 263 263 263 94 94 405 405 405 405 183 183 37 183 0 0 0 0 0 0 0 0 0 0 0 0 0 275 275 275 275 12 12 12 12 12 12 39 12 12 12 12 0 0 0 0 0 18 18 18 18 0 0 0 0 0 0 0 0 0 0 0 0 0 0 0 0 0 0
0 0 0 0 0 0 0 0 0 0 0 0 0 0 0 263 94 94 94 94 405 183 183 183 183 183 44 0 0 0 0 0 0 0 0 0 0 0 0 275 275 275 275 275 275 275 275 12 12 12 12 12 12 12 0 0 0 0 0 0 0 0 18 18 0 0 0 0 0 0 0 0 0 0 0 0 0 0 0 0 0 0
0 0 0 0 0 0 0 0 0 0 0 0 0 0 0 94 94 94 94 94 183 183 183 183 183 183 44 44 0 0 0 0 0 0 0 0 0 0 275 275 275 275 275 275 275 275 275 275 22 22 12 12 12 12 0 0 0 0 0 0 0 0 0 17 80 0 0 0 0 0 0 0 0 0 0 0 0 0 0 0 0 0
-9999 0 0 0 0 0 0 0 0 0 0 0 0 0 0 0 94 94 94 183 183 183 183 183 183 44 44 44 44 44 44 0 0 0 0 0 0 0 20 275 20 275 275 275 275 275 275 275 22 22 22 22 12 0 0 0 0 0 0 0 0 0 0 80 80 80 0 0 0 0 0 0 0 0 0 0 0 0 0 0 0 0
-9999 -9999 -9999 -9999 0 0 0 0 0 0 0 0 0 0 0 0 94 94 183 183 183 183 183 183 140 140 44 44 44 44 44 44 44 0 0 0 0 20 20 20 20 20 20 275 275 275 275 275 275 22 22 22 22 0 0 0 0 0 0 0 0 0 80 80 80 80 80 0 0 0 0 0 0 0 0 0 0 0 0 16 0 0
-9999 -9999 -9999 0 0 -9999 -9999 0 0 0 -9999 -9999 294 294 294 294 294 183 183 183 294 294 183 140 140 140 140 44 44 44 44 44 44 44 0 0 0 20 20 20 20 20 20 20 20 275 275 275 22 22 22 22 20 20 0 0 0 0 0 0 0 17 80 80 80 80 80 80 0 0 0 0 0 0 0 0 0 0 0 16 16 0
-9999 -9999 -9999 -9999 -9999 0 0 0 -9999 -9999 294 294 294 294 294 294 294 183 183 183 294 294 294 140 140 140 140 140 44 44 44 44 44 44 44 0 0 0 20 20 20 20 20 20 20 22 22 22 22 22 22 22 20 20 20 0 0 0 0 0 17 80 80 80 80 80 80 80 80 80 0 0 0 0 11 11 0 16 16 16 16 15
-9999 -9999 -9999 -9999 -9999 -9999 0 0 0 -9999 -9999 -9999 -9999 294 294 294 294 294 -9999 -9999 294 294 140 140 140 140 140 140 140 44 44 44 44 44 44 44 0 0 22 20 20 20 20 20 22 22 22 22 22 22 17 20 20 20 20 20 20 0 0 0 80 80 80 80 80 80 80 80 80 80 0 0 11 11 11 16 16 16 16 16 15 15
-9999 -9999 -9999 -9999 -9999 -9999 -9999 -9999 -9999 -9999 -9999 -9999 -9999 -9999 -9999 294 294 294 -9999 294 294 140 140 140 140 140 140 140 44 44 0 0 44 44 44 44 22 22 22 22 22 22 20 22 22 22 22 22 22 22 17 17 20 20 20 20 20 20 0 80 80 80 0 0 0 80 80 80 80 284 284 11 11 11 11 16 -9999 -9999 -9999 15 15 15
-9999 -9999 -9999 -9999 -9999 -9999 -9999 -9999 -9999 -9999 -9999 -9999 -9999 -9999 -9999 -9999 -9999 -9999 294 294 294 0 0 0 140 140 140 44 44 44 0 0 0 0 0 0 22 22 22 22 22 22 22 22 22 22 22 22 22 17 17 17 17 17 20 20 20 20 17 80 80 0 0 0 0 0 0 0 80 284 284 284 11 11 11 11 -9999 -9999 -9999 -9999 15 15
-9999 -9999 -9999 -9999 -9999 -9999 -9999 -9999 -9999 -9999 -9999 -9999 -9999 -9999 -9999 -9999 -9999 0 0 -9999 -9999 0 0 0 0 0 140 44 44 44 0 0 0 0 0 0 0 22 22 22 22 22 22 22 22 22 22 22 22 29 17 17 17 17 17 17 20 17 80 80 80 0 0 0 0 0 0 0 284 284 284 284 284 11 11 11 -9999 -9999 -9999 -9999 -9999 -9999
-9999 -9999 -9999 -9999 -9999 -9999 -9999 -9999 -9999 -9999 -9999 -9999 -9999 -9999 -9999 -9999 -9999 18 18 4 0 0 -9999 -9999 0 0 0 0 0 0 0 0 0 0 0 0 0 0 22 22 22 22 22 22 22 22 22 22 29 17 17 17 17 17 17 17 17 80 80 80 80 80 80 0 0 0 0 0 284 284 284 284 284 11 11 -9999 -9999 -9999 -9999 -9999 -9999 -9999
-9999 -9999 -9999 -9999 -9999 -9999 -9999 -9999 -9999 -9999 -9999 -9999 -9999 -9999 -9999 -9999 -9999 18 18 0 9 4 4 4 0 -9999 -9999 0 0 0 0 0 0 0 0 0 0 22 22 22 22 22 22 22 22 22 22 29 29 29 29 29 29 17 17 17 80 80 80 80 80 80 80 80 80 0 0 0 0 0 0 0 284 284 -9999 -9999 -9999 -9999 -9999 -9999 -9999 -9999
