04_184A001/manty.asc
ncols 378
nrows 390
xllcorner 613424
yllcorner 6870896
cellsize 16
nodata_value -9999
[rows 37 to 73 of 390, columns 82 to 163 of 378]
0 22 26 44 29 34 116 99 5 3 0 0 8 1 5 29 82 22 0 0 0 22 22 22 22 22 22 22 22 210 210 210 210 19 -9999 45 45 45 0 0 0 94 94 19 19 19 19 19 19 19 19 19 34 34 34 34 209 34 34 -9999 -9999 -9999 -9999 -9999 -9999 -9999 -9999 -9999 -9999 -9999 -9999 -9999 -9999 -9999 -9999 -9999 -9999 -9999 -9999 -9999 -9999 -9999
0 20 54 46 13 17 103 70 64 13 8 29 54 13 8 0 73 63 1 2 5 22 22 22 22 22 22 22 22 210 210 210 0 0 -9999 45 45 45 0 0 94 94 94 94 94 19 19 19 19 19 19 19 34 34 34 34 34 34 34 209 135 -9999 -9999 -9999 -9999 -9999 -9999 -9999 -9999 -9999 79 0 0 0 0 44 -9999 -9999 -9999 -9999 -9999 -9999
0 8 23 14 10 21 79 63 48 13 10 14 8 17 45 47 17 15 47 43 4 14 22 22 22 22 22 22 22 22 0 0 0 0 -9999 45 45 45 45 94 94 94 94 94 94 94 19 19 19 19 19 19 19 34 34 34 34 34 34 79 79 79 79 79 79 79 79 79 79 79 44 44 44 44 44 44 44 44 -9999 -9999 -9999 -9999
0 0 20 58 12 23 6 20 9 18 11 6 37 24 28 31 29 5 8 21 27 3 22 22 22 22 22 22 22 22 0 0 0 0 -9999 45 45 45 94 94 94 94 94 94 94 94 94 94 19 19 19 19 19 34 34 34 34 34 79 8 79 79 79 79 129 129 129 129 79 79 44 44 44 44 44 44 44 0 0 0 0 -9999
0 0 45 63 -9999 -9999 38 30 -9999 -9999 3 36 6 31 26 29 30 30 29 24 4 42 22 22 10 22 22 22 22 22 0 0 0 0 -9999 45 45 94 94 94 94 94 94 94 94 94 94 94 94 94 19 19 19 19 34 34 34 22 22 8 8 79 79 129 129 129 129 129 129 79 44 44 44 44 44 44 0 0 0 0 0 0
0 0 -9999 9 2 2 2 7 17 19 16 -9999 -9999 49 39 40 41 39 26 47 5 -9999 -9999 18 16 16 16 -9999 -9999 22 0 0 0 0 28 91 91 94 94 94 91 91 91 91 91 94 94 94 94 94 94 19 19 19 34 22 22 22 22 22 8 8 8 8 129 129 129 129 129 129 44 44 44 44 44 0 0 0 0 10 10 0
0 -9999 15 2 11 2 2 2 2 5 7 31 75 40 -9999 102 18 16 14 -9999 22 10 18 18 16 16 16 16 16 16 -9999 -9999 -9999 0 45 45 91 91 91 91 91 91 91 91 91 94 94 94 94 94 94 19 19 34 22 22 22 22 22 22 22 22 8 8 8 129 129 129 129 129 44 44 44 44 0 0 0 0 0 10 10 10
-9999 114 114 10 2 2 5 0 0 1 28 61 32 44 66 105 35 14 35 64 6 17 18 18 18 16 16 16 16 16 16 29 29 29 -9999 -9999 91 91 91 91 91 91 91 91 91 91 94 94 94 94 94 19 91 14 14 22 22 22 22 22 22 22 8 8 8 129 129 129 129 44 44 44 44 0 0 0 0 0 10 10 10 10
114 114 114 2 2 5 0 36 18 11 9 41 86 142 43 33 45 38 48 27 1 12 18 18 18 16 16 16 16 29 29 29 29 29 29 29 29 240 -9999 -9999 91 91 91 91 91 91 91 94 94 91 91 91 91 14 14 14 22 22 22 22 22 22 8 8 8 129 129 129 129 44 44 44 0 0 0 0 0 0 19 10 10 19
114 114 114 17 3 2 0 32 33 40 53 48 62 92 21 40 27 3 29 24 40 37 18 18 18 11 16 16 16 29 29 29 29 29 29 29 29 29 29 29 29 -9999 -9999 91 91 91 91 91 91 91 91 91 14 14 14 14 14 22 22 22 22 22 22 8 8 129 129 129 44 44 44 0 0 0 0 0 19 19 19 19 19 19
114 114 114 19 12 6 50 37 127 66 16 63 44 53 14 15 28 27 47 3 4 0 18 18 18 18 11 16 16 29 29 29 29 29 29 29 29 29 29 29 29 29 29 29 -9999 -9999 32 91 91 91 91 91 53 14 14 14 14 14 22 22 22 22 22 53 53 129 129 44 44 44 44 0 0 0 19 19 19 19 19 19 19 19
114 114 114 114 15 16 23 79 116 66 1 7 5 5 10 37 37 27 26 16 0 0 18 18 18 11 11 11 11 29 29 29 29 29 29 29 29 29 29 29 29 29 29 29 29 29 29 -9999 -9999 -9999 91 53 53 53 53 53 14 14 14 22 22 22 22 53 53 129 44 44 44 44 0 0 0 0 19 19 19 19 19 15 15 15
114 114 114 114 13 0 120 244 112 49 18 12 14 26 14 12 15 1 0 2 0 11 18 11 11 11 11 11 11 29 29 29 29 29 29 29 29 29 29 29 29 29 29 29 29 29 29 29 29 29 29 -9999 -9999 53 53 53 53 14 14 14 22 22 22 53 53 53 53 44 44 0 0 0 0 19 19 19 19 19 15 15 15 15
114 114 114 114 39 96 181 88 196 39 11 16 42 38 1 1 1 0 0 2 1 15 11 11 11 11 11 11 11 29 29 29 29 29 29 29 29 29 29 29 29 29 29 29 29 29 29 29 29 29 0 0 0 0 -9999 3 53 53 53 14 14 14 14 53 53 53 53 44 0 0 0 0 0 19 19 19 1 -9999 -9999 -9999 67 0
138 114 114 114 62 48 77 144 112 202 65 3 15 40 11 28 23 1 0 0 1 0 11 11 11 11 11 11 11 29 29 29 29 29 29 29 29 29 29 29 29 29 29 29 29 0 0 0 29 29 0 0 0 0 0 0 -9999 -9999 53 53 53 53 53 53 53 53 53 0 0 0 79 -9999 -9999 -9999 113 0 0 0 0 0 0 0
138 114 114 114 114 12 15 96 89 99 66 50 26 48 4 23 22 16 15 0 0 34 8 11 11 11 11 11 11 11 29 29 29 29 29 29 29 29 29 29 29 29 29 29 0 0 0 0 0 0 0 0 0 0 0 0 0 5 5 -9999 -9999 53 53 53 -9999 -9999 -9999 -9999 19 19 10 10 10 -9999 0 0 0 0 0 0 0 0
138 138 114 114 114 16 2 11 55 68 68 14 58 60 15 43 19 27 8 0 1 13 3 11 11 11 11 11 11 29 29 29 29 29 29 29 29 29 29 29 29 29 29 29 0 0 0 0 0 0 0 0 0 0 0 0 0 5 5 5 5 5 5 5 5 16 19 19 19 19 10 10 10 26 0 0 0 0 0 0 0 0
138 138 138 114 114 60 0 2 9 17 1 19 21 39 38 17 24 0 4 2 13 4 1 11 11 11 11 11 11 29 29 29 29 29 29 29 29 29 29 29 29 29 29 0 0 0 0 0 0 0 0 0 0 0 0 0 0 5 5 5 5 5 5 5 16 16 16 19 19 19 19 19 19 10 0 0 0 0 0 0 0 0
138 138 138 0 0 19 25 0 0 3 44 5 64 195 153 77 33 1 2 0 10 16 27 11 11 11 11 11 11 29 29 29 29 29 29 29 29 29 29 29 29 29 29 0 0 0 0 0 0 0 0 0 0 0 0 0 0 5 5 5 5 5 5 16 16 16 16 16 16 19 19 19 10 10 0 0 0 0 0 0 0 0
138 138 138 0 0 0 38 3 1 5 37 10 34 173 230 87 16 1 25 33 3 4 5 11 11 11 11 11 11 29 29 29 29 29 29 29 29 29 29 29 29 29 29 0 0 0 0 0 0 0 0 0 0 0 0 0 0 0 0 5 5 5 16 16 16 16 16 16 16 19 19 10 10 -9999 11 0 0 0 0 0 0 0
138 138 0 0 0 0 31 3 2 2 26 4 79 42 123 169 36 1 25 30 21 12 36 11 11 11 11 11 11 29 29 29 29 29 29 29 29 29 29 29 29 29 29 0 0 0 0 0 0 0 0 0 0 0 0 0 0 0 0 5 5 5 16 16 16 16 16 16 16 10 10 10 10 -9999 11 0 11 0 11 20 0 0
0 0 0 0 0 0 58 10 6 17 41 39 42 16 30 102 25 11 46 6 18 25 23 11 11 11 11 11 11 29 29 29 29 29 0 29 29 29 29 29 29 29 29 0 0 0 0 0 0 0 0 0 0 0 0 0 0 0 0 5 5 16 16 16 16 16 16 16 16 10 10 10 10 -9999 11 11 11 11 20 20 20 20
0 0 0 0 0 0 27 9 3 10 0 13 37 2 18 40 12 4 2 0 38 21 41 11 11 11 11 11 11 29 29 29 0 0 0 0 0 0 0 29 29 29 29 0 0 0 0 0 0 0 0 0 0 0 0 0 0 0 0 5 16 16 16 16 16 16 16 16 10 10 10 10 10 -9999 11 11 11 11 20 0 20 20
0 0 0 0 0 0 0 16 19 16 13 0 3 4 4 2 4 7 2 1 9 35 57 11 11 11 11 11 11 11 29 29 0 0 0 0 0 0 0 0 0 29 0 0 0 0 0 0 0 0 0 0 0 0 0 0 0 0 0 16 16 16 16 16 16 16 16 16 10 10 10 10 10 10 10 10 10 20 0 0 0 20
0 0 0 0 0 0 0 6 16 11 6 5 2 2 4 5 4 4 3 4 10 3 56 11 11 11 11 11 11 11 11 11 0 0 0 0 0 0 0 0 0 0 0 0 0 0 0 0 0 0 0 0 0 0 0 0 0 0 0 0 0 0 16 16 16 92 16 10 10 10 10 10 10 2 10 10 20 20 0 0 0 20
0 0 0 0 0 0 0 35 2 0 0 0 2 4 4 6 3 5 2 4 22 23 26 11 11 11 11 11 11 11 11 11 0 0 0 0 0 0 0 0 0 0 0 0 0 0 0 0 0 0 0 0 0 0 0 0 0 0 0 0 0 0 0 0 92 92 92 92 10 10 10 10 10 -9999 10 27 20 20 0 0 0 0
0 0 0 0 0 0 0 0 2 3 5 0 3 5 2 2 2 2 2 0 0 12 0 11 11 11 11 11 11 11 11 11 0 123 123 123 0 0 0 12 12 12 12 12 12 7 0 0 0 0 0 0 0 0 0 0 0 0 0 0 0 0 0 0 92 92 92 92 92 10 10 10 -9999 10 27 27 27 20 20 0 0 0
0 0 0 0 9 9 0 0 28 30 28 21 0 9 2 2 2 0 0 0 0 0 4 11 11 11 123 123 123 11 11 123 123 123 123 123 123 12 12 12 12 12 12 12 7 7 7 7 0 0 0 0 0 0 0 0 0 0 0 0 0 0 0 0 0 21 92 92 92 10 10 -9999 14 14 27 27 27 27 27 0 0 0
0 0 -9999 -9999 -9999 -9999 9 9 24 12 12 12 96 83 15 2 0 0 0 0 0 1 4 2 123 123 123 123 123 123 123 123 123 123 123 123 123 12 12 12 12 12 12 12 7 7 7 7 0 0 0 0 0 0 0 15 0 0 0 0 0 0 0 21 21 21 10 10 10 10 -9999 14 14 27 27 27 27 27 27 27 27 0
0 -9999 -9999 -9999 -9999 -9999 9 9 -9999 -9999 -9999 16 18 -9999 23 2 0 0 0 0 2 2 5 16 123 123 123 123 123 123 123 123 123 123 123 123 12 12 12 12 12 12 12 7 7 7 7 7 7 0 0 0 0 0 15 15 15 15 15 15 15 15 15 15 21 21 10 10 10 -9999 14 14 27 27 27 27 27 27 27 27 27 27
0 -9999 -9999 -9999 -9999 -9999 -9999 -9999 -9999 -9999 -9999 69 -9999 -9999 -9999 0 0 0 0 2 2 2 6 15 123 123 123 123 123 123 123 123 123 123 12 12 12 12 12 12 12 12 12 7 7 7 7 7 7 0 0 0 0 0 15 15 15 15 0 0 15 15 15 15 21 10 10 10 -9999 14 14 27 27 27 27 27 27 27 27 27 27 27
-9999 -9999 -9999 -9999 -9999 -9999 -9999 -9999 -9999 -9999 -9999 -9999 -9999 -9999 -9999 22 0 15 1 2 0 0 0 13 123 123 123 123 123 123 123 123 50 123 12 12 12 12 12 12 12 12 7 7 7 7 7 7 7 7 0 0 0 15 15 15 0 0 0 0 15 15 15 15 21 21 10 10 14 14 14 14 0 0 0 27 27 27 27 27 27 27
-9999 -9999 -9999 -9999 -9999 -9999 -9999 -9999 -9999 -9999 -9999 -9999 -9999 -9999 -9999 -9999 -9999 -9999 -9999 0 28 82 65 89 123 123 123 123 123 123 123 123 50 50 12 12 12 12 12 12 12 12 7 7 7 7 7 7 7 7 61 69 15 15 15 0 0 0 0 0 15 15 15 15 21 21 21 -9999 14 14 14 0 0 0 0 27 27 27 27 27 27 48
-9999 -9999 -9999 -9999 140 -9999 -9999 -9999 -9999 -9999 -9999 -9999 -9999 -9999 -9999 -9999 -9999 -9999 -9999 -9999 13 65 93 8 123 123 50 50 123 123 123 50 50 50 12 12 12 12 12 12 12 12 7 7 7 7 7 61 61 61 69 69 15 15 0 0 0 0 0 0 15 13 15 15 15 21 -9999 11 11 14 0 0 0 0 -9999 -9999 27 48 48 48 48 48
-9999 -9999 -9999 -9999 143 116 -9999 -9999 -9999 -9999 -9999 -9999 -9999 -9999 -9999 -9999 -9999 -9999 -9999 -9999 -9999 23 44 33 50 50 50 50 50 50 50 50 50 50 50 50 12 12 12 12 12 7 7 7 7 7 7 61 61 69 69 15 15 0 0 0 0 0 0 0 13 13 15 15 15 -9999 11 11 11 11 0 0 -9999 -9999 -9999 -9999 -9999 67 -9999 48 48 48
-9999 -9999 -9999 -9999 -9999 -9999 -9999 -9999 -9999 -9999 -9999 -9999 -9999 -9999 -9999 -9999 -9999 -9999 -9999 -9999 -9999 146 47 75 50 50 50 50 50 50 50 50 50 50 50 50 50 50 50 50 50 7 7 7 7 61 61 61 69 69 15 15 0 0 0 0 0 0 0 0 13 13 15 15 -9999 11 11 11 11 11 0 0 -9999 -9999 -9999 -9999 -9999 -9999 -9999 -9999 48 48
-9999 -9999 -9999 -9999 -9999 -9999 -9999 -9999 -9999 -9999 -9999 -9999 -9999 -9999 -9999 -9999 -9999 -9999 -9999 -9999 -9999 -9999 56 50 50 50 50 50 50 -9999 -9999 -9999 -9999 50 50 50 50 50 50 50 61 61 61 61 61 61 61 69 69 69 69 15 0 0 0 0 0 0 0 13 13 13 13 -9999 11 11 11 11 11 0 0 0 -9999 -9999 -9999 -9999 -9999 -9999 -9999 -9999 -9999 -9999
