04_184A001/manty.asc
ncols 378
nrows 390
xllcorner 613424
yllcorner 6870896
cellsize 16
nodata_value -9999
[rows 37 to 73 of 390, columns 164 to 245 of 378]
-9999 -9999 -9999 -9999 -9999 -9999 -9999 -9999 -9999 -9999 102 102 102 122 122 122 122 122 122 122 122 122 122 122 122 122 0 0 0 0 0 123 123 144 144 144 144 144 144 144 144 144 144 144 17 17 17 17 17 17 0 109 109 109 109 109 109 0 0 0 7 7 7 7 -9999 4 4 23 23 23 -9999 -9999 -9999 -9999 -9999 -9999 -9999 -9999 -9999 -9999 -9999 -9999
-9999 -9999 -9999 -9999 -9999 -9999 -9999 -9999 -9999 102 102 102 122 122 122 122 122 122 122 122 122 122 122 122 122 0 0 0 0 0 0 0 0 123 123 144 144 144 144 144 144 144 144 144 144 17 17 17 17 17 0 0 0 109 109 109 109 109 0 28 28 7 7 -9999 4 58 58 58 58 23 23 -9999 -9999 -9999 -9999 -9999 -9999 -9999 -9999 -9999 -9999 -9999
-9999 -9999 -9999 -9999 -9999 -9999 -9999 -9999 -9999 102 102 102 122 122 122 122 122 122 122 122 122 122 122 122 122 0 0 0 0 0 0 0 0 0 0 144 144 144 144 144 144 144 144 144 156 17 17 17 17 17 0 0 0 0 109 109 109 109 28 28 28 7 7 -9999 4 58 58 58 58 58 23 -9999 -9999 -9999 -9999 -9999 -9999 -9999 -9999 -9999 -9999 -9999
-9999 -9999 -9999 -9999 -9999 -9999 15 15 102 102 102 122 122 122 122 122 122 122 122 122 122 122 122 122 0 0 0 0 0 0 0 0 0 0 144 144 144 144 144 144 144 144 144 156 156 156 17 17 17 17 17 17 0 0 0 109 109 28 28 28 7 7 -9999 4 4 58 58 58 58 58 58 58 -9999 -9999 -9999 -9999 -9999 -9999 -9999 -9999 -9999 -9999
0 0 0 0 0 15 15 15 15 15 122 122 122 122 122 122 122 122 122 132 132 122 122 0 0 0 0 0 0 0 0 0 0 0 144 144 144 144 144 144 144 144 144 156 156 156 156 17 17 17 17 17 17 0 0 0 109 28 28 28 7 7 -9999 4 4 58 58 58 58 58 58 58 -9999 -9999 -9999 -9999 -9999 -9999 -9999 -9999 -9999 -9999
0 0 0 0 0 0 15 15 15 122 122 122 122 122 132 132 132 132 132 132 132 132 132 126 126 126 126 0 0 0 0 0 0 126 144 144 144 144 144 144 144 144 156 156 156 156 156 156 17 17 17 17 17 17 17 0 28 28 28 28 28 -9999 4 4 4 4 58 58 58 58 58 58 -9999 -9999 -9999 -9999 -9999 -9999 -9999 -9999 -9999 -9999
10 0 0 0 0 15 15 15 75 75 122 132 132 132 132 132 132 132 132 132 132 132 126 126 126 126 126 126 0 0 0 126 126 126 144 144 144 144 144 144 144 156 156 156 156 156 156 156 156 17 17 17 17 17 17 28 28 28 28 28 28 19 4 4 4 4 4 4 58 58 58 58 0 -9999 -9999 -9999 -9999 -9999 -9999 -9999 -9999 -9999
10 10 10 0 0 15 15 15 75 75 75 75 75 132 132 132 132 132 132 132 132 126 126 126 126 126 126 126 126 126 126 126 126 126 144 144 144 144 144 144 144 156 156 156 156 156 156 156 156 156 17 17 17 17 28 28 28 28 28 28 -9999 19 4 4 4 4 4 4 4 4 4 6 6 -9999 -9999 -9999 -9999 -9999 -9999 -9999 -9999 -9999
10 10 10 15 15 15 15 125 125 75 75 75 75 75 75 75 75 132 132 132 132 126 126 126 126 126 126 126 126 126 126 126 126 144 144 144 144 144 144 144 156 156 156 156 156 156 156 156 156 156 156 17 17 28 28 28 113 113 113 113 19 19 19 19 4 4 4 4 4 4 6 6 6 -9999 -9999 -9999 -9999 -9999 -9999 -9999 -9999 -9999
19 15 15 15 15 15 125 125 125 125 75 75 75 75 75 75 75 75 75 132 126 126 126 126 126 126 126 126 126 126 126 126 126 144 144 144 144 144 144 156 156 156 156 156 156 156 156 156 156 156 156 156 28 28 28 28 113 113 113 -9999 19 19 19 19 19 4 4 4 4 6 6 6 6 6 -9999 -9999 -9999 -9999 -9999 -9999 -9999 -9999
15 15 15 15 15 125 125 125 125 125 125 125 75 75 75 75 75 75 75 1 1 1 126 126 126 126 126 126 126 126 126 126 144 144 144 144 144 144 144 144 156 156 156 156 156 156 156 156 156 156 156 156 113 113 113 113 113 113 113 113 19 19 19 19 19 19 19 4 6 6 6 6 6 6 -9999 -9999 -9999 -9999 -9999 -9999 -9999 -9999
15 15 15 15 125 125 125 125 125 125 125 185 185 185 185 185 75 75 75 1 1 1 1 1 126 126 126 126 126 126 126 126 36 144 144 144 144 144 144 144 144 144 156 156 156 156 156 156 156 156 156 113 113 113 113 113 113 113 -9999 113 113 19 19 19 19 19 19 4 6 6 6 6 6 6 -9999 -9999 -9999 -9999 -9999 -9999 -9999 -9999
18 -9999 39 15 125 125 125 125 125 125 185 185 185 185 185 185 185 185 1 1 1 1 1 1 126 126 126 126 126 126 36 36 36 36 36 144 144 144 144 144 144 144 144 156 156 156 156 156 156 156 113 113 113 113 113 113 113 -9999 113 113 113 113 19 19 19 19 19 22 6 6 6 6 6 6 -9999 -9999 -9999 -9999 -9999 -9999 -9999 -9999
0 0 0 20 -9999 125 125 125 125 125 185 185 185 185 185 185 185 185 1 1 1 1 1 1 1 136 126 126 126 36 36 36 36 36 36 36 144 144 144 144 144 144 144 144 144 156 156 156 156 156 113 113 113 113 113 113 113 -9999 4 113 113 19 19 19 19 19 22 22 22 6 6 6 6 6 -9999 -9999 -9999 -9999 -9999 -9999 -9999 -9999
0 0 7 7 7 -9999 125 125 185 185 185 185 185 185 185 185 185 1 1 1 1 1 1 1 24 136 136 136 136 36 36 36 36 36 36 36 144 144 144 144 144 144 144 144 144 144 156 156 156 156 0 113 113 113 113 113 -9999 4 4 4 21 21 19 19 19 22 22 22 22 22 22 22 6 6 6 -9999 -9999 -9999 -9999 -9999 -9999 -9999
0 0 0 7 7 7 -9999 185 185 185 185 185 185 185 185 185 1 1 1 1 1 1 1 1 24 136 136 136 136 136 136 36 36 36 36 36 36 144 144 144 144 144 144 144 144 144 144 144 156 156 0 0 113 113 0 113 4 4 4 4 4 21 21 21 14 22 22 22 22 22 22 22 22 22 22 -9999 -9999 -9999 -9999 -9999 -9999 -9999
0 0 0 7 7 7 10 -9999 185 185 185 185 185 185 185 185 1 1 1 1 1 1 1 24 24 136 136 136 136 136 136 36 36 36 36 36 36 144 144 144 144 144 144 144 144 144 144 144 144 144 0 0 0 0 0 -9999 4 4 4 4 21 21 21 14 14 14 22 22 22 22 22 22 22 22 22 -9999 -9999 -9999 -9999 -9999 -9999 -9999
0 0 0 7 7 10 10 10 -9999 185 185 185 185 185 185 212 212 212 24 24 1 24 24 24 24 136 136 136 136 136 136 136 36 36 36 36 36 144 144 144 144 144 144 144 144 144 144 144 144 144 144 0 0 0 -9999 4 4 4 4 4 21 21 14 14 14 14 22 22 22 0 0 0 22 22 22 -9999 -9999 -9999 -9999 -9999 -9999 -9999
0 0 7 7 7 10 10 10 10 -9999 185 185 185 185 185 212 212 212 212 212 24 24 24 24 136 136 136 136 136 136 136 0 0 36 36 36 36 36 144 144 144 144 144 144 144 144 144 144 144 144 144 15 0 0 -9999 0 4 4 4 4 21 14 14 14 14 20 20 22 0 0 0 0 0 0 0 -9999 -9999 -9999 -9999 -9999 -9999 -9999
0 0 0 7 7 10 10 10 10 10 -9999 185 185 185 212 212 212 212 212 212 212 212 212 24 136 136 136 136 136 136 0 0 0 0 36 36 36 36 144 144 144 144 144 144 144 144 144 144 144 144 15 15 15 -9999 0 0 0 0 4 4 21 14 14 14 14 20 20 20 0 0 0 0 0 0 0 0 -9999 -9999 -9999 -9999 -9999 -9999
0 0 0 7 7 10 10 10 10 10 10 -9999 185 212 212 212 212 212 212 212 212 212 212 136 136 136 136 136 136 0 0 0 0 0 36 36 36 36 36 144 144 144 144 144 144 -9999 144 144 144 144 15 15 15 0 0 0 0 0 0 4 14 14 14 14 20 20 20 20 0 0 0 0 0 0 0 0 -9999 -9999 -9999 -9999 -9999 -9999
0 0 0 7 7 10 10 10 10 10 10 10 -9999 169 212 212 212 212 212 212 212 212 136 136 136 136 136 136 0 0 0 0 0 0 0 0 0 36 36 144 144 144 144 144 144 144 144 144 15 15 15 15 -9999 0 0 0 0 0 0 14 14 14 14 20 20 20 20 20 0 0 0 0 0 0 0 0 -9999 -9999 -9999 -9999 -9999 -9999
20 0 0 0 10 10 10 10 10 11 10 10 212 212 -9999 212 212 212 212 212 212 136 136 136 136 136 0 0 0 0 0 0 0 0 0 0 0 152 152 152 152 21 21 144 144 144 144 144 15 15 15 -9999 0 0 0 0 0 0 47 47 14 20 20 20 20 20 20 0 0 0 0 0 0 0 0 6 6 -9999 -9999 -9999 -9999 -9999
20 0 0 0 0 10 10 10 11 11 11 10 212 212 212 212 -9999 212 212 212 31 31 31 31 31 31 31 0 0 0 0 0 0 0 0 0 0 0 152 152 152 21 21 21 21 21 21 21 21 15 15 -9999 0 0 0 0 0 47 47 47 20 20 20 20 20 20 20 0 0 0 0 0 0 0 0 0 0 -9999 -9999 -9999 -9999 -9999
0 0 0 0 0 0 10 11 11 11 11 10 10 212 212 212 10 10 -9999 31 31 31 31 31 31 31 31 31 31 0 0 0 0 0 0 0 0 0 152 152 152 21 21 21 21 21 21 21 21 4 -9999 0 0 0 0 0 47 47 47 47 47 20 20 20 20 47 47 0 0 0 0 0 0 0 0 0 0 0 -9999 -9999 -9999 -9999
0 0 0 0 0 0 10 10 11 11 10 10 10 10 10 -9999 10 10 10 10 -9999 31 31 31 31 31 31 31 31 0 0 0 0 0 0 0 0 0 152 152 21 21 81 -9999 -9999 -9999 -9999 -9999 4 4 4 -9999 0 0 0 47 47 47 47 47 47 47 47 47 47 47 47 47 0 0 0 0 0 0 0 0 0 0 -9999 -9999 -9999 -9999
0 0 0 0 0 0 10 10 10 11 10 10 10 10 -9999 10 10 10 10 97 97 121 -9999 31 31 31 31 31 0 0 0 0 0 0 0 0 0 0 81 -9999 184 97 97 97 97 4 4 4 4 4 4 4 -9999 3 47 47 47 47 47 47 47 47 47 47 47 47 47 0 0 0 0 0 0 131 0 0 131 131 131 -9999 -9999 -9999
0 0 0 0 0 0 0 10 10 0 10 10 10 -9999 10 10 10 97 97 97 97 97 69 84 -9999 31 31 31 31 0 0 0 0 0 0 0 0 -9999 97 97 97 97 97 97 4 4 4 4 4 4 4 4 4 28 -9999 -9999 47 47 47 47 47 47 47 0 0 0 0 0 0 0 0 131 131 131 131 131 131 131 131 22 -9999 -9999
0 0 0 0 0 0 0 10 10 0 0 0 0 10 10 10 10 97 97 69 69 69 69 69 24 -9999 -9999 31 31 0 0 0 0 0 0 -9999 97 97 97 97 97 97 97 4 4 4 4 4 4 4 4 4 4 28 28 28 -9999 47 47 0 0 0 0 0 0 0 0 0 0 0 0 0 131 131 131 131 131 131 22 22 22 -9999
0 0 0 0 0 0 0 10 0 0 0 0 -9999 0 0 10 97 97 97 69 69 69 69 24 24 24 24 -9999 -9999 -9999 -9999 -9999 -9999 -9999 97 97 97 97 97 97 97 97 97 4 4 4 4 4 4 4 4 4 28 28 28 28 28 -9999 47 0 0 0 0 0 0 0 0 28 28 0 0 0 131 131 131 131 131 131 131 22 22 -9999
27 27 0 0 0 0 0 0 0 0 0 -9999 0 0 0 0 97 97 97 69 69 24 24 24 24 24 24 97 97 97 97 97 97 97 97 97 97 97 69 69 69 69 69 26 4 4 4 4 4 4 4 28 28 28 28 28 28 -9999 28 28 0 0 28 28 28 28 28 28 28 151 151 151 151 131 131 131 131 131 22 22 22 22
27 27 27 27 0 0 0 0 0 0 -9999 0 0 0 0 0 0 97 97 69 69 24 24 24 24 24 97 97 97 97 97 97 97 97 69 69 69 69 69 69 69 69 26 26 26 4 4 4 4 4 28 28 28 28 28 28 28 28 -9999 28 28 28 28 28 157 157 28 28 28 151 151 151 151 151 131 131 131 131 22 22 22 22
48 27 27 27 48 0 0 -9999 -9999 -9999 0 0 0 0 0 0 0 0 97 69 69 24 24 24 24 24 97 97 97 97 97 97 97 69 69 69 69 69 69 69 69 69 69 26 26 26 4 4 4 28 28 28 28 28 28 28 28 28 -9999 28 28 28 157 157 157 157 28 28 151 151 151 151 151 151 151 131 131 22 22 22 22 22
48 48 48 48 48 -9999 0 0 0 -9999 0 0 0 0 0 0 0 0 0 69 69 69 69 24 24 24 97 97 69 69 69 69 69 69 69 69 69 69 69 69 69 69 26 26 26 26 26 4 0 0 28 28 28 28 28 28 28 28 28 28 157 157 157 157 157 28 28 28 28 151 151 151 151 151 151 151 2 22 22 22 22 22
48 48 48 48 -9999 95 4 0 0 0 0 0 0 0 0 0 0 0 69 69 69 69 22 22 22 22 69 69 69 69 69 69 69 69 69 69 69 3 3 3 3 3 26 26 26 26 26 0 0 0 0 28 28 28 28 28 28 28 28 7 157 157 157 157 157 157 157 134 28 151 151 151 151 151 151 151 2 2 2 2 22 22
48 48 48 66 17 31 81 0 0 0 0 0 0 0 0 0 69 69 69 69 69 69 22 22 22 22 69 69 69 69 69 69 69 69 3 69 3 3 3 3 3 3 3 26 26 26 0 0 0 0 0 0 28 28 28 28 28 28 28 70 157 157 157 157 157 157 134 134 134 151 151 151 151 151 151 151 2 2 2 2 2 2
0 15 -9999 -9999 41 55 59 -9999 163 114 0 0 69 69 69 0 69 69 69 69 69 69 22 22 22 22 22 82 82 82 82 69 0 69 3 3 3 3 3 3 3 3 3 26 26 0 0 0 0 0 0 0 28 28 28 28 28 28 28 81 157 157 157 131 131 157 134 134 134 151 151 151 151 151 151 151 151 2 2 2 2 2
