04_184A001/muulp.asc
ncols 378
nrows 390
xllcorner 613424
yllcorner 6870896
cellsize 16
nodata_value -9999
[rows 340 to 373 of 390, columns 231 to 307 of 378]
-9999 -9999 -9999 -9999 0 0 0 0 0 0 0 0 0 0 0 0.2 0.2 0.2 4 4 4 4 4 4 4 4 4 0 0 2 2 2 2 2 2 2 2 2 2 2 2 2 2 2 0 0 0 0 0 0 0 1.2000000000000002 1.2000000000000002 1.2000000000000002 0 0 0 0 0 0.2 0.2 2.8000000000000003 2.8000000000000003 0.8 0.8 0.8 0.2 0.2 0.2 0.2 2.6 2.6 2.6 3.7 3.7 3.7 3.7
-9999 -9999 -9999 -9999 0 0 0 0 0 0.2 0.2 0.2 0.2 0 0 0.2 0.2 0.2 0.2 0.2 0.2 0.2 4 4 4 4 4 0 0 0 0 0 0 0 0 0 2 2 2 2 2 2 0 0 0 0 0 0 0 1.2000000000000002 1.2000000000000002 1.2000000000000002 1.2000000000000002 1.2000000000000002 0 0 0 0 0 0 0.2 0.2 2.8000000000000003 0.8 0.8 0.8 0.2 0.2 0.2 2.6 2.6 2.6 2.6 2.6 2.6 3.7 3.7
-9999 -9999 -9999 -9999 0 0 0 0 0.2 0.2 0.2 0.2 0.2 0.2 0.2 0.2 0.2 0.2 0.2 0.2 0.2 0.2 0.2 0.2 0.2 0.2 0.2 0 0 0 0 0 0 0 0 0 0 0 0 0 0 0 0 0 0 0 0 0 0 1.2000000000000002 1.2000000000000002 1.2000000000000002 1.2000000000000002 1.2000000000000002 0 0 0 0 0 0 0 13.200000000000001 13.200000000000001 2.8000000000000003 2.8000000000000003 0.8 0.8 0.2 0.2 2.6 2.6 2.6 2.6 2.6 2.6 1.4000000000000001 1.4000000000000001
-9999 -9999 -9999 -9999 -9999 0 0 0 0 0.2 0.2 0.2 0.2 0.2 0.2 0.2 0.2 0.2 0.2 0.2 0.2 0.2 0.2 0.2 0.2 0.2 0.2 0 0 0 0 0 0 0 0 0 0 0 0 0 0 0 0 3.2 3.2 3.2 3.2 3.2 3.2 1.2000000000000002 1.2000000000000002 1.2000000000000002 1.2000000000000002 1.2000000000000002 1.2000000000000002 0 0 0 0 0 0 13.200000000000001 13.200000000000001 13.200000000000001 2.8000000000000003 2.8000000000000003 0.8 0.8 2.6 2.6 2.6 2.6 2.6 2.6 2.6 1.4000000000000001 1.4000000000000001
-9999 -9999 -9999 -9999 -9999 0 0 0 5.300000000000001 5.300000000000001 0.2 0.2 0.2 0.2 0.2 0.2 0.2 0.2 0.2 0.2 0.2 0.2 0.2 0.2 0.2 0.2 0.2 0.2 0.2 0.2 0 0 0 0 0 0 0 0 0 0 0 0 3.2 3.2 3.2 3.2 3.2 3.2 3.2 3.2 1.2000000000000002 1.2000000000000002 1.2000000000000002 1.2000000000000002 1.2000000000000002 0 0 0 0 0 13.200000000000001 13.200000000000001 13.200000000000001 13.200000000000001 2.8000000000000003 2.8000000000000003 2.8000000000000003 0.8 2.6 2.6 2.6 2.6 2.6 2.6 1.4000000000000001 1.4000000000000001 1.4000000000000001
-9999 -9999 -9999 -9999 0 0 5.300000000000001 5.300000000000001 5.300000000000001 5.300000000000001 5.300000000000001 0.2 0.2 0.2 0.2 0.2 0.2 0.2 0.2 0.2 0.2 0.2 0.2 0.2 0.2 0.2 0.2 0.2 0.2 0.2 0 0 0 0 0 0 0 0 0 0 0 3.2 3.2 3.2 3.2 3.2 3.2 3.2 3.2 3.2 0.1 0.1 1.2000000000000002 1.2000000000000002 0 0 0 0 0 0 13.200000000000001 13.200000000000001 13.200000000000001 13.200000000000001 13.200000000000001 13.200000000000001 2.8000000000000003 2.1 2.1 2.1 2.1 2.1 2.6 2.6 1.4000000000000001 1.4000000000000001 1.4000000000000001
-9999 -9999 -9999 -9999 -9999 5.300000000000001 5.300000000000001 5.300000000000001 5.300000000000001 5.300000000000001 5.300000000000001 0.2 0.2 0.2 0.2 0.2 0.2 0.2 0.2 0.2 0.2 0.2 0.2 0.2 0.2 0.2 0.2 0.2 0.2 0.2 0 0 0 0 0 0 0 0 0 0 3.2 3.2 3.2 3.2 3.2 3.2 3.2 3.2 3.2 3.2 0.1 0.1 0.1 1.2000000000000002 0 0 0 0 0 0 13.200000000000001 13.200000000000001 13.200000000000001 13.200000000000001 13.200000000000001 13.200000000000001 6.1000000000000005 6.1000000000000005 2.1 2.1 2.1 2.1 2.1 2.6 2.6 1.4000000000000001 1.4000000000000001
-9999 -9999 -9999 -9999 -9999 5.300000000000001 5.300000000000001 5.300000000000001 5.300000000000001 5.300000000000001 5.300000000000001 5.300000000000001 0.2 0.2 0.2 0.2 0.2 0.2 0.2 0.2 0.2 0.2 0.2 0.2 0.2 0.2 0.2 0.2 0.2 0.2 0 0 0 0 0 0 0 0 0 3.2 3.2 3.2 3.2 3.2 3.2 3.2 11.200000000000001 11.200000000000001 3.2 0.1 0.1 0.1 0.1 0.1 0 0 0 0 0 13.200000000000001 13.200000000000001 13.200000000000001 13.200000000000001 13.200000000000001 13.200000000000001 13.200000000000001 6.1000000000000005 6.1000000000000005 6.1000000000000005 1.5 1.5 1.5 2.1 2.1 2.1 1.4000000000000001 1.4000000000000001
-9999 -9999 -9999 -9999 -9999 -9999 5.300000000000001 5.300000000000001 5.300000000000001 5.300000000000001 5.300000000000001 5.300000000000001 5.300000000000001 0.2 0.2 0.2 0.2 0.2 0.2 0.2 0.2 0.2 0.2 0.2 0.2 0.2 0.2 0.2 0.2 0.2 0.2 0.2 0 0 0 0 0 3.2 3.2 3.2 3.2 3.2 3.2 3.2 3.2 3.2 11.200000000000001 11.200000000000001 0.1 0.1 0.1 0.1 0.1 10.9 10.9 0 0 0 0 13.200000000000001 13.200000000000001 13.200000000000001 13.200000000000001 13.200000000000001 13.200000000000001 6.1000000000000005 6.1000000000000005 6.1000000000000005 6.1000000000000005 6.1000000000000005 6.1000000000000005 1.5 1.5 2.1 2.1 2.1 1.4000000000000001
-9999 -9999 -9999 -9999 -9999 9.3 -9999 5.300000000000001 5.300000000000001 5.300000000000001 5.300000000000001 5.300000000000001 5.300000000000001 5.300000000000001 0.2 0.2 0.2 0.2 0.2 0.2 0.2 0.2 0.2 0.2 0.2 0.2 0.2 0.2 0.2 0.2 0.2 0.2 0.2 0 0 0 9.8 3.2 3.2 3.2 3.2 3.2 3.2 3.2 3.2 11.200000000000001 11.200000000000001 0.1 0.1 0.1 0.1 0.1 10.9 10.9 10.9 10.9 10.9 0 13.200000000000001 13.200000000000001 13.200000000000001 13.200000000000001 13.200000000000001 13.200000000000001 6.1000000000000005 6.1000000000000005 6.1000000000000005 6.1000000000000005 6.1000000000000005 6.1000000000000005 6.1000000000000005 1.5 1.5 1.5 1.5 1.4000000000000001 1.5
-9999 -9999 -9999 -9999 10 9.3 -9999 5.300000000000001 5.300000000000001 5.300000000000001 5.300000000000001 0.2 0.2 0.2 5.300000000000001 0.2 0.2 0.2 0.2 0.2 0.2 0.2 0.2 0.2 0.2 0.2 0.2 0.2 0.2 0.2 0.2 0.2 0.2 0.2 0.2 10.200000000000001 9.8 9.8 3.2 3.2 3.2 3.2 3.2 3.2 3.2 11.200000000000001 11.200000000000001 0.1 0.1 0.1 10.9 10.9 10.9 10.9 10.9 10.9 10.9 10.9 13.200000000000001 13.200000000000001 13.200000000000001 13.200000000000001 13.200000000000001 13.200000000000001 6.1000000000000005 6.1000000000000005 6.1000000000000005 6.1000000000000005 6.1000000000000005 6.1000000000000005 6.1000000000000005 1.5 1.5 1.5 1.5 1.5 1.5
-9999 -9999 -9999 -9999 -9999 10 10 -9999 5.300000000000001 5.300000000000001 5.300000000000001 0.2 0.2 5.300000000000001 5.300000000000001 0.2 0.2 0.2 0.2 0.2 0.2 0.2 0.2 0.2 0.2 0.2 0.2 0.2 0.2 0.2 0.2 0.2 0.2 0.2 10.200000000000001 10.200000000000001 9.8 9.8 3.2 3.2 3.2 3.2 3.2 3.2 11.200000000000001 11.200000000000001 0.1 0.1 0.1 10.9 10.9 10.9 10.9 10.9 10.9 10.9 10.9 2.8000000000000003 10.9 10.9 13.200000000000001 13.200000000000001 13.200000000000001 6.1000000000000005 6.1000000000000005 6.1000000000000005 6.1000000000000005 6.1000000000000005 6.1000000000000005 6.1000000000000005 1.5 1.5 1.5 1.5 1.5 1.5 1.5
-9999 -9999 -9999 -9999 10 10 10 11.600000000000001 5.300000000000001 5.300000000000001 0.2 0.2 0.2 5.300000000000001 5.300000000000001 0.2 0.2 0.2 0.2 0.2 0.2 0.2 0.2 0.2 0.2 0.2 0.2 0.2 0.2 0.2 0.2 0.2 0.2 10.200000000000001 10.200000000000001 10.200000000000001 10.200000000000001 9.8 9.8 9.8 3.2 9.8 3.2 9.8 11.200000000000001 0.1 0.1 0.1 4.7 10.9 10.9 10.9 10.9 10.9 10.9 10.9 10.9 2.8000000000000003 2.8000000000000003 2.8000000000000003 10.9 10.9 13.200000000000001 6.1000000000000005 6.1000000000000005 6.1000000000000005 6.1000000000000005 6.1000000000000005 6.1000000000000005 1.5 1.5 1.5 1.5 1.5 1.5 1.5 1.5
-9999 -9999 -9999 -9999 -9999 10 10 11.600000000000001 -9999 0.2 0.2 0.2 0.2 5.300000000000001 0.2 0.2 0.2 0.2 0.2 0.2 0.2 0.2 0.2 0.2 0.2 0.2 0.2 0.2 0.2 0.2 0.2 0.2 10.200000000000001 10.200000000000001 10.200000000000001 10.200000000000001 10.200000000000001 10.200000000000001 9.8 9.8 9.8 9.8 9.8 9.8 9.8 0.1 0.1 4.7 4.7 4.7 10.9 10.9 10.9 10.9 10.9 10.9 2.8000000000000003 2.8000000000000003 2.8000000000000003 2.8000000000000003 2.8000000000000003 2.8000000000000003 2.8000000000000003 2.8000000000000003 10.9 6.1000000000000005 6.1000000000000005 6.1000000000000005 1.5 1.5 1.5 1.5 1.5 1.5 1.5 1.5 1.5
-9999 -9999 -9999 -9999 -9999 -9999 11.600000000000001 11.600000000000001 11.600000000000001 -9999 0.2 0.2 0.2 0.2 0.2 0.2 0.2 0.2 0.2 0.2 0.2 0.2 0.2 0.2 0.2 0.2 0.2 0.2 0.2 0.2 0.2 10.700000000000001 10.200000000000001 10.200000000000001 10.200000000000001 10.200000000000001 10.200000000000001 10.200000000000001 9.8 9.8 9.8 9.8 9.8 9.8 0.1 0.1 0.1 4.7 4.7 4.7 4.7 10.9 2.8000000000000003 2.8000000000000003 10.9 2.8000000000000003 2.8000000000000003 2.8000000000000003 2.8000000000000003 2.8000000000000003 2.8000000000000003 2.8000000000000003 2.8000000000000003 2.8000000000000003 2.8000000000000003 10.9 10.9 6.1000000000000005 6.1000000000000005 6.1000000000000005 1.5 1.5 1.5 1.5 1.5 1.5 1.5
-9999 -9999 -9999 -9999 -9999 -9999 -9999 11.600000000000001 11.600000000000001 11.600000000000001 0.2 0.2 0.2 0.2 0.2 0.2 0.2 0.2 0.2 0.2 0.2 0.2 0.2 0.2 0.2 0.2 0.2 0.2 0.2 10.700000000000001 10.700000000000001 10.700000000000001 10.700000000000001 10.200000000000001 10.200000000000001 10.200000000000001 10.200000000000001 10.200000000000001 1.2000000000000002 1.2000000000000002 9.8 9.8 9.8 0.1 0.1 0.1 0.1 0.1 0.1 4.7 4.7 4.7 4.7 2.8000000000000003 2.8000000000000003 2.8000000000000003 2.8000000000000003 2.8000000000000003 2.8000000000000003 2.8000000000000003 2.8000000000000003 2.8000000000000003 2.8000000000000003 2.8000000000000003 2.8000000000000003 10.9 10.9 10.9 10.9 6.1000000000000005 6.1000000000000005 6.1000000000000005 1.5 1.5 1.5 1.5 1.5
-9999 -9999 -9999 -9999 -9999 -9999 -9999 -9999 11.600000000000001 11.600000000000001 -9999 0.2 0.2 0.2 0.2 0.2 0.2 0.2 0.2 0.2 0.2 0.2 0.2 0.2 0.2 0.2 0.2 0.2 10.700000000000001 10.700000000000001 10.700000000000001 10.700000000000001 10.700000000000001 10.700000000000001 10.200000000000001 10.200000000000001 10.200000000000001 1.2000000000000002 1.2000000000000002 1.2000000000000002 1.2000000000000002 1.2000000000000002 9.8 0.1 0.1 0.1 0.1 0.1 0.1 0.1 4.7 4.7 4.7 4.7 4.7 2.9000000000000004 2.8000000000000003 2.8000000000000003 2.8000000000000003 2.8000000000000003 2.8000000000000003 2.8000000000000003 2.8000000000000003 2.8000000000000003 2.8000000000000003 10.9 10.9 2.8000000000000003 10.9 2.8000000000000003 7.9 7.9 1.5 1.5 1.5 1.5 1.5
-9999 -9999 -9999 -9999 -9999 -9999 -9999 -9999 -9999 -9999 1.4000000000000001 -9999 0.2 0.2 0.2 0.2 0.2 0.2 0.2 0.2 0.2 0.2 0.2 0.2 0.2 0.2 0.2 0 10.700000000000001 10.700000000000001 10.700000000000001 10.700000000000001 18.7 18.7 10.200000000000001 10.200000000000001 10.200000000000001 10.200000000000001 9.8 9.8 1.2000000000000002 9.8 0.1 0.1 0.1 0.1 0.1 0.1 0.1 0.1 0.1 4.7 4.7 4.7 4.7 2.9000000000000004 2.9000000000000004 2.9000000000000004 2.9000000000000004 2.8000000000000003 2.8000000000000003 2.8000000000000003 2.8000000000000003 2.8000000000000003 2.8000000000000003 10.9 2.8000000000000003 2.8000000000000003 2.8000000000000003 2.8000000000000003 7.9 7.9 7.9 7.9 7.9 1.5 1.5
-9999 -9999 -9999 -9999 -9999 -9999 -9999 -9999 -9999 -9999 1.4000000000000001 1.4000000000000001 -9999 0.2 0.2 0.2 0.2 0.2 0.2 0.2 0.2 0.2 0.2 0.2 0.2 0.2 0 0 0 0 10.700000000000001 18.7 18.7 18.7 18.7 10.200000000000001 9.8 9.8 9.8 9.8 9.8 10.9 0.1 0.1 0.1 0.1 0.1 0.1 0.1 0.1 0.1 0.1 4.7 4.7 2.9000000000000004 2.9000000000000004 2.9000000000000004 2.9000000000000004 2.9000000000000004 2.9000000000000004 2.9000000000000004 2.9000000000000004 2.8000000000000003 2.8000000000000003 2.8000000000000003 2.8000000000000003 2.8000000000000003 2.8000000000000003 2.8000000000000003 7.9 7.9 7.9 7.9 7.9 7.9 7.9 7.9
-9999 -9999 -9999 -9999 -9999 -9999 -9999 -9999 -9999 -9999 -9999 -9999 -9999 -9999 0.2 0.2 0.2 0.2 0.2 0.2 0.2 0.2 0.2 0.2 0.2 0 0 0 0 0 18.7 18.7 18.7 18.7 18.7 9.8 9.8 9.8 9.8 9.8 9.8 10.9 10.9 0.1 0.1 0.1 0.1 0.1 0.1 0.1 0.1 0.1 0.1 2.9000000000000004 2.9000000000000004 2.9000000000000004 2.9000000000000004 2.9000000000000004 2.9000000000000004 2.9000000000000004 2.9000000000000004 2.9000000000000004 2.9000000000000004 1.9000000000000001 1.9000000000000001 2.8000000000000003 2.8000000000000003 2.8000000000000003 2.8000000000000003 7.9 7.9 7.9 7.9 7.9 7.9 7.9 7.9
-9999 -9999 -9999 -9999 -9999 -9999 -9999 -9999 -9999 -9999 -9999 -9999 -9999 -9999 -9999 -9999 0.2 0.2 0.2 0.2 0.2 0.2 0.2 0.2 0 0 0 0 0 0 0 18.7 18.7 18.7 9.8 9.8 9.8 9.8 9.8 9.8 10.9 10.9 10.9 10.9 10.9 10.9 0.1 0.1 0.1 0.1 0.1 0.1 0.1 0 2.9000000000000004 0 2.9000000000000004 2.9000000000000004 2.9000000000000004 2.9000000000000004 2.9000000000000004 2.9000000000000004 2.9000000000000004 1.9000000000000001 1.9000000000000001 1.9000000000000001 1.9000000000000001 2.8000000000000003 7.9 7.9 7.9 7.9 7.9 7.9 7.9 7.9 7.9
-9999 -9999 -9999 -9999 -9999 -9999 -9999 -9999 -9999 -9999 -9999 -9999 -9999 -9999 -9999 -9999 -9999 -9999 -9999 0.2 0.2 0.2 0.2 13.200000000000001 13.200000000000001 0 0 0 0 0 0 18.7 18.7 9.8 9.8 9.8 9.8 9.8 9.8 1 1 10.9 10.9 10.9 10.9 10.9 10.9 10.9 0.1 0.1 0.1 0.1 0 0 0 0 0 0 2.9000000000000004 2.9000000000000004 2.9000000000000004 2.9000000000000004 2.9000000000000004 2.9000000000000004 1.9000000000000001 1.9000000000000001 1.9000000000000001 1.9000000000000001 7.9 7.9 7.9 7.9 7.9 7.9 7.9 7.9 7.9
-9999 -9999 -9999 -9999 -9999 -9999 -9999 -9999 -9999 -9999 -9999 -9999 -9999 -9999 -9999 -9999 -9999 -9999 0.2 0.2 -9999 -9999 13.200000000000001 13.200000000000001 13.200000000000001 -9999 -9999 6.300000000000001 6.300000000000001 6.300000000000001 6.300000000000001 6.300000000000001 9.8 9.8 9.8 6.300000000000001 6.300000000000001 9.8 1 1 1 1 10.9 10.9 10.9 10.9 10.9 10.9 10.9 0.1 0.1 0.1 0 0 0 0 0 0 0 0 2.9000000000000004 2.9000000000000004 2.9000000000000004 1.9000000000000001 1.9000000000000001 1.9000000000000001 1.9000000000000001 19.8 19.8 7.9 7.9 7.9 7.9 7.9 7.9 7.9 13.5
-9999 -9999 -9999 -9999 -9999 -9999 -9999 -9999 -9999 -9999 -9999 -9999 -9999 -9999 -9999 -9999 -9999 -9999 -9999 -9999 13.200000000000001 13.200000000000001 13.200000000000001 -9999 -9999 6.300000000000001 6.300000000000001 6.300000000000001 6.300000000000001 6.300000000000001 6.300000000000001 6.300000000000001 9.8 9.8 9.8 6.300000000000001 6.300000000000001 6.300000000000001 1 1 1 1 1 10.9 10.9 10.9 10.9 10.9 10.9 10.9 0.1 0.1 0.1 0 0 0 0 0 0 0 1.9000000000000001 1.9000000000000001 1.9000000000000001 1.9000000000000001 1.9000000000000001 1.9000000000000001 1.9000000000000001 19.8 19.8 19.8 7.9 7.9 7.9 7.9 7.9 13.5 15.100000000000001
-9999 -9999 -9999 -9999 -9999 -9999 -9999 -9999 -9999 -9999 -9999 -9999 -9999 -9999 -9999 -9999 -9999 -9999 -9999 -9999 -9999 13.200000000000001 13.200000000000001 13.200000000000001 -9999 -9999 -9999 -9999 6.300000000000001 6.300000000000001 6.300000000000001 6.300000000000001 6.300000000000001 -9999 -9999 6.300000000000001 6.300000000000001 1 1 1 1 1 1 1 10.9 10.9 10.9 10.9 10.9 10.9 10.9 0.1 0.1 1.9000000000000001 0 0 0 0 0 1.9000000000000001 1.9000000000000001 1.9000000000000001 1.9000000000000001 1.9000000000000001 1.9000000000000001 13.5 19.8 19.8 19.8 19.8 19.8 19.8 7.9 7.9 7.9 15.100000000000001 15.100000000000001
-9999 -9999 -9999 -9999 -9999 -9999 -9999 -9999 -9999 -9999 -9999 -9999 -9999 -9999 -9999 -9999 -9999 -9999 -9999 -9999 -9999 -9999 -9999 -9999 -9999 -9999 -9999 -9999 -9999 -9999 6.300000000000001 6.300000000000001 6.300000000000001 -9999 6.300000000000001 6.300000000000001 1 1 1 1 1 1 1 10.9 10.9 3.1 3.1 10.9 10.9 10.9 10.9 1.9000000000000001 1.9000000000000001 1.9000000000000001 1.9000000000000001 1.9000000000000001 1.9000000000000001 0 1.9000000000000001 1.9000000000000001 1.9000000000000001 1.9000000000000001 1.9000000000000001 1.9000000000000001 1.9000000000000001 13.5 13.5 19.8 19.8 19.8 19.8 19.8 19.8 7.9 15.100000000000001 15.100000000000001 15.100000000000001
-9999 -9999 -9999 -9999 -9999 -9999 -9999 -9999 -9999 -9999 -9999 -9999 -9999 -9999 -9999 -9999 -9999 -9999 -9999 -9999 -9999 -9999 -9999 -9999 -9999 -9999 -9999 -9999 -9999 -9999 -9999 -9999 -9999 6.300000000000001 6.300000000000001 6.300000000000001 0.4 0.4 0.4 1 1 1 10.9 10.9 10.9 3.1 3.1 3.1 3.1 3.1 3.1 1.9000000000000001 1.9000000000000001 1.9000000000000001 1.9000000000000001 1.9000000000000001 1.9000000000000001 1.9000000000000001 1.9000000000000001 1.9000000000000001 1.9000000000000001 1.9000000000000001 1.9000000000000001 1.9000000000000001 13.5 13.5 13.5 13.5 13.5 19.8 19.8 19.8 19.8 13.5 15.100000000000001 15.100000000000001 2.1
-9999 -9999 -9999 -9999 -9999 -9999 -9999 -9999 -9999 -9999 -9999 -9999 -9999 -9999 -9999 -9999 -9999 -9999 -9999 -9999 -9999 -9999 -9999 -9999 -9999 -9999 -9999 -9999 -9999 -9999 -9999 -9999 8 8 -9999 -9999 0.4 0.4 0.4 0.4 0.4 1 10.9 10.9 10.9 3.1 3.1 3.1 3.1 3.1 3.1 3.1 1.9000000000000001 1.9000000000000001 1.9000000000000001 1.9000000000000001 1.9000000000000001 1.9000000000000001 1.9000000000000001 1.9000000000000001 1.9000000000000001 1.9000000000000001 1.9000000000000001 1.9000000000000001 1 13.5 13.5 13.5 13.5 13.5 13.5 19.8 13.5 15.100000000000001 15.100000000000001 15.100000000000001 2.1
-9999 -9999 -9999 -9999 -9999 -9999 -9999 -9999 -9999 -9999 -9999 -9999 -9999 -9999 -9999 -9999 -9999 -9999 -9999 -9999 -9999 -9999 -9999 -9999 -9999 -9999 -9999 -9999 -9999 -9999 -9999 -9999 7.800000000000001 7.800000000000001 9 19 8 -9999 -9999 0.4 0.4 0.4 0.4 0.4 0.4 3.1 3.1 3.1 3.1 3.1 3.1 3.1 3.1 1.9000000000000001 1.9000000000000001 1.9000000000000001 1.9000000000000001 1.9000000000000001 1.9000000000000001 1.9000000000000001 1.9000000000000001 1.9000000000000001 1.9000000000000001 1 13.5 13.5 13.5 13.5 13.5 13.5 13.5 13.5 15.100000000000001 15.100000000000001 15.100000000000001 15.100000000000001 15.100000000000001
-9999 -9999 -9999 -9999 -9999 -9999 -9999 -9999 -9999 -9999 -9999 -9999 -9999 -9999 -9999 -9999 -9999 -9999 -9999 -9999 -9999 -9999 -9999 -9999 -9999 -9999 -9999 -9999 -9999 -9999 -9999 -9999 7.800000000000001 7.800000000000001 9 0 1 2 0 0 -9999 -9999 0.4 0.4 0.4 0.4 3.1 3.1 3.1 3.1 3.1 3.1 1.9000000000000001 1.9000000000000001 1.9000000000000001 1.9000000000000001 1.9000000000000001 1.9000000000000001 1.9000000000000001 1.9000000000000001 1.9000000000000001 1.9000000000000001 1 1 1 1 1 1 13.5 13.5 13.5 15.100000000000001 15.100000000000001 15.100000000000001 15.100000000000001 15.100000000000001 15.100000000000001
-9999 -9999 -9999 -9999 -9999 -9999 -9999 -9999 -9999 -9999 -9999 -9999 -9999 -9999 -9999 -9999 -9999 -9999 -9999 -9999 -9999 -9999 -9999 -9999 -9999 -9999 -9999 -9999 -9999 -9999 -9999 -9999 -9999 0 18 6 11 0 0 17 -9999 0.4 0.4 -9999 -9999 3.1 3.1 3.1 3.1 3.1 3.1 3.1 1.9000000000000001 1.9000000000000001 1.9000000000000001 1.9000000000000001 1.9000000000000001 1.9000000000000001 1.9000000000000001 1.9000000000000001 1.9000000000000001 1 1 1 1 1 1 1 1 1 13.5 18.900000000000002 15.100000000000001 15.100000000000001 15.100000000000001 15.100000000000001 15.100000000000001
-9999 -9999 -9999 -9999 -9999 -9999 -9999 -9999 -9999 -9999 -9999 -9999 -9999 -9999 -9999 -9999 -9999 -9999 -9999 -9999 -9999 -9999 -9999 -9999 -9999 -9999 -9999 -9999 -9999 -9999 -9999 -9999 -9999 0 -9999 18 25 9 19 -9999 -9999 -9999 -9999 0.4 0.4 0.4 0.4 -9999 3.1 3.1 3.1 1.9000000000000001 1.9000000000000001 1.9000000000000001 1.9000000000000001 1.9000000000000001 1.9000000000000001 1.9000000000000001 1.9000000000000001 1 1 1 1 0 1 1 1 1 1 1 18.900000000000002 18.900000000000002 18.900000000000002 15.100000000000001 15.100000000000001 15.100000000000001 15.100000000000001
-9999 -9999 -9999 -9999 -9999 -9999 -9999 -9999 -9999 -9999 -9999 -9999 -9999 -9999 -9999 -9999 -9999 -9999 -9999 -9999 -9999 -9999 -9999 -9999 -9999 -9999 -9999 -9999 -9999 -9999 -9999 -9999 -9999 -9999 -9999 -9999 -9999 18 16 -9999 -9999 -9999 -9999 -9999 -9999 0.4 0.4 0.4 0.4 -9999 -9999 1.9000000000000001 1.9000000000000001 1.9000000000000001 1.9000000000000001 1.9000000000000001 1.9000000000000001 1.9000000000000001 1.9000000000000001 1.9000000000000001 1 1 1 0 0 1 1 1 1 18.900000000000002 18.900000000000002 18.900000000000002 18.900000000000002 18.900000000000002 18.900000000000002 15.100000000000001 15.100000000000001
-9999 -9999 -9999 -9999 -9999 -9999 -9999 -9999 -9999 -9999 -9999 -9999 -9999 -9999 -9999 -9999 -9999 -9999 -9999 -9999 -9999 -9999 -9999 -9999 -9999 -9999 -9999 -9999 -9999 -9999 -9999 -9999 -9999 -9999 -9999 -9999 -9999 -9999 -9999 -9999 -9999 -9999 -9999 -9999 -9999 0.4 0.4 0.4 0.4 13.600000000000001 13.600000000000001 13.600000000000001 -9999 -9999 1.9000000000000001 1.9000000000000001 1.9000000000000001 1.9000000000000001 1.9000000000000001 1.9000000000000001 1.9000000000000001 1 0 0 0 0 0 0 18.900000000000002 18.900000000000002 18.900000000000002 18.900000000000002 18.900000000000002 18.900000000000002 15.100000000000001 15.100000000000001 15.100000000000001
