04_184A001/muulp.asc
ncols 378
nrows 390
xllcorner 613424
yllcorner 6870896
cellsize 16
nodata_value -9999
[rows 102 to 135 of 390, columns 0 to 76 of 378]
-9999 2 2 2 2 2 2 2 2 21.400000000000002 21.400000000000002 21.400000000000002 21.400000000000002 9.1 9.1 9.1 0.7000000000000001 0.7000000000000001 0.7000000000000001 0.7000000000000001 0.7000000000000001 0.7000000000000001 0.7000000000000001 0.7000000000000001 0.7000000000000001 -9999 -9999 0.6000000000000001 10.5 10.5 10.5 10.5 10.5 9.4 9.4 -9999 3 3 3 3 3.2 3.2 3.2 3.2 3.2 3.2 3.3000000000000003 3.3000000000000003 3.3000000000000003 3.3000000000000003 3.3000000000000003 1.2000000000000002 1.2000000000000002 11.700000000000001 11.700000000000001 11.700000000000001 11.700000000000001 11.700000000000001 11.700000000000001 1.2000000000000002 1.2000000000000002 1.2000000000000002 -9999 -9999 -9999 -9999 -9999 -9999 -9999 -9999 -9999 -9999 -9999 -9999 -9999 -9999 -9999
-9999 2 2 2 2 2 2 2 2 2 2 21.400000000000002 21.400000000000002 9.1 9.1 0.7000000000000001 0.7000000000000001 0.7000000000000001 0.7000000000000001 0.7000000000000001 0.7000000000000001 0.7000000000000001 0.7000000000000001 0.7000000000000001 0.7000000000000001 0.7000000000000001 0.7000000000000001 -9999 -9999 10.5 10.5 6 10.5 10.5 10.5 -9999 3 3 3 3 3.2 3.2 3.2 3.2 3.2 3.2 3.3000000000000003 3.3000000000000003 3.3000000000000003 3.3000000000000003 3.3000000000000003 1.2000000000000002 1.2000000000000002 1.2000000000000002 11.700000000000001 11.700000000000001 11.700000000000001 11.700000000000001 1.2000000000000002 1.2000000000000002 1.2000000000000002 1.2000000000000002 1.2000000000000002 1.2000000000000002 1.2000000000000002 -9999 -9999 -9999 -9999 -9999 -9999 -9999 -9999 -9999 -9999 -9999 -9999
-9999 6.9 6.9 6.9 6.9 6.9 6.9 6.9 2 2 2 2 2 2 9.1 0.7000000000000001 0.7000000000000001 0.7000000000000001 0.7000000000000001 0.7000000000000001 0.7000000000000001 0.7000000000000001 0.7000000000000001 0.7000000000000001 0.7000000000000001 0.7000000000000001 0.7000000000000001 0.7000000000000001 10.5 10.5 -9999 -9999 -9999 -9999 -9999 -9999 1.7000000000000002 3 3 3 3 3 3.2 3.2 4.4 3.2 3.4000000000000004 3.3000000000000003 3.3000000000000003 3.3000000000000003 3.3000000000000003 3.3000000000000003 1.2000000000000002 11.700000000000001 11.700000000000001 1.2000000000000002 1.2000000000000002 1.2000000000000002 1.2000000000000002 1.2000000000000002 1.2000000000000002 1.2000000000000002 1.2000000000000002 1.2000000000000002 -9999 -9999 -9999 -9999 -9999 -9999 -9999 -9999 -9999 -9999 -9999 -9999 -9999
-9999 6.9 6.9 2.9000000000000004 6.9 6.9 6.9 6.9 2 2 2 2 2 2 2 2 0.7000000000000001 0.7000000000000001 0.7000000000000001 0.7000000000000001 0.7000000000000001 0.7000000000000001 0.7000000000000001 0.7000000000000001 0.7000000000000001 0.7000000000000001 0.7000000000000001 0.7000000000000001 10.5 10.5 10.5 -9999 10.5 10.5 10.5 -9999 1.7000000000000002 1.7000000000000002 1.7000000000000002 3 3 4.4 4.4 3.2 4.4 4.4 3.4000000000000004 3.4000000000000004 3.4000000000000004 3.4000000000000004 3.3000000000000003 1.2000000000000002 1.2000000000000002 1.2000000000000002 1.2000000000000002 1.2000000000000002 1.1 1.1 1.1 1.1 1.1 1.2000000000000002 1.2000000000000002 1.2000000000000002 -9999 -9999 -9999 -9999 -9999 -9999 -9999 -9999 -9999 -9999 -9999 -9999 -9999
-9999 6.9 6.9 2.9000000000000004 2.9000000000000004 1.1 1.1 6.9 6.9 6.9 6.9 6.9 3 3 2 2 2 2 0.7000000000000001 0.7000000000000001 0.7000000000000001 0.7000000000000001 0.7000000000000001 0.7000000000000001 0.7000000000000001 0.7000000000000001 0.7000000000000001 0.7000000000000001 10.5 10.5 10.5 -9999 10.5 10.5 -9999 1.7000000000000002 1.7000000000000002 1.7000000000000002 1.7000000000000002 1.7000000000000002 2.1 4.4 4.4 4.4 4.4 4.4 3.4000000000000004 3.4000000000000004 3.4000000000000004 3.4000000000000004 3.4000000000000004 1.2000000000000002 1.2000000000000002 1.2000000000000002 1.2000000000000002 1.1 1.1 1.1 1.1 1.1 1.1 1.1 1.1 1.2000000000000002 1.2000000000000002 -9999 -9999 -9999 -9999 -9999 -9999 -9999 -9999 -9999 -9999 -9999 -9999
-9999 -9999 -9999 -9999 2.9000000000000004 1.1 1.1 1.1 1.1 6.9 6.9 6.9 1.1 1.1 3 3 3 2 2 2 0.7000000000000001 0.7000000000000001 0.7000000000000001 0.7000000000000001 0.7000000000000001 0.7000000000000001 0.7000000000000001 0.7000000000000001 10.5 10.5 10.5 -9999 10.5 10.5 -9999 1.7000000000000002 1.7000000000000002 1.7000000000000002 1.7000000000000002 1.7000000000000002 1.7000000000000002 2.1 2.1 4.4 4.4 4.4 3.4000000000000004 3.4000000000000004 3.4000000000000004 3.4000000000000004 3.4000000000000004 3.4000000000000004 1.2000000000000002 1.2000000000000002 1.2000000000000002 1.2000000000000002 1.1 0 0 0 1.1 1.1 1.1 1.1 1.2000000000000002 1.2000000000000002 1.2000000000000002 1.2000000000000002 -9999 -9999 -9999 -9999 -9999 -9999 -9999 -9999 -9999
-9999 -9999 -9999 -9999 2.9000000000000004 1.1 1.1 1.1 1.1 1.1 6.9 6.9 1.1 1.1 1.1 3 3 3 2 2 3 3 3 0.7000000000000001 0.7000000000000001 0.7000000000000001 0.7000000000000001 0.7000000000000001 10.5 10.5 16 -9999 10.5 10.5 -9999 1.7000000000000002 1.7000000000000002 1.7000000000000002 1.7000000000000002 1.7000000000000002 1.7000000000000002 1.7000000000000002 2.1 2.1 2.1 4.4 3.4000000000000004 3.4000000000000004 3.4000000000000004 3.4000000000000004 3.4000000000000004 3.4000000000000004 3.4000000000000004 1.2000000000000002 1.2000000000000002 1.2000000000000002 1.2000000000000002 1.2000000000000002 0 0 0 1.1 1.1 1.1 1.1 1.2000000000000002 1.2000000000000002 1.2000000000000002 -9999 -9999 -9999 -9999 -9999 -9999 -9999 -9999 -9999
-9999 -9999 2.9000000000000004 2.9000000000000004 2.9000000000000004 1.1 1.1 1.1 1.1 1.1 1.1 1.1 1.1 1.1 1.1 1.1 3 3 3 3 3 3 3 1.1 1.1 0.7000000000000001 0.7000000000000001 0.7000000000000001 10.5 10.5 13 10.5 10.5 -9999 -9999 -9999 26 1.7000000000000002 1.7000000000000002 1.7000000000000002 1.7000000000000002 1.7000000000000002 2.1 2.1 2.1 2.1 2.1 3.4000000000000004 3.4000000000000004 3.4000000000000004 3.4000000000000004 3.4000000000000004 3.4000000000000004 3.4000000000000004 1.2000000000000002 1.2000000000000002 1.2000000000000002 1.2000000000000002 1.2000000000000002 1.2000000000000002 0 0 1.1 1.1 1.1 1.1 1.1 1.2000000000000002 1.2000000000000002 -9999 -9999 -9999 -9999 -9999 -9999 -9999 -9999
-9999 1.7000000000000002 1.7000000000000002 2.9000000000000004 2.9000000000000004 1.1 1.1 1.1 1.1 1.1 1.1 1.1 1.1 1.1 1.1 1.1 3 3 3 3 3 3 3 1.1 1.1 1.1 1.1 0.7000000000000001 10.5 10.5 0 10.5 10.5 -9999 -9999 -9999 1.7000000000000002 1.7000000000000002 1.7000000000000002 1.7000000000000002 1.7000000000000002 1.7000000000000002 2.1 2.1 2.1 2.1 2.1 2.1 3.4000000000000004 3.4000000000000004 3.4000000000000004 3.4000000000000004 3.4000000000000004 3.4000000000000004 9 1.2000000000000002 1.2000000000000002 1.2000000000000002 1.2000000000000002 1.2000000000000002 1.2000000000000002 0 0 0 1.1 1.1 1.1 1.1 1.1 1.1 1.1 -9999 -9999 -9999 -9999 -9999 -9999
-9999 1.7000000000000002 1.7000000000000002 2.9000000000000004 2.9000000000000004 2.9000000000000004 1.1 1.1 1.1 1.1 1.1 1.1 1.1 1.1 1.1 1.1 1.1 1.1 1.1 1.1 3 3 3 1.1 1.1 1.1 1.1 1.1 13.100000000000001 10.5 9 10.5 10.5 -9999 -9999 -9999 1.7000000000000002 1.7000000000000002 1.7000000000000002 1.7000000000000002 1.7000000000000002 1.7000000000000002 1.7000000000000002 2.1 2.1 2.1 2.1 2.1 2.1 2.1 3.4000000000000004 3.4000000000000004 3.4000000000000004 9 9 9 1.2000000000000002 1.2000000000000002 1.2000000000000002 1.2000000000000002 1.2000000000000002 1.2000000000000002 1.2000000000000002 1.2000000000000002 1.2000000000000002 1.2000000000000002 1.2000000000000002 1.1 1.1 1.1 1.1 1.1 -9999 -9999 -9999 -9999 -9999
-9999 -9999 2.9000000000000004 2.9000000000000004 2.9000000000000004 2.9000000000000004 2.9000000000000004 2.9000000000000004 2.9000000000000004 1.1 1.1 1.1 1.1 1.1 1.1 1.1 1.1 1.1 1.1 1.1 1.1 3 1.1 1.1 1.1 1.1 13.100000000000001 13.100000000000001 13.100000000000001 13.100000000000001 13.100000000000001 -9999 10.5 -9999 -9999 0 0 1.7000000000000002 1.7000000000000002 1.7000000000000002 1.7000000000000002 1.7000000000000002 1.7000000000000002 2.1 2.1 2.1 2.1 2.1 2.1 2.1 2.1 2.1 9 9 9 9 9 1.2000000000000002 1.2000000000000002 1.2000000000000002 1.2000000000000002 1.2000000000000002 1.2000000000000002 1.2000000000000002 1.2000000000000002 1.2000000000000002 1.2000000000000002 1.2000000000000002 1.2000000000000002 1.1 1.1 1.1 1.1 -9999 -9999 -9999 -9999
-9999 -9999 2.9000000000000004 2.9000000000000004 2.9000000000000004 2.9000000000000004 2.9000000000000004 2.9000000000000004 1.1 1.1 1.1 1.1 1.1 1.1 1.1 1.1 1.1 1.1 1.1 1.1 1.1 1.1 1.1 1.1 1.1 1.1 13.100000000000001 13.100000000000001 13.100000000000001 13.100000000000001 13.100000000000001 -9999 13.100000000000001 -9999 0 0 1 13 3 1.7000000000000002 1.7000000000000002 1.7000000000000002 1.7000000000000002 2.1 2.1 2.1 2.1 2.1 2.1 2.1 2.1 2.1 2.1 5.6000000000000005 9 9 9 9 1.2000000000000002 1.2000000000000002 1.2000000000000002 1.2000000000000002 1.2000000000000002 1.2000000000000002 1.2000000000000002 1.2000000000000002 1.2000000000000002 1.2000000000000002 1.2000000000000002 1.2000000000000002 1.1 1.1 16.6 -9999 -9999 -9999 -9999
-9999 -9999 0 0 0 2.9000000000000004 2.9000000000000004 2.9000000000000004 1.1 1.1 1.1 1.1 1.1 1.1 1.1 1.1 1.1 1.1 1.1 1.1 1.1 1.1 1.1 1.1 1.1 1.1 1.1 1.1 13.100000000000001 13.100000000000001 13.100000000000001 -9999 13.100000000000001 -9999 11 15 1 6 5 20 2 1.7000000000000002 1.7000000000000002 1.7000000000000002 2.1 2.1 2.1 2.1 2.1 2.1 2.1 2.1 2.1 5.6000000000000005 5.6000000000000005 5.6000000000000005 9 9 9 9 1.2000000000000002 1.2000000000000002 1.2000000000000002 1.2000000000000002 1.2000000000000002 1.2000000000000002 1.2000000000000002 1.2000000000000002 1.2000000000000002 1.2000000000000002 1.2000000000000002 1.3 1.3 16.6 16.6 -9999 -9999
-9999 -9999 -9999 -9999 0 0 0 2.9000000000000004 1.1 1.1 1.1 1.1 1.1 1.1 1.1 1.1 1.1 1.1 1.1 1.1 1.1 9.1 1.1 1.1 1.1 1.1 19.3 19.3 19.3 13.100000000000001 13.100000000000001 -9999 13.100000000000001 -9999 -9999 -9999 -9999 -9999 -9999 0 0 1 1.7000000000000002 1.7000000000000002 1.7000000000000002 2.1 2.1 2.1 2.1 2.1 2.1 2.1 2.1 5.6000000000000005 5.6000000000000005 5.6000000000000005 5.6000000000000005 5.6000000000000005 9 9 4 4 4 4 4 1.2000000000000002 1.2000000000000002 1.2000000000000002 1.2000000000000002 1.2000000000000002 1.2000000000000002 1.3 1.3 16.6 16.6 16.6 16.6
-9999 -9999 -9999 -9999 0 0 0 0 0 1.1 1.1 1.1 1.1 1.1 1.1 1.1 1.1 1.1 1.1 1.1 1.1 9.1 9.1 1.1 9.1 19.3 19.3 19.3 19.3 19.3 19.3 13.100000000000001 13.100000000000001 -9999 0 -9999 -9999 -9999 -9999 0 0 0 1.7000000000000002 1.7000000000000002 1.7000000000000002 1.7000000000000002 2.1 2.1 2.1 2.1 2.1 5.6000000000000005 5.6000000000000005 5.6000000000000005 5.6000000000000005 5.6000000000000005 5.6000000000000005 5.6000000000000005 5.6000000000000005 5.6000000000000005 4 4 4 4 4 4 4 1.2000000000000002 1.2000000000000002 1.3 1.3 1.3 1.3 16.6 16.6 16.6 16.6
-9999 -9999 -9999 -9999 0 0 0 0 0 0 0 0 1.1 1.1 1.1 1.1 1.1 1.1 1.1 1.1 9.1 9.1 9.1 9.1 9.1 19.3 19.3 19.3 19.3 19.3 19.3 19.3 13.100000000000001 13.100000000000001 -9999 -9999 -9999 -9999 -9999 -9999 -9999 1 1.7000000000000002 1.7000000000000002 1.7000000000000002 1.7000000000000002 1.7000000000000002 1.7000000000000002 2.1 2.1 2.1 5.6000000000000005 5.6000000000000005 5.6000000000000005 5.6000000000000005 5.6000000000000005 5.6000000000000005 5.6000000000000005 5.6000000000000005 5.6000000000000005 5.6000000000000005 4 4 4 4 4 4 4 3.4000000000000004 1.3 1.3 1.3 16.6 16.6 16.6 16.6 16.6
-9999 -9999 -9999 -9999 10.9 0 0 0 0 0 0 0 0 0 1.1 1.1 1.1 1.1 1.1 1.1 1.1 9.1 9.1 9.1 9.1 9.1 19.3 19.3 19.3 19.3 19.3 19.3 -9999 13.100000000000001 -9999 -9999 -9999 -9999 0 10 10 1 -9999 -9999 2 1.7000000000000002 1.7000000000000002 1.7000000000000002 1.3 1.3 1.3 5.6000000000000005 5.6000000000000005 5.6000000000000005 5.6000000000000005 5.6000000000000005 5.6000000000000005 5.6000000000000005 5.6000000000000005 5.6000000000000005 5.6000000000000005 5.6000000000000005 4 4 4 4 4 3.4000000000000004 3.4000000000000004 3.4000000000000004 3.4000000000000004 1.3 16.6 16.6 16.6 16.6 16.6
-9999 -9999 -9999 -9999 10.9 0 0 0 0 0 0 0 0 0 0 0 1.1 1.1 1.1 1.1 9.1 9.1 9.1 9.1 9.1 9.1 9.1 19.3 19.3 19.3 19.3 19.3 -9999 13.100000000000001 -9999 10 10 0 10 10 10 10 10 -9999 -9999 10 10 1.3 1.3 1.3 1.3 1.3 5.6000000000000005 5.6000000000000005 5.6000000000000005 5.6000000000000005 5.6000000000000005 5.6000000000000005 5.6000000000000005 5.6000000000000005 5.6000000000000005 5.6000000000000005 4 4 4 4 4 3.4000000000000004 3.4000000000000004 3.4000000000000004 3.4000000000000004 3.4000000000000004 3.4000000000000004 16.6 16.6 16.6 16.6
-9999 -9999 -9999 -9999 0 0 0 0 0 0 0 0 0 0 0 0 0 4.3 4.3 9.1 9.1 9.1 9.1 9.1 9.1 9.1 9.1 9.1 19.3 19.3 19.3 19.3 19.3 13.100000000000001 -9999 10 10 10 10 10 10 10 10 10 10 10 10 10 10 1.3 1.3 1.3 1.3 1.3 1.3 1.3 0 0 0 0 0 5.6000000000000005 5.6000000000000005 4 4 4 4 2.6 3.4000000000000004 3.4000000000000004 3.4000000000000004 3.4000000000000004 3.4000000000000004 3.4000000000000004 3.4000000000000004 3.4000000000000004 3.4000000000000004
-9999 -9999 -9999 -9999 -9999 0 0 0 0 8.3 0 0 0 0 0 0 4.3 4.3 4.3 4.3 4.3 9.1 9.1 9.1 9.1 9.1 9.1 9.1 9.1 19.3 19.3 19.3 19.3 0 -9999 10 10 10 10 10 10 10 10 10 10 10 10 10 10 10 10 1.3 1.3 1.3 1.3 0 0 0 0 0 0 0 0 0 4 4 4 2.6 2.6 2.6 3.4000000000000004 3.4000000000000004 3.4000000000000004 3.4000000000000004 3.4000000000000004 3.4000000000000004 3.4000000000000004
-9999 -9999 -9999 -9999 -9999 -9999 0 8.3 0 0 0 0 0 0 0 4.3 4.3 4.3 4.3 4.3 4.3 1.5 1.5 9.1 9.1 9.1 9.1 9.1 9.1 9.1 9.1 19.3 9.1 -9999 -9999 10 10 10 10 1.5 1.5 10 1.5 10 10 10 10 10 10 10 0.2 0.2 0.2 0.2 0 0 0 0 0 0 0 0 0 0 4 4 2.6 2.6 2.6 2.6 2.6 3.4000000000000004 3.4000000000000004 3.4000000000000004 3.4000000000000004 3.4000000000000004 -9999
-9999 -9999 -9999 -9999 -9999 -9999 -9999 -9999 -9999 -9999 -9999 -9999 -9999 0 -9999 -9999 4.3 4.3 4.3 4.3 4.3 1.5 -9999 -9999 1.5 1.5 9.1 9.1 9.1 9.1 9.1 9.1 9.1 -9999 -9999 10 10 10 1.5 1.5 1.5 1.5 1.5 1.5 1.5 1.5 10 10 10 0.2 0.2 0.2 0.2 0.2 0.2 0.2 0 5 5 0 0 0 0 0 0 2.6 2.6 2.6 2.6 2.6 2.6 2.6 2.6 3.4000000000000004 3.4000000000000004 3.4000000000000004 -9999
-9999 -9999 -9999 -9999 -9999 -9999 -9999 -9999 -9999 -9999 -9999 -9999 -9999 -9999 -9999 -9999 -9999 4.3 4.3 4.3 1.5 1.5 -9999 -9999 -9999 1.5 4.9 4.9 9.1 9.1 9.1 9.1 9.1 9.1 0 -9999 10 10 10 10 1.5 6.800000000000001 6.800000000000001 6.800000000000001 6.800000000000001 1.5 1.5 1.5 1.5 1.5 0.2 0.2 0.2 0.2 0.2 0.2 0.2 5 5 0 0 0 0 0 0 0 2.6 2.6 2.6 2.6 2.6 2.6 2.6 2.6 2.6 3.4000000000000004 -9999
-9999 -9999 -9999 -9999 -9999 -9999 -9999 -9999 -9999 -9999 -9999 -9999 -9999 -9999 -9999 -9999 -9999 -9999 -9999 -9999 -9999 -9999 -9999 -9999 -9999 -9999 -9999 -9999 -9999 4.9 9.1 9.1 9.1 9.1 -9999 -9999 10 10 10 10 10 6.800000000000001 6.800000000000001 6.800000000000001 6.800000000000001 6.800000000000001 6.800000000000001 1.5 1.5 1.5 1.5 0.2 0.2 0.2 0.2 0.2 5 5 5 5 0 0 0 0 0 0 4.7 2.6 1.8 1.8 1.8 2.6 2.6 2.6 2.6 4.7 4.7
-9999 -9999 -9999 -9999 -9999 -9999 -9999 -9999 -9999 -9999 -9999 -9999 -9999 -9999 -9999 -9999 -9999 -9999 -9999 -9999 -9999 -9999 -9999 -9999 -9999 -9999 -9999 -9999 -9999 -9999 4.9 4.9 8.8 9.1 -9999 -9999 10 10 10 10 10 23 6.800000000000001 6.800000000000001 6.800000000000001 6.800000000000001 6.800000000000001 6.800000000000001 6.800000000000001 1.5 1.3 1.3 1.3 0.2 0.2 0.2 5 5 5 5 0 0 0 0 4.7 4.7 16.400000000000002 16.400000000000002 1.8 1.8 1.8 1.8 2.6 2.6 4.7 4.7 4.7
-9999 -9999 -9999 -9999 -9999 -9999 -9999 -9999 -9999 -9999 -9999 -9999 -9999 -9999 -9999 -9999 -9999 -9999 -9999 -9999 -9999 -9999 -9999 -9999 -9999 -9999 -9999 -9999 -9999 -9999 -9999 -9999 -9999 8.8 -9999 0 -9999 10 10 10 0 -9999 -9999 6.800000000000001 6.800000000000001 6.800000000000001 6.800000000000001 6.800000000000001 6.800000000000001 6.800000000000001 1.3 1.3 1.3 1.3 1.3 5 5 5 5 10 10 0 0 0 4.7 4.7 16.400000000000002 16.400000000000002 16.400000000000002 1.8 1.8 1.8 1.8 4.7 4.7 4.7 4.7
-9999 -9999 -9999 -9999 -9999 -9999 -9999 -9999 -9999 -9999 -9999 -9999 -9999 -9999 -9999 -9999 -9999 -9999 -9999 -9999 -9999 -9999 -9999 -9999 -9999 -9999 -9999 -9999 -9999 -9999 -9999 -9999 -9999 -9999 -9999 -9999 -9999 10 -9999 19 -9999 -9999 -9999 -9999 -9999 6.800000000000001 6.800000000000001 6.800000000000001 6.800000000000001 1.3 1.3 1.3 1.3 1.3 1.3 2.1 5 5 5 10 10 4.7 4.7 4.7 4.7 4.7 16.400000000000002 16.400000000000002 16.400000000000002 1.8 1.8 1.8 1.8 4.7 4.7 4.7 4.7
-9999 -9999 -9999 -9999 -9999 -9999 -9999 -9999 -9999 -9999 -9999 -9999 -9999 -9999 -9999 -9999 -9999 -9999 -9999 -9999 -9999 -9999 -9999 -9999 -9999 -9999 -9999 -9999 -9999 -9999 -9999 -9999 -9999 -9999 -9999 -9999 -9999 0 -9999 -9999 -9999 -9999 -9999 -9999 -9999 -9999 -9999 -9999 1.3 1.3 1.3 1.3 1.3 1.3 2.1 2.1 2.1 2.1 10 10 10 4.7 4.7 4.7 4.7 16.400000000000002 16.400000000000002 16.400000000000002 1.8 1.8 1.8 1.8 1.8 4.7 4.7 4.7 4.7
-9999 -9999 -9999 -9999 -9999 -9999 -9999 -9999 -9999 -9999 -9999 -9999 -9999 -9999 -9999 -9999 -9999 -9999 -9999 -9999 -9999 -9999 -9999 -9999 -9999 -9999 -9999 -9999 -9999 -9999 -9999 -9999 -9999 -9999 -9999 -9999 -9999 -9999 -9999 -9999 -9999 -9999 -9999 -9999 -9999 -9999 -9999 -9999 -9999 -9999 -9999 -9999 1.3 1.3 2.1 2.1 2.1 2.1 10 10 10 10 4.7 4.7 4.7 16.400000000000002 16.400000000000002 16.400000000000002 1.8 1.8 1.8 1.8 1.8 4.7 4.7 4.7 1.3
-9999 -9999 -9999 -9999 -9999 -9999 -9999 -9999 -9999 -9999 -9999 -9999 -9999 -9999 -9999 -9999 -9999 -9999 -9999 -9999 -9999 -9999 -9999 -9999 -9999 -9999 -9999 -9999 -9999 -9999 -9999 -9999 -9999 -9999 -9999 -9999 -9999 -9999 -9999 -9999 -9999 -9999 -9999 -9999 -9999 -9999 -9999 -9999 -9999 -9999 -9999 -9999 -9999 2.1 2.1 2.1 2.1 2.1 2.1 2.1 10 10 10 10 16.400000000000002 16.400000000000002 16.400000000000002 1.8 1.8 1.8 1.8 1.8 1.8 1.8 4.7 4.7 -9999
-9999 -9999 -9999 -9999 -9999 -9999 -9999 -9999 -9999 -9999 -9999 -9999 -9999 -9999 -9999 -9999 -9999 -9999 -9999 -9999 -9999 -9999 -9999 -9999 -9999 -9999 -9999 -9999 -9999 -9999 -9999 -9999 -9999 -9999 -9999 -9999 -9999 -9999 -9999 -9999 -9999 -9999 -9999 -9999 -9999 -9999 -9999 -9999 -9999 -9999 -9999 -9999 -9999 2.1 2.1 2.1 2.1 2.1 2.1 2.1 10 10 10 10 12.4 16.400000000000002 16.400000000000002 1.8 1.8 1.8 1.8 1.8 1.8 1.8 1.8 -9999 1.3
-9999 -9999 -9999 -9999 -9999 -9999 -9999 -9999 -9999 -9999 -9999 -9999 -9999 -9999 -9999 -9999 -9999 -9999 -9999 -9999 -9999 -9999 -9999 -9999 -9999 -9999 -9999 -9999 -9999 -9999 -9999 -9999 -9999 -9999 -9999 -9999 -9999 -9999 -9999 -9999 -9999 -9999 -9999 -9999 -9999 -9999 0 0 0 -9999 -9999 -9999 2.1 2.1 2.1 2.1 2.1 2.1 2.1 2.1 10 10 10 12.4 12.4 12.4 1.8 1.8 1.8 1.8 1.8 1.8 1.8 1.8 1.8 1.3 1.3
-9999 -9999 -9999 -9999 -9999 -9999 -9999 -9999 -9999 -9999 -9999 -9999 -9999 -9999 -9999 -9999 -9999 -9999 -9999 -9999 -9999 -9999 -9999 -9999 -9999 -9999 -9999 -9999 -9999 -9999 -9999 -9999 -9999 -9999 -9999 -9999 -9999 -9999 -9999 -9999 -9999 -9999 -9999 -9999 -9999 -9999 -9999 -9999 -9999 -9999 -9999 -9999 2.1 2.1 2.1 2.1 2.1 2.1 2.1 10 10 10 10 12.4 12.4 12.4 12.4 12.4 12.4 1.8 1.8 1.8 1.8 1.8 -9999 1.3 1.3
-9999 -9999 -9999 -9999 -9999 -9999 -9999 -9999 -9999 -9999 -9999 -9999 -9999 -9999 -9999 -9999 -9999 -9999 -9999 -9999 -9999 -9999 -9999 -9999 -9999 -9999 -9999 -9999 -9999 -9999 -9999 -9999 -9999 -9999 -9999 -9999 -9999 -9999 -9999 -9999 -9999 -9999 -9999 -9999 -9999 -9999 -9999 -9999 -9999 -9999 -9999 2.1 2.1 2.1 2.1 2.1 2.1 2.1 2.1 10 10 10 10 12.4 12.4 12.4 12.4 12.4 12.4 12.4 12.4 12.4 1.8 -9999 -9999 -9999 -9999
