04_184A001/muulp.asc
ncols 378
nrows 390
xllcorner 613424
yllcorner 6870896
cellsize 16
nodata_value -9999
[rows 306 to 339 of 390, columns 231 to 307 of 378]
9.8 9.8 5.4 5.4 5.4 5.4 5.4 0 0 4.7 4.7 4.7 0.2 0.2 0.2 0.2 0.2 2.9000000000000004 2.9000000000000004 2.9000000000000004 2.9000000000000004 2.9000000000000004 2.9000000000000004 2.9000000000000004 2.9000000000000004 2.9000000000000004 2.9000000000000004 4 4 -9999 4 4 4 4 4 4 4 4 4 4 2.5 2.5 2.5 2.5 2.5 2.5 2.5 2.5 2.5 2.5 12.600000000000001 12.600000000000001 12.600000000000001 3.6 3.6 3.6 3.6 4.4 4.4 4.4 4.4 4.4 4.4 4.4 4.4 4.4 1.9000000000000001 1.9000000000000001 -9999 2.5 2.5 2.5 2.5 2.5 2.5 2.5 2.5
8.3 9.8 5.4 5.4 5.4 5.4 5.4 5.4 0 4.7 4.7 0.2 0.2 0.2 0.2 0.2 1.7000000000000002 2.9000000000000004 2.9000000000000004 2.9000000000000004 2.9000000000000004 2.9000000000000004 2.9000000000000004 2.9000000000000004 2.9000000000000004 2.9000000000000004 2.9000000000000004 4 4 -9999 4 4 4 4 4 4 4 4 4 2.5 2.5 2.5 2.5 2.5 2.5 2.5 2.5 2.5 2.5 2.2 2.2 12.600000000000001 12.600000000000001 3.6 3.6 4.4 4.4 4.4 4.4 4.4 4.4 4.4 4.4 4.4 4.4 0.1 0.1 1.9000000000000001 1.9000000000000001 3.6 3.6 3.6 3.6 3.6 3.6 2.5 2.5
8.3 8.3 5.4 5.4 5.4 5.4 5.4 5.4 5.4 5.4 5.7 0.2 0.2 0.2 0.2 1.7000000000000002 1.7000000000000002 1.7000000000000002 1.7000000000000002 2.9000000000000004 24.5 2.9000000000000004 24.5 2.9000000000000004 24.5 2.9000000000000004 4 4 -9999 4 4 4 4 4 4 4 4 4 4 2.5 2.5 2.5 2.5 2.5 2.5 2.5 2.5 2.5 2.5 2.2 2.2 2.2 12.600000000000001 12.600000000000001 12.600000000000001 4.4 4.4 4.4 4.4 0.1 0.1 0.1 4.4 4.4 0.1 0.1 0.1 0.1 0.1 -9999 3.6 3.6 3.6 3.6 3.6 3.6 3.6
8.3 8.3 1.9000000000000001 1.9000000000000001 5.4 5.4 5.4 5.4 5.4 5.4 5.7 5.7 5.7 5.7 5.7 1.7000000000000002 1.7000000000000002 1.7000000000000002 1.7000000000000002 24.5 24.5 24.5 24.5 24.5 24.5 24.5 4.2 -9999 4 4 4 4 4 4 4 4 4 4 2.5 2.5 2.5 2.5 2.5 2.5 2.5 2.5 2.5 2.5 2.2 2.2 2.2 2.2 2.2 12.600000000000001 12.600000000000001 0.1 0.1 0.1 0.1 0.1 0.1 0.1 0.1 0.1 0.1 0.1 0.1 0.1 0.1 -9999 3.6 3.6 3.6 3.6 3.6 3.6 3.6
8.3 1.9000000000000001 1.9000000000000001 1.9000000000000001 1.9000000000000001 5.4 5.4 5.4 5.4 5.7 5.7 5.7 5.7 5.7 5.7 1.7000000000000002 1.7000000000000002 1.7000000000000002 24.5 24.5 24.5 24.5 24.5 24.5 24.5 4.2 -9999 4.2 4.2 4.2 4 4 4 4 4 4 4 2.5 2.5 2.5 2.5 2.5 2.5 2.5 2.5 2.5 2.5 2.5 2.2 2.2 2.2 2.2 2.2 2.2 2.2 2.2 2.2 0.1 0.1 0.1 0.1 0.1 0.1 0.1 0.1 0.1 0.1 0.1 0.1 0.1 -9999 18.7 3.6 18.7 3.6 3.6 3.6
8.3 8.3 1.9000000000000001 1.9000000000000001 1.9000000000000001 1.9000000000000001 5.4 5.4 5.7 5.7 5.7 5.7 5.7 5.7 5.7 1.7000000000000002 1.7000000000000002 1.7000000000000002 24.5 24.5 24.5 24.5 24.5 24.5 24.5 4.2 -9999 4.2 4.2 4.2 0 0 4 4 4 4 4 2.5 2.5 2.5 2.5 2.5 2.5 2.5 2.5 2.5 2.5 2.2 2.2 2.2 2.2 2.2 2.2 2.2 2.2 2.2 0 0 0 0 0 0 0.1 0.1 0.1 0.1 0.1 0.1 0.1 0.1 0.1 -9999 18.7 18.7 18.7 3.6 3.6
8.3 1.9000000000000001 8.3 1.9000000000000001 1.9000000000000001 1.9000000000000001 1.9000000000000001 5.7 5.7 5.7 5.7 5.7 5.7 5.7 5.7 1.7000000000000002 1.7000000000000002 1.7000000000000002 1.7000000000000002 24.5 24.5 24.5 24.5 24.5 0 0 4.2 4.2 4.2 0 0 0 0 0 4 4 4 2.5 2.5 2.5 2.5 2.5 2.5 2.5 2.5 2.5 2.5 2.2 2.2 2.2 2.2 2.2 2.2 2.2 2.2 2.2 0 0 0 0 0 0 0 0.1 0.1 0.1 0.1 0.1 0.1 0.1 0.1 18.7 5 -9999 18.7 18.7 3.6
1.9000000000000001 1.9000000000000001 1.9000000000000001 1.9000000000000001 1.9000000000000001 1.9000000000000001 1.9000000000000001 5.7 5.7 5.7 5.7 5.7 5.7 5.7 5.7 5.7 5.7 1.7000000000000002 1.7000000000000002 1.7000000000000002 5.7 24.5 24.5 24.5 0 -9999 4.2 4.2 4.2 0 0 0 0 0 0 0 2.5 2.5 2.5 2.5 2.5 2.5 2.5 2.5 2.5 2.5 2.5 2.2 2.2 2.2 2.2 2.2 2.2 2.2 2.2 0 0 0 0 2.6 0 0 0 0 0 0.1 0.1 0.1 0.1 0.1 0.1 0.1 18.7 18.7 -9999 18.7 18.7
1.9000000000000001 1.9000000000000001 1.9000000000000001 1.9000000000000001 1.9000000000000001 1.9000000000000001 5.7 5.7 5.7 5.7 5.7 5.7 5.7 5.7 5.7 5.7 5.7 1.7000000000000002 1.7000000000000002 5.7 5.7 24.5 24.5 0 0 4.2 4.2 4.2 4.2 4.2 0 0 0 0 0 0 0 0 2.5 2.5 2.5 2.5 2.5 2.5 2.5 2.5 2.2 2.2 2.2 2.2 2.2 2.2 2.2 2.2 2.2 3.7 2.6 2.6 2.6 2.6 2.6 0 0 0 0 0 0 0.1 0.1 0.1 0.1 0.1 18.7 18.7 18.7 -9999 18.7
11.8 11.8 1.9000000000000001 1.9000000000000001 1.9000000000000001 22.700000000000003 22.700000000000003 22.700000000000003 5.7 5.7 5.7 5.7 5.7 5.7 5.7 5.7 5.7 1.7000000000000002 5.7 10 10 24.5 24.5 -9999 -9999 4.2 4.2 4.2 4.2 4.2 4.2 4.2 0 0 0 0 0 0 0 0 2.5 2.5 2.5 2.5 2.5 2.2 2.2 2.2 2.2 2.2 2.2 2.2 2.2 2.2 3.7 3.7 3.7 3.7 3.7 3.7 2.6 2.6 2.6 2.6 0 0 0 0 0 0.1 0.1 0.1 0.1 0.1 18.7 18.7 -9999
11.8 11.8 11.8 11.8 1.9000000000000001 22.700000000000003 22.700000000000003 22.700000000000003 22.700000000000003 22.700000000000003 5.7 5.7 5.7 5.7 5.7 5.7 5.7 5.7 5.7 10 10 10 4.2 -9999 -9999 4.2 4.2 4.2 4.2 4.2 4.2 4.2 17.7 17.7 17.7 17.7 17.7 17.7 0 0 0 0 2.5 2.5 2.5 2.2 2.2 2.2 2.2 2.2 2.2 2.2 2.2 2.2 3.7 3.7 3.7 3.7 3.7 3.7 2.6 2.6 2.6 2.6 2.6 2.6 2.6 2.6 0 0 2.2 0.1 0.1 0.1 0.1 0.1 0.1
-9999 11.8 11.8 11.8 12 8 7 22.700000000000003 22.700000000000003 22.700000000000003 22.700000000000003 22.700000000000003 22.700000000000003 22.700000000000003 22.700000000000003 22.700000000000003 5.7 5.7 10 10 10 10 4.2 -9999 -9999 4.2 4.2 4.2 4.2 4.2 4.2 4.2 4.2 17.7 17.7 17.7 17.7 17.7 0 0 0 0 0 0 2.5 2.2 2.2 2.2 2.2 2.2 2.2 2.2 2.2 3.7 3.7 3.7 3.7 3.7 3.7 3.7 2.6 2.6 2.6 2.6 2.6 2.6 2.6 2.6 2.2 2.2 2.2 2.2 2.2 0.1 0.1 0.1 0.1
0.9 -9999 11.8 -9999 -9999 -9999 0 1 57 -9999 10 22.700000000000003 22.700000000000003 22.700000000000003 22.700000000000003 22.700000000000003 22.700000000000003 22.700000000000003 10 10 10 4.2 4.2 4.2 -9999 4.2 4.2 4.2 4.2 4.2 4.2 4.2 17.7 17.7 17.7 17.7 17.7 17.7 0 0 0 0 0 0 0 3.6 2.2 2.2 2.2 2.2 2.2 2.2 2.2 3.7 3.7 3.7 3.7 3.7 3.7 3.7 3.7 2.6 2.6 2.6 2.6 2.6 2.2 2.2 2.2 2.2 2.2 2.2 2.2 2.2 2.2 0.1 0
0.9 0.9 -9999 -9999 -9999 -9999 -9999 -9999 -9999 -9999 10 10 10 22.700000000000003 22.700000000000003 22.700000000000003 22.700000000000003 22.700000000000003 10 10 10 4.2 4.2 4.2 -9999 4.2 4.2 4.2 4.2 4.2 4.2 17.7 17.7 17.7 17.7 17.7 17.7 17.7 17.7 3.6 0 0 0 0 3.6 3.6 3.6 3.6 2.2 2.2 2.2 2.2 3.7 3.7 3.7 3.7 3.7 3.7 3.7 3.7 3.7 3.7 2.6 2.6 2.6 3.7 3.7 2.2 2.2 2.2 2.2 2.2 2.2 2.2 2.2 2.2 0
0.9 -9999 -9999 -9999 -9999 -9999 -9999 -9999 -9999 7.7 7.7 7.7 10 10 10 10 10 10 7.7 7.7 7.7 -9999 -9999 -9999 -9999 2.4000000000000004 2.4000000000000004 4.2 4.2 4.2 4.2 4.2 17.7 17.7 17.7 17.7 17.7 17.7 17.7 17.7 3.6 3.6 3.6 3.6 3.6 3.6 3.6 3.6 3.6 3.6 2.2 2.2 3.7 3.7 3.7 3.7 3.7 3.7 3.7 3.7 3.7 3.7 3.7 3.7 3.7 3.7 3.7 3.7 3.7 2.2 2.2 2.2 2.2 2.2 2.2 0 0
-9999 -9999 -9999 -9999 -9999 -9999 -9999 -9999 -9999 7.7 7.7 7.7 7.7 10 10 10 7.7 7.7 7.7 7.7 -9999 -9999 -9999 -9999 -9999 2.4000000000000004 2.4000000000000004 2.4000000000000004 2.4000000000000004 4.2 4.2 4.2 17.7 17.7 17.7 17.7 17.7 17.7 17.7 17.7 3.6 3.6 3.6 3.6 3.6 3.6 3.6 3.6 3.6 3.6 3.6 3.6 3.6 3.7 3.7 3.7 3.7 3.7 3.7 3.7 3.7 3.7 3.7 3.7 3.7 3.7 3.7 3.7 3.7 3.7 3.7 2.2 2.2 2.2 -9999 2.3000000000000003 0
-9999 -9999 -9999 -9999 -9999 -9999 -9999 -9999 -9999 0 7.7 7.7 7.7 7.7 7.7 7.7 7.7 7.7 7.7 7.7 -9999 -9999 -9999 -9999 -9999 2.4000000000000004 2.4000000000000004 2.4000000000000004 2.4000000000000004 2.4000000000000004 10.600000000000001 17.7 17.7 17.7 17.7 17.7 17.7 0.6000000000000001 0.6000000000000001 17.7 3.6 3.6 3.6 3.6 3.6 3.6 3.6 3.6 3.6 3.6 3.6 3.6 3.6 3.6 3.6 3.6 3.7 3.7 3.7 3.7 3.7 3.7 3.7 3.7 3.7 0.1 0.1 0.1 0.1 3.7 3.7 3.7 3.7 -9999 2.3000000000000003 2.3000000000000003 2.3000000000000003
-9999 -9999 -9999 -9999 -9999 -9999 -9999 -9999 -9999 8.700000000000001 8.700000000000001 -9999 -9999 -9999 -9999 -9999 7.7 7.7 7.7 -9999 -9999 -9999 -9999 -9999 -9999 2.4000000000000004 2.4000000000000004 2.4000000000000004 2.4000000000000004 10.600000000000001 10.600000000000001 10.600000000000001 10.600000000000001 17.7 17.7 17.7 0.6000000000000001 0.6000000000000001 0.6000000000000001 0.6000000000000001 3.6 3.6 3.6 3.6 3.6 3.6 3.6 3.6 3.6 3.6 3.6 3.6 3.6 3.6 3.6 3.6 3.6 0 0 0 3.7 3.7 3.7 3.7 3.7 0.1 0.1 0.1 0.1 0.1 3.7 3.7 3.7 0 0 0 2.3000000000000003
-9999 -9999 -9999 -9999 -9999 -9999 -9999 -9999 0 8.700000000000001 8.700000000000001 8.700000000000001 8.700000000000001 8.700000000000001 8.700000000000001 8.700000000000001 8.700000000000001 8.700000000000001 12 -9999 -9999 -9999 -9999 -9999 -9999 -9999 -9999 2.4000000000000004 2.4000000000000004 10.600000000000001 10.600000000000001 10.600000000000001 10.600000000000001 10.600000000000001 17.7 16.5 0.6000000000000001 0.6000000000000001 0.6000000000000001 0.6000000000000001 3.6 3.6 3.6 3.6 3.6 3.6 3.6 3.6 3.6 3.6 3.6 3.6 3.6 3.6 3.6 3.6 3.6 0 0 0 0 0 0 3.7 0.1 0.1 0.1 0.1 0.1 0.1 0.1 0.1 -9999 0 0 0 0
-9999 -9999 -9999 -9999 -9999 0 0 -9999 8.4 8.4 8.700000000000001 8.700000000000001 8.700000000000001 8.700000000000001 8.700000000000001 8.700000000000001 8.700000000000001 8.700000000000001 2 2 -9999 9 3 -9999 2 2 2 2 -9999 -9999 10.600000000000001 10.600000000000001 10.600000000000001 10.600000000000001 10.600000000000001 16.5 16.5 16.5 16.5 16.5 3.6 3.6 3.6 3.6 3.6 1 1 1 3.6 3.6 3.6 3.6 3.6 3.6 3.6 3.6 3.6 0 0 0 0 0 0 2.5 2.5 2.5 2.5 0.1 0.1 0.1 0.1 -9999 0.2 0.2 0 0 0
-9999 -9999 -9999 -9999 0 0 0 0 0.1 8.4 8.4 8.4 8.4 8.4 8.4 8.4 8.4 8.700000000000001 2 2 2 2 2 2 2 2 2 2 2 2 3 -9999 -9999 10.600000000000001 16.5 16.5 16.5 16.5 16.5 16.5 16.5 3.6 3.6 3.6 1 1 1 1 1 3.6 3.6 3.6 3.6 3.6 3.6 3.6 3.6 0 0 0 0 2.5 2.5 2.5 2.5 2.5 2.5 2.5 2.5 2.5 -9999 0.2 0.2 0.2 0.2 0 0
-9999 -9999 -9999 2.2 0 0 0 0 0.1 0.1 8.4 8.4 8.4 8.4 8.4 8.4 8.4 8.700000000000001 2 2 2 2 2 2 9.200000000000001 9.200000000000001 9.200000000000001 9.200000000000001 2 2 2 2 2 6 -9999 2 16.5 16.5 16.5 16.5 16.5 1.2000000000000002 1.2000000000000002 3.6 1 1 1 1 3.6 3.6 3.6 3.6 3.6 3.6 3.6 3.6 3.6 0 0 0 0 2.5 2.5 2.5 2.5 2.5 2.5 2.5 -9999 0.2 0.2 0.2 0.2 0.2 0.2 0.2 0.2
-9999 -9999 2.2 2.2 2.2 0 0 0 0.1 0.1 0.1 0.1 0.1 8.4 8.4 8.4 8.4 8.700000000000001 2 2 2 2 2 2 2 9.200000000000001 9.200000000000001 9.200000000000001 9.200000000000001 9.200000000000001 2 2 2 16.5 16.5 16.5 -9999 -9999 16.5 16.5 16.5 1.2000000000000002 1.2000000000000002 1.2000000000000002 1 1 1 1 3.6 3.6 3.6 3.6 3.6 1.2000000000000002 3.6 1.2000000000000002 3.6 3 3 3 3 2.5 2.5 2.5 2.5 2.5 2.5 -9999 0.2 0.2 0.2 0.2 0.2 0.2 0.2 0.2 0.2
-9999 -9999 2.2 2.2 2.2 2.2 2.2 0.1 0.1 0.1 0.1 0.1 0.1 0.1 0.1 0.1 0.1 2 2 2 2 2 0 0 0 0 0 0 0 9.200000000000001 9.200000000000001 2 2 16.5 16.5 16.5 16.5 16.5 4 -9999 16.5 16.5 1.2000000000000002 1.2000000000000002 1.2000000000000002 1 1 1 1 3.6 3.6 3.6 3.6 1.2000000000000002 1.2000000000000002 1.2000000000000002 1.2000000000000002 3 3 3 3 3 2.5 2.5 2.5 -9999 0.2 0.2 0 0 0.2 0 0.2 0.2 0.2 0.2 0.2
-9999 -9999 4 2.2 2.2 2.2 2.2 0.1 0.1 0.1 0.1 0.1 0.1 0.1 0.1 0.1 0.1 7.800000000000001 7.800000000000001 2 0 0 0 0 0 0 0 0 0 0 0 9.200000000000001 0 0 16.5 16.5 16.5 16.5 16.5 16.5 16.5 -9999 -9999 -9999 -9999 111 -9999 -9999 -9999 -9999 -9999 -9999 -9999 -9999 1.2000000000000002 1.2000000000000002 1.2000000000000002 3 3 3 3 3 2.5 -9999 -9999 0.2 0.2 0 0 0 0 0 0 0.2 0.2 0.2 3.2
-9999 -9999 4 4 4 2.2 2.2 0.1 0.1 0.1 0.1 0.1 0.1 0.1 0.1 0.1 0.1 7.800000000000001 7.800000000000001 7.800000000000001 3.6 3.6 3.6 3.6 3.6 17.8 17.8 0 0 0 0 0 0 0 0 0 13.200000000000001 13.200000000000001 16.5 16.5 1.2000000000000002 1.2000000000000002 1.2000000000000002 1.2000000000000002 1.2000000000000002 1.2000000000000002 5.4 5.4 5.4 5.4 5.4 5.4 5.4 5.4 5.4 -9999 -9999 -9999 -9999 -9999 -9999 -9999 0.2 0.2 0.2 0.2 0 0 0 0 0 0 0 0.2 0.2 0.2 3.7
-9999 -9999 -9999 4 4 4 2.2 0.1 0.1 0.1 0.1 0.1 0.1 0.1 0.1 0.1 7.800000000000001 7.800000000000001 7.800000000000001 3.6 3.6 3.6 3.6 3.6 3.6 17.8 17.8 17.8 17.8 17.8 5.9 5.9 0 0 13.200000000000001 13.200000000000001 13.200000000000001 13.200000000000001 13.200000000000001 13.200000000000001 1.2000000000000002 1.2000000000000002 1.2000000000000002 1.2000000000000002 1.2000000000000002 1.2000000000000002 5.4 5.4 5.4 5.4 5.4 5.4 5.4 5.4 5.4 0.9 0.9 0.9 0.9 0.9 0.9 0.2 0.2 0.2 0.2 0.2 0.2 0 0 0 0 0 0 0 3 3.7 3.7
-9999 -9999 -9999 4 4 4 4 4 0.1 0.1 0.1 0.1 0.1 0.1 0.1 0.1 7.800000000000001 7.800000000000001 7.800000000000001 7.800000000000001 7.800000000000001 3.6 3.6 3.6 3.6 17.8 17.8 17.8 17.8 5.9 5.9 5.9 5.9 5.9 0 0 0 0 13.200000000000001 1.2000000000000002 1.2000000000000002 1.2000000000000002 1.2000000000000002 1.2000000000000002 1.2000000000000002 1.2000000000000002 5.4 5.4 5.4 5.4 5.4 5.4 5.4 5.4 5.4 0.9 0.9 0.9 0.9 0.9 0.9 0.2 0.2 0.2 0.2 0.2 0.2 0.2 0.2 3 3 3 3 3 3.7 3.7 3.7
-9999 -9999 -9999 0 0 4 4 4 4 4 0.1 0.1 0.1 0.1 0.1 0.1 7.800000000000001 7.800000000000001 7.800000000000001 7.800000000000001 7.800000000000001 7.800000000000001 3.6 3.6 3.6 3.6 17.8 6 6 5.9 5.9 5.9 5.9 5.9 0 0 0 0 0 13.200000000000001 1.2000000000000002 1.2000000000000002 1.2000000000000002 1.2000000000000002 1.2000000000000002 1.2000000000000002 5.4 5.4 5.4 5.4 5.4 5.4 5.4 5.4 0.2 0.2 0.9 0.9 0.9 0.9 0.9 0.2 0.2 0.2 0.2 0.2 0.2 0.2 3 3 3 0.2 0.2 3 3.7 3.7 3.7
-9999 -9999 -9999 0 0 0 4 4 4 4 4 4 0.1 0.1 0.1 0.1 7.800000000000001 7.800000000000001 7.800000000000001 7.800000000000001 7.800000000000001 7.800000000000001 7.800000000000001 3.6 3.6 3.6 3.6 6 6 5.9 5.9 5.9 5.9 5.9 0 0 0 0 0 13.200000000000001 13.200000000000001 13.200000000000001 13.200000000000001 5.4 5.4 5.4 5.4 5.4 5.4 5.4 5.4 5.4 5.4 5.4 0.2 0.2 0.2 0.9 0.9 0.9 0.9 0.2 0.2 0.2 0.2 0.2 0.2 3 3 3 0.2 0.2 0.2 3.7 3.7 3.7 3.7
-9999 -9999 -9999 0 0 0 0 0 4 4 4 4 4 4 0.1 7.800000000000001 7.800000000000001 7.800000000000001 7.800000000000001 7.800000000000001 7.800000000000001 7.800000000000001 7.800000000000001 7.800000000000001 3.6 3.6 6 6 6 6 5.9 5.9 5.9 0 0 0 0 0 0 0 0 13.200000000000001 13.200000000000001 5.4 5.4 5.4 5.4 5.4 5.4 5.4 2 5.4 5.4 5.4 5.4 0.2 0.2 0.2 0.9 0.9 0.2 0.2 0.2 0.2 0.2 0.2 3 3 3 0.2 0.2 0.2 0.2 3.7 3.7 3.7 3.7
-9999 -9999 -9999 -9999 0 0 0 0 0 0 0 4 4 4 4 7.800000000000001 7.800000000000001 7.800000000000001 7.800000000000001 7.800000000000001 7.800000000000001 7.800000000000001 7.800000000000001 7.800000000000001 2 2 2 2 2 5.9 5.9 5.9 5.9 0 0 0 0 0 0 0 2 2 2 2 2 5.4 5.4 5.4 2 2 2 2 2 5.4 0 0.2 0.2 0.2 0.2 0.2 0.2 0.2 0.2 0.2 0.2 0.2 3 3 3 0.2 0.2 0.2 3.7 3.7 3.7 3.7 3.7
-9999 -9999 -9999 -9999 0 0 0 0 0 0 0 0 0 0 0 4 4 7.800000000000001 7.800000000000001 7.800000000000001 7.800000000000001 7.800000000000001 2 2 2 2 2 2 2 2 2 2 2 2 2 2 2 2 2 2 2 2 2 2 2 2 2 2 2 2 2 0 0 0 0 0 0.2 0.2 0.2 0.2 0.2 0.2 0.2 0.2 0.2 0.2 0.2 0.2 0.2 0.2 0.2 2.6 3.7 3.7 3.7 3.7 3.7
-9999 -9999 -9999 -9999 0 0 0 0 0 0 0 0 0 0 0 0.2 4 4 4 4 4 2 2 2 2 2 2 2 2 2 2 2 2 2 2 2 2 2 2 2 2 2 2 2 2 2 2 0 0 2 0 0 0 0 0 0 0 0.2 0.2 0.2 0.2 2.8000000000000003 2.8000000000000003 0.8 0.8 0.8 0.2 0.2 0.2 0.2 0.2 2.6 3.7 3.7 3.7 3.7 3.7
