04_184A001/muulp.asc
ncols 378
nrows 390
xllcorner 613424
yllcorner 6870896
cellsize 16
nodata_value -9999
[rows 272 to 305 of 390, columns 231 to 307 of 378]
-9999 -9999 1 0 0 0 0 0 0 0 0 0 0 0 0 0 0 0 2.8000000000000003 2.8000000000000003 -9999 -9999 -9999 -9999 -9999 -9999 -9999 -9999 -9999 -9999 -9999 -9999 -9999 -9999 -9999 -9999 -9999 -9999 -9999 -9999 -9999 -9999 -9999 -9999 -9999 -9999 -9999 -9999 -9999 -9999 -9999 -9999 -9999 -9999 -9999 -9999 -9999 -9999 -9999 -9999 -9999 -9999 -9999 -9999 -9999 -9999 -9999 -9999 -9999 -9999 -9999 -9999 -9999 -9999 -9999 -9999 -9999
1 1 1 1 0 0 0 0 0 0 0 0 0 0 0 0 0 0 2.8000000000000003 2.8000000000000003 2.8000000000000003 2.8000000000000003 2.8000000000000003 -9999 -9999 -9999 -9999 -9999 -9999 -9999 -9999 -9999 -9999 -9999 -9999 -9999 -9999 -9999 -9999 -9999 -9999 -9999 -9999 -9999 -9999 -9999 -9999 -9999 -9999 -9999 -9999 -9999 -9999 -9999 -9999 -9999 -9999 -9999 -9999 -9999 -9999 -9999 -9999 -9999 -9999 -9999 -9999 -9999 -9999 -9999 -9999 -9999 -9999 -9999 -9999 -9999 -9999
0 1 1 1 1 0 0 0 0 0 0 0 0 0 0 0 0 0 2.8000000000000003 2.8000000000000003 2.8000000000000003 2.8000000000000003 2.8000000000000003 2.8000000000000003 -9999 -9999 -9999 -9999 -9999 -9999 -9999 -9999 -9999 -9999 -9999 -9999 -9999 -9999 -9999 -9999 -9999 -9999 -9999 -9999 -9999 -9999 -9999 -9999 -9999 -9999 -9999 -9999 -9999 -9999 -9999 -9999 -9999 -9999 -9999 -9999 -9999 -9999 -9999 -9999 -9999 -9999 -9999 -9999 -9999 -9999 -9999 -9999 -9999 -9999 -9999 -9999 -9999
0 0 1 1 1 1 1 0 0 0 0 0 0 0 0 0 0 0 0 2.8000000000000003 2.8000000000000003 2.8000000000000003 2.8000000000000003 2.8000000000000003 2.8000000000000003 -9999 -9999 -9999 -9999 -9999 -9999 -9999 -9999 -9999 -9999 -9999 -9999 -9999 -9999 -9999 -9999 -9999 -9999 -9999 -9999 -9999 -9999 -9999 -9999 -9999 -9999 -9999 -9999 -9999 -9999 -9999 -9999 -9999 -9999 -9999 -9999 -9999 -9999 -9999 -9999 -9999 -9999 -9999 -9999 -9999 -9999 -9999 -9999 -9999 -9999 -9999 -9999
2 2 0 0 0 0 0 0 0 0 0 0 0 0 0 0 0 0 0 0 0 2.8000000000000003 2.8000000000000003 2.8000000000000003 2 -9999 -9999 -9999 -9999 -9999 -9999 -9999 -9999 -9999 -9999 -9999 -9999 -9999 -9999 -9999 -9999 -9999 -9999 -9999 -9999 -9999 -9999 -9999 -9999 -9999 -9999 -9999 -9999 -9999 -9999 -9999 -9999 -9999 -9999 -9999 -9999 -9999 -9999 -9999 -9999 -9999 -9999 -9999 -9999 -9999 -9999 -9999 -9999 -9999 -9999 -9999 -9999
2 2 2 2 2 2 0 2 2 2 2 2 2 0 0 0 0 0 0 0 0 0 2.8000000000000003 2 2 7.6000000000000005 7.6000000000000005 -9999 -9999 -9999 -9999 -9999 -9999 -9999 -9999 -9999 -9999 -9999 -9999 -9999 -9999 -9999 -9999 -9999 -9999 -9999 -9999 -9999 -9999 -9999 -9999 -9999 -9999 -9999 -9999 -9999 -9999 -9999 -9999 -9999 -9999 -9999 -9999 -9999 -9999 -9999 -9999 -9999 -9999 -9999 -9999 -9999 -9999 -9999 -9999 -9999 -9999
2 2 2 2 2 2 2 2 2 2 2 2 2 2 2 0 0 0 0 0 0 2 2 2 7.6000000000000005 7.6000000000000005 7.6000000000000005 7.6000000000000005 -9999 -9999 -9999 -9999 -9999 -9999 -9999 -9999 -9999 -9999 -9999 -9999 -9999 -9999 -9999 -9999 -9999 -9999 -9999 -9999 -9999 -9999 -9999 -9999 -9999 -9999 -9999 -9999 -9999 -9999 -9999 -9999 -9999 -9999 -9999 -9999 -9999 -9999 -9999 -9999 -9999 -9999 -9999 -9999 -9999 -9999 -9999 -9999 -9999
0 2 2 2 2 2 2 2 2 2 2 2 2 2 2 2 2 2 0 0 2 2 2 8.5 7.6000000000000005 7.6000000000000005 7.6000000000000005 7.6000000000000005 3 -9999 -9999 -9999 -9999 -9999 -9999 -9999 -9999 -9999 -9999 -9999 -9999 -9999 -9999 -9999 -9999 -9999 -9999 -9999 -9999 -9999 -9999 -9999 -9999 -9999 -9999 -9999 -9999 -9999 -9999 -9999 -9999 -9999 -9999 -9999 -9999 -9999 -9999 -9999 -9999 -9999 -9999 -9999 -9999 -9999 -9999 -9999 -9999
0 0 2 2 2 2 2 2 2 2 2 2 2 2 2 2 2 2 2 2 2 2 8.5 8.5 8.5 8.5 7.6000000000000005 7.6000000000000005 7.6000000000000005 7.6000000000000005 -9999 -9999 -9999 -9999 -9999 -9999 -9999 -9999 -9999 -9999 -9999 -9999 -9999 -9999 -9999 -9999 -9999 -9999 -9999 -9999 -9999 -9999 -9999 -9999 -9999 -9999 -9999 -9999 -9999 -9999 -9999 -9999 -9999 -9999 -9999 -9999 -9999 -9999 -9999 -9999 -9999 -9999 -9999 -9999 -9999 -9999 -9999
0 0 2 2 2 2 2 2 2 2 2 2 2 2 2 2 2 2 2 2 2 8.5 8.5 8.5 8.5 8.5 8.5 7.6000000000000005 7.6000000000000005 7.6000000000000005 7.6000000000000005 -9999 -9999 -9999 -9999 -9999 -9999 -9999 -9999 -9999 -9999 -9999 -9999 -9999 -9999 -9999 -9999 -9999 -9999 -9999 -9999 -9999 -9999 -9999 -9999 -9999 -9999 -9999 -9999 -9999 -9999 -9999 -9999 -9999 -9999 -9999 -9999 -9999 -9999 -9999 -9999 -9999 -9999 -9999 -9999 -9999 -9999
0 0 2 2 2 2 2 2 2 2 2 2 2 2 2 2 2 2 2 8.5 8.5 8.5 8.5 8.5 8.5 8.5 8.5 8.5 7.6000000000000005 7.6000000000000005 7.6000000000000005 7.6000000000000005 7.6000000000000005 0 -9999 -9999 -9999 -9999 -9999 -9999 -9999 -9999 -9999 -9999 -9999 -9999 -9999 -9999 -9999 -9999 -9999 -9999 -9999 -9999 -9999 -9999 -9999 -9999 -9999 -9999 -9999 -9999 -9999 -9999 -9999 -9999 -9999 -9999 -9999 -9999 -9999 -9999 -9999 -9999 -9999 -9999 -9999
0 2 2 2 2 2 2 2 2 2 2 2 2 2 8.5 8.5 2 8.5 8.5 8.5 8.5 8.5 8.5 8.5 8.5 8.5 8.5 8.5 8.9 8.9 7.6000000000000005 7.6000000000000005 7.6000000000000005 7.6000000000000005 7.6000000000000005 -9999 -9999 -9999 -9999 -9999 -9999 -9999 -9999 -9999 -9999 -9999 -9999 -9999 -9999 -9999 -9999 -9999 -9999 -9999 -9999 -9999 -9999 -9999 -9999 -9999 -9999 -9999 -9999 -9999 -9999 3 0 0 7 -9999 -9999 -9999 -9999 -9999 -9999 -9999 -9999
2 2 2 2 2 2 2 2 2 2 2 2 2 8.5 8.5 8.5 8.5 8.5 8.5 8.5 8.5 8.5 8.5 8.5 8.5 8.5 8.5 1.2000000000000002 1.2000000000000002 1.2000000000000002 8.9 7.6000000000000005 7.6000000000000005 7.6000000000000005 7.6000000000000005 7.6000000000000005 -9999 -9999 -9999 -9999 -9999 -9999 -9999 -9999 -9999 -9999 -9999 -9999 -9999 -9999 -9999 -9999 -9999 -9999 -9999 -9999 -9999 -9999 -9999 -9999 -9999 -9999 -9999 -9999 3 0 -9999 -9999 0 3 -9999 -9999 -9999 -9999 -9999 -9999 -9999
2 2 2 2 2 2 2 2 2 2 2 2 2 8.5 8.5 8.5 8.5 8.5 8.5 8.5 8.5 8.5 8.5 8.5 8.5 8.5 8.5 1.2000000000000002 1.2000000000000002 1.2000000000000002 8.9 8.9 15.9 7.6000000000000005 7.6000000000000005 7.6000000000000005 7.6000000000000005 7.6000000000000005 -9999 -9999 -9999 -9999 -9999 -9999 -9999 9 -9999 -9999 -9999 -9999 -9999 -9999 -9999 -9999 -9999 -9999 2 2 2 2 -9999 -9999 -9999 2 3 0 -9999 -9999 1 0 3 -9999 -9999 -9999 -9999 -9999 -9999
2 2 2 2 2 2 2 2 2 2 2 2 8.5 8.5 8.5 8.5 8.5 8.5 8.5 8.5 8.5 8.5 8.5 8.5 8.5 8.5 1.2000000000000002 1.2000000000000002 1.2000000000000002 8.9 8.9 8.9 15.9 15.9 7.6000000000000005 7.6000000000000005 7.6000000000000005 -9999 -9999 7.6000000000000005 7.6000000000000005 -9999 7.6000000000000005 -9999 -9999 -9999 -9999 -9999 -9999 -9999 -9999 -9999 -9999 -9999 -9999 -9999 2 2 2 2 2 2 2 2 2 2 0 0 2 0 0 7.6000000000000005 7.6000000000000005 7.6000000000000005 7.6000000000000005 -9999 -9999
8.5 2 2 2 2 2 2 2 2 2 2 2 8.5 8.5 8.5 8.5 8.5 8.5 8.5 8.5 8.5 8.5 8.5 8.5 8.5 1.2000000000000002 1.2000000000000002 1.2000000000000002 1.2000000000000002 10 8.9 8.9 15.9 15.9 15.9 16.5 7.6000000000000005 7.6000000000000005 7.6000000000000005 7.6000000000000005 7.6000000000000005 -9999 -9999 7.6000000000000005 -9999 -9999 -9999 -9999 -9999 -9999 -9999 -9999 -9999 -9999 -9999 -9999 2 2 2 2 2 2 2 2 2 2 1.7000000000000002 1.7000000000000002 4 -9999 2 7.6000000000000005 7.6000000000000005 7.6000000000000005 7.6000000000000005 -9999 -9999
8.5 8.5 8.5 8.5 2 2 2 2 2 2 2 2 2 8.5 8.5 8.5 8.5 8.5 8.5 8.5 8.5 8.5 8.5 8.5 8.5 1.2000000000000002 10 10 10 10 10 8.9 15.9 15.9 15.9 16.5 16.5 -9999 -9999 -9999 -9999 7.6000000000000005 7.6000000000000005 0 -9999 -9999 -9999 -9999 -9999 -9999 -9999 -9999 -9999 -9999 -9999 -9999 2 2 2 2 2 2 2 2 2 2 1.7000000000000002 1.7000000000000002 1.7000000000000002 1.7000000000000002 8.9 8.9 8.9 8.9 7.6000000000000005 -9999 -9999
8.5 8.5 8.5 8.5 8.5 8.5 8.5 8.5 2 2 2 2 2 8.5 8.5 8.5 8.5 8.5 8.5 8.5 8.5 8.5 8.5 8.5 1.2000000000000002 1.2000000000000002 10 10 10 10 10 8.9 8.9 15.9 16.5 16.5 -9999 14 14 14 14 -9999 -9999 143 -9999 -9999 2 2 2 2 2 2 2 2 2 2 2 2 2 2 2 2 2 2 2 1.7000000000000002 1.7000000000000002 1.7000000000000002 1.7000000000000002 0 8.9 8.9 8.9 8.9 7.6000000000000005 -9999 -9999
8.5 8.5 8.5 8.5 8.5 8.5 8.5 8.5 8.5 8.5 8.5 8.5 8.5 8.5 8.5 8.5 8.5 8.5 8.5 8.5 8.5 8.5 8.5 1.2000000000000002 1.2000000000000002 1.2000000000000002 10 10 10 10 10 8.9 8.9 15.9 16.5 16.5 -9999 14 14 14 14 14 14 -9999 -9999 -9999 2 2 2 2 2 2 2 2 2 2 2 2 2 2 2 2 2 2 2 1.7000000000000002 1.7000000000000002 1.7000000000000002 1.7000000000000002 -9999 8.9 8.9 8.9 8.9 8.9 7.6000000000000005 -9999
8.5 8.5 8.5 8.5 8.5 8.5 8.5 8.5 8.5 8.5 8.5 8.5 8.5 8.5 8.5 8.5 8.5 8.5 8.5 8.5 8.5 8.5 1.2000000000000002 1.2000000000000002 1.2000000000000002 1.2000000000000002 10 10 10 10 10 10 8.9 15.9 16.5 -9999 16.5 14 14 14 14 14 14 14 14 14 2 2 2 2 2 2 2 2 2 2 2 2 2 2 2 2 2 2 2 1.7000000000000002 1.7000000000000002 1.7000000000000002 -9999 8.9 8.9 8.9 8.9 8.9 8.9 7.6000000000000005 7.6000000000000005
8.5 8.5 8.5 8.5 8.5 8.5 8.5 8.5 8.5 8.5 8.5 8.5 8.5 8.5 8.5 8.5 8.5 8.5 8.5 8.5 8.5 8.5 1.2000000000000002 1.2000000000000002 1.2000000000000002 1.2000000000000002 10 10 10 10 10 8.9 8.9 16.5 16.5 -9999 16.5 14 14 14 14 14 14 14 14 14 2 2 2 2 2 2 2 2 2 2 2 2 2 2 2 2 2 2 2 2 2 1.7000000000000002 -9999 5.9 8.9 8.9 8.9 8.9 8.9 7.6000000000000005 8.9
4.7 4.7 4.7 8.5 8.5 8.5 8.5 8.5 8.5 8.5 8.5 8.5 8.5 8.5 8.5 8.5 8.5 8.5 8.5 8.5 8.5 1.2000000000000002 1.2000000000000002 1.2000000000000002 1.2000000000000002 1.2000000000000002 10 10 10 10 10 8.9 15.9 16.5 16.5 16.5 16.5 14 14 14 14 14 14 14 14 2 2 2 2 2 2 2 2 2 2 2 2 2 2 2 2 2 2 2 2 2 2 -9999 5.9 5.9 8.9 8.9 8.9 8.9 8.9 8.9 -9999
4.7 4.7 4.7 4.7 4.7 4.7 8.5 8.5 8.5 8.5 8.5 8.5 8.5 8.5 8.5 8.5 8.5 8.5 8.5 8.5 1.2000000000000002 1.2000000000000002 1.2000000000000002 1.2000000000000002 1.2000000000000002 1.2000000000000002 10 10 10 10 10 15.9 15.9 16.5 -9999 16.5 16.5 14 14 14 14 14 14 14 1.5 1.5 1.5 1.5 2 2 2 2 2 0 0 2 2 2 2 4.6000000000000005 2 2 2 2 2 2 -9999 5.9 5.9 5.9 5.9 8.9 8.9 8.9 8.9 8.9 -9999
4.7 4.7 4.7 4.7 4.7 4.7 4.7 4.7 8.5 8.5 8.5 8.5 8.5 8.5 8.5 8.5 8.5 8.5 8.5 8.5 6.1000000000000005 6.1000000000000005 1.2000000000000002 1.2000000000000002 6.1000000000000005 6.1000000000000005 6.1000000000000005 10 10 10 15.9 15.9 16.5 16.5 -9999 16.5 16.5 14 14 14 14 14 14 1.5 1.5 1.5 1.5 1.5 1.5 2 2 2 0 0 0 0 2 2 4.6000000000000005 4.6000000000000005 4.6000000000000005 2 2 2 2 2 -9999 5.9 5.9 5.9 5.9 5.9 8.9 8.9 8.9 8.9 -9999
4.7 4.7 4.7 4.7 4.7 4.7 4.7 4.7 4.7 4.7 8.5 8.5 8.5 8.5 8.5 8.5 8.5 8.5 8.5 6.1000000000000005 6.1000000000000005 6.1000000000000005 6.1000000000000005 6.1000000000000005 10.3 6.1000000000000005 6.1000000000000005 10 10 15.9 15.9 15.9 16.5 16.5 16.5 16.5 0.1 0.1 14 14 14 14 14 12.600000000000001 1.5 1.5 1.5 1.5 1.5 2 2 0 0 0 0 0 2 4.6000000000000005 4.6000000000000005 4.6000000000000005 4.6000000000000005 2 2 2 2 -9999 5.9 5.9 5.9 5.9 5.9 8.9 8.9 8.9 8.9 8.9 8.9
4.7 4.7 4.7 4.7 4.7 4.7 4.7 4.7 4.7 4.7 4.7 4.7 4.7 8.5 8.5 8.5 8.5 8.5 6.1000000000000005 6.1000000000000005 6.1000000000000005 6.1000000000000005 6.1000000000000005 10.3 10.3 10.3 10.3 10 2 2 15.9 15.9 16.5 -9999 16.5 16.5 0.1 0.1 0.1 12.600000000000001 12.600000000000001 12.600000000000001 12.600000000000001 12.600000000000001 12.600000000000001 1.5 1.5 1.5 1.5 1.5 0 0 0 0 0 0 0 0 4.6000000000000005 4.6000000000000005 4.6000000000000005 2.6 2.6 2.6 -9999 2.5 5.9 5.9 5.9 5.9 5.9 5.9 8.9 8.9 8.9 8.9 8.9
5.800000000000001 5.800000000000001 5.800000000000001 4.7 4.7 4.7 4.7 4.7 4.7 4.7 4.7 4.7 4.7 4.7 4.7 8.5 8.5 6.1000000000000005 6.1000000000000005 6.1000000000000005 6.1000000000000005 6.1000000000000005 10.3 10.3 10.3 10.3 10.3 2 2 2 15.9 15.9 16.5 -9999 16.5 0.1 0.1 0.1 0.1 0.1 12.600000000000001 12.600000000000001 12.600000000000001 12.600000000000001 12.600000000000001 12.600000000000001 1.5 1.5 1.5 0 0 0 0 0 0 0 0 0 4.6000000000000005 4.6000000000000005 2.6 2.6 2.6 2.6 -9999 2.5 2.5 2.5 5.9 5.9 5.9 5.9 5.9 5.9 5.9 8.9 8.9
5.800000000000001 5.800000000000001 5.800000000000001 5.800000000000001 5.800000000000001 4.7 4.7 4.7 4.7 4.7 4.7 4.7 4.7 4.7 4.7 4.7 4.7 6.1000000000000005 6.1000000000000005 6.1000000000000005 6.1000000000000005 6.1000000000000005 10.3 10.3 10.3 10.3 2 2 2 2 15.9 16.5 16.5 16.5 16.5 0.1 0.1 0.1 0.1 0.1 0.1 12.600000000000001 12.600000000000001 12.600000000000001 12.600000000000001 12.600000000000001 12.600000000000001 1.5 1.5 0 0 0 0 0 0 0 2.6 2.6 2.6 2.6 2.6 2.6 2.6 -9999 2.5 2.5 2.5 2.5 2.5 5.9 5.9 5.9 5.9 5.9 5.9 5.9 8.9
5.800000000000001 5.800000000000001 5.800000000000001 5.800000000000001 5.800000000000001 4.7 4.7 4.7 4.7 4.7 4.7 4.7 4.7 4.7 4.7 4.7 2.9000000000000004 2.9000000000000004 2.9000000000000004 6.1000000000000005 6.1000000000000005 10.3 10.3 10.3 2.9000000000000004 2.9000000000000004 2 2 15.9 15.9 15.9 16.5 -9999 16.5 16.5 0.1 0.1 0.1 0.1 0.1 0.1 0.1 0.1 12.600000000000001 12.600000000000001 12.600000000000001 12.600000000000001 1.5 1.5 0 0 0 0 0 0 0 2.6 2.6 2.6 2.6 2.6 2.6 2.6 -9999 2.5 2.5 2.5 2.5 2.5 2.5 5.9 5.9 5.9 5.9 5.9 5.9 8.9
5.800000000000001 5.800000000000001 5.800000000000001 5.800000000000001 5.800000000000001 5.800000000000001 4.7 4.7 4.7 4.7 4.7 4.7 4.7 4.7 4.7 2.9000000000000004 2.9000000000000004 2.9000000000000004 2.9000000000000004 2.9000000000000004 10.3 10.3 10.3 2.9000000000000004 2.9000000000000004 2.9000000000000004 2.9000000000000004 2.9000000000000004 2.9000000000000004 15.9 16.5 16.5 -9999 16.5 16.5 0.1 0.1 0.1 0.1 0.1 0.1 0.1 0.1 0.1 12.600000000000001 12.600000000000001 12.600000000000001 1.5 1.5 1.5 0 0 0 0 2.6 2.6 2.6 2.6 3.6 2.6 2.6 2.6 2.6 -9999 2.5 2.5 2.5 2.5 2.5 2.5 5.9 5.9 5.9 5.9 5.9 12.100000000000001 8.9
5.800000000000001 5.800000000000001 5.800000000000001 5.800000000000001 5.800000000000001 5.800000000000001 5.800000000000001 5.800000000000001 5.800000000000001 4.7 4.7 4.7 4.7 4.7 4.7 2.9000000000000004 2.9000000000000004 2.9000000000000004 2.9000000000000004 2.9000000000000004 10.3 10.3 2.9000000000000004 2.9000000000000004 2.9000000000000004 2.9000000000000004 2.9000000000000004 2.9000000000000004 2.9000000000000004 2.9000000000000004 16.5 16.5 16.5 16.5 16.5 0.1 0.1 0.1 0.1 0.1 0.1 13.200000000000001 0.1 0.1 0.1 12.600000000000001 12.600000000000001 12.600000000000001 1.5 1.5 1.5 2.6 2.6 2.6 2.6 2.6 2.6 3.6 3.6 3.6 2.6 2.6 2.6 1.9000000000000001 2.5 2.5 2.5 2.5 2.5 2.5 2.5 12.100000000000001 12.100000000000001 12.100000000000001 12.100000000000001 12.100000000000001 12.100000000000001
5.4 5.800000000000001 5.800000000000001 0 0 0 5.800000000000001 5.800000000000001 5.800000000000001 5.800000000000001 4.7 4.7 4.7 4.7 0.2 2.9000000000000004 2.9000000000000004 2.9000000000000004 2.9000000000000004 2.9000000000000004 10.3 2.9000000000000004 2.9000000000000004 2.9000000000000004 2.9000000000000004 2.9000000000000004 2.9000000000000004 2.9000000000000004 2.9000000000000004 4 16.5 -9999 16.5 16.5 4 4 0.1 0.1 0.1 0.1 13.200000000000001 13.200000000000001 13.200000000000001 0.1 0.1 13.200000000000001 12.600000000000001 12.600000000000001 12.600000000000001 1.5 1.5 2.6 2.6 2.6 2.6 3.6 3.6 3.6 3.6 3.6 3.6 3.6 1.9000000000000001 1.9000000000000001 -9999 0 2.5 2.5 2.5 2.5 12.100000000000001 12.100000000000001 12.100000000000001 12.100000000000001 12.100000000000001 12.100000000000001 12.100000000000001
9.8 5.4 5.4 0 0 0 0 5.800000000000001 5.800000000000001 5.800000000000001 4.7 4.7 4.7 0.2 0.2 0.2 2.9000000000000004 2.9000000000000004 2.9000000000000004 2.9000000000000004 2.9000000000000004 2.9000000000000004 2.9000000000000004 2.9000000000000004 2.9000000000000004 2.9000000000000004 2.9000000000000004 2.9000000000000004 2.9000000000000004 4 2 4 4 4 4 4 4 4 4 13.200000000000001 13.200000000000001 13.200000000000001 13.200000000000001 13.200000000000001 13.200000000000001 13.200000000000001 13.200000000000001 12.600000000000001 12.600000000000001 12.600000000000001 1.5 2.6 2.6 3.6 3.6 3.6 3.6 3.6 3.6 3.6 3.6 1.9000000000000001 1.9000000000000001 1.9000000000000001 1.9000000000000001 1.9000000000000001 -9999 0 2.5 2.5 2.5 12.100000000000001 12.100000000000001 2.5 12.100000000000001 12.100000000000001 12.100000000000001
9.8 5.4 5.4 5.4 5.4 0 0 0 0 4.7 4.7 4.7 0.2 0.2 0.2 0.2 0.2 2.9000000000000004 2.9000000000000004 2.9000000000000004 2.9000000000000004 2.9000000000000004 2.9000000000000004 2.9000000000000004 2.9000000000000004 2.9000000000000004 2.9000000000000004 2.9000000000000004 4 4 -9999 4 4 4 4 4 4 4 4 13.200000000000001 13.200000000000001 2.5 2.5 2.5 2.5 2.5 2.5 2.5 2.5 12.600000000000001 12.600000000000001 12.600000000000001 12.600000000000001 3.6 3.6 3.6 3.6 3.6 3.6 3.6 4.4 4.4 1.9000000000000001 1.9000000000000001 1.9000000000000001 1.9000000000000001 1.9000000000000001 0 2.5 2.5 2.5 2.5 2.5 2.5 2.5 2.5 12.100000000000001
