04_184A001/ppa.asc
ncols 378
nrows 390
xllcorner 613424
yllcorner 6870896
cellsize 16
nodata_value -9999
[rows 111 to 147 of 390, columns 0 to 81 of 378]
-9999 10 10 23 23 23 6 6 6 6 6 6 6 6 6 6 6 6 6 6 16 16 16 6 6 6 6 6 16 20 9 20 20 -9999 -9999 -9999 36 36 36 36 36 36 36 15 15 15 15 15 15 15 42 42 42 23 23 23 32 32 32 32 32 32 32 32 32 32 32 11 11 11 11 11 -9999 -9999 -9999 -9999 -9999 -9999 -9999 -9999 -9999 -9999
-9999 -9999 23 23 23 23 23 23 23 6 6 6 6 6 6 6 6 6 6 6 6 16 6 6 6 6 16 16 16 16 16 -9999 20 -9999 -9999 12 13 36 36 36 36 36 36 15 15 15 15 15 15 15 15 15 23 23 23 23 23 32 32 32 32 32 32 32 32 32 32 32 32 11 11 11 11 -9999 -9999 -9999 -9999 -9999 -9999 -9999 -9999 -9999
-9999 -9999 23 23 23 23 23 23 6 6 6 6 6 6 6 6 6 6 6 6 6 6 6 6 6 6 16 16 16 16 16 -9999 16 -9999 15 10 6 17 18 36 36 36 36 15 15 15 15 15 15 15 15 15 15 20 23 23 23 23 32 32 32 32 32 32 32 32 32 32 32 32 11 11 18 -9999 -9999 -9999 -9999 -9999 -9999 -9999 -9999 -9999
-9999 -9999 12 12 12 23 23 23 6 6 6 6 6 6 6 6 6 6 6 6 6 6 6 6 6 6 6 6 16 16 16 -9999 16 -9999 22 4 7 12 14 19 23 36 36 36 15 15 15 15 15 15 15 15 15 20 20 20 23 23 23 23 32 32 32 32 32 32 32 32 32 32 32 32 32 18 18 -9999 -9999 -9999 -9999 -9999 -9999 -9999
-9999 -9999 -9999 -9999 12 12 12 23 6 6 6 6 6 6 6 6 6 6 6 6 6 20 6 6 6 6 19 19 19 16 16 -9999 16 -9999 -9999 -9999 -9999 -9999 -9999 4 3 7 36 36 36 15 15 15 15 15 15 15 15 20 20 20 20 20 23 23 30 30 30 30 30 32 32 32 32 32 32 32 32 18 18 18 18 -9999 -9999 -9999 -9999 -9999
-9999 -9999 -9999 -9999 12 12 12 12 12 6 6 6 6 6 6 6 6 6 6 6 6 20 20 6 20 19 19 19 19 19 19 16 16 -9999 4 -9999 -9999 -9999 -9999 0 0 4 36 36 36 36 15 15 15 15 15 20 20 20 20 20 20 20 20 20 30 30 30 30 30 30 30 32 32 32 32 32 32 18 18 18 18 -9999 -9999 -9999 -9999 -9999
-9999 -9999 -9999 -9999 12 12 12 12 32 32 32 32 6 6 6 6 6 6 6 6 20 20 20 20 20 19 19 19 19 19 19 19 16 16 -9999 -9999 -9999 -9999 -9999 -9999 -9999 4 36 36 36 36 36 36 15 15 15 20 20 20 20 20 20 20 20 20 20 30 30 30 30 30 30 30 20 32 32 32 18 18 18 18 18 18 18 -9999 -9999 -9999
-9999 -9999 -9999 -9999 25 12 12 12 12 32 32 32 32 32 6 6 6 6 6 6 6 20 20 20 20 20 19 19 19 19 19 19 -9999 16 -9999 -9999 -9999 -9999 2 13 13 1 -9999 -9999 20 36 36 36 16 16 16 20 20 20 20 20 20 20 20 20 20 20 39 39 30 30 30 20 20 20 20 32 18 18 18 18 18 18 29 31 -9999 -9999
-9999 -9999 -9999 -9999 25 12 12 12 12 32 32 32 32 32 32 32 6 6 6 6 20 20 20 20 20 20 20 19 19 19 19 19 -9999 16 -9999 13 13 3 13 13 13 13 13 -9999 -9999 13 13 16 16 16 16 16 20 20 20 20 20 20 20 20 20 20 39 39 39 39 30 20 20 20 20 20 20 18 18 18 18 18 18 -9999 -9999 -9999
-9999 -9999 -9999 -9999 5 12 12 12 12 32 32 32 32 32 32 32 32 21 21 20 20 20 20 20 20 20 20 20 19 19 19 19 19 16 -9999 13 13 13 13 13 13 13 13 13 13 13 13 13 13 16 16 16 16 16 16 16 28 28 28 28 28 20 20 39 39 39 39 25 20 20 20 20 20 20 20 20 20 18 18 -9999 -9999 -9999
-9999 -9999 -9999 -9999 -9999 5 12 12 32 19 5 32 32 32 32 32 21 21 21 21 21 20 20 20 20 20 20 20 20 19 19 19 19 0 -9999 13 13 13 13 13 13 13 13 13 13 13 13 13 13 13 13 16 16 16 16 28 28 28 28 28 28 28 28 28 39 39 39 25 25 25 20 20 20 20 20 20 20 -9999 -9999 -9999 -9999 -9999
-9999 -9999 -9999 -9999 -9999 -9999 12 19 5 5 5 5 32 32 32 21 21 21 21 21 21 10 10 20 20 20 20 20 20 20 20 19 20 -9999 -9999 13 13 13 13 11 11 13 11 13 13 13 13 13 13 13 0 0 0 0 28 28 28 28 28 28 28 28 28 28 39 39 25 25 25 25 25 20 20 20 20 20 -9999 -9999 -9999 -9999 -9999 -9999
-9999 -9999 -9999 -9999 -9999 -9999 -9999 -9999 -9999 -9999 -9999 -9999 -9999 32 -9999 -9999 21 21 21 21 21 10 -9999 -9999 10 10 20 20 20 20 20 20 20 -9999 -9999 13 13 13 11 11 11 11 11 11 11 11 13 13 13 0 0 0 0 0 0 0 28 27 27 28 28 28 28 28 28 25 25 25 25 25 25 25 25 20 20 20 -9999 -9999 -9999 -9999 -9999 -9999
-9999 -9999 -9999 -9999 -9999 -9999 -9999 -9999 -9999 -9999 -9999 -9999 -9999 -9999 -9999 -9999 -9999 21 21 21 10 10 -9999 -9999 -9999 10 21 21 20 20 20 20 20 20 2 -9999 13 13 13 13 11 23 23 23 23 11 11 11 11 11 0 0 0 0 0 0 0 27 27 28 28 28 28 28 28 28 25 25 25 25 25 25 25 25 25 20 -9999 -9999 -9999 -9999 -9999 -9999
-9999 -9999 -9999 -9999 -9999 -9999 -9999 -9999 -9999 -9999 -9999 -9999 -9999 -9999 -9999 -9999 -9999 -9999 -9999 -9999 -9999 -9999 -9999 -9999 -9999 -9999 -9999 -9999 -9999 21 20 20 20 20 -9999 -9999 13 13 13 13 13 23 23 23 23 23 23 11 11 11 11 0 0 0 0 0 27 27 27 27 28 28 28 28 28 28 17 25 24 24 24 25 25 25 25 25 25 -9999 -9999 -9999 -9999 -9999
-9999 -9999 -9999 -9999 -9999 -9999 -9999 -9999 -9999 -9999 -9999 -9999 -9999 -9999 -9999 -9999 -9999 -9999 -9999 -9999 -9999 -9999 -9999 -9999 -9999 -9999 -9999 -9999 -9999 -9999 21 21 12 20 -9999 -9999 13 13 13 13 13 10 23 23 23 23 23 23 23 11 23 23 23 0 0 0 27 27 27 27 28 28 28 28 17 17 18 18 24 24 24 24 25 25 25 25 25 25 -9999 -9999 -9999 -9999
-9999 -9999 -9999 -9999 -9999 -9999 -9999 -9999 -9999 -9999 -9999 -9999 -9999 -9999 -9999 -9999 -9999 -9999 -9999 -9999 -9999 -9999 -9999 -9999 -9999 -9999 -9999 -9999 -9999 -9999 -9999 -9999 -9999 12 -9999 4 -9999 13 13 13 1 -9999 -9999 23 23 23 23 23 23 23 23 23 23 23 23 27 27 27 27 25 25 28 28 28 17 17 18 18 18 24 24 24 24 25 25 25 25 25 22 22 -9999 -9999
-9999 -9999 -9999 -9999 -9999 -9999 -9999 -9999 -9999 -9999 -9999 -9999 -9999 -9999 -9999 -9999 -9999 -9999 -9999 -9999 -9999 -9999 -9999 -9999 -9999 -9999 -9999 -9999 -9999 -9999 -9999 -9999 -9999 -9999 -9999 -9999 -9999 13 -9999 4 -9999 -9999 -9999 -9999 -9999 23 23 23 23 23 23 23 23 23 23 33 27 27 27 25 25 17 17 17 17 17 18 18 18 24 24 24 24 25 25 25 25 25 22 22 22 -9999
-9999 -9999 -9999 -9999 -9999 -9999 -9999 -9999 -9999 -9999 -9999 -9999 -9999 -9999 -9999 -9999 -9999 -9999 -9999 -9999 -9999 -9999 -9999 -9999 -9999 -9999 -9999 -9999 -9999 -9999 -9999 -9999 -9999 -9999 -9999 -9999 -9999 6 -9999 -9999 -9999 -9999 -9999 -9999 -9999 -9999 -9999 -9999 23 23 23 23 23 23 33 33 33 33 25 25 25 17 17 17 17 18 18 18 24 24 24 24 24 25 25 25 25 22 22 22 22 22
-9999 -9999 -9999 -9999 -9999 -9999 -9999 -9999 -9999 -9999 -9999 -9999 -9999 -9999 -9999 -9999 -9999 -9999 -9999 -9999 -9999 -9999 -9999 -9999 -9999 -9999 -9999 -9999 -9999 -9999 -9999 -9999 -9999 -9999 -9999 -9999 -9999 -9999 -9999 -9999 -9999 -9999 -9999 -9999 -9999 -9999 -9999 -9999 -9999 -9999 -9999 -9999 23 23 33 33 33 33 25 25 25 25 17 17 17 18 18 18 24 24 24 24 24 25 25 25 22 -9999 -9999 22 22 -9999
-9999 -9999 -9999 -9999 -9999 -9999 -9999 -9999 -9999 -9999 -9999 -9999 -9999 -9999 -9999 -9999 -9999 -9999 -9999 -9999 -9999 -9999 -9999 -9999 -9999 -9999 -9999 -9999 -9999 -9999 -9999 -9999 -9999 -9999 -9999 -9999 -9999 -9999 -9999 -9999 -9999 -9999 -9999 -9999 -9999 -9999 -9999 -9999 -9999 -9999 -9999 -9999 -9999 33 33 33 33 33 33 33 25 25 25 25 18 18 18 24 24 24 24 24 24 24 25 25 -9999 22 22 22 22 22
-9999 -9999 -9999 -9999 -9999 -9999 -9999 -9999 -9999 -9999 -9999 -9999 -9999 -9999 -9999 -9999 -9999 -9999 -9999 -9999 -9999 -9999 -9999 -9999 -9999 -9999 -9999 -9999 -9999 -9999 -9999 -9999 -9999 -9999 -9999 -9999 -9999 -9999 -9999 -9999 -9999 -9999 -9999 -9999 -9999 -9999 -9999 -9999 -9999 -9999 -9999 -9999 -9999 33 33 33 33 33 33 33 25 25 25 25 14 18 18 24 24 24 24 24 24 24 24 -9999 22 22 22 22 22 22
-9999 -9999 -9999 -9999 -9999 -9999 -9999 -9999 -9999 -9999 -9999 -9999 -9999 -9999 -9999 -9999 -9999 -9999 -9999 -9999 -9999 -9999 -9999 -9999 -9999 -9999 -9999 -9999 -9999 -9999 -9999 -9999 -9999 -9999 -9999 -9999 -9999 -9999 -9999 -9999 -9999 -9999 -9999 -9999 -9999 -9999 0 0 0 -9999 -9999 -9999 33 33 33 33 33 33 33 33 25 25 25 14 14 14 24 24 24 24 24 24 24 24 24 22 22 22 22 22 22 22
-9999 -9999 -9999 -9999 -9999 -9999 -9999 -9999 -9999 -9999 -9999 -9999 -9999 -9999 -9999 -9999 -9999 -9999 -9999 -9999 -9999 -9999 -9999 -9999 -9999 -9999 -9999 -9999 -9999 -9999 -9999 -9999 -9999 -9999 -9999 -9999 -9999 -9999 -9999 -9999 -9999 -9999 -9999 -9999 -9999 -9999 -9999 -9999 -9999 -9999 -9999 -9999 33 33 33 33 33 33 33 25 25 25 25 14 14 14 14 14 14 24 24 24 24 24 -9999 22 22 22 22 22 22 22
-9999 -9999 -9999 -9999 -9999 -9999 -9999 -9999 -9999 -9999 -9999 -9999 -9999 -9999 -9999 -9999 -9999 -9999 -9999 -9999 -9999 -9999 -9999 -9999 -9999 -9999 -9999 -9999 -9999 -9999 -9999 -9999 -9999 -9999 -9999 -9999 -9999 -9999 -9999 -9999 -9999 -9999 -9999 -9999 -9999 -9999 -9999 -9999 -9999 -9999 -9999 33 33 33 33 33 33 33 33 25 25 25 25 14 14 14 14 14 14 14 14 14 24 -9999 -9999 -9999 -9999 22 22 22 22 22
-9999 -9999 -9999 -9999 -9999 -9999 -9999 -9999 -9999 -9999 -9999 -9999 -9999 -9999 -9999 -9999 -9999 -9999 -9999 -9999 -9999 -9999 -9999 -9999 -9999 -9999 -9999 -9999 -9999 -9999 -9999 -9999 -9999 -9999 -9999 -9999 -9999 -9999 -9999 -9999 -9999 -9999 -9999 -9999 -9999 -9999 -9999 -9999 -9999 -9999 -9999 33 33 33 33 33 33 33 33 33 33 33 15 15 15 15 14 14 14 14 14 14 14 -9999 -9999 -9999 -9999 -9999 22 22 22 22
-9999 -9999 -9999 -9999 -9999 -9999 -9999 -9999 -9999 -9999 -9999 -9999 -9999 -9999 -9999 -9999 -9999 -9999 -9999 -9999 -9999 -9999 -9999 -9999 -9999 -9999 -9999 -9999 -9999 -9999 -9999 -9999 -9999 -9999 -9999 -9999 -9999 -9999 -9999 -9999 -9999 -9999 -9999 -9999 -9999 -9999 -9999 -9999 -9999 -9999 33 33 33 33 33 33 33 33 33 33 33 33 15 15 15 15 15 15 15 14 14 14 -9999 -9999 -9999 -9999 -9999 22 22 22 22 22
-9999 -9999 -9999 -9999 -9999 -9999 -9999 -9999 -9999 -9999 -9999 -9999 -9999 -9999 -9999 -9999 -9999 -9999 -9999 -9999 -9999 -9999 -9999 -9999 -9999 -9999 -9999 -9999 -9999 -9999 -9999 -9999 -9999 -9999 -9999 -9999 -9999 -9999 -9999 -9999 -9999 -9999 -9999 -9999 -9999 -9999 -9999 -9999 -9999 -9999 0 33 33 33 33 33 33 33 33 33 33 15 15 15 15 15 15 15 15 15 14 -9999 -9999 -9999 -9999 -9999 -9999 22 22 22 22 22
-9999 -9999 -9999 -9999 -9999 -9999 -9999 -9999 -9999 -9999 -9999 -9999 -9999 -9999 -9999 -9999 -9999 -9999 -9999 -9999 -9999 -9999 -9999 -9999 -9999 -9999 -9999 -9999 -9999 -9999 -9999 -9999 -9999 -9999 -9999 -9999 -9999 -9999 -9999 -9999 -9999 -9999 -9999 -9999 -9999 -9999 -9999 -9999 -9999 0 0 33 33 33 33 33 33 33 33 33 33 15 15 15 15 15 15 15 15 15 15 -9999 -9999 -9999 -9999 -9999 -9999 -9999 22 22 22 22
-9999 -9999 -9999 -9999 -9999 -9999 -9999 -9999 -9999 -9999 -9999 -9999 -9999 -9999 -9999 -9999 -9999 -9999 -9999 -9999 -9999 -9999 -9999 -9999 -9999 -9999 -9999 -9999 -9999 -9999 -9999 -9999 -9999 -9999 -9999 -9999 -9999 -9999 -9999 -9999 -9999 -9999 -9999 -9999 -9999 -9999 -9999 -9999 -9999 0 0 0 0 0 0 33 33 33 33 33 15 15 15 15 15 15 15 15 15 15 -9999 -9999 -9999 -9999 -9999 -9999 -9999 -9999 -9999 -9999 22 22
-9999 -9999 -9999 -9999 -9999 -9999 -9999 -9999 -9999 -9999 -9999 -9999 -9999 -9999 -9999 -9999 -9999 -9999 -9999 -9999 -9999 -9999 -9999 -9999 -9999 -9999 -9999 -9999 -9999 -9999 -9999 -9999 -9999 -9999 -9999 -9999 -9999 -9999 -9999 -9999 -9999 -9999 -9999 -9999 -9999 -9999 -9999 -9999 15 15 15 15 0 0 0 33 33 33 33 33 15 15 15 15 15 15 15 15 15 15 -9999 -9999 -9999 -9999 -9999 -9999 -9999 -9999 -9999 -9999 -9999 16
-9999 -9999 -9999 -9999 -9999 -9999 -9999 -9999 -9999 -9999 -9999 -9999 -9999 -9999 -9999 -9999 -9999 -9999 -9999 -9999 -9999 -9999 -9999 -9999 -9999 -9999 -9999 -9999 -9999 -9999 -9999 -9999 -9999 -9999 -9999 -9999 -9999 -9999 -9999 -9999 -9999 -9999 -9999 -9999 -9999 -9999 -9999 -9999 15 15 15 15 15 15 15 33 33 15 33 33 15 15 15 15 15 15 15 15 15 -9999 14 14 -9999 -9999 -9999 -9999 -9999 -9999 -9999 -9999 16 16
-9999 -9999 -9999 -9999 -9999 -9999 -9999 -9999 -9999 -9999 -9999 -9999 -9999 -9999 -9999 -9999 -9999 -9999 -9999 -9999 -9999 -9999 -9999 -9999 -9999 -9999 -9999 -9999 -9999 -9999 -9999 -9999 -9999 -9999 -9999 -9999 -9999 -9999 -9999 -9999 -9999 -9999 -9999 -9999 -9999 -9999 -9999 0 0 15 15 15 15 15 15 15 15 15 15 15 15 15 15 15 15 15 15 15 15 -9999 14 14 14 14 -9999 -9999 -9999 -9999 -9999 -9999 16 16
-9999 -9999 -9999 -9999 -9999 -9999 -9999 -9999 -9999 -9999 -9999 -9999 -9999 -9999 -9999 -9999 -9999 -9999 -9999 -9999 -9999 -9999 -9999 -9999 -9999 -9999 -9999 -9999 -9999 -9999 -9999 -9999 -9999 -9999 -9999 -9999 -9999 -9999 -9999 -9999 -9999 -9999 -9999 -9999 -9999 -9999 -9999 0 0 0 15 15 15 15 15 15 15 15 15 13 13 15 15 15 15 15 15 15 14 -9999 14 14 14 14 14 14 14 14 -9999 20 20 20
-9999 -9999 -9999 -9999 -9999 -9999 -9999 -9999 -9999 -9999 -9999 -9999 -9999 -9999 -9999 -9999 -9999 -9999 -9999 -9999 -9999 -9999 -9999 -9999 -9999 -9999 -9999 -9999 -9999 -9999 -9999 -9999 -9999 -9999 -9999 -9999 -9999 -9999 -9999 -9999 -9999 -9999 -9999 -9999 -9999 -9999 -9999 -9999 0 0 0 15 15 15 15 15 15 15 11 0 -9999 -9999 -9999 -9999 2 15 15 14 14 14 11 14 14 14 14 14 14 14 14 20 20 20
-9999 -9999 -9999 -9999 -9999 -9999 -9999 -9999 -9999 -9999 -9999 -9999 -9999 -9999 -9999 -9999 -9999 -9999 -9999 -9999 -9999 -9999 -9999 -9999 -9999 -9999 -9999 -9999 -9999 -9999 -9999 -9999 -9999 -9999 -9999 -9999 -9999 -9999 -9999 -9999 -9999 -9999 -9999 -9999 -9999 -9999 -9999 -9999 -9999 0 0 0 15 15 15 15 15 15 -9999 -9999 -9999 -9999 -9999 -9999 -9999 -9999 12 14 14 14 -9999 14 14 14 14 14 14 14 14 14 14 20
-9999 -9999 -9999 -9999 -9999 -9999 -9999 -9999 -9999 -9999 -9999 -9999 -9999 -9999 -9999 -9999 -9999 -9999 -9999 -9999 -9999 -9999 -9999 -9999 -9999 -9999 -9999 -9999 -9999 -9999 -9999 -9999 -9999 -9999 -9999 -9999 -9999 -9999 -9999 -9999 -9999 -9999 -9999 -9999 -9999 -9999 -9999 -9999 -9999 -9999 -9999 18 -9999 15 15 15 15 0 -9999 -9999 -9999 -9999 -9999 -9999 -9999 -9999 0 14 14 14 -9999 -9999 14 14 14 14 14 14 14 14 14 14
