04_184A001/ppa.asc
ncols 378
nrows 390
xllcorner 613424
yllcorner 6870896
cellsize 16
nodata_value -9999
[rows 37 to 73 of 390, columns 82 to 163 of 378]
0 18 19 12 10 12 16 17 6 3 4 6 10 14 20 20 26 25 12 10 4 17 17 17 17 17 17 17 17 34 34 34 34 34 -9999 29 29 29 0 0 0 18 18 25 25 25 25 25 25 25 25 25 31 31 31 31 25 31 31 -9999 -9999 -9999 -9999 -9999 -9999 -9999 -9999 -9999 -9999 -9999 -9999 -9999 -9999 -9999 -9999 -9999 -9999 -9999 -9999 -9999 -9999 -9999
0 28 22 12 8 9 18 13 14 6 5 12 22 26 29 30 33 31 27 11 14 17 17 17 17 17 17 17 17 34 34 34 0 0 -9999 29 29 29 0 0 18 18 18 18 18 25 25 25 25 25 25 25 31 31 31 31 31 31 31 25 24 -9999 -9999 -9999 -9999 -9999 -9999 -9999 -9999 -9999 17 24 24 24 24 28 -9999 -9999 -9999 -9999 -9999 -9999
0 28 27 12 7 8 15 11 7 7 7 9 31 32 32 33 33 33 31 29 24 17 17 17 17 17 17 17 17 17 0 0 0 0 -9999 29 29 29 29 18 18 18 18 18 18 18 25 25 25 25 25 25 25 31 31 31 31 31 31 17 17 17 17 17 17 17 17 17 17 17 28 28 28 28 28 28 28 28 -9999 -9999 -9999 -9999
0 0 25 26 8 8 7 4 6 10 7 14 17 30 29 29 29 29 29 31 30 12 17 17 17 17 17 17 17 17 0 0 0 0 -9999 29 29 29 18 18 18 18 18 18 18 18 18 18 25 25 25 25 25 31 31 31 31 31 17 17 17 17 17 17 20 20 20 20 17 17 28 28 28 28 28 28 28 0 0 0 0 -9999
0 0 17 24 -9999 -9999 16 9 -9999 -9999 11 13 16 28 27 30 29 29 30 31 29 21 17 17 9 17 17 17 17 17 0 0 0 0 -9999 29 29 18 18 18 18 18 18 18 18 18 18 18 18 18 25 25 25 25 31 31 31 13 13 17 17 17 17 20 20 20 20 20 20 17 28 28 28 28 28 28 0 0 0 0 0 0
0 0 -9999 12 11 13 13 9 10 9 7 -9999 -9999 28 28 30 29 31 27 27 31 -9999 -9999 36 15 15 15 -9999 -9999 17 0 0 0 0 6 18 18 18 18 18 18 18 18 18 18 18 18 18 18 18 18 25 25 25 31 13 13 13 13 13 17 17 17 17 20 20 20 20 20 20 28 28 28 28 28 0 0 0 0 23 23 0
0 -9999 28 12 17 13 14 16 7 9 12 16 27 24 -9999 26 26 28 29 -9999 27 23 36 36 15 15 15 15 15 15 -9999 -9999 -9999 0 29 29 18 18 18 18 18 18 18 18 18 18 18 18 18 18 18 25 25 31 13 13 13 13 13 13 13 13 17 17 17 20 20 20 20 20 28 28 28 28 0 0 0 0 0 23 23 23
-9999 32 32 18 12 14 15 16 12 10 13 19 24 26 28 29 28 26 26 28 32 28 36 36 36 15 15 15 15 15 15 29 29 29 -9999 -9999 18 18 18 18 18 18 18 18 18 18 18 18 18 18 18 25 18 18 18 13 13 13 13 13 13 13 17 17 17 20 20 20 20 28 28 28 28 0 0 0 0 0 23 23 23 23
32 32 32 13 12 21 13 18 14 13 11 10 18 24 25 27 27 27 26 28 30 28 36 36 36 15 15 15 15 29 29 29 29 29 29 29 29 30 -9999 -9999 18 18 18 18 18 18 18 18 18 18 18 18 18 18 18 18 13 13 13 13 13 13 17 17 17 20 20 20 20 28 28 28 0 0 0 0 0 0 27 23 23 27
32 32 32 23 15 15 18 24 22 24 14 12 11 19 19 27 30 29 29 30 32 32 36 36 36 25 15 15 15 29 29 29 29 29 29 29 29 29 29 29 29 -9999 -9999 18 18 18 18 18 18 18 18 18 18 18 18 18 18 13 13 13 13 13 13 17 17 20 20 20 28 28 28 0 0 0 0 0 27 27 27 27 27 27
32 32 32 23 17 18 23 27 37 33 18 16 14 18 15 27 29 28 28 29 31 32 36 36 36 36 25 15 15 29 29 29 29 29 29 29 29 29 29 29 29 29 29 29 -9999 -9999 27 18 18 18 18 18 15 18 18 18 18 18 13 13 13 13 13 15 15 20 20 28 28 28 28 0 0 0 27 27 27 27 27 27 27 27
32 32 32 32 27 26 25 30 34 29 27 12 13 17 13 24 27 30 31 31 28 31 36 36 36 25 25 25 25 29 29 29 29 29 29 29 29 29 29 29 29 29 29 29 29 29 29 -9999 -9999 -9999 18 15 15 15 15 15 18 18 18 13 13 13 13 15 15 20 28 28 28 28 0 0 0 0 27 27 27 27 27 26 26 26
32 32 32 32 25 26 28 31 35 31 28 27 24 21 16 18 25 24 27 26 22 25 36 25 25 25 25 25 25 29 29 29 29 29 29 29 29 29 29 29 29 29 29 29 29 29 29 29 29 29 29 -9999 -9999 15 15 15 15 18 18 18 13 13 13 15 15 15 15 28 28 0 0 0 0 27 27 27 27 27 26 26 26 26
32 32 32 32 18 22 25 26 30 27 28 26 29 27 30 24 25 18 19 22 26 28 25 25 25 25 25 25 25 29 29 29 29 29 29 29 29 29 29 29 29 29 29 29 29 29 29 29 29 29 21 21 21 21 -9999 5 15 15 15 18 18 18 18 15 15 15 15 28 0 0 0 0 0 27 27 27 28 -9999 -9999 -9999 27 27
21 32 32 32 17 21 17 22 27 31 28 27 27 19 26 31 29 29 24 18 24 29 25 25 25 25 25 25 25 29 29 29 29 29 29 29 29 29 29 29 29 29 29 29 29 4 4 4 29 29 21 21 21 21 21 21 -9999 -9999 15 15 15 15 15 15 15 15 15 0 0 0 21 -9999 -9999 -9999 26 27 27 27 27 27 27 27
21 32 32 32 32 19 12 19 18 23 29 28 23 27 28 30 31 29 19 18 29 29 20 25 25 25 25 25 25 25 29 29 29 29 29 29 29 29 29 29 29 29 29 29 4 4 4 4 4 21 21 21 21 21 21 21 21 14 14 -9999 -9999 15 15 15 -9999 -9999 -9999 -9999 20 20 22 22 22 -9999 29 29 29 29 27 27 27 27
21 21 32 32 32 19 14 13 15 18 23 26 28 29 30 28 24 17 12 19 27 28 22 25 25 25 25 25 25 29 29 29 29 29 29 29 29 29 29 29 29 29 29 29 4 4 4 4 4 21 21 21 21 21 21 21 21 14 14 14 14 14 14 14 14 20 20 20 20 20 22 22 22 14 29 29 29 29 27 27 27 27
21 21 21 32 32 25 14 14 14 10 15 28 29 29 34 29 21 12 12 16 27 30 20 25 25 25 25 25 25 29 29 29 29 29 29 29 29 29 29 29 29 29 29 4 4 4 4 4 4 21 21 21 21 21 21 21 21 14 14 14 14 14 14 14 20 20 20 20 20 20 20 20 20 22 29 29 29 29 27 27 27 27
21 21 21 0 0 30 19 13 14 17 20 28 30 33 31 29 19 11 11 14 27 28 19 25 25 25 25 25 25 29 29 29 29 29 29 29 29 29 29 29 29 29 29 4 4 4 4 4 21 21 21 21 21 21 21 21 21 14 14 14 14 14 14 20 20 20 20 20 20 20 20 20 22 22 29 29 29 27 27 27 27 21
21 21 21 0 0 0 24 14 10 19 23 25 28 36 32 29 27 23 25 27 29 30 30 25 25 25 25 25 25 29 29 29 29 29 29 29 29 29 29 29 29 29 29 4 4 4 4 4 21 21 21 21 21 21 21 21 0 0 0 14 14 14 20 20 20 20 20 20 20 20 20 22 22 -9999 23 29 29 29 27 27 21 21
21 21 0 0 0 0 22 9 16 14 27 27 34 27 30 31 30 27 26 28 32 30 26 25 25 25 25 25 25 29 29 29 29 29 29 29 29 29 29 29 29 29 29 4 4 4 4 21 21 21 21 21 21 21 21 0 0 0 0 14 14 14 20 20 20 20 20 20 20 22 22 22 22 -9999 23 29 23 29 23 27 21 21
0 0 0 0 0 0 21 11 9 10 25 28 28 26 23 25 23 20 24 29 38 31 23 25 25 25 25 25 20 29 29 29 29 29 0 29 29 29 29 29 29 29 29 4 4 4 4 21 21 21 21 21 21 0 0 0 0 0 0 14 14 20 20 20 20 20 20 20 20 22 22 22 22 -9999 23 23 23 23 27 27 27 27
0 0 0 0 0 0 21 18 10 6 10 18 25 9 12 19 13 10 19 15 26 30 25 25 25 25 20 20 20 29 29 29 0 0 0 0 0 0 0 29 29 29 29 0 4 4 21 21 21 21 21 0 0 0 0 0 0 0 0 14 20 20 20 20 20 20 20 20 22 22 22 22 22 -9999 23 23 23 23 27 21 27 27
0 0 0 0 0 0 0 9 7 12 14 11 18 9 11 16 11 10 13 15 21 27 23 20 25 20 20 20 20 20 29 29 0 0 0 0 0 0 0 0 0 29 0 0 0 4 21 21 21 21 0 0 0 0 0 0 0 0 0 20 20 20 20 20 20 20 20 20 22 22 22 22 22 22 22 22 22 27 21 21 21 27
0 0 0 0 0 0 0 17 11 10 8 8 7 11 13 12 12 11 15 15 21 28 24 20 20 20 20 20 20 20 20 20 0 0 0 0 0 0 0 0 0 0 0 0 0 0 21 21 21 21 0 0 0 0 0 0 0 0 0 0 0 0 20 20 20 31 20 22 22 22 22 22 22 11 22 22 27 27 21 21 21 27
0 0 0 0 0 0 0 28 14 14 6 7 5 8 9 10 9 14 16 14 23 26 20 20 20 20 20 20 20 20 20 20 0 0 0 0 0 0 0 0 0 0 0 0 0 21 21 21 21 0 0 0 0 0 0 0 0 0 0 0 0 0 0 0 31 31 31 31 22 22 22 22 22 -9999 22 28 27 27 21 21 21 21
0 0 0 0 0 0 0 0 15 13 8 7 9 10 11 10 11 15 18 18 18 19 16 20 20 20 20 20 20 20 20 20 0 28 28 28 0 0 0 22 22 22 22 22 22 15 21 21 21 0 0 0 0 0 0 0 0 0 0 0 0 0 0 0 31 31 31 31 31 22 22 22 -9999 22 28 28 28 27 27 21 21 21
0 0 0 0 8 8 0 0 23 21 15 15 22 15 10 14 14 18 18 19 19 18 20 20 20 20 28 28 28 20 20 28 28 28 28 28 28 22 22 22 22 22 22 22 15 15 15 15 0 0 0 0 0 0 0 0 0 0 0 0 0 0 0 0 0 28 31 31 31 22 22 -9999 26 26 28 28 28 28 28 21 21 21
0 0 -9999 -9999 -9999 -9999 8 8 8 3 3 3 21 20 14 17 18 18 15 19 19 25 24 27 28 28 28 28 28 28 28 28 28 28 28 28 28 22 22 22 22 22 22 22 15 15 15 15 0 0 0 0 0 0 0 23 0 0 0 0 0 0 0 28 28 28 22 22 22 22 -9999 26 26 28 28 28 28 28 28 28 28 21
0 -9999 -9999 -9999 -9999 -9999 8 8 -9999 -9999 -9999 4 5 -9999 8 11 18 19 19 18 15 20 26 20 28 28 28 28 28 28 28 28 28 28 28 28 22 22 22 22 22 22 22 15 15 15 15 15 15 0 0 0 0 0 23 23 23 23 23 23 23 23 23 23 28 28 22 22 22 -9999 26 26 28 28 28 28 28 28 28 28 28 28
0 -9999 -9999 -9999 -9999 -9999 -9999 -9999 -9999 -9999 -9999 18 -9999 -9999 -9999 17 16 18 18 17 16 14 17 29 28 28 28 28 28 28 28 28 28 28 22 22 22 22 22 22 22 22 22 15 15 15 15 15 15 0 0 0 0 0 23 23 23 23 0 0 23 23 23 23 28 22 22 22 -9999 26 26 28 28 28 28 28 28 28 28 28 28 28
-9999 -9999 -9999 -9999 -9999 -9999 -9999 -9999 -9999 -9999 -9999 -9999 -9999 -9999 -9999 22 14 20 11 15 16 24 26 31 28 28 28 28 28 28 28 28 29 28 22 22 22 22 22 22 22 22 15 15 15 15 15 15 15 15 0 0 0 23 23 23 0 0 0 0 23 23 23 23 28 28 22 22 26 26 26 26 0 0 0 28 28 28 28 28 28 28
-9999 -9999 -9999 -9999 -9999 -9999 -9999 -9999 -9999 -9999 -9999 -9999 -9999 -9999 -9999 -9999 -9999 -9999 -9999 16 20 36 35 36 28 28 28 28 28 28 28 28 29 29 22 22 22 22 22 22 22 22 15 15 15 15 15 15 15 15 30 30 23 23 23 0 0 0 0 0 23 23 23 23 28 28 28 -9999 26 26 26 0 0 0 0 28 28 28 28 28 28 25
-9999 -9999 -9999 -9999 26 -9999 -9999 -9999 -9999 -9999 -9999 -9999 -9999 -9999 -9999 -9999 -9999 -9999 -9999 -9999 25 28 32 32 28 28 29 29 28 28 28 29 29 29 22 22 22 22 22 22 22 22 15 15 15 15 15 30 30 30 30 30 23 23 0 0 0 0 0 0 23 25 23 23 23 28 -9999 26 26 26 0 0 0 0 -9999 -9999 28 25 25 25 25 25
-9999 -9999 -9999 -9999 27 30 -9999 -9999 -9999 -9999 -9999 -9999 -9999 -9999 -9999 -9999 -9999 -9999 -9999 -9999 -9999 27 25 24 29 29 29 29 29 29 29 29 29 29 29 29 22 22 22 22 22 15 15 15 15 15 15 30 30 30 30 23 23 0 0 0 0 0 0 0 25 25 23 23 23 -9999 26 26 26 26 0 0 -9999 -9999 -9999 -9999 -9999 17 -9999 25 25 25
-9999 -9999 -9999 -9999 -9999 -9999 -9999 -9999 -9999 -9999 -9999 -9999 -9999 -9999 -9999 -9999 -9999 -9999 -9999 -9999 -9999 36 23 22 29 29 29 29 29 29 29 29 29 29 29 29 29 29 29 29 29 15 15 15 15 30 30 30 30 30 23 23 0 0 0 0 0 0 0 0 25 25 23 23 -9999 26 26 26 26 26 0 0 -9999 -9999 -9999 -9999 -9999 -9999 -9999 -9999 25 25
-9999 -9999 -9999 -9999 -9999 -9999 -9999 -9999 -9999 -9999 -9999 -9999 -9999 -9999 -9999 -9999 -9999 -9999 -9999 -9999 -9999 -9999 21 23 29 29 29 29 29 -9999 -9999 -9999 -9999 29 29 29 29 29 29 29 30 30 30 30 30 30 30 30 30 30 30 23 0 0 0 0 0 0 0 25 25 25 25 -9999 26 26 26 26 26 0 0 0 -9999 -9999 -9999 -9999 -9999 -9999 -9999 -9999 -9999 -9999
