04_184A001/ppa.asc
ncols 378
nrows 390
xllcorner 613424
yllcorner 6870896
cellsize 16
nodata_value -9999
[rows 37 to 73 of 390, columns 164 to 245 of 378]
-9999 -9999 -9999 -9999 -9999 -9999 -9999 -9999 -9999 -9999 15 15 15 18 18 18 18 18 18 18 18 18 18 18 18 18 0 0 0 0 0 18 18 23 23 23 23 23 23 23 23 23 23 23 5 5 5 5 5 5 0 26 26 26 26 26 26 0 0 0 20 20 20 20 -9999 13 13 20 20 20 -9999 -9999 -9999 -9999 -9999 -9999 -9999 -9999 -9999 -9999 -9999 -9999
-9999 -9999 -9999 -9999 -9999 -9999 -9999 -9999 -9999 15 15 15 18 18 18 18 18 18 18 18 18 18 18 18 18 0 0 0 0 0 0 0 0 18 18 23 23 23 23 23 23 23 23 23 23 5 5 5 5 5 0 0 0 26 26 26 26 26 0 22 22 20 20 -9999 13 23 23 23 23 20 20 -9999 -9999 -9999 -9999 -9999 -9999 -9999 -9999 -9999 -9999 -9999
-9999 -9999 -9999 -9999 -9999 -9999 -9999 -9999 -9999 15 15 15 18 18 18 18 18 18 18 18 18 18 18 18 18 0 0 0 0 0 0 0 0 0 0 23 23 23 23 23 23 23 23 23 24 5 5 5 5 5 0 0 0 0 26 26 26 26 22 22 22 20 20 -9999 13 23 23 23 23 23 20 -9999 -9999 -9999 -9999 -9999 -9999 -9999 -9999 -9999 -9999 -9999
-9999 -9999 -9999 -9999 -9999 -9999 26 26 15 15 15 18 18 18 18 18 18 18 18 18 18 18 18 18 0 0 0 0 0 0 0 0 0 0 23 23 23 23 23 23 23 23 23 24 24 24 5 5 5 5 5 5 0 0 0 26 26 22 22 22 20 20 -9999 13 13 23 23 23 23 23 23 23 -9999 -9999 -9999 -9999 -9999 -9999 -9999 -9999 -9999 -9999
0 0 0 0 0 26 26 26 26 26 18 18 18 18 18 18 18 18 18 18 18 18 18 0 0 0 0 0 0 0 0 0 0 0 23 23 23 23 23 23 23 23 23 24 24 24 24 5 5 5 5 5 5 0 0 0 26 22 22 22 20 20 -9999 13 13 23 23 23 23 23 23 23 -9999 -9999 -9999 -9999 -9999 -9999 -9999 -9999 -9999 -9999
0 0 0 0 0 0 26 26 26 18 18 18 18 18 18 18 18 18 18 18 18 18 18 18 18 18 18 0 0 0 0 0 0 18 23 23 23 23 23 23 23 23 24 24 24 24 24 24 5 5 5 5 5 5 5 0 22 22 22 22 22 -9999 13 13 13 13 23 23 23 23 23 23 -9999 -9999 -9999 -9999 -9999 -9999 -9999 -9999 -9999 -9999
23 0 0 0 0 26 26 26 18 18 18 18 18 18 18 18 18 18 18 18 18 18 18 18 18 18 18 18 0 0 0 18 18 18 23 23 23 23 23 23 23 24 24 24 24 24 24 24 24 5 5 5 5 5 5 22 22 22 22 22 22 21 13 13 13 13 13 13 23 23 23 23 33 -9999 -9999 -9999 -9999 -9999 -9999 -9999 -9999 -9999
23 23 23 0 0 26 26 26 18 18 18 18 18 18 18 18 18 18 18 18 18 18 18 18 18 18 18 18 18 18 18 18 18 18 23 23 23 23 23 23 23 24 24 24 24 24 24 24 24 24 5 5 5 5 22 22 22 22 22 22 -9999 21 13 13 13 13 13 13 13 13 13 8 8 -9999 -9999 -9999 -9999 -9999 -9999 -9999 -9999 -9999
23 23 23 26 26 26 26 19 19 18 18 18 18 18 18 18 18 18 18 18 18 18 18 18 18 18 18 18 18 18 18 18 18 23 23 23 23 23 23 23 24 24 24 24 24 24 24 24 24 24 24 5 5 22 22 22 25 25 25 25 21 21 21 21 13 13 13 13 13 13 8 8 8 -9999 -9999 -9999 -9999 -9999 -9999 -9999 -9999 -9999
27 26 26 26 26 26 19 19 19 19 18 18 18 18 18 18 18 18 18 18 18 18 18 18 18 18 18 18 18 18 18 18 18 23 23 23 23 23 23 24 24 24 24 24 24 24 24 24 24 24 24 24 22 22 22 22 25 25 25 -9999 21 21 21 21 21 13 13 13 13 8 8 8 8 8 -9999 -9999 -9999 -9999 -9999 -9999 -9999 -9999
26 26 26 26 26 19 19 19 19 19 19 19 18 18 18 18 18 18 18 1 1 1 18 18 18 18 18 18 18 18 18 18 23 23 23 23 23 23 23 23 24 24 24 24 24 24 24 24 24 24 24 24 25 25 25 25 25 25 25 25 21 21 21 21 21 21 21 13 8 8 8 8 8 8 -9999 -9999 -9999 -9999 -9999 -9999 -9999 -9999
26 26 26 26 19 19 19 19 19 19 19 20 20 20 20 20 18 18 18 1 1 1 1 1 18 18 18 18 18 18 18 18 18 23 23 23 23 23 23 23 23 23 24 24 24 24 24 24 24 24 24 25 25 25 25 25 25 25 -9999 25 25 21 21 21 21 21 21 13 8 8 8 8 8 8 -9999 -9999 -9999 -9999 -9999 -9999 -9999 -9999
21 -9999 12 26 19 19 19 19 19 19 20 20 20 20 20 20 20 20 1 1 1 1 1 1 18 18 18 18 18 18 18 18 18 18 18 23 23 23 23 23 23 23 23 24 24 24 24 24 24 24 25 25 25 25 25 25 25 -9999 25 25 25 25 21 21 21 21 21 26 8 8 8 8 8 8 -9999 -9999 -9999 -9999 -9999 -9999 -9999 -9999
27 27 27 12 -9999 19 19 19 19 19 20 20 20 20 20 20 20 20 1 1 1 1 1 1 1 18 18 18 18 18 18 18 18 18 18 18 23 23 23 23 23 23 23 23 23 24 24 24 24 24 25 25 25 25 25 25 25 -9999 2 25 25 21 21 21 21 21 26 26 26 8 8 8 8 8 -9999 -9999 -9999 -9999 -9999 -9999 -9999 -9999
27 27 11 11 11 -9999 19 19 20 20 20 20 20 20 20 20 20 1 1 1 1 1 1 1 12 18 18 18 18 18 18 18 18 18 18 18 23 23 23 23 23 23 23 23 23 23 24 24 24 24 4 25 25 25 25 25 -9999 2 2 2 20 20 21 21 21 26 26 26 26 26 26 26 8 8 8 -9999 -9999 -9999 -9999 -9999 -9999 -9999
27 21 21 11 11 11 -9999 20 20 20 20 20 20 20 20 20 1 1 1 1 1 1 1 1 12 18 18 18 18 18 18 18 18 18 18 18 18 23 23 23 23 23 23 23 23 23 23 23 24 24 4 4 25 25 4 25 2 2 2 2 2 20 20 20 23 26 26 26 26 26 26 26 26 26 26 -9999 -9999 -9999 -9999 -9999 -9999 -9999
21 21 21 11 11 11 10 -9999 20 20 20 20 20 20 20 20 1 1 1 1 1 1 1 12 12 18 18 18 18 18 18 18 18 18 18 18 18 23 23 23 23 23 23 23 23 23 23 23 23 23 4 4 4 4 4 -9999 2 2 2 2 20 20 20 23 23 23 26 26 26 26 26 26 26 26 26 -9999 -9999 -9999 -9999 -9999 -9999 -9999
21 21 21 11 11 10 10 10 -9999 20 20 20 20 20 20 24 24 24 12 12 1 12 12 12 12 18 18 18 18 18 18 18 18 18 18 18 18 23 23 23 23 23 23 23 23 23 23 23 23 23 23 4 4 4 -9999 2 2 2 2 2 20 20 23 23 23 23 26 26 26 28 28 28 26 26 26 -9999 -9999 -9999 -9999 -9999 -9999 -9999
21 21 11 11 11 10 10 10 10 -9999 20 20 20 20 20 24 24 24 24 24 12 12 12 12 18 18 18 18 18 18 18 0 0 18 18 18 18 18 23 23 23 23 23 23 23 23 23 23 23 23 23 30 4 4 -9999 4 2 2 2 2 20 23 23 23 23 35 35 26 28 28 28 28 28 28 28 -9999 -9999 -9999 -9999 -9999 -9999 -9999
21 21 21 11 11 10 10 10 10 10 -9999 20 20 20 24 24 24 24 24 24 24 24 24 12 18 18 18 18 18 18 0 0 0 0 18 18 18 18 23 23 23 23 23 23 23 23 23 23 23 23 30 30 30 -9999 4 4 4 4 2 2 20 23 23 23 23 35 35 35 28 28 28 28 28 28 28 28 -9999 -9999 -9999 -9999 -9999 -9999
21 21 21 11 11 10 10 10 10 10 10 -9999 20 24 24 24 24 24 24 24 24 24 24 18 18 18 18 18 18 0 0 0 0 0 18 18 18 18 18 23 23 23 23 23 23 -9999 23 23 23 23 30 30 30 2 2 4 4 4 4 2 23 23 23 23 35 35 35 35 28 28 28 28 28 28 28 28 -9999 -9999 -9999 -9999 -9999 -9999
21 21 21 11 11 10 10 10 10 10 10 10 -9999 26 24 24 24 24 24 24 24 24 18 18 18 18 18 18 0 0 0 0 0 0 0 0 0 18 18 23 23 23 23 23 23 23 23 23 30 30 30 30 -9999 2 2 2 4 4 4 23 23 23 23 35 35 35 35 35 28 28 28 28 28 28 28 28 -9999 -9999 -9999 -9999 -9999 -9999
27 21 21 21 10 10 10 10 10 25 10 10 24 24 -9999 24 24 24 24 24 24 18 18 18 18 18 0 0 0 0 0 0 0 0 0 0 0 18 18 18 18 18 18 23 23 23 23 23 30 30 30 -9999 2 2 2 2 4 4 29 29 23 35 35 35 35 35 35 28 28 28 28 28 28 28 28 9 9 -9999 -9999 -9999 -9999 -9999
27 21 21 21 21 10 10 10 25 25 25 10 24 24 24 24 -9999 24 24 24 20 20 20 20 20 20 20 0 0 0 0 0 0 0 0 0 0 0 18 18 18 18 18 18 18 18 18 18 18 30 30 -9999 2 2 2 2 2 29 29 29 35 35 35 35 35 35 35 28 28 28 28 28 28 28 28 28 28 -9999 -9999 -9999 -9999 -9999
21 21 21 21 21 21 10 25 25 25 25 13 13 24 24 24 13 13 -9999 20 20 20 20 20 20 20 20 20 20 0 0 0 0 0 0 0 0 0 18 18 18 18 18 18 18 18 18 18 18 2 -9999 2 2 2 2 2 29 29 29 29 29 35 35 35 35 29 29 28 28 28 28 28 28 28 28 28 28 28 -9999 -9999 -9999 -9999
21 21 21 21 21 21 10 10 25 25 13 13 13 13 13 -9999 13 13 13 13 -9999 20 20 20 20 20 20 20 20 0 0 0 0 0 0 0 0 0 18 18 18 18 22 -9999 -9999 -9999 -9999 -9999 3 3 3 -9999 2 2 2 29 29 29 29 29 29 29 29 29 29 29 29 29 28 28 28 28 28 28 28 28 28 28 -9999 -9999 -9999 -9999
21 21 21 21 21 21 10 10 10 25 13 13 13 13 -9999 13 13 13 13 18 18 24 -9999 20 20 20 20 20 0 0 0 0 0 0 0 0 0 0 13 -9999 26 24 24 24 24 3 3 3 3 3 3 3 -9999 7 29 29 29 29 29 29 29 29 29 29 29 29 29 28 28 28 28 28 28 28 28 28 28 28 28 -9999 -9999 -9999
21 21 21 21 21 21 21 10 10 1 13 13 13 -9999 13 13 13 18 18 18 18 18 31 18 -9999 20 20 20 20 0 0 0 0 0 0 0 0 -9999 24 24 24 24 24 24 3 3 3 3 3 3 3 3 3 21 -9999 -9999 29 29 29 29 29 29 29 28 28 28 28 28 28 28 28 28 28 28 28 28 28 28 28 14 -9999 -9999
21 21 21 21 21 21 21 10 10 1 1 1 2 13 13 13 13 18 18 31 31 31 31 31 7 -9999 -9999 20 20 0 0 0 0 0 0 -9999 24 24 24 24 24 24 24 3 3 3 3 3 3 3 3 3 3 21 21 21 -9999 29 29 28 28 28 28 28 28 28 28 28 28 28 28 28 28 28 28 28 28 28 14 14 14 -9999
21 21 21 21 21 21 21 10 1 1 1 1 -9999 1 1 13 18 18 18 31 31 31 31 7 7 7 7 -9999 -9999 -9999 -9999 -9999 -9999 -9999 24 24 24 24 24 24 24 24 24 3 3 3 3 3 3 3 3 3 21 21 21 21 21 -9999 29 28 28 28 28 28 28 28 28 25 25 28 28 28 28 28 28 28 28 28 28 14 14 -9999
28 28 21 21 21 21 21 1 1 1 1 -9999 1 1 1 1 18 18 18 31 31 7 7 7 7 7 7 24 24 24 24 24 24 24 24 24 24 24 20 20 20 20 20 17 3 3 3 3 3 3 3 21 21 21 21 21 21 -9999 25 25 28 28 25 25 25 25 25 25 25 28 28 28 28 28 28 28 28 28 14 14 14 14
28 28 28 28 21 21 21 1 1 1 -9999 1 1 1 1 1 1 18 18 31 31 7 7 7 7 7 24 24 24 24 24 24 24 24 20 20 20 20 20 20 20 20 17 17 17 3 3 3 3 3 21 21 21 21 21 21 21 21 -9999 25 25 25 25 25 31 31 25 25 25 28 28 28 28 28 28 28 28 28 14 14 14 14
25 28 28 28 25 21 1 -9999 -9999 -9999 1 1 1 1 1 1 1 1 18 31 31 7 7 7 7 7 24 24 24 24 24 24 24 20 20 20 20 20 20 20 20 20 20 17 17 17 3 3 3 21 21 21 21 21 21 21 21 21 -9999 25 25 25 31 31 31 31 25 25 28 28 28 28 28 28 28 28 28 14 14 14 14 14
25 25 25 25 25 -9999 1 1 1 -9999 1 1 1 1 1 1 1 1 1 31 31 31 31 7 7 7 24 24 20 20 20 20 20 20 20 20 20 20 20 20 20 20 17 17 17 17 17 3 0 0 21 21 21 21 21 21 21 21 21 25 31 31 31 31 31 25 25 25 25 28 28 28 28 28 28 28 14 14 14 14 14 14
25 25 25 25 -9999 20 4 1 1 1 1 1 1 1 1 1 1 1 31 31 31 31 33 33 33 33 20 20 20 20 20 20 20 20 20 20 20 2 2 2 2 2 17 17 17 17 17 0 0 0 0 21 21 21 21 21 21 21 21 15 31 31 31 31 31 31 31 25 25 28 28 28 28 28 28 28 14 14 14 14 14 14
25 25 20 22 31 22 23 1 1 1 1 1 1 1 1 1 31 31 31 31 31 31 33 33 33 33 20 20 20 20 20 20 20 20 2 20 2 2 2 2 2 2 2 17 17 17 0 0 0 0 0 0 21 21 21 21 21 21 21 18 31 31 31 31 31 31 25 25 25 28 28 28 28 28 28 28 14 14 14 14 14 14
0 23 -9999 -9999 23 25 27 -9999 22 23 1 1 31 31 31 0 31 31 31 31 31 31 33 33 33 33 33 30 30 30 30 20 14 20 2 2 2 2 2 2 2 2 2 17 17 0 0 0 0 0 0 0 21 21 21 21 21 21 21 17 31 31 31 18 18 31 25 25 25 28 28 28 28 28 28 28 28 14 14 14 14 14
