04_184A001/ppa.asc
ncols 378
nrows 390
xllcorner 613424
yllcorner 6870896
cellsize 16
nodata_value -9999
[rows 296 to 332 of 390, columns 246 to 327 of 378]
15 15 15 15 20 20 20 20 20 16 20 20 17 17 22 22 22 16 16 16 16 5 5 20 20 20 20 20 31 22 22 22 22 22 18 18 22 22 22 22 22 18 25 25 25 25 18 18 18 18 -9999 23 23 23 23 23 14 14 14 14 14 14 14 -9999 -9999 10 32 32 32 32 32 32 32 32 32 32 32 20 20 -9999 -9999 -9999
15 15 15 20 20 20 20 20 16 16 16 16 17 30 30 22 22 16 -9999 16 16 5 5 5 31 31 31 31 31 31 22 22 22 22 22 22 22 22 22 22 22 22 22 25 25 25 34 34 34 -9999 22 23 23 23 23 23 23 14 14 14 14 14 14 14 14 32 32 32 32 32 32 32 32 32 32 32 20 20 20 20 20 20
15 15 20 20 20 20 20 16 16 16 16 16 30 30 30 22 22 16 -9999 16 5 5 5 5 5 31 31 31 31 31 31 22 22 22 22 22 22 22 22 22 22 22 22 25 25 34 34 34 34 -9999 22 22 22 23 23 23 23 23 23 23 14 14 14 14 14 32 32 32 32 32 32 32 16 16 16 16 20 20 20 20 20 20
24 24 20 20 20 20 20 16 16 16 16 30 30 30 30 22 16 16 16 16 5 5 5 5 5 5 31 31 31 31 31 31 22 22 22 22 22 22 22 22 22 34 34 34 34 34 34 34 -9999 22 22 22 22 22 23 23 23 23 23 23 23 14 14 14 14 32 32 32 32 32 16 16 16 16 16 16 20 20 20 20 20 20
24 31 31 31 20 20 16 16 16 31 31 30 30 22 22 22 16 -9999 16 16 5 5 5 5 5 5 5 5 31 31 31 31 22 22 22 22 22 22 22 22 22 34 34 34 34 34 34 34 -9999 22 22 22 22 22 22 23 23 23 23 23 23 14 14 14 32 16 32 16 16 16 16 16 16 16 16 16 20 20 20 20 20 20
31 31 31 31 31 16 16 16 31 31 31 31 31 31 22 16 16 -9999 16 16 5 5 5 5 5 5 5 5 5 31 31 31 22 22 22 22 22 22 22 34 34 34 34 21 34 34 34 34 -9999 22 22 22 22 22 22 23 23 23 23 23 16 14 14 14 16 16 16 16 16 16 16 16 16 16 16 16 20 20 20 20 20 20
31 31 31 31 31 16 16 31 31 31 31 31 31 31 31 16 16 16 16 16 5 5 5 5 5 5 16 5 5 5 31 31 31 22 22 22 34 34 34 34 34 34 21 21 21 34 34 34 26 22 22 22 22 22 22 22 16 16 16 16 16 16 16 16 21 21 16 21 16 16 16 16 16 16 16 20 20 20 20 20 20 20
31 31 31 31 31 16 31 31 31 31 31 31 31 31 27 16 -9999 16 16 27 27 5 5 5 5 16 16 16 5 5 16 31 31 31 22 22 34 34 34 34 21 21 21 21 21 21 21 26 26 -9999 19 22 22 22 22 16 16 16 16 16 16 16 16 16 21 21 21 21 21 21 21 16 16 16 16 20 20 20 20 20 20 20
6 31 31 31 31 31 31 31 31 31 31 31 31 31 27 13 27 27 27 27 27 27 27 27 16 16 16 16 16 16 16 16 31 31 31 22 34 34 21 21 21 21 21 21 21 21 26 26 26 26 26 -9999 11 22 22 22 16 16 22 16 16 16 16 16 21 21 21 42 42 42 16 16 16 16 16 20 20 20 20 20 20 20
6 6 31 31 31 31 31 31 31 31 31 31 31 27 27 -9999 27 27 27 27 27 27 27 27 16 16 24 24 24 24 24 24 24 24 31 31 31 31 21 21 21 21 21 21 21 37 37 26 26 26 26 26 0 22 22 22 22 22 22 22 22 16 16 16 21 21 21 42 42 42 31 31 31 31 16 15 17 21 17 -9999 -9999 -9999
6 6 31 31 31 31 31 31 31 31 31 31 27 27 -9999 27 27 27 27 27 27 27 27 27 27 24 24 24 24 24 24 24 24 24 24 31 31 31 21 21 21 21 37 37 37 37 37 37 37 37 37 26 26 -9999 22 22 22 22 22 22 22 22 16 16 16 21 42 42 42 42 31 31 31 31 31 16 11 26 16 6 -9999 -9999
6 19 31 31 31 31 31 31 31 31 31 31 27 27 -9999 27 27 27 27 27 27 27 27 27 24 24 24 24 24 24 24 24 24 24 29 29 31 31 21 21 37 37 37 37 37 37 37 37 37 37 2 2 26 26 24 24 24 24 24 24 22 22 22 22 22 21 21 42 42 31 31 31 31 31 31 14 -9999 -9999 -9999 -9999 -9999 -9999
19 19 19 19 31 34 31 34 31 34 31 27 27 -9999 27 27 27 27 27 27 27 27 27 27 24 24 24 24 24 24 24 24 24 24 29 29 29 31 31 31 37 37 37 37 2 2 2 37 37 2 2 2 2 2 -9999 24 24 24 24 24 24 24 22 22 22 22 22 31 31 31 31 31 31 -9999 -9999 31 31 31 31 31 31 31
19 19 19 19 34 34 34 34 34 34 34 19 -9999 27 27 27 27 27 27 27 27 27 27 24 24 24 24 24 24 24 24 24 24 29 29 29 29 29 31 31 2 2 2 2 2 2 2 2 2 2 2 2 2 2 -9999 24 24 24 24 24 24 24 22 22 22 22 22 22 31 31 31 12 -9999 31 31 31 31 31 31 31 31 31
19 19 19 34 34 34 34 34 34 34 19 -9999 19 19 19 27 27 27 27 27 27 27 24 24 24 24 24 24 24 24 24 24 24 29 29 29 29 29 29 29 29 29 2 2 2 2 2 2 2 2 2 2 2 2 2 -9999 17 24 17 24 24 24 24 24 22 22 22 22 22 31 -9999 25 31 31 31 31 31 31 31 31 31 31
19 19 19 34 34 34 34 34 34 34 19 -9999 19 19 19 0 0 27 27 27 27 27 24 24 24 24 24 24 24 24 24 24 29 29 29 29 29 29 29 29 29 1 1 1 1 1 1 2 2 2 2 2 2 2 2 2 -9999 17 17 17 24 24 24 24 22 22 22 22 22 -9999 31 31 31 31 31 31 31 31 31 31 31 35
19 19 19 19 34 34 34 34 34 0 0 19 19 19 0 0 0 0 0 27 27 27 24 24 24 24 24 24 24 24 24 24 29 29 29 29 29 29 29 29 29 1 1 1 1 1 1 1 2 2 2 2 2 2 2 2 17 15 -9999 17 17 24 24 24 24 22 -9999 -9999 7 7 31 31 31 31 31 31 31 31 31 31 31 35
30 30 19 19 19 30 34 34 34 0 -9999 19 19 19 0 0 0 0 0 0 0 24 24 24 24 24 24 24 24 24 24 24 29 29 29 29 29 29 29 29 1 1 1 1 22 1 1 1 1 1 2 2 2 2 2 2 2 17 17 -9999 17 17 24 24 24 11 9 24 7 7 31 31 31 31 31 31 31 31 31 31 31 35
30 30 19 19 30 30 34 34 0 0 19 19 19 19 19 0 0 0 0 0 0 0 0 24 24 24 24 24 24 24 24 29 29 29 29 29 29 29 29 29 21 22 22 22 22 22 1 1 1 1 1 1 2 2 2 2 2 17 17 17 -9999 17 17 17 17 -9999 9 24 24 7 31 31 31 31 31 31 31 31 31 31 31 35
30 30 19 30 13 13 34 34 -9999 -9999 19 19 19 19 19 19 19 0 0 0 0 0 0 0 0 24 24 24 24 24 29 29 29 29 29 29 29 29 29 21 21 21 21 21 21 22 22 22 22 1 1 1 1 1 2 2 2 2 2 17 17 -9999 2 17 -9999 9 9 24 24 7 31 31 31 31 31 31 31 31 31 31 31 35
30 30 30 30 13 13 13 19 -9999 -9999 19 19 19 19 19 19 19 25 25 25 25 25 25 0 0 0 0 24 24 24 29 29 29 29 29 29 29 29 29 21 21 21 21 21 21 22 22 22 22 22 22 22 22 1 1 14 2 2 2 2 2 2 2 -9999 32 9 9 9 9 9 31 31 31 31 31 31 31 31 31 31 35 35
36 30 30 13 13 13 13 19 -9999 -9999 19 19 19 19 19 19 19 19 25 25 25 25 25 0 0 0 0 0 0 24 29 29 29 29 29 29 29 29 21 21 21 21 21 21 21 22 22 22 22 22 22 22 22 14 14 14 14 14 2 2 2 2 -9999 32 32 9 9 9 9 9 31 31 31 31 31 31 31 31 31 31 29 3
36 36 36 13 13 13 19 19 19 -9999 19 19 19 19 19 19 19 25 25 25 25 25 25 0 0 0 0 0 0 0 20 29 29 29 29 29 29 29 21 21 21 21 21 21 21 21 22 22 22 22 22 14 14 14 14 14 14 14 14 14 2 10 32 32 32 32 9 32 32 31 30 31 31 31 31 31 31 31 31 31 3 3
36 36 36 13 13 13 19 19 19 -9999 19 19 19 19 19 19 25 25 25 25 25 25 25 25 20 0 0 0 0 20 20 20 20 29 29 29 29 21 21 21 21 21 21 21 21 21 21 22 22 22 21 21 14 14 14 14 14 14 14 14 14 17 32 32 32 32 32 32 32 30 30 30 31 31 31 31 31 31 31 31 3 3
13 13 13 13 13 13 -9999 -9999 -9999 -9999 22 22 19 19 19 19 19 25 25 25 25 25 25 25 25 20 20 20 20 20 20 20 20 20 20 29 29 21 21 21 21 21 21 21 21 21 21 21 21 21 21 21 21 21 14 14 14 14 14 14 10 0 0 0 0 32 32 32 32 30 30 30 31 31 31 31 31 31 31 31 3 3
13 13 13 13 13 -9999 -9999 -9999 -9999 -9999 22 22 22 22 19 19 19 25 25 25 25 25 25 25 25 20 20 20 20 20 20 20 20 20 20 20 20 20 21 21 21 21 21 21 21 21 21 21 21 21 21 21 21 21 21 21 14 14 14 -9999 21 0 0 0 0 0 0 32 32 30 30 30 30 31 31 31 31 31 31 3 3 3
13 13 13 13 13 -9999 -9999 -9999 -9999 -9999 22 22 22 22 22 18 25 25 25 25 25 25 7 7 25 20 20 20 20 20 20 20 20 20 20 20 20 20 20 20 20 21 21 21 21 21 21 21 21 21 7 7 7 7 21 21 21 21 -9999 21 21 21 21 21 0 0 32 32 32 30 30 30 30 31 31 31 31 31 31 3 3 3
-9999 13 13 13 -9999 -9999 -9999 -9999 -9999 -9999 22 22 22 22 18 18 18 18 25 25 25 7 7 7 7 20 20 20 20 20 20 20 20 20 20 20 20 20 20 20 20 20 0 0 0 21 21 21 21 21 7 7 7 7 7 21 21 21 1 0 0 21 21 21 21 21 32 32 32 30 30 30 30 30 31 31 31 31 31 3 3 3
16 16 16 10 -9999 -9999 -9999 -9999 -9999 -9999 -9999 -9999 22 22 18 18 18 18 18 25 20 7 7 7 7 20 20 20 20 20 20 20 20 20 20 20 20 20 20 20 20 20 0 0 0 0 0 0 21 7 7 7 7 7 7 7 7 -9999 0 0 0 0 0 0 0 32 32 32 32 30 30 30 30 30 30 30 31 31 31 3 3 3
16 16 16 23 23 -9999 9 21 -9999 23 23 23 23 -9999 -9999 18 18 18 18 18 20 20 20 20 20 20 20 20 20 20 10 10 10 20 20 20 20 20 20 20 20 20 0 0 0 0 0 0 14 14 14 14 7 7 7 7 -9999 7 7 0 0 0 0 0 18 18 18 18 30 30 30 30 30 30 30 36 30 30 31 3 3 3
11 11 16 23 23 23 23 23 23 23 23 23 23 23 23 16 -9999 -9999 18 20 20 20 20 20 20 20 20 20 20 10 10 10 10 10 20 20 20 20 20 20 20 20 0 0 0 0 14 14 14 14 14 14 14 14 14 -9999 7 7 7 7 0 0 0 0 18 18 18 18 22 30 30 30 30 30 36 36 36 30 30 32 3 3
11 11 16 23 23 23 23 23 23 26 26 26 26 23 23 23 23 23 18 -9999 14 20 20 20 20 20 24 24 20 10 10 10 10 20 20 20 20 20 20 20 20 20 0 0 0 0 14 14 14 14 14 14 14 -9999 7 7 7 7 7 7 7 7 7 18 18 18 18 18 22 22 30 30 36 36 36 36 36 36 32 32 32 32
11 11 16 23 23 23 23 23 23 23 26 26 26 26 26 23 23 23 20 20 20 -9999 -9999 20 20 20 24 24 24 10 10 10 10 20 20 20 20 20 24 20 24 20 26 26 26 26 14 14 14 14 14 14 -9999 7 7 7 7 7 7 7 7 7 7 18 18 18 18 18 22 22 30 36 36 36 36 36 36 36 32 32 32 32
4 4 23 23 23 23 23 0 0 0 0 0 0 0 26 26 23 23 20 20 20 20 20 16 -9999 20 20 24 24 24 10 10 10 10 20 20 20 20 24 24 24 24 26 26 26 26 26 14 14 14 -9999 7 7 0 0 7 0 7 7 7 7 7 18 18 18 18 18 18 22 22 22 36 36 36 36 36 36 36 32 32 32 32
4 4 29 29 23 0 0 0 0 0 0 0 0 0 0 0 26 0 0 20 20 20 20 20 20 20 -9999 -9999 -9999 -9999 20 -9999 -9999 -9999 -9999 -9999 -9999 -9999 -9999 24 24 24 26 26 26 26 26 14 -9999 -9999 2 7 0 0 0 0 0 0 7 7 7 18 18 18 31 31 31 18 22 22 22 36 36 36 36 36 36 36 32 32 32 32
4 4 29 29 29 15 15 15 15 15 34 34 0 0 0 0 0 0 0 0 0 26 26 20 20 24 24 24 24 24 24 21 21 21 21 21 21 21 21 21 -9999 -9999 -9999 -9999 -9999 -9999 -9999 2 2 2 2 0 0 0 0 0 0 0 7 7 7 31 31 31 31 31 31 31 22 22 22 22 22 36 36 36 36 36 32 32 32 32
4 29 29 29 15 15 15 15 15 15 34 34 34 34 34 25 25 0 0 26 26 26 26 26 26 24 24 24 24 24 24 21 21 21 21 21 21 21 21 21 22 22 22 22 22 22 2 2 2 2 2 2 0 0 0 0 0 0 0 23 31 31 31 31 31 31 31 31 22 22 22 22 22 22 36 36 36 36 36 32 32 32
