04_184A001/slope.asc
ncols 378
nrows 390
xllcorner 613424
yllcorner 6870896
cellsize 16
nodata_value -9999
[rows 68 to 101 of 390, columns 152 to 227 of 378]
1.715901 3.56602 3.797014 2.227249 1.494457 2.877589 1.390627 1.175981 2.579991 2.612381 1.40994 1.084536 1.564467 2.755176 3.175572 3.110454 2.571802 1.904647 1.423181 1.199968 1.00586 1.278756 2.382231 4.276313 3.398718 2.131132 1.100982 1.049294 1.683128 2.489111 4.435891 6.260872 7.336795 6.853596 4.534947 2.792889 3.45795 7.011599 7.870566 6.316095 4.700835 4.011147 4.562053 4.493667 4.163466 2.648137 1.486238 1.790362 2.977948 2.297152 1.861468 1.405047 3.092576 4.890503 5.906651 7.102979 8.859542 9.614378 7.847861 5.557237 4.349154 3.467464 4.07253 4.909199 4.283707 4.269581 4.204721 3.459899 2.900636 1.599818 0.6616969 1.593739 2.307672 2.888714 3.611413 3.51862
2.336582 3.887741 3.04705 0.9055445 1.355756 3.157779 3.699906 3.439024 2.684096 1.400526 1.259026 0.6552135 1.187938 2.288745 2.418174 2.567282 2.317222 1.842894 1.799518 1.436137 1.06628 1.653116 2.838092 4.83917 5.597133 4.189003 2.334184 1.6566 1.178131 2.01045 4.011888 6.867138 9.105434 9.701296 8.46248 8.086425 9.379221 10.30488 9.328432 7.184901 5.796075 5.478595 5.729368 5.568214 5.727489 5.36511 4.222071 3.979904 5.166089 4.857253 4.852963 5.020521 6.4929 6.82679 5.183369 5.056227 7.222453 9.972613 10.88468 9.687864 7.251694 5.127092 3.954919 3.154936 2.612983 3.085489 3.672666 3.108114 1.517756 0.841661 2.427736 3.761418 4.539915 4.81548 4.741352 4.050877
2.968624 3.139852 1.648963 0.4041556 0.5982217 1.497336 2.17903 1.942555 1.33264 0.9145996 1.473467 1.174684 1.497353 2.12778 1.974279 1.651834 1.443198 1.502862 1.993837 1.882875 1.360269 2.121538 2.874753 3.930662 5.247865 5.785481 5.350664 4.234021 2.991088 3.204869 3.89493 6.004309 9.152248 11.441 11.63896 11.42083 10.87279 9.107848 7.288176 5.883471 4.821317 4.771698 5.476764 6.057559 6.463935 6.93712 7.331892 7.78881 8.343134 7.804531 8.007248 8.319889 7.559031 5.352781 2.966593 2.427826 3.153992 4.528991 5.921459 6.747029 5.983036 3.197182 0.8329788 0.9960275 0.9326339 0.8226202 1.435069 1.989812 1.415848 2.521566 4.450556 5.013302 4.716593 4.354689 3.528375 2.461195
3.275029 2.535257 0.7637389 0.2516539 0.1944769 0.190937 0.4631276 0.723941 0.8377186 1.047585 1.466938 1.314897 1.057312 1.664028 1.836854 0.8389161 0.8213879 1.331173 1.708987 1.994058 1.609403 2.39617 2.595553 2.868495 3.575218 4.765166 6.18679 6.965802 6.57542 5.889398 5.614456 6.103636 7.936571 10.35034 11.17666 10.17478 8.620927 7.15107 6.152936 5.211614 3.86813 3.488955 4.101742 5.225289 6.423999 7.466971 8.186204 8.147711 7.371914 6.045719 5.556208 5.344894 4.187731 2.458028 1.348392 1.059198 0.958131 1.474402 2.047541 2.772738 4.497135 4.858931 4.145658 3.777694 2.303855 0.5889731 1.20045 2.406062 2.940598 4.22901 4.980812 4.300146 3.186909 2.795396 2.486489 2.360986
6.603026 5.537368 1.181926 0.0557316 0.01236619 0.012308 0.1224565 0.2423259 0.311609 0.550876 0.905142 0.8601773 0.5786188 2.016851 2.339958 0.3278477 0.8768213 1.370638 1.099937 1.096655 1.616124 2.66907 2.727113 2.54686 2.418549 2.487913 3.679668 5.683118 6.725238 6.391667 5.817228 5.485017 5.845591 7.119657 8.334654 8.346496 8.020946 7.670099 6.782573 5.401617 4.057414 3.5653 3.560745 3.754017 4.226574 4.783068 4.992459 4.55699 3.530525 2.29547 1.454242 1.041586 0.8038922 0.6164301 0.4381993 0.2853621 0.410279 0.8093523 1.19279 3.181965 7.333195 7.277075 4.519092 5.13553 4.123453 1.469598 1.705703 3.214123 3.66114 3.640395 3.37205 3.1765 2.315518 2.55986 2.069891 1.789296
5.713177 8.078113 1.861586 0.09969007 0 0 0.00679535 0.01057984 0.00836596 0.1070259 0.3085251 0.4634106 0.592077 1.897374 2.694886 2.745121 2.216282 2.284329 1.548406 1.073637 1.915574 2.494201 2.520939 1.986174 2.180097 2.124892 2.755351 3.526628 4.163541 4.240242 3.742785 2.986084 2.76684 3.35747 4.523849 5.499107 5.844273 5.787773 5.527906 4.970355 4.420913 4.18111 3.956744 3.456473 2.604059 1.615282 0.8586166 0.4545681 0.07072298 0.470647 0.9145511 1.318591 1.739737 1.83866 1.494245 0.8878371 0.2911337 0.5062203 1.278488 3.599079 9.027491 8.346286 1.314934 5.572452 6.332925 4.010779 3.892435 4.786947 4.659893 4.530451 4.657336 4.728941 3.723981 3.592651 4.170157 1.483357
6.018614 7.713049 1.868928 0.1557551 0 0 0 0 0 0 0.004419151 0.4394592 0.6751042 0.5183734 1.56613 2.161059 2.35228 2.961255 3.034703 2.943477 2.089986 1.502448 2.139439 1.150776 1.654917 2.05085 2.048653 1.446697 1.455863 1.635148 1.49018 1.079436 0.9323995 1.245726 1.819984 2.504393 2.956456 3.030602 2.819555 2.418425 2.165846 2.290621 2.511715 2.465394 2.047337 2.117825 3.0298 3.579712 3.372179 3.278255 3.436306 3.375098 3.576663 3.809464 3.500203 2.23906 0.8043754 0.839755 1.388407 2.918928 8.404222 11.10784 7.411647 8.685498 8.715436 5.689648 5.389131 5.825303 5.659367 5.768762 5.667118 5.510328 4.663908 4.610613 5.642306 0.5095553
6.378018 5.102072 1.22494 0.1260624 0 0 0 0 0 0 0 0.6003025 0.4954471 0.4260504 0.5982739 0.4841256 1.077532 1.976864 2.427333 2.876969 2.619332 1.605389 2.101528 0.9867989 0.4357547 0.5898893 0.4507978 0.1291275 0.2670301 0.3204401 0.5708795 0.6308177 0.4702203 0.5647756 0.7640705 0.9105351 1.10232 1.140582 0.9725411 0.9110568 0.5520728 0.432314 0.897153 2.127244 2.837717 3.302862 3.149396 2.647491 2.530462 1.602932 1.444169 1.783097 1.684906 0.8690524 1.584551 2.512041 1.810076 1.36368 1.201935 1.369926 4.675643 8.803918 8.846059 9.226037 7.719979 4.371021 4.830596 4.9211 3.776509 4.071103 4.739299 5.281561 5.44333 5.463135 5.390492 2.225619
2.377417 1.616477 0.3638635 0.03647852 0 0 0 0 0 0 0 0.4233162 0.7959712 0.7765174 0.381676 0.05440871 0.2400743 0.7803941 0.9355525 1.080068 1.744386 1.961349 1.643563 0.5912146 0.001427926 0.001338717 0.000236654 0.06455109 0.2795252 0.651239 0.484865 0.2252144 0.5007322 0.2854541 0.1827988 0.0852104 0.1205458 0.3229102 0.9948385 1.728003 2.072875 2.296098 2.363759 2.63038 2.477349 2.504916 3.271518 2.054851 1.438446 1.889105 2.501803 2.611408 2.083252 2.374873 1.401952 1.484291 2.443386 2.242693 1.839639 1.278415 2.307762 4.703362 6.262545 6.842337 4.526839 1.936388 3.844124 4.451436 3.157413 3.284591 4.149721 5.501696 6.408893 5.260653 3.624131 1.476215
0.5767732 0.3145202 0.07201011 0 0 0 0 0 0 0 0 0.0362322 0.08368919 0.08501951 0.03920728 0 0.0001931869 0.1577803 0.2231377 0.1580196 0.2663391 0.4557277 0.386521 0.1117203 0.03620823 0.08162073 0.08272858 0.02424013 0.3162509 0.7131838 0.5052092 0.7032123 0.7805541 0.7161184 0.6558154 0.4042025 0.216292 0.1547819 1.216505 2.277135 1.835026 0.5543182 0.2618986 1.414031 1.833465 1.665465 2.943925 3.252461 1.439483 2.149631 1.972176 3.144966 2.588178 1.726367 1.806373 0.2288681 2.081182 2.569737 2.812722 2.404027 2.203675 2.697708 2.708558 2.813425 0.9505643 1.337582 2.808053 3.643402 3.127619 3.529502 4.69142 6.229699 7.076198 4.930209 2.825289 3.00999
0.1808291 0.1191535 0.03357588 0 0 0 0 0 0 0 0 0 0 0 0 0 0 0 0 0 0 0 0 0.0857517 0.5645681 0.7033044 0.5030319 0.07601563 0.1702358 0.5695691 0.7195157 0.5202348 1.044253 1.629015 1.320652 1.630562 1.570934 1.254463 1.159531 1.946405 1.816908 2.113111 2.62157 3.184702 3.477644 2.419259 2.603365 3.807372 2.708674 2.894334 2.302898 2.507969 2.549255 2.148281 2.641339 2.424925 2.722575 3.113033 3.633241 3.022881 1.770537 2.264675 1.363577 0.7796491 1.286198 1.499547 1.970181 2.863059 3.673654 5.18334 7.08827 8.33044 7.221728 3.65351 1.821759 3.176561
0.01950386 5.399739e-5 0 0 0 0 0 0 0 0 0 0 0 0 0 0 0 0 0 0 0 0 0 0.1234088 0.6868247 0.05601833 0.6861527 0.07099705 0 0.001791809 0.002620769 0.05182172 1.123868 2.11493 1.60729 2.03281 2.819001 2.669175 1.691875 0.7682666 0.8591998 1.650154 2.023712 2.389645 3.585964 3.159713 2.537132 3.550354 4.073489 4.107304 3.579638 3.464304 3.514301 3.049194 3.174959 3.699091 4.088058 3.999322 3.452934 1.921706 0.311872 1.507709 1.533354 0.7426121 1.314497 1.806697 2.386252 4.014568 6.698958 8.12132 9.924021 10.41986 7.378345 3.827632 1.16836 1.712191
0.02712904 6.864255e-5 0 0 0 0 0 0 0 0 0 0 0 0 0 0 0 0 0 0 0 0 0 0.08881492 0.580248 0.7045412 0.5204868 0.02717174 0 0 0 0.04379107 0.8508674 2.00082 2.624891 2.113183 0.7356029 1.620723 1.564142 0.8108978 0.6504052 0.687515 0.8355705 0.7018697 2.117139 2.986928 2.075963 2.051044 2.813685 2.902725 2.954294 3.375932 4.273198 4.150082 3.826164 4.018396 4.160533 3.640119 1.935276 0.792018 2.030279 1.195405 0.5692136 0.9864533 1.36269 2.215552 4.157125 6.762447 8.397659 8.670723 10.56054 9.392257 5.128778 4.277855 4.425227 3.783126
0.01895169 4.346706e-5 0 0 0 0 0 0 0 0 0 0 0 0 0 0 0 0 0 0 0 0 0 0.00341019 0.05615 0.07540647 0.05177891 0 0 0 0 0.02233886 0.3910495 1.224401 2.618102 3.594011 2.496035 0.5877545 0.9895216 1.483105 0.92307 0.4935943 0.7825977 0.7457613 0.6521726 2.15623 1.977589 0.4695747 0.7608309 1.757684 2.045075 1.628176 2.58511 3.517654 3.440159 2.649265 2.002777 1.396271 1.026919 2.136863 0.7508827 2.326651 0.6757149 1.073852 1.276963 2.855964 6.628772 7.611556 8.073279 8.614073 9.121851 6.289961 1.399375 1.62243 3.247132 5.313728
0 0 0 0 0 0 0 0 0 0 0 0 0 0 0 0 0 0 0 0 0 0 0 0.0004507925 0.00178951 0.001338717 0 0 0 0 0 0.0007099619 0.01523968 0.1208063 1.064518 2.657166 3.488319 2.885852 1.327382 1.365182 0.9353946 0.7014825 0.8765641 0.6388394 0.1787247 1.359903 2.206781 0.7791326 1.323321 1.844239 1.165692 0.4179092 0.3747246 1.037258 1.382602 0.8786704 1.175708 1.465647 0.9835749 1.589148 2.318954 2.173094 1.651151 1.072323 0.8702918 4.973377 7.638072 6.500025 7.822566 8.747239 7.147042 4.867721 2.758502 1.426579 0.6653448 2.854759
0 0 0 0 0 0 0 0 0 0 0 0 0 0 0 0 0 0 0 0 0 0 0 0.0004507925 0.00178951 0.001338717 0 0 0 0 0 0 0 0 0.2554925 1.029426 2.246797 2.740116 0.9882019 0.7655933 1.411559 1.874202 2.02712 2.197593 2.000426 0.5908825 1.809173 1.952041 1.371906 1.556716 0.3044614 0.09842607 0.1154336 1.568491 2.965756 2.822925 2.696607 2.471667 2.140279 1.337259 1.703092 2.151439 1.585305 0.436973 1.466161 5.628763 7.422436 5.863542 7.577322 8.332267 5.769381 4.056874 3.636155 2.876912 1.755492 1.071097
0 0 0 0 0 0 0 0 0 0 0 0 0 0 0 0 0 0 0 0 0 0 0 0.0004243521 0.001790344 0.001366311 0 0 0 0 0 0 0 0 0.002178183 0.1132544 1.651954 3.168106 1.961753 1.256048 1.063358 1.069995 0.5245591 0.9246773 1.637235 1.582879 1.139776 2.01952 0.3963472 1.411008 0.7317302 0.2846788 0.3785722 1.931468 3.641143 2.569516 2.385107 2.641062 2.538164 3.387508 2.209575 0.5953519 0.4506907 0.7339338 1.779351 5.058361 7.257945 5.842641 6.97383 7.927794 5.548599 3.596841 3.606842 3.483562 2.260501 1.196306
0 0 0 0 0 0 0 0 0 0 0 0 0 0 0 0 0 0 0 0 0 0 0 0.0003430428 0.001793273 0.001452576 0 0 0 0 0 0 0 0 0 0.08267602 1.375293 3.154983 3.047172 2.539765 2.72497 2.914275 2.793871 3.014127 2.660388 2.150608 0.7879452 1.866268 1.721062 1.083578 1.086395 0.4245328 0.4320662 1.366605 4.050099 4.539354 1.897384 2.002444 2.623708 4.073372 3.609912 1.012539 0.6966425 1.260371 1.267698 4.887122 7.253506 5.359268 5.557949 7.29 6.151108 3.760146 3.183662 3.552327 2.929104 1.597768
0 0 0 0 0 0 0 0 0 0 0 0 0 0 0 0 0 0 0 0 0 0 0 0.0002511894 0.001790565 0.001540514 0 0 0 0 0 0 0 0 0 0.0640595 0.6276724 2.03451 3.306407 3.689445 3.104283 1.817951 1.063681 1.518847 1.843302 1.227982 0.6556353 1.265809 2.067218 1.833851 1.351756 0.790286 0.5848991 0.7238646 2.823302 5.536429 4.463491 1.473312 2.477014 4.71526 4.629657 1.454332 0.9007334 0.9670317 1.428216 5.578022 7.350481 4.834177 4.013978 5.825569 6.50586 5.030704 4.006031 4.213932 4.095133 3.095321
0 0 0 0 0 0 0 0 0 0 0 0 0 0 0 0 0 0 0 0 0 0 0 0.0002185661 0.00178951 0.001570944 0 0 0 0 0 0 0 0 0 0.0372416 0.1083526 0.3343065 0.6994972 0.9487869 0.8960741 0.7155489 0.4606523 0.6970131 0.2440309 0.3508366 0.2653173 0.2540488 0.7510988 1.079928 1.006061 0.6968029 0.5134806 0.3750108 1.252503 4.438239 6.206121 3.858398 0.2770751 5.180616 5.559423 1.728259 0.9618834 1.464476 1.990953 5.805773 7.198187 5.369894 4.122279 4.366409 5.777157 6.593007 6.299358 6.05794 5.832567 5.139316
0 0 0 0 0 0 0 0 0 0 0 0 0 0 0 0 0 0 0 0 0 0 0 0.0002185661 0.00178951 0.001570944 0 0 0 0 0 0 0 0 0 0 0 0 0 0.02247981 0.2658947 0.6789209 0.8209332 0.524532 0.09235238 0.02438486 0.01856618 0.002201367 0.02463295 0.04933397 0.06480053 0.08703846 0.1331998 0.4763634 0.5427735 2.240389 5.412511 6.223102 3.778251 5.43048 5.618675 1.693348 0.559768 0.5217711 2.221395 4.664183 6.104775 6.004644 4.722611 3.418051 4.017897 5.612463 6.192721 6.086588 5.943488 5.602569
0 0 0 0 0 0 0 0 0 0 0 0 0 0 0 0 0 0 0 0 0 0 0 0.0002185661 0.00178951 0.001570944 0 0 0 0 0 0 0 0 0 0 0 0 0 0.006283405 0.03939764 0.05701513 0.04273494 0.009398959 0.0003139288 0.00178951 0.00178951 0 0 0 0 0 0.00274407 0.4850754 0.5403185 1.080804 3.237136 5.440413 5.068466 5.807941 4.470269 1.194273 0.2730076 0.307348 2.487005 3.695553 4.52688 5.669059 5.243013 4.26019 3.808283 4.053913 4.367645 4.415699 4.330355 4.513351
0 0 0 0 0 0 0 0 0 0 0 0 0 0 0 0 0 0 0 0 0 0 0 0.0002185661 0.00178951 0.001570944 0 0 0 0 0 0 0 0 0 0 0 0 0 0 0 0 0 0 0 0.00178951 0.00178951 0 0 0 0 0 0.001468221 0.2143739 0.436476 0.6889853 1.745888 3.275886 1.531577 3.730088 2.120985 0.4444418 0.08640505 0.2455157 2.196789 3.471694 3.876847 5.114916 5.836239 5.225216 3.938073 3.340086 3.079246 2.72365 2.370023 2.858821
0 0 0 0 0 0 0 0 0 0 0 0 0 0 0 0 0 0 0 0 0 0 0 0.0002185661 0.00178951 0.001570944 0 0 0 0 0 0 0 0 0 0 0 0 0 0 0 0 0 0 0 0.00178951 0.00178951 0 0 0 0 0 0 0 0 0.07663613 1.529412 2.919006 1.280299 2.627028 0.6244403 0.08017845 0.1084838 0.1295786 1.316954 2.931162 3.342396 3.470857 4.171095 4.112675 3.907532 4.013924 3.264046 2.323417 1.16723 1.258494
0 0 0 0 0 0 0 0 0 0 0 0 0 0 0 0 0 0 0 0 0 0 0 0.0002185661 0.00178951 0.001570944 0 0 0 0 0 0 0 0 0 0 0 0 0 0 0 0 0 0 0 0.001762401 0.001790344 3.863738e-5 0 0 0 0 0 0 0 0.04375683 0.981582 2.65261 2.675017 1.833317 0.2587156 0.1088381 0.0859271 0.08569858 0.5529059 1.920379 2.935065 2.904471 3.549647 4.19871 4.343642 4.45065 3.851811 2.782775 1.578214 1.549897
0 0 0 0 0 0 0 0 0 0 0 0 0 0 0 0 0 0 0 0 0 0 0 0.0002185661 0.00178951 0.001570944 0 0 0 0 0 0 0 0 0 0 0 0 0 0 0 0 0 0 0 0.001681115 0.001792843 0.0001221821 0 0 0 0 0 0 0 0 0.07896028 0.5482594 0.8567517 0.5746684 0.234131 0.08831054 0.02715912 0.06673352 0.2060638 1.066838 2.24184 2.798754 3.653311 4.740285 4.586388 3.972649 4.058115 3.93415 3.23484 3.040192
0 0 0 0 0 0 0 0 0 0 0 0 0 0 0 0 0 0 0 0 0 0 0 0.0002185661 0.00178951 0.001570944 0 0 0 0 0 0 0 0 0 0 0 0 0 0 0 0 0 0 0 0.001598498 0.001790344 0.0001931869 0 0 0 0 0 0 0 0 0 0 0.04238587 0.4702037 0.8263401 0.7105727 0.4801306 0.07588048 0.07527959 0.5488245 1.432587 2.438327 3.492609 4.787906 4.947393 3.327744 2.911944 3.783636 3.57297 2.900351
0 0 0 0 0 0 0 0 0 0 0 0 0 0 0 0 0 0 0 0 0 0 0 0.0002185661 0.00178951 0.001570944 0 0 0 0 0 0 0 0 0 0 0 0 0 0 0 0 0 0 0 0.001570944 0.00178951 0.0002185661 0 0 0 0 0 0 0 0 0 0 0.009699163 0.511826 1.269465 0.3653505 0.8775962 0.1202519 0.06457083 0.2200516 0.6548715 1.747617 3.245938 4.700531 5.137353 3.629693 3.006252 3.751655 3.838029 2.784779
0 0 0 0 0 0 0 0 0 0 0 0 0 0 0 0 0 0 0 0 0 0 0 0.0002185661 0.00178951 0.001570944 0 0 0 0 0 0 0 0 0 0 0 0 0 0 0 0 0 0 0 0.001570944 0.00178951 0.0002185661 0 0 0 0 0 0 0 0 0 0 0.17168 1.093074 1.486178 0.5081934 1.02379 0.1124773 0.05089889 0.03891885 0.1550967 0.9572007 2.624203 4.302658 4.902033 4.00217 3.122868 3.224218 3.777859 3.351055
0 0 0 0 0 0 0 0 0 0 0 0 0 0 0 0 0 0 0 0 0 0 0 0.0002185661 0.00178951 0.001570944 0 0 0 0 0 0 0 0 0 0 0 0 0 0 0 0 0 0 0 0.001570944 0.00178951 0.0002185661 0 0 0 0 0 0 0 0 0 0 0.2364252 1.253096 0.8340474 1.196998 0.7977624 0.1426586 0.07736865 0.07380471 0.1261075 0.5104342 1.735733 3.25438 4.148363 4.050259 3.121168 2.360036 2.684855 3.354775
0 0 0 0 0 0 0 0 0 0 0 0 0 0 0 0 0 0 0 0 0 0 0 0.0002185661 0.00178951 0.001570944 0 0 0 0 0 0 0 0 0 0 0 0 0 0 0 0 0 0 0 0.001570944 0.00178951 0.0002185661 0 0 0 0 0 0 0 0 0 0 0.1628295 1.022405 1.573352 1.383449 0.544782 0.2587823 0.1414944 0.1282282 0.4027288 0.6700658 0.8627608 1.939394 2.905905 3.242916 3.050213 2.205258 1.57843 2.322282
0 0 0 0 0 0 0 0 0 0 0 0 0 0 0 0 0 0 0 0 0 0 0 0.0001961228 0.001790148 0.001595028 0 0 0 0 0 0 0 0 0 0 0 0.2815628 0.5426291 0.4984089 0.1823147 0 0 0 0 0.001570944 0.00178951 0.0002185661 0 0 0 0 0 0 0 0 0 0 0.0008693411 0.06649576 0.1046964 0.09556887 0.1749579 0.2836855 0.2305528 0.1149068 0.5633176 0.6394676 0.439246 1.089274 1.945456 2.334151 2.661195 2.14499 0.8788891 0.7924733
0 0 0 0 0 0 0 0 0 0 0 0 0 0 0 0 0 0 0 0 0 0 0 0.0001283276 0.001792843 0.001674288 0 0 0 0 0 0 0 0 0 0 0 0.5271665 0.7440516 0.8540668 0.6218818 0.02083038 0 0 0 0.001570944 0.00178951 0.0002185661 0 0 0 0 0 0 0 0 0 0 0 6.761542e-5 9.562265e-5 0.007418378 0.05129412 0.1447012 0.2198377 0.211363 0.6109555 0.5620085 0.1815877 0.6915985 1.650806 2.443335 2.73122 2.221383 1.013704 0.5338831
0 0 0 0 0 0 0 0 0 0 0 0 0 0 0 0 0 0 0 0 0 0 0 4.346706e-5 0.001790565 0.001759042 0 0 0 0 0 0 0 0 0 0 0 0.6083199 1.216384 0.9535827 1.355847 0.3322528 0.06339426 1.931869e-5 0 0.001570944 0.00178951 0.0002185661 0 0 0 0 0 0 0 0 0 0 0 0.0006122837 0.0007649812 0.0006122837 0 0.05884186 0.1958916 0.2426904 0.8846281 0.7067981 0.3528599 0.3796879 1.353247 2.523511 2.932586 2.432105 1.220031 0.6157992
