04_184A001/slope.asc
ncols 378
nrows 390
xllcorner 613424
yllcorner 6870896
cellsize 16
nodata_value -9999
[rows 136 to 169 of 390, columns 152 to 227 of 378]
1.013528 0.9090204 0.6416008 0.2967025 0.2782448 0.2324046 1.041632 2.134792 3.270557 3.884851 4.118725 4.16783 3.821321 3.82573 4.197937 4.27674 3.791048 3.257229 2.900374 2.629047 2.58953 2.537126 1.580357 0.5942733 1.033614 1.137234 1.330257 2.011324 2.485507 2.303364 2.335424 2.473721 2.405966 1.899444 1.523782 2.048932 3.065685 4.077836 3.511435 2.071641 1.479066 1.009967 1.068907 1.195054 0.8612456 0.307034 0.04581243 0.0006693585 0 0 0 0 0 0.05186701 0.0602889 0.07136207 0.03528679 0 0 0 0 0 0 0 0 0 0.000236654 0.07012068 0.07150539 0.002086978 0.01902891 0.03043532 0.01140642 0 0 0
1.601735 1.170259 0.8116163 0.3615164 0.3532934 0.6301124 0.4886969 1.364915 2.423755 3.066372 3.444244 3.787372 3.986984 4.256155 4.388186 4.270487 3.9828 3.697407 3.509662 3.027884 2.193479 1.938894 1.934532 1.447028 0.82655 0.6817917 0.436882 0.9251338 1.588048 1.411535 1.49658 1.905517 2.61806 3.315507 3.140173 2.423468 2.618871 2.815144 2.626696 2.370817 2.415421 2.622488 3.130371 3.250474 2.855083 1.483655 0.2990554 0.0006762233 0 0 0 0 0 0.0223807 0.03891662 0.03321194 0.009456499 0 0 0 0 0 0 0 0 0 0 0.06687153 0.07169911 0.005093114 0.01902891 0.03043532 0.01140642 0 0 0
2.624562 2.260149 1.62593 1.099018 0.9569038 0.9014439 1.569399 1.172775 2.037001 2.922602 3.504486 3.874882 4.123347 4.500989 4.572998 4.317499 3.985384 3.744549 3.928298 4.173235 3.711042 2.960373 2.402292 1.897708 1.306609 0.7266423 0.5041538 0.9264954 1.466377 1.465793 1.636118 1.446573 1.199137 3.097003 3.967203 3.012439 2.461702 1.663123 1.498636 2.720343 4.15363 5.372826 6.119092 6.617095 6.992908 5.464836 2.435241 0.6812343 0.08152 0 0 0 0 0 0 0 0 0 0 0 0 0 0 0 0 0 0 0.06424624 0.07162534 0.007409211 0.01902891 0.03043532 0.01140642 0 0 0
2.510865 3.014119 2.927019 2.399766 2.219448 1.2414 2.371948 2.036734 2.004928 2.7909 3.417995 3.724678 3.938874 4.181399 4.197516 4.207946 4.326564 4.529585 4.827431 5.00376 4.881807 4.567894 4.139631 3.566428 3.014596 2.200524 1.242164 1.665401 2.673216 3.167758 3.474438 3.839189 4.186554 4.246731 3.948241 2.857718 1.882562 0.7653405 1.601595 3.847094 6.007989 7.012776 7.413658 8.044221 9.141255 9.393705 6.054134 2.830273 0.7622344 2.897804e-5 0 0 0 0 0 0 0 0 0 0 0 0 0 0 0 0 0 0.06228524 0.07164598 0.009406672 0.01902891 0.03043532 0.01140642 0 0 0
1.696273 2.263219 2.956641 3.276912 3.43869 3.054803 2.873351 2.465056 1.817118 2.030083 2.445265 2.725197 2.710044 2.511995 2.408099 2.666676 3.173928 3.675817 4.250037 4.808681 4.856226 4.732567 5.071976 5.380886 5.302075 5.040751 4.663245 4.811692 4.725081 3.983132 3.289245 2.998128 3.157738 3.200432 2.750438 1.879309 1.220356 0.6113307 2.486881 4.680569 5.16717 4.972508 5.512035 6.082412 6.995047 9.832226 7.871533 4.29429 1.414361 0.0005127648 0 0 0 0 0 0 0 0 0 0 0 0 0 0 0 0 0 0.05973242 0.07166134 0.01197192 0.01902891 0.03043532 0.01140642 0 0 0
1.739149 1.690377 2.028335 2.573972 2.996466 2.906896 2.333104 1.959363 1.497825 1.473797 1.635467 1.596579 1.110909 0.5917282 0.6567215 0.8828511 1.223857 1.524399 2.103744 3.301519 4.310766 4.483095 4.708327 5.393984 6.135321 6.776331 7.218499 7.143422 5.862395 3.925009 2.347622 1.593089 1.379102 1.398137 1.341002 1.03576 0.7142538 0.3530408 2.597678 4.620383 4.351145 3.742662 4.397362 3.845558 3.876571 8.864029 9.455443 5.446151 1.449112 0.0007038078 0 0 0 0 0 0 0 0 0 0 0 0 0 0 0 0 0 0.05688359 0.07166759 0.01481558 0.01902891 0.03043532 0.01140642 0 0 0
1.45375 1.516476 1.523768 1.531992 1.6986 1.95235 1.680726 1.457563 1.628474 1.650262 1.834388 1.872876 1.648594 1.042765 1.100498 1.2454 1.267779 1.188452 1.329742 1.963222 2.978445 3.676222 3.857612 4.042969 4.538207 5.125445 5.315764 5.010151 4.490597 3.870132 2.52743 1.178119 0.6039696 0.566762 0.8231968 0.8695428 0.8381131 0.5948343 1.903933 4.444032 5.387702 4.234708 2.905835 2.587349 3.801975 7.629495 10.00197 6.116602 1.116842 0.0004829673 0 0 0 0 0 0 0 0 0 0 0 0 0 0 0 0 0 0.05433789 0.07163978 0.01731362 0.01902891 0.03043532 0.01140642 0 0 0
0.7182721 1.01873 1.217945 1.320335 1.190922 1.255158 1.344807 1.390679 1.78146 1.464972 1.467588 1.901823 2.305428 2.187567 2.183406 2.18764 2.210391 2.294394 2.280482 2.290248 2.521733 2.893291 3.011088 2.706012 2.412488 2.38168 2.289822 2.01792 2.029685 2.791646 2.975351 1.673232 0.4955013 0.1343907 0.7116705 1.293883 1.723335 1.566004 0.5639635 2.794372 5.307509 6.602719 6.815208 6.381231 5.979223 6.465276 7.967782 6.247811 1.674997 0.00709962 0 0 0 0 0 0 0 0 0 0 0 0 0 0 0 0 0 0.05251239 0.07162329 0.01911526 0.01902891 0.03043532 0.01140642 0.07581133 0.1072407 0.07584998
0.326139 0.6791005 1.00323 1.37566 1.495319 1.533448 1.679512 1.732702 1.59796 0.9275007 0.6256663 0.9787505 1.545457 1.844014 1.887668 1.603048 1.477542 1.676192 1.745547 1.747351 1.850822 2.050042 2.313389 2.410716 2.305561 2.136816 1.819293 1.306142 0.985373 1.594676 2.661179 2.452376 1.381998 0.5616027 0.8291026 1.644963 1.8165 1.559101 0.8989685 1.04725 2.951964 4.573839 5.315335 4.900305 4.508915 4.031474 4.748256 5.970614 2.969019 0.2453762 0 0 0 0 0 0 0 0 0 0 0 0 0 0 0 0 0 0.04978177 0.07172135 0.0219598 0.01902891 0.03043532 0.01140642 0.326932 0.494875 0.519888
0.09636746 0.3120879 0.5637699 0.8765442 1.160031 1.322072 1.447455 1.393804 1.027829 0.5708371 0.389569 0.3655236 0.595883 0.8154198 0.7837777 0.4995345 0.2936278 0.2445042 0.3010887 0.4290868 0.5748361 0.7554845 1.02709 1.347876 1.573692 1.733774 1.893066 1.768424 1.305746 1.304857 2.031671 2.643504 2.59699 1.985968 1.949713 2.002718 2.026356 2.564715 1.909993 0.7901044 1.778069 3.146845 4.330154 4.55836 3.930417 2.579209 2.456967 4.92453 3.973621 0.956299 0.01335888 0 0 0 0 0 0 0 0 0 0 0 0 0 0 0 0 0.04626082 0.07166928 0.02541419 0.01902891 0.03043532 0.01140642 0.4013018 0.2974387 0.3983763
0.001851882 0.003923371 0.03573757 0.1442254 0.301028 0.4079671 0.4365431 0.3948548 0.3093233 0.239037 0.158746 0.06484909 0.08380121 0.1042136 0.07939919 0.03754967 0.0125649 0.005792864 0.01976589 0.08602886 0.1581558 0.2105921 0.2596815 0.3426584 0.4194582 0.5893583 1.071892 1.589684 1.625333 1.481206 1.637037 2.142942 2.822828 3.201614 3.962942 4.070618 1.434611 1.79955 2.333249 1.896251 1.898904 2.78605 4.111001 4.95908 4.670647 3.688422 2.589738 3.848394 3.768299 1.242065 0.01720833 0 0 0 0 0 0 0 0 0 0 0 0 0 0 0 0 0.04450279 0.0716094 0.02710675 0.01902891 0.03043532 0.01140642 0.2447748 0.5048906 0.4725642
0.001141367 0.0001497199 0 0 0 0 0 0 0.0001690386 0.0002390566 0.0001690386 0 0 0 0 0.001782149 0.007305828 0.008849897 0.005302981 0 0.000265632 0.009585752 0.04791236 0.1411649 0.2048586 0.1925428 0.3392832 0.8438697 1.403551 1.619885 1.592644 1.650842 2.095454 2.666317 3.825075 5.46299 5.592695 4.362664 2.575288 2.205991 3.258995 3.228002 3.168405 3.68451 4.1481 4.336311 3.579755 3.778906 3.211439 0.8676289 0.01113438 0 0 0 0 0 0 0 0 0 0 0 0 0 0 0 0 0.04228592 0.07172097 0.02943885 0.01902891 0.03043532 0.01140642 0.002550067 0.02622864 0.03516027
0.0003675632 0 0 0 0 0 0 0 0 0 0 0 0 0 0 0 0 0 0 0 0 0 0.05279797 0.112788 0.1374696 0.1476316 0.0925321 0.2197832 0.658801 1.160842 1.456163 1.642299 1.906502 2.223769 2.825203 3.98289 5.062867 5.528056 5.195265 4.025042 3.974707 3.117883 1.383125 1.243454 1.726698 2.555617 2.833069 2.65039 1.73178 0.1649463 0.00251143 0 0 0 0 0 0 0 0 0 0 0 0 0 0 0 0.08107567 0.3605627 0.4153786 0.2384934 0.02804997 0.03043532 0.01140642 0 0 0
1.931869e-5 0 0 0 0 0 0 0 0 0 0 0 0 0 0 0 0 0 0.007374911 0.05386546 0.1033854 0.1837679 0.3198352 0.3479684 0.2817369 0.1995029 0.1439041 0.1125098 0.1046074 0.3817114 0.7219167 0.9692417 1.146001 1.449008 1.851313 2.271545 2.752213 3.246425 3.753201 3.622909 2.788291 1.948197 0.3499674 0.04893684 0.1376208 0.5675355 1.215666 1.244182 0.629356 0.003243531 0 0 0 0 0 0 0 0 0 0 0 0 0 0 0 0 0.3926746 1.488507 2.130579 2.208014 1.319205 0.5661954 0.1877051 0.006114366 0 0
0 0 0 0 0 0 0 0 0 0 0 0 0 0 0 0.007959302 0.07321224 0.1698451 0.2856939 0.4599956 0.5467687 0.545823 0.533039 0.4411752 0.3790114 0.3354717 0.3109982 0.2939606 0.2647151 0.2274267 0.138113 0.03796511 0.06096495 0.1372218 0.2774221 0.43688 0.5656186 0.7006034 0.9873267 1.426926 1.165384 0.9429399 0.1297386 0.03834271 0.1567981 0.3028949 0.2734189 0.1719347 0.07439636 0.0001352308 0 0 0 0 0 0 0 0 0 0 0 0 0 0 0 0 0.9690955 2.813553 3.179232 4.022601 4.613383 4.059048 2.380974 0.6239635 0.05087576 0
0 0 0 0 0 0 0 0.01564814 0.0239569 0.01838731 0.03816657 0.09779746 0.1337593 0.1414347 0.1632524 0.2071677 0.3959781 0.7077927 1.011116 1.250365 1.350361 1.269383 0.953549 0.7526596 0.7073914 0.6001432 0.4882945 0.4724386 0.4949591 0.4538662 0.3444171 0.2213662 0.0983853 0.1163115 0.1166097 0.09698323 0.07890949 0.03400651 0.01746062 0.3110917 0.4715182 0.3241361 0.08562683 0.182651 0.3038979 0.1579427 0.04790228 0.0009051611 0 0 0 0 0 0.02049713 0.04136362 0.0411476 0.02058437 0.004626827 0 0 0 0 0 0 0 0.00118327 1.250183 2.948137 2.113326 1.022988 3.207964 5.523523 6.276006 4.166883 1.518178 0.1673574
0 0 0 0 0 0 0.01050454 0.1077375 0.2093481 0.2591644 0.2432572 0.2658693 0.3179185 0.3515933 0.3006412 0.2940322 0.5321971 0.8341485 0.9394714 0.9672579 0.9490122 0.9937613 0.9434851 0.8082823 0.8060287 0.7951905 0.7494314 0.9696586 1.363372 1.527951 1.311123 0.8105665 0.3394073 0.2134405 0.1596374 0.09786904 0.135734 0.1267056 0.06427827 0.03616023 0.1215371 0.2217627 0.2341955 0.2693933 0.1218254 0.000901585 0.00178951 0.0008879246 0 0 0 0 0 0.09709596 0.2768252 0.317792 0.1979358 0.007579376 0 0 0 0 0 0 0 0.02529654 1.009873 2.380538 2.700877 3.099759 3.428429 2.4031 5.88446 7.589282 4.906063 1.373842
0.8598969 1.829914 2.110843 1.520924 0.7080762 0.1708782 0.01842019 0.2060815 0.2969575 0.2884863 0.262536 0.2102153 0.2628735 0.2833866 0.2604734 0.2457583 0.4939975 0.7143704 0.5977186 0.3561384 0.29598 0.1091494 0.4208783 0.4525996 0.514033 0.6521426 0.7221259 0.9150755 1.101221 1.219323 1.586303 1.538118 1.172542 1.020435 0.8176137 0.4586814 0.1036211 0.06599196 0.08460346 0.08629665 0.1917271 0.2008679 0.2088436 0.1480308 0.02474411 0.0008455239 0.001793273 0.0009477611 0 0 0 0 0 0.1276824 0.2674681 0.1263566 0.2669297 0.006159062 0.007814411 0.03257586 0.03958599 0.02381029 0 0 0 0.07631975 0.8355666 1.534899 0.9586805 1.716537 4.207338 5.001769 0.9876622 5.538074 6.517055 3.441767
2.225236 3.446212 4.006071 4.312047 3.527503 1.63294 0.153817 0.2236211 0.3181607 0.1094505 0.188046 0.1172423 0.1867205 0.05992191 0.1587098 0.2814199 0.4588219 0.6375182 0.606429 0.3137397 0.2360698 0.2326117 0.3790556 0.5528616 0.6839585 0.7560841 0.6304754 0.4059504 0.4695933 0.4086002 0.3975246 0.990862 1.727887 2.170407 2.102642 1.504954 0.6052277 0.06487402 0.09022172 0.0410582 0.1397595 0.1170112 0.07733854 0.05784087 0.01355191 0.0007297283 0.001793273 0.00106368 0 0 0 0 0 0.08611837 0.265672 0.3162579 0.1820108 0.001376457 0.1739129 0.6014374 0.6875666 0.419175 0 0 0.01615043 0.4142125 1.240492 1.660323 0.5641055 0.4045016 3.077766 5.64378 4.453316 2.325834 4.97599 5.140103
2.550142 3.050949 1.309534 2.351475 4.114388 3.178573 0.5217378 0.1354425 0.3397989 0.3124307 0.07904981 0.1326761 0.1446197 0.1053988 0.0088508 0.2430097 0.3774157 0.5644296 0.7272878 0.4042648 0.1725622 0.2862506 0.3466455 0.6604253 1.139095 1.405389 1.430854 1.026442 0.3978034 0.1940445 0.3283747 0.3719546 1.054277 1.376468 1.916326 2.10688 1.25583 0.1417941 0.09047905 0.04735377 0.08646856 0.1179802 0.1326998 0.1245502 0.06341823 0.02037706 0.00178951 0.001120151 0 0 0 0 0 0.01100199 0.01555917 0.01100199 0 0 0.2402389 0.5756764 0.243353 0.575247 0 0 0.02823767 0.6087633 1.324663 1.379488 0.06717666 0.8146027 1.762307 4.300937 5.585049 4.098584 1.549204 2.831434
1.798522 3.605983 3.974614 2.550529 3.571094 3.344792 0.612495 0.03028688 0.218563 0.3748183 0.2388409 0.1527002 0.1490162 0.1448921 0.1512389 0.2394729 0.3673241 0.5625629 0.9046109 0.6106441 0.2647772 0.3173285 0.606227 0.6518447 0.8167666 0.7189088 1.031812 1.142946 0.8621868 0.2721803 0.1091587 0.6190687 1.109255 1.116975 1.471576 1.853909 1.358588 0.2479684 0.3130564 0.2374407 0.08658906 0.0658972 0.1707247 0.306226 0.2930971 0.1226701 0.005517651 0.001120151 0 0 0 0 0 0 0 0 0 0 0.165923 0.5846369 0.6855896 0.3946891 0.02382478 0.03369332 0.01039522 0.4926183 1.513332 1.291102 0.9265404 1.287627 1.197804 2.361473 4.044085 5.295175 5.140059 4.045679
0.4229229 1.585514 3.339297 3.847018 3.724099 2.35341 0.3572095 0 0.08315456 0.2653573 0.1408798 0.03182385 0.1039846 0.09291049 0.1191157 0.2159705 0.3011106 0.4861985 0.8532219 0.9141541 0.6244457 0.3999312 0.6203023 0.7724806 0.9031795 1.164987 1.364816 1.686244 1.62053 1.037988 0.6628014 0.5005053 0.9955299 1.838524 2.038047 1.540824 0.8436669 0.2298654 0.2968729 0.3816863 0.09501207 0.02966168 0.3382155 0.703855 0.9591987 0.7619517 0.2345507 0.01336787 0 0 0 0 0.02385858 0.1161479 0.1555615 0.1074564 0.01638708 0 0 0 0 0 0.03369332 0.008843131 0.1242504 0.152166 1.131233 1.529454 1.662871 1.20059 0.6609768 0.5222257 0.7765473 2.119152 3.545272 4.149635
0.001149462 0.1760979 1.025105 1.788078 1.630924 0.6930368 0.02679502 0 0.01290006 0.1775864 0.2457714 0.05546288 0.05534517 0.07601164 0.01686916 0.1112016 0.1907708 0.3434371 0.6230893 0.8455663 0.9563977 0.9803464 1.058604 0.9984542 1.103493 1.816469 2.218521 2.224861 1.742967 1.219001 1.105097 0.6364546 0.5803381 1.034782 0.9619209 0.7092875 0.3462145 0.3235028 0.1209309 0.5057023 0.1356929 0.05811352 0.4374904 0.6287701 0.2556916 0.8395718 0.4745876 0.1062095 0.09828775 0.09294149 0.1433235 0.5175231 1.449726 2.812618 3.671387 3.417958 2.245927 1.093438 0.3404585 0.02898287 0 0 0.02382478 0.03593942 0.1758821 0.023199 0.4474763 0.9723486 0.8642311 0.4456492 0.2621357 0.7356508 0.3416091 0.6122133 0.4806903 0.7356489
0 0 0.01094887 0.02770298 0.02928804 0.01449868 0 0 0 0.06136397 0.23178 0.2205232 0.1214799 0.1150536 0.04896889 0.03567089 0.03309745 0.117716 0.3079697 0.5800557 0.860698 1.091921 1.421551 1.693112 1.789062 1.553508 1.086795 0.7856413 0.4896533 0.444225 0.8860136 1.01702 0.8362508 1.061112 0.6691121 0.3286738 0.2964949 0.5047054 0.4002965 0.496899 0.1904492 0.133271 0.4057779 0.7897853 0.8059687 0.6864417 0.3889287 0.1428303 0.2452445 0.50256 1.396635 3.157076 4.958363 6.275461 7.03584 7.713049 7.520327 6.034088 3.521783 1.030924 0.01794223 0 0 0.008843131 0.142971 0.1956509 0.1339292 0.02992412 0.1048485 0.173439 0.3520981 0.8811898 0.6907807 0.7338654 0.121936 0.1116044
0 0 0 0 0 0 0 0 0 0.001246056 0.09664456 0.2174003 0.2363587 0.2148308 0.1593581 0.1385428 0.1635403 0.1292514 0.06862275 0.1311888 0.2822173 0.4832767 0.760218 1.007977 1.029964 0.7575416 0.5158474 0.1265715 0.4016056 0.03920251 0.4901526 0.9100054 1.049247 0.9368369 0.6289213 0.245715 0.228705 0.4230683 0.5344265 0.429401 0.2115248 0.1225272 0.1887388 0.3193769 0.350372 0.2843213 0.1190137 0.3088388 0.9519831 2.057619 3.715063 5.261827 5.908599 5.998307 6.083189 7.259861 8.971886 9.318123 7.587759 3.366896 0.3636391 0 0 0 0 0 0 0 0 0.002284435 0.1392074 0.4806463 0.5469491 0.3256916 0.02926817 0.02054824
0 0 0 0 0 0 0 0 0 0 0.007548779 0.06238924 0.1429089 0.2417552 0.266654 0.3086398 0.3226339 0.2991826 0.2471911 0.2190329 0.2090422 0.1678176 0.2560099 0.2469544 0.152329 0.2294942 0.7177816 0.4503683 0.3648671 0.3668149 0.3072215 0.3939875 0.3776434 0.4290737 0.3706733 0.1001295 0.05570723 0.0699449 0.08414779 0.07946009 0.0648305 0.04330821 0.08121469 0.1342956 0.09436531 0.03088955 0.306729 1.348397 2.775417 4.031864 4.747796 4.351707 3.846077 3.809147 3.611263 3.238428 3.44823 6.358719 8.067333 5.103022 1.319414 0.07773837 0 0 0 0 0 0 0 0 0.02470495 0.04116939 0.01646795 1.079948e-5 0 0
0 0 0 0 0 0 0 0 0 0 0 0 0 0.07579684 0.1371674 0.1324152 0.09192661 0.1332581 0.2149527 0.2125006 0.1138318 0.01636119 0.04341576 0.1357436 0.1170681 0.04645187 0.5398874 0.7449176 0.579881 0.5677137 0.2358844 0.07846203 0.06228838 0.2728621 0.1778687 0.002492111 0 0 0 0 0.0006133685 0.01588289 0.05415757 0.1004115 0.09882939 0.1401558 0.9821414 2.564423 3.809148 4.522712 4.538836 3.764529 3.369893 3.249685 1.907437 1.441412 3.699333 6.285666 6.520354 4.55371 2.498384 1.049983 0.2972347 0.009731791 0 0 0 0 0 0 0.024616 0.04110411 0.01655674 8.74691e-5 0 0
0 0 0 0 0 0 0 0 0 0 0 0 0 0 0 0 0 0 0 0 0 0 0 0.04430258 0.09849293 0.1153369 0.2483406 0.4562336 0.5122986 0.3557936 0.0902361 0.09696712 0.1177136 0.2544986 0.09387085 0 0 0 0 0 0 0.001453732 0.03101031 0.07728171 0.08806353 0.4613355 1.725456 3.186638 3.995191 4.359074 3.912265 3.547741 4.060591 3.692401 1.199638 3.135701 5.296237 5.681455 4.020389 2.307054 3.858229 4.052957 2.216161 0.418124 0.01221424 0 0 0 0 0 0.024616 0.04100165 0.01655665 0.000177322 0 0
0 0 0 0 0 0 0 0 0 0 0 0 0 0 0 0 0 0 0 0 0 0 0 0 0.0176766 0.116874 0.1487562 0.08131536 0.03628855 0.01933449 0.005430926 0.06102711 0.1386917 0.1969863 0.0568775 0 0 0 0 0 0 0 0.009533774 0.03405211 0.1111275 0.9362906 2.272241 3.482251 4.264802 4.261904 3.193411 2.91604 4.036573 3.413657 3.738972 5.301911 4.31231 3.025855 1.099013 2.855772 4.893229 6.143887 5.149541 1.785319 0.1178411 0 0 0 0 0 0.024616 0.04091626 0.01655655 0.0002588723 0 0
0 0 0 0 0 0 0 0 0 0 0 0 0 0 0 0 0 0 0 0 0 0.02180114 0.05391088 0.05645898 0.03798704 0.3811853 0.5195285 0.3479489 0.07898326 0.02561637 0.06067908 0.06729542 0.1187138 0.1497369 0.03205156 0 0 0 0 0 0 0 0 0.00368987 0.1594041 1.631913 3.426338 4.616181 4.986814 4.148876 3.153152 3.341284 3.651346 0.7404827 5.737265 6.644363 3.565014 1.001626 2.175994 4.758157 4.177759 5.408075 6.399549 3.031308 0.1966195 0 0 0 0 0 0.024616 0.04082066 0.01655678 0.0003565136 0 0
0 0 0 0 0 0 0 0 0 0 0 0 0 0 0 0 0 0 0 0 0.0765551 0.7447385 1.889135 2.926261 3.660522 4.247172 4.20617 3.421358 1.972382 0.8989275 0.444714 0.1794791 0.1268498 0.1293086 0.01089532 0 0 0 0 0 0 0 0 0 0.269279 2.698531 5.555362 6.599162 6.049021 4.25776 2.691551 2.289572 2.317505 4.39121 7.697396 6.537905 2.895504 0.7909248 2.701988 3.221077 1.306082 5.532233 6.500665 3.069056 0.166545 0 0 0 0 0 0.024616 0.04074208 0.01655643 0.0004307895 0 0
0 0 0 0 0 0 0 0 0 0 0 0 0 0 0 0 0 0 0 0 0.4241928 2.195943 4.097092 5.461749 6.782564 7.509642 7.497781 7.440671 6.476693 4.621369 3.004209 1.842092 0.9466919 0.3978823 0.1112044 0.007418378 0 0 0 0 0 0 0 0 0.3349521 3.478088 6.920029 6.595554 4.686415 2.935923 1.09623 1.814428 4.734249 7.017719 7.404347 5.053576 2.281627 1.864598 3.282258 4.283731 5.871992 6.744874 5.196148 1.822806 0.05305909 0 0 0 0 0 0.024616 0.04072158 0.01655638 0.0004507925 0 0
0 0 0 0 0 0 0 0 0 0 0 0 0 0 0 0 0 0 0 9.659346e-6 0.9393031 3.466417 4.912139 5.146564 6.067528 6.977771 7.543009 8.349328 8.774382 7.902906 6.15513 4.535329 3.101313 1.767789 0.7376884 0.1672934 0.01682175 0 0 0 0 0 0 0 0.2501344 3.141813 7.159321 7.401876 5.062755 1.906603 1.681399 2.956178 4.515841 5.51598 4.70925 2.763115 1.326614 1.563575 2.616265 3.529217 4.233947 3.69672 2.437664 0.695873 0.0008413063 0 0 0 0 0 0.024616 0.0406738 0.01655665 0.0005008909 0 0
0 0 0 0 0 0 0 0 0 0 0 0 0 0 0 0 0 0 0 0.06407525 1.517201 4.208048 5.254341 5.409446 6.006052 6.575197 6.843712 6.946901 6.904144 6.906199 6.270579 5.123053 4.322911 3.391148 2.05009 0.865135 0.2743962 0.07691278 0.0002076759 0 0 0 0 0 0.08077177 1.678569 5.53853 8.417999 8.441954 5.866487 1.781243 3.258435 4.7291 4.127319 2.533141 1.30143 0.8139592 0.9738606 1.308667 1.675182 2.077058 1.601667 1.109659 0.4963567 0.05948307 0 0 0 0 0 0.024616 0.04056794 0.01655678 0.0006072533 0 0
