04_184A001/slope.asc
ncols 378
nrows 390
xllcorner 613424
yllcorner 6870896
cellsize 16
nodata_value -9999
[rows 102 to 135 of 390, columns 76 to 151 of 378]
0 0 0 0 0 0 0 0 0 0 0 0 0 0 0 0 0 0 0 0 0 0 0 0 0 0 0 0 0 0 0 0 0 0 0 0 0.000901585 0.00178951 0.0008879246 0 0 0 0.004451088 0.009077442 0.004626398 0 0 0 0 0 0 0 0 0 0 0 0 0 0 0 0 0 0.01844935 0.08985018 0.04502191 0.08023556 0.01052711 0 0 0 0 0 0 0 0 0
0 0 0 0 0 0 0 0 0 0 0 0 0 0 0 0 0 0 0 0 0 0 0 0 0 0 0 0 0 0 0 0 0 0 0 0 0.000901585 0.00178951 0.0008879246 0 0 0 0.003036547 0.009075273 0.004897551 0.006939472 0.004906948 0 0 0 0 0 0 0 0 0 0 0 0 0 0 0 0.01320433 0.03364386 0.05746355 0.05088486 0.005275332 0.04933258 0.1408558 0.2268081 0.2287404 0.1405781 0.03826915 0.00117844 0 0
0 0 0 0 0 0 0 0 0 0 0 0 0 0 0 0 0 0 0 0 0 0 0 0 0 0 0 0 0 0 0 0 0 0 0 0 0.000901585 0.00178951 0.0008879246 0 0.001444072 0.1069338 0.7363265 1.720212 2.201737 1.680846 0.6479142 0.02621063 0 0 0 0 0 0 0 0 0 0 0 0.1191913 0.6199827 0.9349989 0.7412837 0.2523618 0.3636996 0.980377 2.017833 3.389611 4.312842 4.432872 3.982829 2.969259 1.50681 0.3718762 0.006635971 0
0 0 0 0 0 0 0 0 0 0 0 0 0 0 0 0 0 0 0 0 0 0 0 0 0 0 0 0 0 0 0 0 0 0 0 0 0.000901585 0.06244598 0.2583316 0.6526561 1.227651 1.926379 2.850163 3.521012 3.430264 3.347332 2.150137 0.5355345 0.08906426 0.03541467 0.004906948 0 0 0 0.0227864 0.1606074 0.2270519 0.1745333 0.155976 0.7801643 2.069807 2.437684 2.559192 2.696648 4.413747 6.148501 7.813917 9.593834 10.43781 10.2155 9.212462 7.931673 5.793205 2.483135 0.27223 0.004617168
0 0 0 0 0 0 0 0 0 0 0 0 0 0 0 0 0 0 0 0 0 0 0 0 0 0 0 0 0 0 0 0 0 0 0 0 0.1076842 0.6416828 1.410789 2.109154 2.698983 3.228023 3.681247 3.638611 3.163063 4.038918 3.998028 2.866135 2.505325 2.235744 1.601788 0.846425 0.3243642 0.2606132 0.674709 1.443938 1.886387 1.991577 1.949323 2.267432 3.014393 2.685705 3.598089 5.476382 7.632547 8.337624 8.821195 9.814221 10.44917 10.90055 10.34093 9.614262 9.233271 5.952546 2.357299 1.419564
0 0 0 0 0 0 0 0 0 0 0 0 0 0 0 0 0 0 0 0 0 0 0 0 0 0 0 0 0 0 0 0 0 0 0 0.002231309 0.408845 1.369627 2.152328 2.927275 3.954133 4.778078 5.311244 5.420105 5.210036 5.765857 6.081926 5.465752 4.91328 4.650732 4.393624 3.727849 3.085656 3.464373 4.568453 5.569389 5.646622 5.099952 4.240903 3.852637 3.92708 3.523922 3.90028 4.674163 4.616844 3.463426 4.052246 6.013108 6.204873 7.019158 8.359581 8.158016 8.983185 7.012936 3.683345 2.602601
0 0 0 0 0 0 0 0 0 0 0 0 0 0 0 0 0 0 0 0 0 0 0 0 0 0 0 0 0 0 0 0 0 0 0 0.004099218 0.725202 1.801257 2.666338 3.936764 5.234323 6.165689 6.781582 6.304208 5.377654 5.482636 5.909917 5.494684 5.142191 5.23155 5.329139 5.40266 5.666018 6.009692 6.12572 5.911207 5.387694 5.343521 5.132664 4.877752 4.51209 3.715689 2.991059 2.277976 1.907489 2.36788 3.998181 5.926564 5.888416 3.410261 6.463648 8.73629 7.794104 6.008725 4.413695 3.179666
0 0 0 0 0 0 0 0 0 0 0 0 0 0 0 0 0 0 0 0 0 0 0 0 0 0 0 0 0 0 0 0 0 0 0 0.003619678 0.9371506 2.28537 3.690576 4.916693 4.822863 4.669369 4.46323 3.428761 2.992393 3.039965 3.707541 4.074537 4.738099 5.061163 4.762004 4.372003 4.936895 4.770922 3.839352 2.841015 2.390726 3.319526 4.365641 4.549464 3.757863 2.881105 2.338335 1.778073 1.50239 2.413027 4.519467 6.171874 6.70901 3.607515 6.030416 9.996795 6.755322 4.88306 5.415906 5.194783
0 0 0 0 0 0 0 0 0 0 0 0 0 0 0 0 0 0 0 0 0 0 0 0 0 0 0 0 0 0 0 0.01162985 0.0164471 0.01162985 0 0.02436777 1.259886 2.880024 4.277301 4.830649 3.655202 3.502465 2.992478 0.3247741 1.502197 1.814678 2.657633 3.526574 3.95673 3.720163 3.712094 2.230941 2.367131 2.71219 2.695347 2.057827 1.762032 2.200512 3.285201 4.009457 4.078586 4.021939 3.801184 3.306919 2.900055 3.108958 4.678918 6.281469 7.137348 4.10365 6.173447 10.23685 6.25363 3.580964 4.361999 5.852746
0 0 0 0 0 0 0 0 0 0 0 0 0 0 0 0 0 0 0 0 0 0 0 0 0 0 0 0 0 0 0.01408816 0.2382591 0.3115447 0.2256574 0.001732211 0.2646695 1.914167 3.252284 3.94032 4.238682 3.051363 3.204967 3.536855 1.820907 0.2582469 1.422529 2.839512 3.619594 3.279591 3.517257 3.7836 1.416555 0.8134335 1.347169 1.366068 1.54986 1.237844 1.420852 2.691686 2.970262 4.115081 5.066663 4.857035 3.718341 2.957033 2.938999 4.213042 5.790048 6.740306 3.55348 5.658558 9.761264 5.747725 2.247477 2.316135 3.398241
0 0 0 0 0 0 0 0 0 0 0 0 0 0 0 0 0 0 0 0 0 0 0 0 0 0 0 0 0 0 0.01992366 0.606006 0.5189115 0.641095 0.08934434 0.8202651 2.54951 3.290397 3.073959 3.207052 2.840724 2.891141 3.302294 2.627831 1.41808 2.195432 3.39831 4.066804 4.263071 4.989415 5.328976 2.895884 0.3086278 1.51201 0.8497552 0.3356653 0.550828 0.9060292 2.308825 1.948424 2.848336 3.126894 3.502022 2.738161 2.165168 2.339483 3.424128 4.561917 5.469397 4.357653 6.509351 8.7124 4.436329 1.510898 0.9045892 1.902343
0.1845239 0.00723968 0 0 0 0 0 0 0 0 0 0 0 0 0 0 0 0 0 0 0 0 0 0 0 0 0 0 0 0 0.01610326 1.085132 0.6206022 1.128894 0.250533 1.3709 2.683542 2.872202 2.22853 2.117974 2.5433 2.838722 3.090998 3.263508 2.911349 3.400046 3.953843 4.131692 4.516188 5.446133 6.383829 4.16034 0.8786905 0.8193022 1.335421 0.7632216 0.03243618 0.6158087 1.742728 2.571501 3.311069 1.097238 2.0311 1.331591 1.293781 1.670617 2.399036 2.968673 3.775701 5.721693 7.751613 6.669261 2.329353 1.119529 1.707463 2.238441
1.387571 0.3822405 0.002028463 0 0 0 0 0 0 0 0 0 0 0 0 0 0 0 0 0 0 0 0 0 0 0 0 0 0 0 0.03980036 1.164088 0.3658828 1.100834 0.1471258 1.555645 2.390836 2.26476 2.1145 2.084386 2.693511 3.393708 3.767484 4.327129 4.002703 4.033878 3.896484 2.928161 2.259717 5.075809 6.355391 4.31217 1.96148 0.7865556 0.7828436 0.8729842 0.2571425 0.4859899 1.236029 2.172315 3.431629 2.928716 1.490319 0.2840724 0.685084 1.167277 1.387148 1.722973 2.128234 4.210146 5.095036 3.621453 1.654523 1.882817 2.407583 1.37086
2.49015 1.33197 0.2295864 0.01003123 0 0 0 0 0 0 0 0 0 0 0 0 0 0 0 0 0 0 0 0 0 0 0 0 0 0.04886179 0.2038169 0.6098081 0.7588161 0.7342607 0.2092937 1.438273 2.095031 1.897049 2.057476 2.118559 2.496425 3.506061 4.45179 5.374984 5.385404 5.025431 4.191625 2.646239 1.634937 5.52246 5.199463 3.290013 2.983522 2.457139 1.645166 1.04092 0.2325767 0.4080591 1.07255 1.675601 2.575707 2.866609 1.786965 0.6198645 0.937377 1.197214 1.038019 0.9232647 0.9715909 2.743793 2.481981 1.923236 1.549937 1.932443 1.376773 0.6824275
2.768111 2.221154 1.625989 0.6861522 0.03913967 0 0 0 0 0 0 0 0 0 0 0 0 0 0 0 0 0 0 0 0 0 0 0 0 0.1722915 0.6892105 0.6328894 0.4282767 0.3062381 0.3011162 0.8787591 1.728887 1.859062 1.831413 1.646986 1.671997 2.612714 4.017609 5.283534 6.340685 6.754058 5.813832 4.416934 3.778756 5.079026 3.197637 1.808832 2.639732 2.897535 2.061399 1.003263 0.7429765 0.3938206 0.7560747 1.026818 1.485203 2.274873 2.537037 1.685516 1.275145 1.352473 1.36105 1.478654 1.816432 3.222102 2.954581 2.384174 1.747872 1.091867 0.3713398 1.781821
3.306915 1.73028 1.87653 1.499995 0.3556631 0.006529718 0 0 0 0 0 0 0 0 0 0 0 0 0 0 0 0 0 0 0 0 0 0 0 0.2049313 1.028911 0.7118635 1.199754 1.457201 1.338778 0.5901923 0.7143244 1.295425 1.582707 1.672752 1.595429 1.912436 3.033121 4.078793 5.192333 6.427799 6.191271 5.301519 4.414639 3.291404 1.566363 0.3884479 0.8889604 1.598369 1.459872 1.487663 1.01873 0.3362394 0.3368431 0.4379241 0.8293237 1.679822 2.715936 2.636656 1.984524 1.800102 2.073914 2.454423 3.062653 4.639633 5.295873 4.53628 3.383176 2.078006 0.9989349 1.920413
2.97203 1.551557 1.762788 1.510673 0.4647756 0.009234415 0 0 0 0 0 0 0 0 0 0 0 0 0 0 0 0 0 0 0 0 0 0 0 0.1213424 1.060337 0.9871787 0.4575805 0.4602393 0.5627052 0.8376971 0.5876836 0.2996303 0.8435593 1.331827 1.629827 1.743325 2.345417 3.364288 4.186572 5.051315 4.963412 4.481538 3.983984 2.578904 1.322565 1.017511 1.674895 2.344097 2.205592 1.561507 0.5701402 0.1428679 0.1990302 0.2572744 0.4450158 1.042096 2.192367 2.79466 2.698009 2.821256 2.996834 3.481296 4.503853 6.064075 7.515532 7.481377 6.211575 4.440658 2.402413 1.586682
2.348512 1.419684 2.356673 1.424826 0.3150944 0.006529718 0 0 0 0 0 0 0 0 0 0 0 0 0 0 0 0 0 0 0 0 0 0 0 0.004887629 0.5216519 1.392924 1.219123 1.100719 0.7547929 0.178125 0.2913434 0.2549885 0.4574261 0.9057052 1.371432 1.68473 1.914823 2.831269 3.818315 4.252183 3.993316 3.452599 3.168321 2.817212 2.269298 2.12197 2.594841 2.583781 1.745645 0.7751528 0.03086148 0.3670612 0.6222116 0.8869853 1.134171 1.369909 1.869113 2.543621 2.986792 3.5721 3.671423 3.884223 4.172714 4.445066 5.945775 6.883401 6.814213 5.589049 2.923213 1.385996
2.750384 2.338643 2.39042 1.043301 0 0 0 0 0 0 0 0 0 0 0 0 0 0 0 0 0 0 0 0 0 0 0 0 0 0 0.08977872 0.6816225 1.048397 0.8384237 0.7132155 0.4518843 0.7537681 0.6854083 0.5523025 0.771503 1.153423 1.660458 1.826907 2.319294 3.174555 3.218272 2.999061 2.967561 2.892887 2.833157 2.753838 2.536319 2.257711 1.55934 0.5989646 0.2600255 0.8706915 1.560943 2.212477 2.634912 2.761753 2.674661 2.537982 2.695482 3.194369 3.685025 3.831185 4.261113 3.606975 1.448104 3.524893 4.376464 5.192428 5.410652 2.678274 0.7551762
1.304529 1.83122 1.485839 0.4861476 0 0 0 0 0 0 0 0 0 0 0 0 0 0 0 0 0 0 0 0 0 0 0 0 0 0 2.897804e-5 0.06337978 0.2364166 0.5865725 0.8603891 0.6860193 0.8280972 0.6356776 0.5286355 0.6246964 0.9454864 1.716686 2.12207 2.211967 2.828254 2.580158 1.981966 2.066649 2.225554 2.330374 2.363517 2.147417 1.50332 0.5276501 0.6979877 1.52763 2.30083 2.922874 3.153568 3.166481 3.242566 3.317866 3.380468 3.553952 3.738832 3.727265 3.519804 3.986996 3.456592 0.3374653 3.603382 3.735573 4.365403 5.371742 3.397614 1.2899
0.7784752 0.3942723 0.1695652 0.02381995 0 0 0 0 0 0 0 0 0 0 0 0 0 0 0 0 0 0 0 0 0 0 0 0 0 0 0 0 0.003685041 0.2070757 0.5873963 0.6504608 0.5242958 0.2523564 0.2728356 0.4157808 0.7316226 1.576555 2.40979 2.489829 2.826249 2.952304 2.249354 1.696632 1.440491 1.444454 1.647524 1.629866 1.204006 0.8922081 1.41616 1.928013 2.137016 2.129092 2.028787 2.365986 3.026498 3.654075 4.262848 4.535776 4.215949 3.617119 2.8021 2.814613 2.859985 2.136404 3.821721 2.550539 3.268248 5.297188 4.680413 2.41292
0.8140689 0.0647193 0 0 0 0 0 0 0 0 0 0 0 0 0 0 0 0 0 0 0 0 0 0 0 0 0 0 0 0 0 0 0 0.01647884 0.1044934 0.146886 0.1064435 0.01992553 0.04715949 0.1550642 0.4195317 1.085136 2.136802 2.629356 2.699912 3.131208 3.14756 2.444426 1.589648 1.060057 1.031798 1.091695 1.360142 1.697541 1.692622 1.418632 1.621174 1.721812 1.548823 2.334385 3.016342 3.533955 4.303778 4.491739 3.904226 2.813184 1.468098 1.156732 2.80583 4.312183 4.528285 2.543066 1.296577 4.130506 5.177339 3.202187
1.83543 0.5308343 0.03868568 0 0 0 0 0 0 0 0 0 0 0 0 0 0 0 0 0 0 0 0 0 0 0 0 0 0 0 0 0 0 0 0 0 0.0006693585 0.00178951 0.001120151 0.00414386 0.08519889 0.4601412 1.359183 2.225047 2.483815 2.725975 3.175396 3.24849 2.527815 1.509154 0.9476367 1.142461 1.880956 2.094831 1.456095 0.7935843 1.290392 1.876431 1.963403 3.004893 3.55544 2.888617 2.961902 2.978131 2.654854 1.802995 0.7568148 1.909511 3.628669 4.781842 4.638069 4.417246 4.760123 5.406475 5.509834 3.285501
4.423311 2.471776 0.8177503 0.1794029 0.02139545 0 0 0 0 0 0 0 0 0 0 0 0 0 0 0 0 0 0 0 0 0 0 0 0 0 0 0 0 0 0 0 0.0006202511 0.00179244 0.001172497 0 0.0009079786 0.1017182 0.6127589 1.448584 2.144781 2.582648 2.94438 3.425986 3.475024 2.742476 1.828367 1.71565 2.318554 2.214189 1.230907 0.5067411 0.8462302 1.584125 2.049013 3.048136 4.071253 3.600629 2.847882 2.232864 0.3796339 1.632378 2.372857 2.946954 3.449656 3.701571 3.514298 4.034176 5.74766 6.865466 5.917302 3.857637
5.846788 5.277653 3.449153 1.7958 0.6521089 0.03952121 0 0 0 0 0 0 0 0 0 0 0 0 0 0 0 0 0 0 0 0 0 0 0 0 0 0 0 0 0 0 0.0005151702 0.001792843 0.001278414 0 0 0.001956018 0.1460928 0.6000668 1.272757 2.011305 2.529264 2.946224 3.427193 3.51362 3.067888 2.716516 3.010726 2.991811 2.030947 1.051553 1.040618 1.662925 2.212265 2.950726 4.139627 4.151367 3.075619 1.81143 1.192566 3.171661 3.672976 3.485557 3.404343 2.848618 2.494864 3.354779 4.226219 4.05894 3.113425 2.241097
3.538359 4.704231 4.77638 3.738012 2.281015 0.7831885 0.09196173 0 0 0 0 0 0 0 0 0 0 0 0 0 0 0 0 0 0 0 0 0 0 0 0 0 0 0 0 0 0.0004542204 0.001789523 0.001335306 0 0 0 0.01237845 0.1498819 0.459006 1.058663 1.769181 2.35347 2.962501 3.54909 3.894394 3.989693 4.226505 4.655407 4.574615 3.753222 3.40926 3.622152 3.67867 3.888258 4.860147 4.583826 2.993465 0.5985309 2.427095 3.931237 4.031118 3.748187 3.262613 2.499202 2.544199 3.397382 3.335737 2.344994 1.473414 1.050253
1.946613 1.920108 3.010528 3.559312 3.352877 2.662155 1.282528 0.281267 0.001415094 0 0 0 0 0 0 0 0 0 0 0 0 0 0 0 0 0 0 0 0 0 0 0 0 0 0 0 0.0004507925 0.00178951 0.001338717 0 0 0 0 0.02382478 0.06967572 0.3157249 0.8037055 1.367784 2.105497 2.981849 3.734957 4.202654 4.473381 4.986579 5.690993 5.760192 5.464813 5.700797 6.221684 6.468326 6.347019 4.831331 2.85031 2.013209 3.586071 3.918498 3.550063 2.991145 2.548815 2.652804 3.149001 3.350366 2.706476 1.64227 0.857424 0.5883685
2.003179 1.28748 1.732186 2.403155 2.609453 3.181494 3.093179 2.002616 0.8309599 0.1734427 0 0 0 0 0 0 0 0 0 0 0 0 0 0 0 0 0 0 0 0 0 0 0 0 0 0 0.0004507925 0.00178951 0.001338717 0 0 0 0 0 0 0.01039346 0.07229294 0.2564211 0.6953837 1.402642 2.28679 3.169581 3.866272 4.564578 5.350331 5.802557 5.560202 5.628019 6.891469 8.641519 8.80533 7.56676 6.510643 5.715009 5.129737 4.231109 3.236714 2.482983 2.497872 2.885361 2.978631 2.65118 2.014769 1.236573 0.6984159 0.5489529
1.512519 1.603356 1.693121 1.940498 2.339076 2.828668 3.34042 3.323959 2.688046 1.676891 0.7355578 0.1908776 0 0 0 0 0 0 0 0 0 0 0 0 0 0 0 0 0 0 0 0 0 0 0 0 0.0004507925 0.00178951 0.001338717 0 0 0 0 0 0 0 0 0.0004346706 0.05447077 0.242698 0.6891391 1.384916 2.03659 2.567403 3.128767 3.762604 4.192312 4.46004 5.637709 8.233989 10.04801 10.18004 9.289395 7.952501 6.653858 5.237067 3.962235 3.297443 3.13866 2.73857 2.096314 1.719688 1.351454 0.8068542 0.4916874 0.457274
0.6555885 1.02396 1.287885 1.077891 1.503748 1.926745 2.234579 2.383161 2.495916 2.594437 2.434821 1.722688 0.6903177 0.113077 0 0 0 0 0 0 0 0 0 0 0 0 0 0 0 0 0 0 0 0 0 0 0.0004507925 0.00178951 0.001338717 0 0 0 0 0 0 0 0 0 0 0.0002559727 0.01756738 0.104656 0.2236837 0.3378536 0.5410069 1.004957 1.8212 2.783763 3.85747 5.546508 7.499253 8.624733 8.266069 7.13866 6.118163 5.041799 4.097619 3.430038 2.693364 1.854738 1.43602 1.426384 1.088123 0.5692865 0.3988919 0.3904569
1.381668 1.5842 1.449804 0.9489367 0.8550447 1.12846 1.54985 1.509311 1.060828 0.948997 1.899892 2.637033 2.256994 1.123715 0.2426075 0 0 0 0 0 0 0 0 0 0 0 0 0 0 0 0 0 0 0 0 0 0.0004507925 0.00178951 0.001338717 0 0 0 0 0 0 0 0 0 0 0 0 0 0 0 9.659346e-6 0.0288911 0.3073953 1.112583 2.230521 3.359441 4.549089 5.828311 6.451913 6.273582 5.840837 5.258696 4.443941 3.517682 2.615429 1.922417 1.635723 1.444276 0.9209291 0.4263716 0.3981218 0.4284868
2.136763 2.008912 1.672417 1.442284 1.297718 1.308963 1.743393 1.558012 0.9897919 0.5268007 0.4388503 0.7612308 1.759056 2.049471 0.9009402 0.04077209 0 0 0 0 0 0 0 0 0 0 0 0 0 0 0 0 0 0 0 0 0.0004507925 0.00178951 0.001338717 0 0 0 0 0 0 0 0 0 0 0 0 0 0 0 0 0 0.001357138 0.1700239 0.7152804 1.668463 2.924448 4.227188 5.047831 5.290347 5.388016 5.602258 5.549774 4.918011 4.012257 3.102793 2.239375 1.426804 0.7326608 0.3604007 0.4277138 0.4454048
2.152668 1.749645 1.260723 0.9473508 0.7725793 0.9734738 1.476064 1.236066 0.9534784 0.6326618 0.9643828 1.599993 1.627931 1.588768 1.067536 0.1164581 0 0 0 0 0 0 0 0 0 0 0 0 0 0 0 0 0 0 0 0 0.0004507925 0.00178951 0.001338717 0 0 0 0 0 0 0 0 0 0 0 0 0 0 0 0 0 0 0 0.02316311 0.2269396 0.991415 2.283283 3.361483 3.950109 4.148054 4.071667 4.162699 4.427885 4.540149 4.212529 3.518274 2.694678 1.855153 1.14806 0.7744383 0.5322378
1.339317 1.301664 1.098633 0.8184524 0.7576192 1.192596 1.471215 1.361009 1.259095 1.095848 1.460088 1.778659 1.73949 1.419658 0.7139686 0.1287134 0 0 0 0 0 0 0 0 0 0 0 0 0 0 0 0 0 0 0 0 0.0004507925 0.00178951 0.001338717 0 0 0 0 0 0 0 0 0 0 0 0 0 0 0 0 0 0 0 0 7.244509e-5 0.04144831 0.4683094 1.315887 2.179281 2.835794 3.03886 2.846593 2.786465 3.096951 3.537944 3.809525 3.740176 3.193092 2.241907 1.349956 0.8833082
