04_184A001/slope.asc
ncols 378
nrows 390
xllcorner 613424
yllcorner 6870896
cellsize 16
nodata_value -9999
[rows 306 to 339 of 390, columns 228 to 303 of 378]
1.387183 1.329791 1.51682 1.780727 1.805019 1.95674 2.447529 2.884249 2.82869 2.678149 2.506044 2.174043 1.589748 1.373521 1.234458 0.8048189 0.6139754 0.6199409 0.7011105 0.5394534 0.7585414 1.156492 1.190411 1.256093 1.357364 1.383179 1.515391 1.569507 1.652807 2.160188 2.945124 3.572838 3.919985 4.366355 4.999775 5.557523 5.738055 5.654033 5.75778 5.712233 5.50315 5.666399 5.449971 4.82473 4.221216 3.748356 3.43633 3.212474 2.936904 2.401946 1.72712 1.329588 1.209125 1.052056 1.055983 1.758568 3.339006 3.214789 1.870415 1.314389 0.7590827 0.4166337 0.2898731 0.7551135 0.9763774 1.653862 2.541168 2.923034 2.749743 2.267412 2.010602 2.2223 2.710714 2.952124 2.760746 2.41592
1.459358 1.265844 1.354402 1.607742 1.623612 1.538089 1.97187 2.493032 2.655708 2.738132 2.755317 2.620266 2.217509 1.981764 1.717455 1.209462 0.9092739 0.8030912 0.6036929 0.4154035 0.1626305 0.6743426 0.5775387 0.8562318 1.065803 1.283164 1.519323 1.664192 1.683805 1.921399 2.004357 1.91692 1.729714 1.9845 2.984633 3.758528 4.106473 4.226484 4.601398 4.957076 4.795437 5.146394 5.662527 5.729742 5.470617 5.105151 4.755475 4.224462 3.558298 2.955827 2.355296 1.904163 1.663658 1.411218 1.229414 1.180602 1.834039 2.286093 1.529584 0.7280901 0.7599884 1.19347 1.389022 1.521647 1.213452 0.8357652 1.317972 2.049077 2.013413 1.775122 1.893081 2.218326 2.963185 3.786159 4.087315 3.688778
1.305179 1.10369 1.015138 1.181737 1.461328 1.463289 1.688029 2.056295 2.176724 2.406385 2.692781 2.975779 3.058346 2.979195 2.620777 2.126087 1.635215 1.118337 0.6759472 0.2995031 0.07891144 0.4770934 0.224264 0.6759701 0.6833499 0.9851279 1.364734 1.69057 1.928497 1.860151 1.478477 1.441097 1.252434 0.9447736 1.751655 2.104347 2.619893 2.889853 3.472429 4.284292 4.346964 4.369472 4.747042 5.246804 5.768584 5.876394 5.421936 4.738751 3.982666 3.41251 3.10398 2.792622 2.441193 2.082705 1.75514 1.346718 1.112863 1.320331 1.177552 0.3668666 0.378877 1.050663 1.603196 1.790757 1.523236 1.049878 0.8655977 1.774568 1.756439 1.327823 1.189159 1.483996 2.783642 4.480083 5.460288 5.164707
1.025043 1.018196 0.7529914 0.5980124 0.8952276 1.198252 1.447218 1.779164 1.954333 2.14888 2.287616 2.649076 3.027425 3.265428 3.104345 2.653733 2.23977 1.694705 1.210229 0.8127317 0.5307324 0.5874286 0.4676572 0.46108 0.5729702 0.892696 1.042307 0.4819334 0.6260954 0.7803798 0.787554 1.295653 1.540255 0.7800389 1.22888 0.6687061 1.241239 2.084806 2.834374 3.681141 3.917098 3.863987 4.057014 4.352957 4.729005 5.066235 5.185251 5.166634 4.847152 4.191424 3.792919 3.534407 3.240011 2.920661 2.528322 2.164778 1.838205 1.612669 1.236504 0.3146402 0.6302022 0.6955625 0.6998672 0.7209744 0.6905459 0.9987477 1.022087 1.226203 1.47026 1.228178 1.05435 1.212213 2.859241 3.730877 4.580453 5.180059
0.686012 0.8486733 0.7794188 0.452401 0.5020183 0.871025 1.207464 1.495613 1.72946 1.92132 1.821148 1.83044 2.178763 2.675469 2.940048 2.899316 2.784152 2.477282 1.897797 1.359813 1.11993 1.08592 0.9917985 0.7034567 0.3174793 0.5943028 1.26765 1.172743 0.8056848 0.51079 0.08487052 0.7158328 1.538132 1.582861 0.9152541 0.5026372 0.2924082 0.6181122 1.313209 2.33731 3.129589 3.389912 3.382917 3.164489 2.91447 3.085119 3.71969 4.555147 5.192441 5.09226 4.691203 4.22196 3.696235 3.245967 2.840834 2.498747 2.334275 2.117256 1.449641 0.820324 0.8909055 0.7632244 0.5591755 0.4696451 0.3960554 0.427404 0.6091027 0.6981789 0.8025726 0.9504489 1.046255 1.535603 2.964763 2.311555 1.633494 2.789907
0.7000811 0.5888799 0.7306636 0.6629102 0.6985306 0.8384255 1.021709 1.156402 1.398429 1.63791 1.537574 1.342125 1.529937 1.912394 2.208546 2.507416 2.69098 2.761645 2.465104 1.866182 1.500023 1.336177 1.198339 0.9857579 0.7987812 0.4843464 0.5261766 0.9345817 0.927732 0.6832551 0.3995073 0.761679 1.452611 2.079739 1.890045 0.8994942 0.3424243 0.4399479 0.2689422 0.4552529 1.427717 2.098515 2.473764 2.59589 2.501221 2.343026 2.419716 3.003559 3.914593 4.490404 4.673654 4.578921 4.319366 3.900372 3.341635 2.795733 2.267248 1.843888 1.568028 1.550468 1.472671 1.25955 0.969699 0.735118 0.6831744 0.6044904 0.3431925 0.3430488 0.3954385 0.5442899 0.4699912 1.297699 2.30648 1.699846 0.4169154 0.6627578
1.334573 0.9448167 0.7502047 0.651816 0.5453555 0.5273715 0.6282665 0.6541435 0.9104804 1.273287 1.231083 0.9407372 1.082042 1.323223 1.340373 1.450522 1.732117 2.192648 2.503645 2.211594 1.69738 1.424882 1.297661 1.119107 0.9517148 0.9301604 0.6405147 0.5719322 0.8384509 0.8696355 0.7818319 0.8514715 0.8208003 0.7143963 1.362273 1.275919 0.5286379 0.1125641 0.2675406 0.3569753 0.09347153 0.6653017 1.378462 2.03395 2.394407 2.305655 2.04372 2.009056 2.227514 2.533847 3.188594 3.763351 4.082367 4.293955 4.092204 3.546261 2.983114 2.46777 2.202338 2.289501 2.346141 2.231129 1.838861 1.340779 1.132973 1.024765 0.8600144 0.7630169 0.6633937 0.7317904 0.4029542 0.9708668 1.788171 1.845587 1.242081 0.5265437
1.027991 1.259436 1.115072 0.8111758 0.6127423 0.6287633 0.536957 0.3466156 0.4805674 1.003731 1.0571 0.6453291 0.6355435 0.9870479 1.044827 0.8752288 1.025205 1.412707 1.950777 2.199281 1.923751 1.670003 1.640332 1.629014 1.350045 1.228388 1.179964 0.7802862 0.4513091 0.4828182 1.099048 1.680991 1.873781 1.25668 0.9618521 0.9123424 0.4092162 0.2102097 0.380609 0.3110968 0.2319101 0.2297049 0.3885224 0.8176816 1.592259 1.893524 1.632043 1.517751 1.41514 0.967187 1.381149 2.085375 2.587289 3.190081 3.716276 3.717968 3.575942 3.358234 3.028037 2.92004 2.940173 2.899013 2.560352 1.984159 1.730396 1.608411 1.557902 1.413006 1.036337 0.97757 0.6985194 0.4746066 1.089646 1.905945 2.219549 1.152898
0.2639301 0.5645293 0.8408108 0.7360225 0.6694123 0.7908651 0.7397887 0.4760124 0.3869618 0.8972759 1.120309 0.6995891 0.433329 0.6202356 0.8732448 0.7523853 0.7938649 0.9328123 1.16272 1.621388 1.811793 1.673097 1.950469 2.247633 1.990359 1.739684 1.838019 1.642317 1.202603 0.9053838 0.4399975 0.4815403 1.362548 1.590357 1.226683 0.9526393 0.4277665 0.2566126 0.2521279 0.1268045 0.167112 0.2030639 0.4780263 0.4834562 0.4330261 1.0784 1.210844 1.540817 1.570993 0.6957116 0.2597922 0.4857138 0.7203895 1.224754 2.064721 2.690759 3.057899 3.38348 3.578261 3.564901 3.526827 3.67855 3.668443 3.184435 2.762872 2.476347 2.156382 1.860807 1.300487 1.029256 0.8722631 0.2600114 0.3894531 1.121964 2.231929 2.474493
0.7896198 0.7758594 0.9403954 0.9232131 0.7047634 0.8105981 1.111328 1.028919 0.5899678 0.8184325 1.03185 0.8321981 0.5824132 0.4804399 0.5552107 0.6198182 0.7996636 0.9547196 0.8678564 0.964106 1.341812 1.317162 1.623675 2.051189 2.336243 2.118636 1.675577 1.570974 1.420175 1.273075 1.325335 1.02121 0.4369552 0.44517 0.680523 0.6265124 0.3848114 0.4129786 0.5080678 0.4765682 0.3302012 0.2607149 0.4201227 0.4553718 0.07999719 0.4436115 0.7985507 1.427703 1.789505 1.117059 0.4117947 0.3731612 0.2214227 0.1473556 0.6739979 1.380036 2.071353 2.762785 3.39297 3.832151 4.141533 4.503341 4.789124 4.71616 4.447153 4.107173 3.66445 3.260176 2.554315 1.919803 1.548141 0.8834968 0.2886865 0.3001932 1.073624 1.816121
2.173511 2.319422 2.425359 2.377308 1.978452 1.576675 1.621418 1.812039 1.431413 0.9845072 0.9146094 1.127444 1.088426 0.6780146 0.4503121 0.4191101 0.6149557 1.061567 1.359817 1.343155 1.444233 1.39884 1.250473 1.409511 1.912528 2.045999 1.476822 1.038927 1.345475 1.323981 1.281612 1.087366 0.9082785 0.6408362 0.4089679 0.1865657 0.1237354 0.2589322 0.3815764 0.497969 0.5198849 0.5615011 0.5136966 0.3561653 0.1688446 0.157376 0.4044742 0.89242 1.560117 1.570874 1.225672 0.8219391 0.3815264 0.325762 0.5368076 0.9076077 1.420862 1.854791 2.274647 2.847478 3.511449 4.209717 4.860583 5.296646 5.335336 5.123969 5.02042 5.014625 4.458771 3.259365 2.378671 1.590735 0.8409723 0.4478626 0.1833525 0.2020849
1.830899 1.952614 2.284961 2.632317 2.556161 2.106717 1.906898 2.128472 2.221243 2.034852 1.771299 1.713218 1.658003 1.269822 0.9189295 0.6635305 0.6847257 0.9898105 1.417297 1.655566 1.662667 1.582744 1.325296 1.227965 1.278628 2.003701 2.114901 1.362442 1.213177 1.37194 1.54696 1.439745 1.22838 0.9493815 0.8087254 0.6805304 0.3162904 0.09641634 0.06450832 0.2742697 0.3975064 0.5690522 0.6193535 0.5507845 0.4461406 0.01267716 0.425247 0.5105509 0.802161 1.385474 1.694457 1.494377 0.9678944 0.617363 0.52698 0.8155065 1.177647 1.241023 1.397398 1.7326 2.193375 2.81638 3.655429 4.522603 4.955631 4.96348 4.982448 5.067741 4.948318 3.800531 2.620522 1.830718 1.07539 0.7771512 0.5690829 0.373869
0.4733017 0.4113301 0.60331 1.181155 1.715783 1.986907 2.04516 2.159268 2.230435 2.271407 2.093318 2.077124 2.094217 1.967214 1.887795 1.711493 1.61499 1.596365 1.628814 1.741944 1.57781 1.231239 1.021329 0.9211602 0.8509642 1.437118 2.130056 1.722883 1.006364 0.9042434 1.12976 1.362992 1.463477 1.245036 1.083916 0.954024 0.5842779 0.3963317 0.270788 0.1256202 0.257225 0.414372 0.4657251 0.5428067 0.665126 0.3506581 0.5254498 0.2961831 0.2405408 0.7098863 1.359461 1.805106 1.66123 1.073084 0.6051507 0.7020068 1.005802 0.7764689 0.6867294 0.9828543 1.334972 1.641769 2.079332 2.876734 3.817329 4.293944 4.40437 4.7929 5.41821 4.662183 3.31991 2.28816 1.397923 1.068432 0.9322689 0.7375119
-9999 0.1403791 0.1865972 0.3731394 0.7373447 1.170486 1.676576 2.131226 2.265487 2.177093 2.030096 2.168381 2.313486 2.28937 2.221262 2.056549 1.856072 1.720076 1.690055 1.813877 1.89484 1.598566 1.343993 1.166394 1.089641 1.170607 1.668335 2.026658 1.56673 1.292145 1.154835 1.144992 1.394643 1.393385 1.420449 1.271896 0.7585266 0.6885182 0.6150049 0.4377105 0.1955615 0.2072488 0.3068525 0.4506191 0.6476713 0.4593544 0.3885665 0.06130907 0.1905614 0.2797224 0.7418044 1.41429 1.919878 1.787393 1.301649 0.8084197 0.7557678 0.7984639 0.6483896 0.8612999 1.121963 1.297962 1.426661 1.525408 1.992704 2.869081 3.271023 4.319372 5.75168 5.918424 5.207304 3.901141 2.5256 1.888765 1.639155 1.38766
-9999 -9999 -9999 0.1479287 0.1642108 0.2319774 0.5775356 1.253227 1.876401 2.204759 2.234111 2.384709 2.536846 2.450116 2.136519 1.738599 1.45918 1.380155 1.423378 1.619484 2.031831 2.28321 2.345758 2.177376 2.248622 2.577591 2.906459 3.073145 2.749332 2.487393 2.166557 1.90165 1.910924 1.693582 1.617519 1.510711 0.9088035 0.7989674 0.7753927 0.7010407 0.5435825 0.2758541 0.07037504 0.2994202 0.450511 0.2580797 0.1588548 0.09311086 0.1838453 0.2118026 0.3972311 0.6803223 1.354862 1.961938 2.004552 1.560292 1.118127 0.8674693 0.7534983 1.075007 1.201692 0.8160709 0.6222474 0.6897113 0.6408678 1.51892 2.17248 3.111875 4.620939 5.530227 5.804996 5.281995 4.115871 3.291337 2.75593 2.300201
-9999 -9999 -9999 -9999 0.2648031 0.1374753 0.06790174 0.1712472 0.6778908 1.228878 1.548508 1.855059 2.150664 2.322528 2.299814 1.953018 1.484686 1.252049 1.270443 1.492878 1.850044 2.076497 2.276411 2.434786 2.887096 3.596002 3.979199 3.944403 3.441029 3.269855 3.069108 2.82395 2.647798 2.578502 2.631613 2.316865 1.509644 1.130073 1.025591 1.014681 0.9108682 0.7058608 0.4465048 0.3038506 0.3152995 0.1727441 0.01918639 0.03915187 0.157374 0.3298308 0.4156173 0.3414679 0.392651 0.9565824 1.513827 1.593325 1.314166 1.277859 1.369177 1.180526 0.8978572 0.7408203 0.4578733 0.4021185 0.452237 0.5763533 1.495566 2.02466 2.986907 3.816838 4.331422 5.003125 5.198856 4.968663 4.473004 3.765055
-9999 -9999 -9999 -9999 -9999 -9999 -9999 0.2473457 0.3288344 0.3778646 0.3999331 0.6440976 1.093319 1.595724 2.03286 2.148438 1.860885 1.485751 1.275143 1.302342 1.479419 1.493475 1.470315 1.534939 1.818453 1.976477 2.11345 3.065921 3.092505 3.157291 3.22608 3.191973 3.082712 2.95134 3.122258 3.117106 2.690159 2.342751 2.020821 1.740856 1.486591 1.199505 0.870383 0.5366569 0.3714261 0.239233 0.1614412 0.1585437 0.172236 0.2924031 0.3453048 0.4115695 0.5005041 0.2763917 0.5435967 1.01823 1.111096 1.226607 1.177758 0.8921261 0.6848247 0.5729584 0.5655789 0.3560642 0.4788508 0.05143961 0.9381858 1.445267 2.308939 2.956182 2.974069 3.522532 4.33244 4.98517 5.447113 5.284685
-9999 -9999 -9999 -9999 -9999 -9999 -9999 -9999 -9999 0.3064979 0.2403581 0.1743949 0.233395 0.5607084 1.050515 1.571213 1.815787 1.742084 1.505402 1.259494 1.177107 1.233428 1.206158 1.024484 0.7969228 0.7308404 0.1383295 1.263509 1.927683 2.155606 2.284863 2.451779 2.655479 2.683781 2.894794 3.19854 3.342956 3.380315 3.216713 2.919649 2.533345 1.998561 1.411978 0.9329629 0.7526929 0.6279449 0.5025951 0.3934092 0.3410287 0.3473081 0.3381877 0.3970422 0.5565374 0.4817914 0.3481576 0.5853909 0.8330896 0.9322779 0.6942707 0.549137 0.6048312 0.6212122 0.5249431 0.2293673 0.323046 0.1809159 0.4698408 1.030566 2.014759 2.708768 2.519928 2.199532 2.409462 2.976592 3.943278 5.115116
-9999 -9999 -9999 -9999 -9999 -9999 -9999 -9999 -9999 0.1442173 0.2446387 0.3660003 0.5122175 0.388862 0.1434203 0.5439801 0.9576221 1.152336 1.054889 0.8406391 0.7558393 0.917298 1.008715 0.7746477 0.3506278 0.2956324 0.4058648 0.3760905 0.3483029 0.8103428 1.127513 1.133954 1.434922 2.015373 2.585966 2.986796 3.235749 3.358819 3.280989 3.176123 3.142838 2.938472 2.362468 1.647171 1.297141 1.237945 1.113414 0.8253328 0.6078832 0.5847352 0.5197713 0.446385 0.6627607 0.5389835 0.2758945 0.2745092 0.4559587 0.5489213 0.4531302 0.4179037 0.3986606 0.3486344 0.1807278 0.06215703 0.2531764 0.1123238 0.1388484 0.6203632 1.625282 2.672386 3.003562 2.478115 2.064727 2.097511 2.366176 3.369621
-9999 -9999 -9999 -9999 -9999 -9999 -9999 -9999 0.3692973 0.1663983 0.4026166 0.6588261 0.6633584 0.6542325 0.5249478 0.3495209 0.2066099 0.365489 0.5335904 0.3066086 0.2314241 0.4004115 0.6496698 0.7815413 0.5997672 0.1025464 0.4030425 0.8821948 0.876187 0.3129606 0.5926629 0.7637728 0.8388446 1.281585 1.782537 2.059 2.310812 2.537487 2.615074 2.613203 2.742981 2.914553 2.732133 2.377624 2.098642 1.804605 1.583412 1.43493 1.174073 0.8735695 0.7475258 0.6733781 0.7300639 0.4845319 0.2803496 0.3717276 0.5658783 0.6867888 0.651601 0.5401705 0.3915443 0.1956404 0.01535652 0.05841473 0.278043 0.2517413 0.2749218 0.5373794 1.02072 2.049311 3.124976 3.484437 3.260157 3.028342 2.898002 3.142309
-9999 -9999 -9999 -9999 -9999 -9999 -9999 0.9160492 0.9001225 1.013658 0.9925551 0.8204738 0.4152178 0.3277139 0.4450194 0.5101845 0.4323874 0.4312088 0.7174012 0.3771272 0.2536561 0.1098194 0.372741 0.755363 0.9664498 0.6732902 0.6115199 0.6327801 0.548018 0.8913197 0.4775596 0.2687999 0.6196461 1.020962 1.269175 1.191091 1.075296 1.332775 1.785609 2.118306 2.322045 2.534325 2.535388 2.50919 2.421107 2.106933 1.822949 1.782997 1.755467 1.415347 1.143075 1.027223 0.8430837 0.6564248 0.6210722 0.6383207 0.7842675 0.7343664 0.7211215 0.8641556 0.9539064 0.8248841 0.6113503 0.4999955 0.6505846 0.6240445 0.5274799 0.5423694 0.6006204 0.9369628 1.952119 2.95509 3.216618 3.231295 3.398921 3.901498
-9999 -9999 -9999 -9999 -9999 -9999 0.8882126 0.9563104 0.9735245 0.995577 0.9496638 0.7339163 0.4320313 0.3079475 0.2191171 0.2544571 0.2045298 0.4327816 0.7998015 0.3516817 0.5216966 0.2103946 0.1617465 0.250838 0.6178783 0.7143641 0.9464194 0.9443303 0.4575907 0.5805179 0.9483179 0.7949103 0.6823994 0.371576 0.394872 0.7613114 0.726951 0.7268496 0.9001866 1.318928 1.776352 2.136726 2.202723 2.045179 2.05807 2.107105 1.843243 1.583267 1.643142 1.696604 1.61891 1.54731 1.322969 1.102248 1.010366 1.006444 1.21133 1.255093 1.360157 1.520768 1.598895 1.684848 1.822735 1.914258 1.699473 1.438813 1.47298 1.489518 1.294978 1.335118 1.477425 1.860959 2.236775 2.637222 2.990135 3.44241
-9999 -9999 -9999 -9999 -9999 0.7023554 0.9995866 0.9978958 0.6053414 0.2636127 0.1676567 0.3833794 0.5482242 0.7677806 0.5344289 0.1465226 0.05988828 0.6270149 0.8172817 0.182893 0.6257803 0.4579872 0.2756158 0.2039155 0.2595012 0.4012955 0.8822958 0.9408714 0.8600231 0.4065638 0.213274 0.4365631 0.7934436 1.039787 0.7872649 0.5432872 0.4402179 0.4034617 0.4949505 0.8299948 1.206032 1.491569 1.539862 1.32921 1.493351 1.756935 1.571204 1.219991 1.209479 1.453026 1.558071 1.540314 1.459117 1.26989 1.230471 1.528171 2.028782 2.13549 2.06757 2.072022 2.251946 2.602496 2.975766 3.244231 3.264009 3.153535 3.299799 3.430245 3.191935 2.828917 2.489805 2.391109 2.574383 2.832214 3.021603 3.165824
-9999 -9999 -9999 -9999 -9999 0.3999625 0.4172872 0.6801293 0.606244 0.3408575 0.2757238 0.4202473 0.3376725 0.6888537 1.017281 0.8744087 0.7152849 0.7304395 0.6030434 0.3479764 0.4984618 0.8563649 0.7397316 0.411702 0.3097548 0.2171115 0.7127191 0.886484 0.8208037 0.5543613 0.5199662 0.4712996 0.1774146 0.3699923 0.6809022 0.829754 0.8195311 0.5703608 0.1812048 0.4406358 0.8386256 1.214258 1.334442 0.9558251 0.9599973 1.413349 1.527672 1.171882 0.9725249 1.07695 1.174166 1.251591 1.428558 1.539156 1.624764 1.853598 1.982351 1.70436 1.604757 1.784341 2.075738 2.465682 2.801751 3.097881 3.471253 3.66542 3.633749 3.585534 3.607045 3.403292 3.095122 2.964183 3.008299 3.14127 3.213637 3.160622
-9999 -9999 -9999 -9999 -9999 0.2568692 0.1366681 0.248411 0.5039706 0.5466765 0.6589327 0.600436 0.3468128 0.3078706 0.6268314 0.7070127 0.6782034 0.7397527 0.4948751 0.5442487 0.535771 0.7252705 0.8303134 0.4279276 0.2127994 0.1792828 0.5677831 0.7978167 0.6494701 0.5541027 0.4893027 0.3453813 0.3616143 0.1494537 0.1577476 0.4026856 0.5649604 0.6537536 0.6909253 0.5228941 0.3510448 0.6629681 1.095823 0.8794193 0.8002234 1.259811 1.661576 1.304428 0.8667033 0.8657792 1.037138 1.316867 1.625885 1.778709 1.772102 1.656269 1.259302 0.8851489 1.04428 1.247193 1.27611 1.352842 1.463453 1.782036 2.127142 2.504453 2.697103 2.786768 2.954455 2.826351 2.502921 2.454108 2.498671 2.465354 2.454138 2.409258
-9999 -9999 -9999 -9999 -9999 0.1627273 0.1336698 0.1930311 0.1042885 0.3080418 0.5146044 0.4965476 0.5192866 0.4881156 0.5521711 0.6592848 0.6041607 0.5276987 0.4600018 0.6997738 0.624277 0.4858795 0.8147135 0.5265917 0.09592177 0.1959194 0.4890762 0.5925665 0.3787522 0.4855017 0.4530132 0.3852482 0.3733804 0.2424797 0.1225422 0.2858858 0.3865973 0.2366346 0.5237051 0.8294779 0.7383479 0.3170026 0.6986812 0.6760879 0.6719683 1.004953 1.555868 1.424713 0.969344 0.907575 1.039068 1.197577 1.255692 1.230015 1.096577 0.8647091 0.5712885 0.634394 1.059498 1.143408 1.228146 1.250613 1.171679 1.523576 1.717498 1.92486 2.25368 2.594549 2.798801 2.759988 2.347179 1.997798 1.837502 1.702492 1.667945 1.742306
-9999 -9999 -9999 -9999 -9999 -9999 0.1368226 0.1104129 0.1210957 0.2172516 0.2227683 0.2264544 0.4303252 0.676607 0.8136404 0.9603575 1.048881 0.9245361 0.8081456 0.779872 0.5232732 0.4926218 0.9149646 0.9838415 0.4870785 0.3775801 0.397823 0.3295624 0.1573084 0.1343873 0.5220748 0.5434588 0.3752772 0.2678456 0.2493411 0.2240756 0.2308732 0.4489499 0.4595325 0.3099737 0.4695357 0.5459664 0.3914794 0.3362459 0.2759433 0.4279171 1.121642 1.359831 1.09515 0.8205229 0.8265194 0.7510347 0.6614568 0.6954593 0.6375438 0.3759529 0.231327 0.6867629 1.150177 1.086419 1.209943 1.397992 1.505981 1.873456 2.006851 1.905872 1.92733 1.960943 1.964821 2.384517 2.645866 2.455726 2.21195 2.05269 1.80131 1.604274
-9999 -9999 -9999 -9999 -9999 -9999 0.1452978 0.06378414 0.1894303 0.1708181 0.1935291 0.3156581 0.3996962 0.3070739 0.5294828 0.7619206 0.8591891 0.8225109 0.7358359 0.666584 0.4771708 0.4567449 0.7640271 1.172167 1.069514 0.5731523 0.2627559 0.2451507 0.191912 0.204832 0.520208 0.3774957 0.4180679 0.4411483 0.3479132 0.3923963 0.474056 0.3843223 0.3735643 0.4853396 0.2372214 0.30616 0.3741258 0.2138482 0.2022507 0.1125782 0.5041691 0.8664593 0.8966868 0.56705 0.4532175 0.2527314 0.2720442 0.2998169 0.4441028 0.4399057 0.2495984 0.7773145 1.044778 0.9085235 1.109667 1.189313 1.346123 1.705427 1.731149 1.351362 1.067147 0.945849 0.6822114 0.9551144 1.625798 2.062644 1.958082 1.546305 1.036324 0.6476141
-9999 -9999 -9999 -9999 -9999 -9999 0.5970909 0.533378 0.4751707 0.3210346 0.269574 0.4783489 0.6218961 0.4242875 0.2235176 0.2499717 0.237299 0.3573545 0.4505172 0.4904658 0.4427795 0.3750298 0.3507823 0.6278419 1.109431 1.244344 1.034205 0.8223883 0.6656172 0.5516046 0.5905601 0.3995797 0.378664 0.4118691 0.4933619 0.4155636 0.4438696 0.6699469 0.6069305 0.2386312 0.3177374 0.2745098 0.08489516 0.03479618 0.1231628 0.2814764 0.2367613 0.3719648 0.6331547 0.3307269 0.06532544 0.1813081 0.3947977 0.4183121 0.1409371 0.2597565 0.2071554 0.6998907 0.8243418 0.8451232 1.28421 1.329437 1.265504 1.397902 1.353275 0.8033456 0.5304769 0.5933431 0.389623 0.4211421 0.3515305 0.6561519 1.00441 1.062722 0.834097 0.2561467
-9999 -9999 -9999 -9999 -9999 -9999 1.263801 1.259075 1.173215 0.8850111 0.5173104 0.5769153 0.8554326 0.7501308 0.3719335 0.3014996 0.2104 0.0549735 0.1536074 0.3012657 0.379279 0.4078026 0.248799 0.1460002 0.498761 0.9827383 1.292889 1.315693 1.296539 1.249119 1.007832 0.691972 0.5343388 0.5698305 0.6403651 0.5956982 0.5258808 0.4447272 0.5048514 0.6844321 0.5760304 0.4110496 0.3519973 0.3186222 0.3738893 0.4806197 0.5200562 0.5222553 0.5656621 0.4144947 0.6194754 1.021714 1.258733 1.348399 1.108241 0.6810871 0.3576984 0.6053019 0.6675323 0.7691371 1.198197 1.419895 1.457799 1.660867 1.691447 1.209852 0.9385045 0.8186901 0.5096499 0.6113153 0.6500349 0.2506613 0.6286493 1.10291 1.330785 0.94586
-9999 -9999 -9999 -9999 -9999 -9999 1.101417 1.111356 1.263303 1.318307 0.8789167 0.5305212 0.8220408 0.9330125 0.4906172 0.4568424 0.4287021 0.3679875 0.289901 0.3633949 0.2530843 0.4387851 0.4268138 0.04790202 0.436859 0.3852681 0.572095 0.8489106 0.9744483 1.035658 0.9650649 0.804489 0.6530427 0.6002476 0.6488426 0.6536688 0.5464211 0.365149 0.2391979 0.3157022 0.571717 0.7150741 0.5769395 0.3971458 0.3645984 0.3227668 0.4712837 0.8929232 1.134567 1.155079 1.339 1.361344 1.227713 1.355644 1.503441 1.444762 1.233383 0.9913941 0.7442586 0.7263756 0.9914349 1.238716 1.231128 1.434951 1.597087 1.456265 1.414453 1.337421 0.9831892 1.03729 0.906716 0.4162943 0.3852659 0.6051174 1.048799 0.9468105
-9999 -9999 -9999 -9999 -9999 -9999 -9999 0.6054974 0.8779378 1.270805 1.290353 1.028786 1.174944 1.385012 0.8654778 0.5966277 0.5051383 0.3792835 0.4181431 0.5466965 0.3307454 0.2649669 0.6682146 0.581034 0.5370222 0.594006 0.4245358 0.4039539 0.3839385 0.4921654 0.6869488 0.7672176 0.7121929 0.7358125 0.7865004 0.6627769 0.5092144 0.4493251 0.3958491 0.2763235 0.1808412 0.139182 0.1797006 0.1416991 0.08756622 0.1114798 0.496885 0.9191466 1.007143 1.082558 1.003175 0.5562327 0.1398963 0.284201 0.282224 0.3560394 0.9220845 1.118104 0.7720323 0.7869225 1.008628 1.174331 1.395411 1.73833 1.860889 1.618208 1.395693 1.474544 1.578781 1.585677 0.9335225 0.1801399 0.3011184 0.4102446 0.7653618 0.7973285
-9999 -9999 -9999 -9999 -9999 -9999 -9999 0.4882348 0.6073405 0.8733646 1.091591 1.129161 1.290986 1.660237 1.366032 0.8457562 0.5984839 0.3122486 0.4094132 0.61549 0.5288794 0.2877369 0.3391943 0.6408016 0.706452 0.6470916 0.4423324 0.4238606 0.4358489 0.4536366 0.5057739 0.6626636 0.7432236 0.8259344 0.8610598 0.7064496 0.5021618 0.3676077 0.3063089 0.264047 0.1906442 0.1360256 0.1572471 0.2561382 0.2319814 0.2371302 0.4285585 0.8992419 0.9773993 0.3732127 0.5727602 0.7021394 0.8502015 1.303792 1.417916 1.277569 1.063334 0.9084262 0.4455472 0.5737523 0.9676153 1.213586 1.492882 1.850716 2.055712 1.749115 1.137811 1.262958 1.776983 1.887834 1.489326 0.7397178 0.180801 0.3442397 0.5727314 0.7349097
-9999 -9999 -9999 -9999 -9999 -9999 -9999 0.5836595 0.4174753 0.5525767 0.6935433 0.6927814 0.7565012 1.200128 1.406837 1.192619 0.8430158 0.4732806 0.3918132 0.5605563 0.6690514 0.5552166 0.2953092 0.0589767 0.3080575 0.342989 0.2401744 0.274514 0.2483762 0.2008793 0.2209267 0.3666348 0.5176328 0.5545031 0.499954 0.3173226 0.2445374 0.2103249 0.1550701 0.1284594 0.05810632 0.1338774 0.1117255 0.1078415 0.1103881 0.1795749 0.1673691 0.5243679 1.290149 1.184866 1.424646 1.540911 1.392171 1.202505 0.798095 0.7899327 0.7641327 0.5071054 0.210291 0.1966603 0.5102738 0.7874311 0.8137919 1.032629 1.826871 1.862177 1.017722 1.068729 1.655714 1.783092 1.68791 1.70517 1.209089 0.2807238 0.1915913 0.3756952
