04_184A001/tilavuus.asc
ncols 378
nrows 390
xllcorner 613424
yllcorner 6870896
cellsize 16
nodata_value -9999
[rows 288 to 323 of 390, columns 243 to 323 of 378]
160 123 123 123 123 123 123 123 123 123 123 123 123 298 137 137 137 137 137 200 204 204 204 165 165 -9999 -9999 -9999 -9999 125 125 41 -9999 -9999 -9999 -9999 -9999 -9999 -9999 -9999 -9999 -9999 -9999 -9999 101 189 189 189 189 189 189 189 189 189 196 196 196 196 116 116 116 116 194 -9999 -9999 -9999 -9999 -9999 -9999 -9999 -9999 -9999 -9999 -9999 -9999 -9999 -9999 -9999 -9999 -9999 -9999
160 123 123 123 123 123 123 123 123 123 123 123 298 298 137 137 137 137 137 200 200 204 165 165 -9999 155 155 155 155 -9999 -9999 227 -9999 -9999 101 101 101 101 101 101 101 101 101 101 189 189 189 189 189 189 189 189 189 196 196 196 196 122 116 116 116 116 194 -9999 -9999 -9999 -9999 -9999 -9999 -9999 -9999 -9999 -9999 -9999 -9999 -9999 -9999 -9999 -9999 -9999 -9999
123 123 123 123 123 123 123 123 123 123 123 298 298 298 137 137 137 137 137 200 200 204 165 165 -9999 155 155 155 155 155 155 -9999 -9999 -9999 101 101 101 101 101 101 101 101 189 189 189 189 189 189 189 189 189 189 189 196 196 196 196 -9999 116 116 116 116 116 194 -9999 -9999 -9999 -9999 -9999 -9999 -9999 -9999 -9999 -9999 -9999 -9999 -9999 -9999 -9999 -9999 -9999
123 123 123 123 123 123 123 123 123 123 298 298 298 298 137 137 137 137 137 137 200 204 165 -9999 165 155 155 155 155 155 155 155 155 155 189 189 189 189 189 189 189 189 189 189 189 189 189 189 189 189 189 189 189 196 196 196 -9999 116 116 116 116 116 116 194 194 -9999 -9999 -9999 -9999 -9999 -9999 -9999 -9999 -9999 -9999 -9999 -9999 -9999 -9999 -9999 -9999
123 123 123 123 123 123 123 123 123 123 298 298 298 298 137 137 137 137 137 200 200 165 165 -9999 165 155 155 155 155 155 155 155 155 155 189 189 189 189 189 189 189 189 189 189 189 189 189 189 189 189 189 189 189 189 189 196 -9999 239 116 116 116 116 116 194 116 -9999 -9999 -9999 -9999 -9999 -9999 -9999 -9999 -9999 -9999 -9999 -9999 -9999 -9999 347 -9999
123 123 123 123 123 123 123 123 123 298 298 298 298 298 137 137 137 137 137 200 204 165 165 165 165 155 155 155 155 155 155 155 155 189 189 189 189 189 189 189 189 189 189 189 189 189 189 189 189 189 189 189 189 189 189 -9999 239 239 116 116 116 116 116 116 -9999 -9999 -9999 -9999 -9999 -9999 -9999 -9999 -9999 -9999 -9999 -9999 -9999 -9999 347 347 -9999
123 123 123 123 123 123 123 123 298 298 298 298 298 298 137 137 137 137 137 204 204 165 -9999 165 165 155 155 155 155 155 155 155 185 185 185 185 189 189 189 189 189 198 198 189 189 189 189 264 189 189 189 189 189 189 -9999 239 239 239 239 116 116 116 116 116 -9999 -9999 -9999 -9999 -9999 -9999 -9999 -9999 -9999 -9999 347 347 347 347 347 347 203
123 123 123 123 123 123 123 123 156 156 298 298 156 156 156 137 137 137 204 204 165 165 -9999 165 165 155 155 155 155 155 155 185 185 185 185 185 185 189 189 189 198 198 198 198 189 189 264 264 264 189 189 189 189 189 -9999 239 239 239 239 239 116 116 116 116 -9999 -9999 -9999 -9999 347 347 -9999 -9999 347 347 347 347 347 347 347 347 203
123 123 123 123 123 123 123 156 156 156 156 156 144 156 156 137 137 204 204 204 165 165 165 165 18 18 155 155 155 155 155 227 185 185 185 185 185 189 189 198 198 198 198 198 189 264 264 264 264 189 189 189 189 -9999 239 239 239 239 239 116 116 116 116 116 116 116 -9999 -9999 44 347 347 347 347 347 347 347 347 347 347 347 203
130 123 123 123 123 123 156 156 156 156 156 144 144 144 144 137 310 310 204 204 165 -9999 165 165 18 18 18 227 227 227 227 227 227 185 185 185 185 185 198 198 198 198 198 198 198 198 264 264 264 394 394 394 -9999 180 239 239 239 239 239 239 116 116 116 116 116 116 116 116 347 347 347 347 347 347 347 347 347 347 347 203 203
130 130 130 123 123 156 156 156 156 156 144 144 144 144 144 310 310 310 204 204 165 -9999 165 18 18 18 18 18 227 227 227 227 227 227 185 185 185 198 198 198 198 198 198 198 198 198 264 264 394 394 394 394 -9999 180 180 180 239 239 239 239 239 239 239 116 116 116 116 116 347 347 347 347 347 347 347 73 73 73 73 203 203
130 130 130 130 130 156 156 156 156 156 144 144 144 144 310 310 310 310 204 165 165 165 165 18 18 18 18 18 18 227 227 227 227 227 227 185 185 198 198 198 198 198 198 198 394 394 394 394 394 394 394 -9999 180 180 180 180 180 239 239 239 239 239 239 239 116 116 116 116 347 347 347 347 347 73 73 73 73 73 73 203 203
130 130 130 130 279 279 279 156 156 144 144 144 279 279 310 310 204 204 204 165 -9999 165 165 18 18 18 18 18 18 18 18 227 227 227 227 185 185 198 198 198 198 198 198 198 394 394 394 394 394 394 394 -9999 180 180 180 180 180 180 239 239 239 239 239 239 116 116 116 347 73 347 73 73 73 73 73 73 73 73 73 203 203
130 130 130 279 279 279 279 279 144 144 144 279 279 279 279 279 279 204 165 165 -9999 165 165 18 18 18 18 18 18 18 18 18 227 227 227 185 185 185 198 198 198 198 394 394 394 394 188 394 394 394 394 -9999 180 180 180 180 180 180 239 239 239 239 239 149 116 116 116 73 73 73 73 73 73 73 73 73 73 73 73 203 203
130 130 130 279 279 279 279 279 144 144 279 279 279 279 279 279 279 279 165 165 165 165 165 18 18 18 18 18 18 153 18 18 18 227 227 227 185 185 185 394 394 394 394 394 394 188 188 188 394 394 394 236 180 180 180 180 180 180 180 149 149 149 149 149 149 149 149 175 175 73 175 73 73 73 73 73 73 73 203 203 203
130 130 18 279 279 279 279 279 144 279 279 279 279 279 279 279 279 227 165 -9999 165 165 227 227 18 18 18 18 153 153 153 18 18 153 227 227 227 185 185 394 394 394 394 188 188 188 188 188 188 188 236 236 -9999 146 180 180 180 180 149 149 149 149 149 149 149 149 149 175 175 175 175 175 175 175 73 73 73 73 203 203 203
130 18 18 18 279 279 279 279 279 279 279 279 279 279 279 279 279 227 60 227 227 227 227 227 227 227 227 153 153 153 153 153 153 153 153 227 227 227 185 394 394 188 188 188 188 188 188 188 188 236 236 236 236 236 -9999 81 180 180 180 149 149 180 149 149 149 149 149 175 175 175 503 503 503 73 73 73 73 73 203 203 203
18 18 18 18 18 279 279 279 279 279 279 279 279 279 279 279 227 227 -9999 227 227 227 227 227 227 227 227 153 153 185 185 185 185 185 185 185 185 227 227 227 227 188 188 188 188 188 188 188 426 426 236 236 236 236 236 1 180 180 180 180 180 180 180 180 149 149 149 175 175 175 503 503 503 300 300 300 300 73 89 87 100
18 18 18 18 18 279 279 279 279 279 279 279 279 279 279 227 227 -9999 227 227 227 227 227 227 227 227 227 227 185 185 185 185 185 185 185 185 185 185 227 227 227 188 188 188 188 426 426 426 426 426 426 426 426 426 236 236 -9999 180 180 180 180 180 180 180 180 149 149 149 175 503 503 503 503 300 300 300 300 300 120 109 246
18 18 18 18 126 279 279 279 279 279 279 279 279 279 279 227 227 -9999 227 227 227 227 227 227 227 227 227 185 185 185 185 185 185 185 185 185 185 185 185 227 227 188 188 426 426 426 426 426 426 426 426 426 426 6 6 236 236 230 230 230 230 230 230 180 180 180 180 180 175 175 503 503 300 300 300 300 300 300 94 -9999 -9999
18 18 18 126 126 126 126 279 329 279 329 279 329 279 227 227 -9999 227 227 227 227 227 227 227 227 227 227 185 185 185 185 185 185 185 185 185 185 185 185 185 227 227 227 426 426 426 426 6 6 6 426 426 6 6 6 6 6 -9999 230 230 230 230 230 230 230 180 180 180 180 180 300 300 300 300 300 300 -9999 -9999 229 229 229
264 264 264 126 126 126 126 329 329 329 329 329 329 329 120 -9999 227 227 227 227 227 227 227 227 227 227 185 185 185 185 185 185 185 185 185 185 185 185 185 185 185 227 227 6 6 6 6 6 6 6 6 6 6 6 6 6 6 -9999 230 230 230 230 230 230 230 180 180 180 180 180 180 300 300 300 72 -9999 229 229 229 229 229
264 264 264 126 126 126 329 329 329 329 329 329 329 120 -9999 120 120 120 227 227 227 227 227 227 227 185 185 185 185 185 185 185 185 185 185 185 185 185 185 185 185 185 185 185 185 6 6 6 6 6 6 6 6 6 6 6 6 6 -9999 187 230 187 230 230 230 230 230 180 180 180 180 180 300 -9999 172 229 229 229 229 229 229
264 264 264 126 126 126 329 329 329 329 329 329 329 120 -9999 120 120 120 0 0 227 227 227 227 227 185 185 185 185 185 185 185 185 185 185 185 185 185 185 185 185 185 185 185 2 2 2 2 2 2 6 6 6 6 6 6 6 6 6 -9999 187 187 187 230 230 230 230 180 180 180 180 180 -9999 212 212 212 212 229 229 229 229
264 264 264 126 126 126 126 329 329 329 329 329 0 2 120 120 120 0 0 0 0 0 227 227 227 185 185 185 185 185 185 185 185 185 185 185 185 185 185 185 185 185 185 185 2 2 2 2 2 2 2 6 6 6 6 6 6 6 6 187 99 -9999 187 187 230 230 230 230 180 -9999 -9999 20 20 212 212 212 212 212 212 229 229
264 264 264 264 264 126 126 126 264 329 329 329 0 -9999 120 120 120 0 0 0 0 0 0 0 185 185 185 185 185 185 185 185 185 185 185 185 185 185 185 185 185 185 185 2 2 2 2 137 2 2 2 2 2 6 6 6 6 6 6 6 187 187 -9999 187 187 230 230 230 49 28 249 20 20 212 212 212 212 212 212 229 229
264 264 264 264 264 126 126 264 264 329 329 0 0 120 120 120 120 120 0 0 0 0 0 0 0 0 185 185 185 185 185 185 185 185 185 185 185 185 185 185 185 185 185 181 137 137 137 137 137 2 2 2 2 2 2 6 6 6 6 6 187 187 187 -9999 187 187 187 187 -9999 28 249 249 20 212 212 212 212 212 212 212 229
264 264 264 264 264 126 264 100 100 329 329 -9999 -9999 120 120 120 120 120 120 120 0 0 0 0 0 0 0 0 185 185 185 185 185 185 185 185 185 185 185 185 185 185 181 181 181 181 181 181 137 137 137 137 2 2 2 2 2 6 6 6 6 6 187 187 -9999 8 187 -9999 28 28 249 249 20 212 212 212 212 212 212 212 212
264 264 264 264 264 264 264 100 100 100 120 -9999 -9999 120 120 120 120 120 120 120 224 224 224 224 224 224 0 0 0 0 185 185 185 185 185 185 185 185 185 185 185 185 181 181 181 181 181 181 137 137 137 137 137 137 137 137 2 2 82 6 6 6 6 6 6 6 -9999 330 28 28 28 28 28 212 212 212 212 212 212 212 212
385 385 385 385 264 264 100 100 100 100 120 -9999 -9999 120 120 120 120 120 120 120 120 224 224 224 224 224 0 0 0 0 0 0 185 185 185 185 185 185 185 185 185 181 181 181 181 181 181 181 137 137 137 137 137 137 137 137 82 82 82 82 82 6 6 6 6 -9999 330 330 28 28 28 28 28 212 212 212 212 212 212 212 212
385 385 385 385 385 385 100 100 100 120 120 120 -9999 120 120 120 120 120 120 120 224 224 224 224 224 224 0 0 0 0 0 0 0 181 185 185 185 185 185 185 185 181 181 181 181 181 181 181 181 137 137 137 137 137 82 82 82 82 82 82 82 82 82 6 63 330 330 330 330 28 330 330 212 293 212 212 212 212 212 212 212
100 385 385 385 385 385 100 100 100 120 120 120 -9999 120 120 120 120 120 120 224 224 224 224 224 224 224 224 181 0 0 0 0 181 181 181 181 185 185 185 185 181 181 181 181 181 181 181 181 181 181 137 137 137 181 181 82 82 82 82 82 82 82 82 82 112 330 330 330 330 330 330 330 293 293 293 212 212 212 212 212 212
100 100 100 100 100 100 77 77 77 -9999 -9999 -9999 -9999 136 136 120 120 120 120 120 224 224 224 224 224 224 224 224 181 181 181 181 181 181 181 181 181 181 185 185 181 181 181 181 181 181 181 181 181 181 181 181 181 181 181 181 181 82 82 82 82 82 82 75 0 0 0 0 330 330 330 330 293 293 293 212 212 212 212 212 212
77 100 100 100 77 77 77 77 -9999 -9999 -9999 -9999 -9999 136 136 136 136 120 120 120 224 224 224 224 224 224 224 224 181 181 181 181 181 181 181 181 181 181 181 181 181 181 181 181 181 181 181 181 181 181 181 181 181 181 181 181 181 181 181 82 82 82 -9999 164 0 0 0 0 0 0 330 330 293 293 293 293 212 212 212 212 212
77 77 77 77 77 77 77 77 -9999 -9999 -9999 -9999 -9999 136 136 136 136 136 106 224 224 224 224 224 224 17 17 224 181 181 181 181 181 181 181 181 181 181 181 181 181 181 181 181 181 181 181 181 181 181 181 181 181 21 21 21 21 181 181 181 181 -9999 164 164 164 164 164 0 0 330 330 330 293 293 293 293 212 212 212 212 212
-9999 -9999 -9999 -9999 77 77 77 -9999 -9999 -9999 -9999 -9999 -9999 136 136 136 136 106 106 106 106 224 224 224 17 17 17 17 181 181 181 181 181 181 181 181 181 181 181 181 181 181 181 181 181 0 0 0 181 181 181 181 181 21 21 21 21 21 181 181 181 4 0 0 164 164 164 164 164 330 330 330 293 293 293 293 293 212 212 212 212
