04_184A001/tilavuus.asc
ncols 378
nrows 390
xllcorner 613424
yllcorner 6870896
cellsize 16
nodata_value -9999
[rows 36 to 71 of 390, columns 162 to 242 of 378]
-9999 -9999 -9999 -9999 -9999 -9999 -9999 -9999 -9999 -9999 -9999 -9999 -9999 102 102 102 122 122 122 122 122 122 122 122 122 122 122 122 122 0 123 123 123 123 123 197 197 197 197 197 197 197 197 197 197 19 19 19 19 19 19 19 37 194 194 194 194 0 0 0 0 0 0 124 124 124 64 82 82 101 101 101 -9999 -9999 -9999 -9999 -9999 -9999 -9999 -9999 -9999
-9999 -9999 -9999 -9999 -9999 -9999 -9999 -9999 -9999 -9999 -9999 -9999 102 102 102 122 122 122 122 122 122 122 122 122 122 122 122 122 0 0 0 0 0 123 123 197 197 197 197 197 197 197 197 197 197 197 19 19 19 19 19 19 0 194 194 194 194 194 194 0 0 0 124 124 124 124 -9999 82 82 101 101 101 -9999 -9999 -9999 -9999 -9999 -9999 -9999 -9999 -9999
-9999 -9999 -9999 -9999 -9999 -9999 -9999 -9999 -9999 -9999 -9999 102 102 102 122 122 122 122 122 122 122 122 122 122 122 122 122 0 0 0 0 0 0 0 0 123 123 197 197 197 197 197 197 197 197 197 197 19 19 19 19 19 0 0 0 194 194 194 194 194 0 185 185 124 124 -9999 82 193 193 193 193 101 101 -9999 -9999 -9999 -9999 -9999 -9999 -9999 -9999
-9999 -9999 -9999 -9999 -9999 -9999 -9999 -9999 -9999 -9999 -9999 102 102 102 122 122 122 122 122 122 122 122 122 122 122 122 122 0 0 0 0 0 0 0 0 0 0 197 197 197 197 197 197 197 197 197 209 19 19 19 19 19 0 0 0 0 194 194 194 194 185 185 185 124 124 -9999 82 193 193 193 193 193 101 -9999 -9999 -9999 -9999 -9999 -9999 -9999 -9999
0 -9999 -9999 -9999 -9999 -9999 -9999 -9999 185 185 102 102 102 122 122 122 122 122 122 122 122 122 122 122 122 122 0 0 0 0 0 0 0 0 0 0 197 197 197 197 197 197 197 197 197 209 209 209 19 19 19 19 19 19 0 0 0 194 194 185 185 185 124 124 -9999 82 82 193 193 193 193 193 193 193 -9999 -9999 -9999 -9999 -9999 -9999 -9999
0 0 0 0 0 0 0 185 185 185 185 185 122 122 122 122 122 122 122 122 122 154 154 122 122 0 0 0 0 0 0 0 0 0 0 0 197 197 197 197 197 197 197 197 197 209 209 209 209 19 19 19 19 19 19 0 0 0 194 185 185 185 124 124 -9999 82 82 193 193 193 193 193 193 193 -9999 -9999 -9999 -9999 -9999 -9999 -9999
173 0 0 0 0 0 0 0 185 185 185 122 122 122 122 122 154 154 154 154 154 154 154 154 154 136 136 136 136 0 0 0 0 0 0 136 197 197 197 197 197 197 197 197 209 209 209 209 209 209 19 19 19 19 19 19 19 0 185 185 185 185 185 -9999 82 82 82 82 193 193 193 193 193 193 -9999 -9999 -9999 -9999 -9999 -9999 -9999
173 173 173 0 0 0 0 185 185 185 93 93 122 154 154 154 154 154 154 154 154 154 154 154 136 136 136 136 136 136 0 0 0 136 136 136 197 197 197 197 197 197 197 209 209 209 209 209 209 209 209 19 19 19 19 19 19 185 185 185 185 185 185 166 82 82 82 82 82 82 193 193 193 193 233 -9999 -9999 -9999 -9999 -9999 -9999
173 173 173 173 173 0 0 185 185 185 93 93 93 93 93 154 154 154 154 154 154 154 154 136 136 136 136 136 136 136 136 136 136 136 136 136 197 197 197 197 197 197 197 209 209 209 209 209 209 209 209 209 19 19 19 19 185 185 185 185 185 185 -9999 166 82 82 82 82 82 82 82 82 82 32 32 -9999 -9999 -9999 -9999 -9999 -9999
173 171 173 173 173 185 185 185 185 145 145 93 93 93 93 93 93 93 93 154 154 154 154 136 136 136 136 136 136 136 136 136 136 136 136 197 197 197 197 197 197 197 209 209 209 209 209 209 209 209 209 209 209 19 19 185 185 185 202 202 202 202 166 166 166 166 82 82 82 82 82 82 32 32 32 -9999 -9999 -9999 -9999 -9999 -9999
171 171 171 185 185 185 185 185 145 145 145 145 93 93 93 93 93 93 93 93 93 154 136 136 136 136 136 136 136 136 136 136 136 136 136 197 197 197 197 197 197 209 209 209 209 209 209 209 209 209 209 209 209 209 185 185 185 185 202 202 202 -9999 166 166 166 166 166 82 82 82 82 32 32 32 32 32 -9999 -9999 -9999 -9999 -9999
171 171 185 185 185 185 185 145 145 145 145 145 145 145 93 93 93 93 93 93 93 2 2 2 136 136 136 136 136 136 136 136 136 136 197 197 197 197 197 197 197 197 209 209 209 209 209 209 209 209 209 209 209 209 202 202 202 202 202 202 202 202 166 166 166 166 166 166 166 82 32 32 32 32 32 32 -9999 -9999 -9999 -9999 -9999
185 185 185 185 185 185 145 145 145 145 145 145 145 207 207 207 207 207 93 93 93 2 2 2 2 2 136 136 136 136 136 136 136 136 96 197 197 197 197 197 197 197 197 197 209 209 209 209 209 209 209 209 209 202 202 202 202 202 202 202 -9999 202 202 166 166 166 166 166 166 82 32 32 32 32 32 32 -9999 -9999 -9999 -9999 -9999
185 185 150 -9999 63 185 145 145 145 145 145 145 207 207 207 207 207 207 207 207 2 2 2 2 2 2 136 136 136 136 136 136 96 96 96 96 96 197 197 197 197 197 197 197 197 209 209 209 209 209 209 209 202 202 202 202 202 202 202 -9999 202 202 202 202 166 166 166 166 166 257 32 32 32 32 32 32 -9999 -9999 -9999 -9999 -9999
229 192 192 192 192 49 -9999 145 145 145 145 145 207 207 207 207 207 207 207 207 2 2 2 2 2 2 2 136 136 136 136 96 96 96 96 96 96 96 197 197 197 197 197 197 197 197 197 209 209 209 209 209 202 202 202 202 202 202 202 -9999 5 202 202 166 166 166 166 166 257 257 257 32 32 32 32 32 -9999 -9999 -9999 -9999 -9999
192 192 192 192 50 50 50 -9999 145 145 207 207 207 207 207 207 207 207 207 2 2 2 2 2 2 2 74 136 136 136 136 96 96 96 96 96 96 96 197 197 197 197 197 197 197 197 197 197 209 209 209 209 11 202 202 202 202 202 -9999 5 5 5 148 148 166 166 166 257 257 257 257 257 257 257 32 32 32 -9999 -9999 -9999 -9999
192 192 192 158 158 50 50 50 -9999 207 207 207 207 207 207 207 207 207 2 2 2 2 2 2 2 2 74 136 136 136 136 136 136 96 96 96 96 96 96 197 197 197 197 197 197 197 197 197 197 197 209 209 11 11 202 202 11 202 5 5 5 5 5 148 148 148 143 257 257 257 257 257 257 257 257 257 257 -9999 -9999 -9999 -9999
192 192 158 158 158 50 50 50 43 -9999 207 207 207 207 207 207 207 207 2 2 2 2 2 2 2 74 74 136 136 136 136 136 136 96 96 96 96 96 96 197 197 197 197 197 197 197 197 197 197 197 197 197 11 11 11 11 11 -9999 5 5 5 5 148 148 148 143 143 143 257 257 257 257 257 257 257 257 257 -9999 -9999 -9999 -9999
192 192 158 158 158 50 50 43 43 43 -9999 207 207 207 207 207 207 255 255 255 74 74 2 74 74 74 74 136 136 136 136 136 136 136 96 96 96 96 96 197 197 197 197 197 197 197 197 197 197 197 197 197 197 11 11 11 -9999 5 5 5 5 5 148 148 143 143 143 143 257 257 257 158 158 158 257 257 257 -9999 -9999 -9999 -9999
192 158 158 158 50 50 50 43 43 43 43 -9999 207 207 207 207 207 255 255 255 255 255 74 74 74 74 136 136 136 136 136 136 136 0 0 96 96 96 96 96 197 197 197 197 197 197 197 197 197 197 197 197 197 283 11 11 -9999 10 5 5 5 5 148 143 143 143 143 323 323 257 158 158 158 158 158 158 158 -9999 -9999 -9999 -9999
158 158 158 158 158 50 50 43 43 43 43 43 -9999 207 207 207 255 255 255 255 255 255 255 255 255 74 136 136 136 136 136 136 0 0 0 0 96 96 96 96 197 197 197 197 197 197 197 197 197 197 197 197 283 283 283 -9999 10 10 10 10 5 5 148 143 143 143 143 323 323 323 158 158 158 158 158 158 158 158 -9999 -9999 -9999
158 158 158 158 158 50 50 43 43 43 43 43 43 -9999 207 255 255 255 255 255 255 255 255 255 255 136 136 136 136 136 136 0 0 0 0 0 96 96 96 96 96 197 197 197 197 197 197 -9999 197 197 197 197 283 283 283 6 6 10 10 10 10 5 143 143 143 143 323 323 323 323 158 158 158 158 158 158 158 158 -9999 -9999 -9999
162 162 158 158 158 50 50 43 43 43 43 43 43 43 -9999 173 255 255 255 255 255 255 255 255 136 136 136 136 136 136 0 0 0 0 0 0 0 0 0 96 96 197 197 197 197 197 197 197 197 197 283 283 283 283 -9999 6 6 6 10 10 10 143 143 143 143 323 323 323 323 323 158 158 158 158 158 158 158 158 -9999 -9999 -9999
162 162 162 163 163 158 43 43 43 43 43 225 43 43 255 255 -9999 255 255 255 255 255 255 136 136 136 136 136 0 0 0 0 0 0 0 0 0 0 0 165 165 165 165 131 131 197 197 197 197 197 283 283 283 -9999 6 6 6 6 10 10 290 290 143 323 323 323 323 323 323 158 158 158 158 158 158 158 158 43 43 -9999 -9999
163 162 162 163 163 158 158 43 43 43 225 225 225 43 255 255 255 255 -9999 255 255 255 191 191 191 191 191 191 191 0 0 0 0 0 0 0 0 0 0 0 165 165 165 131 131 131 131 131 131 131 131 283 283 -9999 6 6 6 6 6 290 290 290 323 323 323 323 323 323 323 158 158 158 158 158 158 158 158 158 158 -9999 -9999
163 162 163 163 163 163 163 158 43 225 225 225 225 69 69 255 255 255 69 69 -9999 191 191 191 191 191 191 191 191 191 191 0 0 0 0 0 0 0 0 0 165 165 165 131 131 131 131 131 131 131 131 18 -9999 6 6 6 6 6 290 290 290 290 290 323 323 323 323 290 290 158 158 158 158 158 158 158 158 158 158 158 -9999
163 163 163 163 163 163 163 158 43 43 225 225 69 69 69 69 69 -9999 69 69 69 69 -9999 191 191 191 191 191 191 191 191 0 0 0 0 0 0 0 0 0 165 165 131 131 140 -9999 -9999 -9999 -9999 -9999 7 7 7 -9999 6 6 6 290 290 290 290 290 290 290 290 290 290 290 290 290 158 158 158 158 158 158 158 158 158 158 -9999
163 163 163 163 163 163 163 158 43 43 43 225 69 69 69 69 -9999 69 69 69 69 175 175 241 -9999 191 191 191 191 191 0 0 0 0 0 0 0 0 0 0 87 -9999 186 210 210 210 210 7 7 7 7 7 7 7 -9999 9 290 290 290 290 290 290 290 290 290 290 290 290 290 158 158 158 158 158 158 179 158 158 179 179 179
163 163 163 163 163 163 163 163 163 43 43 3 69 69 69 -9999 69 69 69 175 175 175 175 175 269 125 -9999 191 191 191 191 0 0 0 0 0 0 0 0 -9999 210 210 210 210 210 210 7 7 7 7 7 7 7 7 7 141 -9999 -9999 290 290 290 290 290 290 290 158 158 158 158 158 158 158 158 179 179 179 179 179 179 179 179
277 163 163 163 163 163 163 163 163 43 43 3 3 3 7 69 69 69 69 175 175 269 269 269 269 269 24 -9999 -9999 191 191 0 0 0 0 0 0 -9999 210 210 210 210 210 210 210 7 7 7 7 7 7 7 7 7 7 141 141 141 -9999 290 290 158 158 158 158 158 158 158 158 158 158 158 158 158 179 179 179 179 179 179 62
277 277 163 163 163 163 163 163 163 43 3 3 3 3 -9999 3 3 69 175 175 175 269 269 269 269 24 24 24 24 -9999 -9999 -9999 -9999 -9999 -9999 -9999 210 210 210 210 210 210 210 210 210 7 7 7 7 7 7 7 7 7 141 141 141 141 141 -9999 290 158 158 158 158 158 158 158 158 162 162 158 158 158 179 179 179 179 179 179 179
277 277 277 277 163 163 163 163 163 3 3 3 3 -9999 3 3 3 3 175 175 175 269 269 24 24 24 24 24 24 210 210 210 210 210 210 210 210 210 210 210 111 111 111 111 111 92 7 7 7 7 7 7 7 141 141 141 141 141 141 -9999 162 162 158 158 162 162 162 162 162 162 162 197 197 197 197 179 179 179 179 179 62
277 277 277 277 277 277 163 163 163 3 3 3 -9999 3 3 3 3 3 3 175 175 269 269 24 24 24 24 24 210 210 210 210 210 210 210 210 111 111 111 111 111 111 111 111 92 92 92 7 7 7 7 7 141 141 141 141 141 141 141 141 -9999 162 162 162 162 162 199 199 162 162 162 197 197 197 197 197 179 179 179 179 62
277 226 226 277 277 277 226 163 3 -9999 -9999 -9999 3 3 3 3 3 3 3 3 175 269 269 24 24 24 24 24 210 210 210 210 210 210 210 111 111 111 111 111 111 111 111 111 111 92 92 92 7 7 7 141 141 141 141 141 141 141 141 141 -9999 162 162 162 199 199 199 199 162 162 197 197 197 197 197 197 197 179 179 62 62
226 226 226 226 226 226 226 -9999 3 3 3 -9999 3 3 3 3 3 3 3 3 3 269 269 269 269 24 24 24 210 210 111 111 111 111 111 111 111 111 111 111 111 111 111 111 92 92 92 92 92 7 0 0 141 141 141 141 141 141 141 141 141 162 199 199 199 199 199 162 162 162 162 197 197 197 197 197 197 197 53 62 62
226 226 226 226 226 226 -9999 163 12 3 3 3 3 3 3 3 3 3 3 3 269 269 269 269 250 250 250 250 111 111 111 111 111 111 111 111 111 111 111 6 6 6 6 6 92 92 92 92 92 0 0 0 0 141 141 141 141 141 141 141 141 51 199 199 199 199 199 199 199 167 162 197 197 197 197 197 197 197 53 53 53
