04_184A001/tilavuus.asc
ncols 378
nrows 390
xllcorner 613424
yllcorner 6870896
cellsize 16
nodata_value -9999
[rows 72 to 107 of 390, columns 0 to 80 of 378]
-9999 -9999 -9999 -9999 -9999 -9999 -9999 -9999 -9999 -9999 -9999 -9999 139 139 -9999 -9999 -9999 -9999 -9999 -9999 -9999 -9999 -9999 -9999 -9999 -9999 -9999 -9999 -9999 120 120 120 120 120 120 120 120 -9999 121 -9999 265 265 133 116 179 -9999 -9999 -9999 -9999 -9999 -9999 -9999 -9999 -9999 -9999 -9999 -9999 -9999 -9999 -9999 -9999 -9999 -9999 -9999 -9999 -9999 -9999 -9999 -9999 -9999 -9999 -9999 -9999 -9999 -9999 -9999 -9999 -9999 -9999 -9999 -9999
-9999 -9999 -9999 -9999 -9999 -9999 -9999 -9999 60 -9999 -9999 60 139 139 139 139 -9999 -9999 -9999 -9999 -9999 -9999 -9999 -9999 -9999 -9999 -9999 -9999 -9999 120 120 120 120 120 120 120 120 -9999 -9999 265 265 265 107 113 99 112 137 137 111 -9999 -9999 -9999 -9999 -9999 0 -9999 -9999 -9999 -9999 -9999 -9999 -9999 -9999 -9999 -9999 -9999 -9999 -9999 -9999 -9999 -9999 -9999 -9999 -9999 -9999 -9999 -9999 -9999 -9999 -9999 -9999
-9999 -9999 -9999 -9999 -9999 -9999 -9999 -9999 60 60 60 139 139 139 139 139 139 -9999 -9999 -9999 -9999 -9999 -9999 -9999 -9999 -9999 -9999 -9999 -9999 106 120 120 120 120 120 120 120 121 -9999 265 265 265 107 107 107 107 89 117 111 111 197 -9999 -9999 -9999 0 -9999 -9999 -9999 -9999 -9999 -9999 -9999 -9999 -9999 -9999 -9999 -9999 -9999 -9999 -9999 -9999 -9999 -9999 -9999 -9999 -9999 -9999 -9999 -9999 -9999 -9999
-9999 -9999 -9999 -9999 -9999 -9999 -9999 -9999 60 60 139 139 139 139 139 139 139 139 106 -9999 -9999 -9999 -9999 -9999 -9999 -9999 -9999 -9999 -9999 120 120 120 120 120 120 120 25 121 -9999 41 41 107 107 107 107 107 107 107 105 205 259 186 -9999 -9999 0 -9999 -9999 -9999 -9999 -9999 -9999 -9999 -9999 -9999 -9999 -9999 -9999 -9999 -9999 -9999 -9999 -9999 -9999 -9999 -9999 -9999 -9999 -9999 -9999 -9999 -9999
-9999 -9999 -9999 -9999 -9999 -9999 -9999 60 60 60 0 139 139 139 139 139 139 106 106 -9999 -9999 -9999 -9999 -9999 -9999 -9999 -9999 -9999 -9999 120 120 120 120 120 120 120 -9999 -9999 41 41 41 107 107 107 107 107 107 107 107 107 107 114 -9999 53 56 -9999 -9999 -9999 -9999 -9999 -9999 -9999 -9999 -9999 -9999 -9999 -9999 -9999 -9999 -9999 -9999 -9999 -9999 -9999 -9999 -9999 -9999 -9999 -9999 -9999 -9999
-9999 -9999 -9999 -9999 -9999 -9999 163 163 60 0 0 0 0 139 139 139 147 147 147 106 106 106 -9999 -9999 -9999 -9999 -9999 -9999 106 120 120 120 120 120 120 120 -9999 -9999 41 41 18 18 18 18 18 107 107 107 107 107 107 -9999 -9999 -9999 -9999 -9999 -9999 301 242 -9999 -9999 -9999 -9999 -9999 -9999 -9999 -9999 -9999 -9999 -9999 -9999 -9999 -9999 -9999 -9999 -9999 -9999 -9999 -9999 -9999 -9999
-9999 -9999 -9999 -9999 -9999 -9999 163 163 0 0 0 0 0 139 139 147 147 147 147 147 147 106 106 106 -9999 -9999 -9999 -9999 -9999 120 120 120 120 120 120 120 -9999 -9999 41 41 18 18 18 18 18 18 18 107 107 -9999 -9999 -9999 -9999 -9999 -9999 -9999 -9999 195 102 -9999 -9999 -9999 -9999 -9999 -9999 -9999 -9999 -9999 -9999 -9999 -9999 -9999 -9999 -9999 -9999 -9999 -9999 -9999 -9999 -9999 -9999
-9999 -9999 -9999 -9999 -9999 -9999 110 110 0 0 0 0 0 147 147 147 147 147 147 147 147 147 147 106 147 -9999 -9999 -9999 120 120 120 120 120 120 120 44 121 -9999 41 41 18 18 18 18 18 18 18 0 0 -9999 -9999 -9999 -9999 -9999 -9999 -9999 -9999 -9999 -9999 -9999 -9999 -9999 -9999 -9999 -9999 -9999 -9999 -9999 -9999 -9999 -9999 -9999 -9999 -9999 -9999 -9999 -9999 -9999 -9999 -9999 -9999
-9999 -9999 -9999 -9999 -9999 -9999 110 0 0 0 0 0 0 0 147 147 147 147 147 147 147 147 147 147 147 147 106 106 106 120 120 120 120 120 120 -9999 121 -9999 41 18 18 18 18 18 18 18 18 18 0 -9999 -9999 -9999 -9999 -9999 -9999 -9999 -9999 -9999 -9999 -9999 -9999 -9999 -9999 -9999 -9999 -9999 -9999 -9999 -9999 -9999 -9999 -9999 -9999 -9999 -9999 -9999 -9999 -9999 -9999 -9999 -9999
-9999 -9999 -9999 -9999 -9999 -9999 0 0 0 0 0 0 0 0 147 147 147 147 147 147 147 147 147 55 55 55 55 106 106 120 120 120 120 120 120 -9999 121 -9999 41 18 18 18 18 18 18 18 18 18 0 0 -9999 -9999 -9999 -9999 -9999 -9999 -9999 -9999 -9999 -9999 -9999 -9999 -9999 -9999 -9999 -9999 -9999 -9999 -9999 -9999 -9999 -9999 -9999 -9999 -9999 -9999 -9999 -9999 -9999 -9999 -9999
-9999 -9999 -9999 -9999 -9999 -9999 0 0 0 0 0 0 0 0 147 147 147 147 147 147 147 147 147 55 55 55 55 55 55 210 210 120 120 120 120 -9999 121 -9999 41 18 18 18 18 18 18 18 18 18 18 18 -9999 -9999 -9999 -9999 -9999 -9999 -9999 -9999 -9999 -9999 -9999 -9999 -9999 -9999 -9999 -9999 -9999 -9999 -9999 -9999 -9999 -9999 -9999 -9999 -9999 -9999 -9999 -9999 -9999 -9999 -9999
-9999 -9999 -9999 -9999 -9999 -9999 0 0 0 0 0 0 0 0 147 147 147 147 147 147 147 147 147 55 55 55 55 55 55 210 210 210 210 210 120 121 121 -9999 18 18 18 18 18 18 18 18 18 18 18 18 274 -9999 -9999 -9999 -9999 -9999 -9999 -9999 -9999 -9999 -9999 -9999 -9999 -9999 -9999 -9999 -9999 -9999 -9999 -9999 -9999 -9999 -9999 -9999 -9999 -9999 -9999 -9999 -9999 -9999 -9999
-9999 -9999 -9999 -9999 -9999 -9999 0 0 0 0 0 0 0 0 147 147 147 147 147 147 147 147 55 55 55 55 55 55 55 210 210 210 210 210 -9999 121 121 -9999 18 18 18 18 18 18 18 18 18 18 18 274 274 274 211 -9999 -9999 -9999 -9999 -9999 -9999 -9999 -9999 -9999 -9999 -9999 -9999 -9999 -9999 -9999 -9999 -9999 -9999 -9999 -9999 -9999 -9999 -9999 -9999 -9999 -9999 -9999 -9999
-9999 -9999 -9999 -9999 -9999 -9999 3 0 0 0 0 0 0 147 147 147 147 147 147 147 147 147 55 55 55 55 55 55 55 210 210 210 210 210 -9999 121 121 -9999 18 323 18 18 18 18 18 18 18 18 274 274 274 274 211 211 211 -9999 -9999 -9999 -9999 -9999 -9999 -9999 -9999 -9999 -9999 -9999 -9999 -9999 -9999 -9999 -9999 -9999 -9999 -9999 -9999 -9999 -9999 -9999 -9999 -9999 -9999
-9999 -9999 -9999 -9999 -9999 -9999 3 3 3 3 0 0 0 147 147 147 147 147 147 147 147 147 55 55 55 55 55 55 55 55 210 210 210 210 -9999 121 121 -9999 323 323 323 323 18 18 18 18 18 323 323 274 274 274 211 211 211 211 211 -9999 -9999 -9999 -9999 -9999 -9999 -9999 -9999 -9999 -9999 -9999 -9999 -9999 -9999 -9999 -9999 -9999 -9999 -9999 -9999 -9999 -9999 -9999 -9999
-9999 -9999 -9999 -9999 -9999 -9999 3 3 3 3 3 3 3 147 147 147 147 147 147 147 147 147 147 55 55 55 55 55 55 55 210 210 210 210 -9999 0 0 -9999 323 323 323 323 323 323 323 323 323 323 323 274 274 211 211 211 211 211 -9999 -9999 -9999 -9999 -9999 -9999 -9999 -9999 -9999 -9999 -9999 -9999 -9999 -9999 -9999 -9999 -9999 -9999 -9999 -9999 -9999 -9999 -9999 -9999 -9999
-9999 -9999 -9999 -9999 -9999 -9999 3 3 3 3 3 3 3 3 3 147 147 147 147 147 147 147 147 147 147 210 210 55 55 210 210 210 210 210 0 0 158 -9999 323 323 323 323 323 323 323 323 323 323 323 323 323 323 211 211 -9999 211 -9999 -9999 -9999 -9999 -9999 -9999 -9999 -9999 -9999 -9999 -9999 -9999 -9999 -9999 -9999 -9999 -9999 -9999 -9999 -9999 -9999 -9999 -9999 -9999 -9999
-9999 -9999 -9999 -9999 -9999 -9999 3 3 3 3 3 3 3 3 3 3 3 147 147 147 147 147 147 147 147 296 296 210 210 210 210 210 0 0 0 0 158 -9999 323 323 323 323 323 323 323 323 323 323 323 323 323 323 323 -9999 -9999 -9999 -9999 -9999 -9999 -9999 -9999 -9999 -9999 -9999 -9999 -9999 -9999 -9999 -9999 -9999 -9999 -9999 -9999 -9999 -9999 -9999 -9999 -9999 -9999 -9999 -9999
-9999 -9999 -9999 -9999 -9999 -9999 -9999 3 3 3 3 3 3 3 3 3 3 3 3 147 147 296 296 147 296 296 296 210 0 0 0 0 0 -9999 0 158 158 -9999 323 323 323 323 323 323 323 323 323 323 323 323 323 323 323 323 -9999 -9999 -9999 -9999 -9999 -9999 -9999 -9999 -9999 -9999 -9999 -9999 -9999 -9999 -9999 -9999 -9999 -9999 -9999 -9999 -9999 -9999 -9999 -9999 -9999 -9999 -9999
-9999 -9999 -9999 -9999 -9999 -9999 -9999 -9999 -9999 -9999 7 3 3 3 3 3 3 3 3 3 296 296 296 296 296 296 296 296 0 0 0 0 0 -9999 0 158 158 -9999 323 323 323 323 323 323 323 323 323 323 323 323 323 323 323 323 323 -9999 -9999 -9999 -9999 -9999 -9999 -9999 -9999 -9999 -9999 -9999 -9999 -9999 -9999 -9999 -9999 -9999 -9999 -9999 -9999 -9999 -9999 -9999 -9999 -9999 -9999
-9999 -9999 -9999 -9999 -9999 -9999 234 2 2 2 2 -9999 3 3 3 3 3 3 3 3 3 3 296 296 296 296 296 296 0 0 296 296 296 -9999 0 158 158 -9999 183 183 183 183 323 323 323 323 323 323 323 224 323 323 323 323 224 -9999 -9999 -9999 -9999 -9999 -9999 -9999 -9999 -9999 -9999 -9999 -9999 -9999 -9999 -9999 -9999 -9999 -9999 -9999 -9999 -9999 -9999 -9999 -9999 -9999 -9999
-9999 -9999 -9999 -9999 -9999 -9999 234 2 2 2 2 2 -9999 3 3 3 3 3 240 240 3 3 3 296 296 296 296 296 296 296 296 296 296 0 158 158 158 -9999 183 183 183 323 323 323 323 323 323 323 323 224 224 224 224 224 224 -9999 -9999 -9999 -9999 -9999 -9999 -9999 -9999 -9999 -9999 -9999 -9999 -9999 -9999 -9999 -9999 -9999 -9999 -9999 -9999 -9999 -9999 -9999 -9999 -9999 -9999
-9999 -9999 -9999 -9999 -9999 234 234 234 2 2 2 2 2 50 240 240 240 240 240 240 240 3 10 10 10 296 296 296 296 296 296 296 296 -9999 158 158 -9999 183 183 183 183 323 323 323 323 323 323 323 323 224 224 224 224 224 224 -9999 -9999 -9999 -9999 -9999 -9999 -9999 -9999 -9999 -9999 -9999 -9999 -9999 -9999 -9999 -9999 -9999 -9999 -9999 -9999 -9999 -9999 -9999 -9999 -9999 -9999
-9999 -9999 234 -9999 -9999 -9999 -9999 234 234 2 2 2 234 0 -9999 240 240 240 240 240 10 10 10 10 10 10 10 296 296 296 296 296 296 0 158 -9999 -9999 183 183 183 224 224 224 323 323 323 323 323 224 224 224 224 224 224 224 402 -9999 -9999 -9999 -9999 -9999 -9999 -9999 -9999 -9999 -9999 -9999 -9999 -9999 -9999 -9999 -9999 -9999 -9999 -9999 -9999 -9999 -9999 -9999 -9999 -9999
-9999 -9999 234 234 234 -9999 -9999 -9999 -9999 234 234 234 234 234 234 -9999 124 240 240 240 10 10 10 10 10 10 10 10 296 296 296 296 296 158 158 158 -9999 183 183 183 224 224 224 224 323 323 323 224 224 224 224 224 224 224 402 402 402 402 -9999 -9999 -9999 -9999 -9999 -9999 -9999 -9999 -9999 -9999 -9999 -9999 -9999 -9999 -9999 -9999 -9999 -9999 -9999 -9999 -9999 -9999 -9999
-9999 234 234 -9999 234 234 234 234 234 234 234 -9999 -9999 131 211 211 211 -9999 60 240 240 10 10 10 10 10 10 10 191 296 296 296 -9999 158 158 158 -9999 183 224 224 224 224 224 224 224 224 224 224 224 224 224 224 224 224 402 402 402 -9999 -9999 -9999 -9999 -9999 -9999 -9999 -9999 -9999 -9999 -9999 -9999 -9999 -9999 -9999 -9999 -9999 -9999 -9999 -9999 -9999 -9999 -9999 -9999
-9999 234 234 234 234 234 234 234 234 234 234 234 234 234 211 211 211 211 211 -9999 10 10 10 10 10 10 10 10 191 191 296 191 -9999 158 158 158 -9999 331 402 402 224 224 224 224 224 224 224 224 224 224 224 224 224 402 402 402 402 -9999 -9999 -9999 -9999 -9999 -9999 -9999 -9999 -9999 -9999 -9999 -9999 -9999 -9999 -9999 -9999 -9999 -9999 -9999 -9999 -9999 -9999 -9999 -9999
-9999 207 54 234 234 234 234 234 234 234 234 234 234 234 211 211 211 211 211 12 -9999 10 10 10 10 10 10 10 191 191 191 191 -9999 158 158 158 -9999 331 402 402 402 224 224 224 224 224 224 288 288 288 288 224 214 214 214 214 214 -9999 -9999 -9999 -9999 -9999 -9999 -9999 -9999 -9999 -9999 -9999 -9999 -9999 -9999 -9999 -9999 -9999 -9999 -9999 -9999 -9999 -9999 -9999 -9999
-9999 207 54 54 54 234 234 234 234 234 234 234 234 234 211 211 211 12 12 12 14 0 10 10 10 10 10 10 191 191 191 191 -9999 158 158 158 -9999 331 331 402 402 402 402 402 224 288 288 288 288 288 288 288 214 214 214 214 214 -9999 -9999 -9999 -9999 -9999 -9999 -9999 -9999 -9999 -9999 -9999 -9999 -9999 -9999 -9999 -9999 -9999 -9999 -9999 -9999 -9999 -9999 -9999 -9999
-9999 54 54 54 54 54 54 234 234 234 234 234 234 234 211 211 211 12 12 12 12 12 -9999 -9999 10 10 10 10 191 191 191 129 -9999 158 158 69 -9999 331 331 331 402 402 402 402 402 402 288 288 288 288 288 214 214 214 214 214 214 214 214 324 -9999 -9999 -9999 -9999 -9999 -9999 -9999 -9999 -9999 -9999 -9999 -9999 -9999 -9999 -9999 -9999 -9999 -9999 -9999 -9999 -9999
-9999 54 54 54 54 54 54 54 54 234 234 234 234 211 211 211 12 12 12 12 12 12 12 12 12 -9999 -9999 10 191 191 191 191 191 158 158 -9999 331 331 331 331 402 402 402 402 402 402 288 288 288 288 288 324 324 214 214 214 214 214 214 324 324 324 -9999 -9999 -9999 -9999 -9999 -9999 -9999 -9999 -9999 -9999 -9999 -9999 -9999 -9999 -9999 -9999 -9999 -9999 -9999
-9999 54 54 54 54 54 54 54 54 54 54 234 234 211 211 12 12 12 12 12 12 12 12 12 12 12 12 -9999 -9999 191 191 52 191 191 191 -9999 331 331 331 331 402 402 402 402 402 402 288 288 288 288 288 324 324 324 214 214 214 214 324 324 324 324 324 324 324 -9999 -9999 -9999 -9999 -9999 -9999 -9999 -9999 -9999 -9999 -9999 -9999 -9999 -9999 -9999 -9999
-9999 216 216 216 216 216 216 216 54 54 54 54 54 54 211 12 12 12 12 12 12 12 12 12 12 12 12 12 191 191 -9999 -9999 -9999 -9999 -9999 -9999 372 331 331 331 331 331 402 402 356 402 488 288 288 288 288 288 324 214 214 324 324 324 324 324 324 324 324 324 -9999 -9999 -9999 -9999 -9999 -9999 -9999 -9999 -9999 -9999 -9999 -9999 -9999 -9999 -9999 -9999 -9999
-9999 216 216 202 216 216 216 216 54 54 54 54 54 54 54 54 12 12 12 12 12 12 12 12 12 12 12 12 191 191 191 -9999 191 191 191 -9999 372 372 372 331 331 356 356 402 356 356 488 488 488 488 288 324 324 324 324 324 34 34 34 34 34 324 324 324 -9999 -9999 -9999 -9999 -9999 -9999 -9999 -9999 -9999 -9999 -9999 -9999 -9999 -9999 -9999 -9999 -9999
-9999 216 216 202 202 17 17 216 216 216 216 216 107 107 54 54 54 54 12 12 12 12 12 12 12 12 12 12 191 191 191 -9999 191 191 -9999 372 372 372 372 372 99 356 356 356 356 356 488 488 488 488 488 324 324 324 324 34 34 34 34 34 34 34 34 324 324 -9999 -9999 -9999 -9999 -9999 -9999 -9999 -9999 -9999 -9999 -9999 -9999 -9999 -9999 -9999 -9999
-9999 -9999 -9999 -9999 202 17 17 17 17 216 216 216 17 17 107 107 107 54 54 54 12 12 12 12 12 12 12 12 191 191 191 -9999 191 191 -9999 372 372 372 372 372 372 99 99 356 356 356 488 488 488 488 488 488 324 324 324 324 34 52 52 52 34 34 34 34 324 324 324 324 -9999 -9999 -9999 -9999 -9999 -9999 -9999 -9999 -9999 -9999 -9999 -9999 -9999
