04_184A001/tilavuus.asc
ncols 378
nrows 390
xllcorner 613424
yllcorner 6870896
cellsize 16
nodata_value -9999
[rows 108 to 143 of 390, columns 0 to 80 of 378]
-9999 -9999 -9999 -9999 202 17 17 17 17 17 216 216 17 17 17 107 107 107 54 54 107 107 107 12 12 12 12 12 191 191 96 -9999 191 191 -9999 372 372 372 372 372 372 372 99 99 99 356 488 488 488 488 488 488 488 324 324 324 324 324 52 52 52 34 34 34 34 324 324 324 -9999 -9999 -9999 -9999 -9999 -9999 -9999 -9999 -9999 -9999 -9999 -9999 -9999
-9999 -9999 202 202 202 17 17 17 17 17 17 17 17 17 17 17 107 107 107 107 107 107 107 17 17 12 12 12 191 191 74 191 191 -9999 -9999 -9999 224 372 372 372 372 372 99 99 99 99 99 488 488 488 488 488 488 488 324 324 324 324 324 324 52 52 34 34 34 34 34 324 324 -9999 -9999 -9999 -9999 -9999 -9999 -9999 -9999 -9999 -9999 -9999 -9999
-9999 47 47 202 202 17 17 17 17 17 17 17 17 17 17 17 107 107 107 107 107 107 107 17 17 17 17 12 191 191 47 191 191 -9999 -9999 -9999 372 372 372 372 372 372 99 99 99 99 99 99 488 488 488 488 488 488 155 324 324 324 324 324 324 52 52 52 34 34 34 34 34 34 34 -9999 -9999 -9999 -9999 -9999 -9999 -9999 -9999 -9999 -9999
-9999 47 47 202 202 202 17 17 17 17 17 17 17 17 17 17 17 17 17 17 107 107 107 17 17 17 17 17 157 191 59 191 191 -9999 -9999 -9999 372 372 372 372 372 372 372 99 99 99 99 99 99 99 488 488 488 155 155 155 324 324 324 324 324 324 324 324 324 324 324 34 34 34 34 34 -9999 -9999 -9999 -9999 -9999 -9999 -9999 -9999 -9999
-9999 -9999 202 202 202 202 202 202 202 17 17 17 17 17 17 17 17 17 17 17 17 107 17 17 17 17 157 157 157 157 157 -9999 191 -9999 -9999 48 66 372 372 372 372 372 372 99 99 99 99 99 99 99 99 99 155 155 155 155 155 324 324 324 324 324 324 324 324 324 324 324 324 34 34 34 34 -9999 -9999 -9999 -9999 -9999 -9999 -9999 -9999
-9999 -9999 202 202 202 202 202 202 17 17 17 17 17 17 17 17 17 17 17 17 17 17 17 17 17 17 157 157 157 157 157 -9999 157 -9999 126 51 18 98 104 372 372 372 372 99 99 99 99 99 99 99 99 99 99 148 155 155 155 155 324 324 324 324 324 324 324 324 324 324 324 324 34 34 185 -9999 -9999 -9999 -9999 -9999 -9999 -9999 -9999
-9999 -9999 62 62 62 202 202 202 17 17 17 17 17 17 17 17 17 17 17 17 17 17 17 17 17 17 17 17 157 157 157 -9999 157 -9999 204 29 19 42 73 114 188 372 372 372 99 99 99 99 99 99 99 99 99 148 148 148 155 155 155 155 324 324 324 324 324 324 324 324 324 324 324 360 360 185 185 -9999 -9999 -9999 -9999 -9999 -9999
-9999 -9999 -9999 -9999 62 62 62 202 17 17 17 17 17 17 17 17 17 17 17 17 17 124 17 17 17 17 223 223 223 157 157 -9999 157 -9999 -9999 -9999 -9999 -9999 -9999 34 17 27 372 372 372 99 99 99 99 99 99 99 99 148 148 148 148 148 155 155 308 308 308 308 308 324 324 324 324 324 324 360 360 185 185 185 185 -9999 -9999 -9999 -9999
-9999 -9999 -9999 -9999 62 62 62 62 62 17 17 17 17 17 17 17 17 17 17 17 17 124 124 17 124 223 223 223 223 223 223 157 157 -9999 15 -9999 -9999 -9999 -9999 0 4 47 372 372 372 372 99 99 99 99 99 148 148 148 148 148 148 148 148 148 308 308 308 308 308 308 308 324 324 360 360 360 360 185 185 185 185 -9999 -9999 -9999 -9999
-9999 -9999 -9999 -9999 62 62 62 62 325 325 325 325 17 17 17 17 17 17 17 17 124 124 124 124 124 223 223 223 223 223 223 223 157 157 -9999 -9999 -9999 -9999 -9999 -9999 -9999 15 372 372 372 372 372 372 99 99 99 148 148 148 148 148 148 148 148 148 148 308 308 308 308 308 308 308 168 360 360 360 185 185 185 185 185 185 185 -9999 -9999
-9999 -9999 -9999 -9999 239 62 62 62 62 325 325 325 325 325 17 17 17 17 17 17 17 124 124 124 124 124 223 223 223 223 223 223 -9999 157 -9999 -9999 -9999 -9999 6 122 122 4 -9999 -9999 122 372 372 372 125 125 125 148 148 148 148 148 148 148 148 148 148 148 453 453 308 308 308 168 168 168 168 360 185 185 185 185 185 185 318 290 -9999
-9999 -9999 -9999 -9999 239 62 62 62 62 325 325 325 325 325 325 325 17 17 17 17 124 124 124 124 124 124 124 223 223 223 223 223 -9999 157 -9999 122 122 35 122 122 122 122 122 -9999 -9999 122 122 125 125 125 125 125 148 148 148 148 148 148 148 148 148 148 453 453 453 453 308 168 168 168 168 168 168 185 185 185 185 185 185 -9999 -9999
-9999 -9999 -9999 -9999 29 62 62 62 62 325 325 325 325 325 325 325 325 134 134 124 124 124 124 124 124 124 124 124 223 223 223 223 223 157 -9999 122 122 122 122 122 122 122 122 122 122 122 122 122 122 125 125 125 125 125 125 125 271 271 271 271 271 148 148 453 453 453 453 280 168 168 168 168 168 168 168 168 168 185 185 -9999 -9999
-9999 -9999 -9999 -9999 -9999 29 62 62 325 142 31 325 325 325 325 325 134 134 134 134 134 124 124 124 124 124 124 124 124 223 223 223 223 5 -9999 122 122 122 122 122 122 122 122 122 122 122 122 122 122 122 122 125 125 125 125 271 271 271 271 271 271 271 271 271 453 453 453 280 280 280 168 168 168 168 168 168 168 -9999 -9999 -9999 -9999
-9999 -9999 -9999 -9999 -9999 -9999 62 142 31 31 31 31 325 325 325 134 134 134 134 134 134 38 38 124 124 124 124 124 124 124 124 223 124 -9999 -9999 122 122 122 122 52 52 122 52 122 122 122 122 122 122 122 2 2 2 2 271 271 271 271 271 271 271 271 271 271 453 453 280 280 280 280 280 168 168 168 168 168 -9999 -9999 -9999 -9999 -9999
-9999 -9999 -9999 -9999 -9999 -9999 -9999 -9999 -9999 -9999 -9999 -9999 -9999 325 -9999 -9999 134 134 134 134 134 38 -9999 -9999 38 38 124 124 124 124 124 124 124 -9999 -9999 122 122 122 52 52 52 52 52 52 52 52 122 122 122 2 2 2 2 2 2 2 271 199 199 271 271 271 271 271 271 280 280 280 280 280 280 280 280 168 168 168 -9999 -9999 -9999 -9999 -9999
-9999 -9999 -9999 -9999 -9999 -9999 -9999 -9999 -9999 -9999 -9999 -9999 -9999 -9999 -9999 -9999 -9999 134 134 134 38 38 -9999 -9999 -9999 38 131 131 124 124 124 124 124 124 23 -9999 122 122 122 122 52 166 166 166 166 52 52 52 52 52 2 2 2 2 2 2 2 199 199 271 271 271 271 271 271 271 280 280 280 280 280 280 280 280 280 168 -9999 -9999 -9999 -9999 -9999
-9999 -9999 -9999 -9999 -9999 -9999 -9999 -9999 -9999 -9999 -9999 -9999 -9999 -9999 -9999 -9999 -9999 -9999 -9999 -9999 -9999 -9999 -9999 -9999 -9999 -9999 -9999 -9999 -9999 131 124 124 124 124 -9999 -9999 122 122 122 122 122 166 166 166 166 166 166 52 52 52 52 2 2 2 2 2 199 199 199 199 271 271 271 271 271 271 114 280 227 227 227 280 280 280 280 238 238 -9999 -9999 -9999 -9999
-9999 -9999 -9999 -9999 -9999 -9999 -9999 -9999 -9999 -9999 -9999 -9999 -9999 -9999 -9999 -9999 -9999 -9999 -9999 -9999 -9999 -9999 -9999 -9999 -9999 -9999 -9999 -9999 -9999 -9999 131 131 94 124 -9999 -9999 122 122 122 122 122 62 166 166 166 166 166 166 166 52 139 139 139 2 2 2 199 199 199 199 271 271 271 271 114 114 178 178 227 227 227 227 280 280 238 238 238 238 -9999 -9999 -9999
-9999 -9999 -9999 -9999 -9999 -9999 -9999 -9999 -9999 -9999 -9999 -9999 -9999 -9999 -9999 -9999 -9999 -9999 -9999 -9999 -9999 -9999 -9999 -9999 -9999 -9999 -9999 -9999 -9999 -9999 -9999 -9999 -9999 94 -9999 14 -9999 122 122 122 27 -9999 -9999 166 166 166 166 166 166 166 139 139 139 139 139 199 199 199 199 233 233 271 271 271 114 114 178 178 178 227 227 227 227 238 238 238 238 238 226 226 -9999
-9999 -9999 -9999 -9999 -9999 -9999 -9999 -9999 -9999 -9999 -9999 -9999 -9999 -9999 -9999 -9999 -9999 -9999 -9999 -9999 -9999 -9999 -9999 -9999 -9999 -9999 -9999 -9999 -9999 -9999 -9999 -9999 -9999 -9999 -9999 -9999 -9999 122 -9999 41 -9999 -9999 -9999 -9999 -9999 166 166 166 166 139 139 139 139 139 139 352 199 199 199 233 233 114 114 114 114 114 178 178 178 227 227 227 227 238 238 238 238 238 226 226 226
-9999 -9999 -9999 -9999 -9999 -9999 -9999 -9999 -9999 -9999 -9999 -9999 -9999 -9999 -9999 -9999 -9999 -9999 -9999 -9999 -9999 -9999 -9999 -9999 -9999 -9999 -9999 -9999 -9999 -9999 -9999 -9999 -9999 -9999 -9999 -9999 -9999 42 -9999 -9999 -9999 -9999 -9999 -9999 -9999 -9999 -9999 -9999 139 139 139 139 139 139 352 352 352 352 233 233 233 114 114 114 114 178 178 178 227 227 227 227 227 238 238 238 238 226 226 226 226
-9999 -9999 -9999 -9999 -9999 -9999 -9999 -9999 -9999 -9999 -9999 -9999 -9999 -9999 -9999 -9999 -9999 -9999 -9999 -9999 -9999 -9999 -9999 -9999 -9999 -9999 -9999 -9999 -9999 -9999 -9999 -9999 -9999 -9999 -9999 -9999 -9999 -9999 -9999 -9999 -9999 -9999 -9999 -9999 -9999 -9999 -9999 -9999 -9999 -9999 -9999 -9999 139 139 352 352 352 352 233 233 233 233 114 114 114 178 178 178 227 227 227 227 227 238 238 238 226 -9999 -9999 226 226
-9999 -9999 -9999 -9999 -9999 -9999 -9999 -9999 -9999 -9999 -9999 -9999 -9999 -9999 -9999 -9999 -9999 -9999 -9999 -9999 -9999 -9999 -9999 -9999 -9999 -9999 -9999 -9999 -9999 -9999 -9999 -9999 -9999 -9999 -9999 -9999 -9999 -9999 -9999 -9999 -9999 -9999 -9999 -9999 -9999 -9999 -9999 -9999 -9999 -9999 -9999 -9999 -9999 352 352 352 352 352 352 352 233 233 233 233 178 178 178 227 227 227 227 227 227 227 238 238 -9999 226 226 226 226
-9999 -9999 -9999 -9999 -9999 -9999 -9999 -9999 -9999 -9999 -9999 -9999 -9999 -9999 -9999 -9999 -9999 -9999 -9999 -9999 -9999 -9999 -9999 -9999 -9999 -9999 -9999 -9999 -9999 -9999 -9999 -9999 -9999 -9999 -9999 -9999 -9999 -9999 -9999 -9999 -9999 -9999 -9999 -9999 -9999 -9999 -9999 -9999 -9999 -9999 -9999 -9999 -9999 352 352 352 352 352 352 352 233 233 233 233 124 178 178 227 227 227 227 227 227 227 227 -9999 226 226 226 226 226
-9999 -9999 -9999 -9999 -9999 -9999 -9999 -9999 -9999 -9999 -9999 -9999 -9999 -9999 -9999 -9999 -9999 -9999 -9999 -9999 -9999 -9999 -9999 -9999 -9999 -9999 -9999 -9999 -9999 -9999 -9999 -9999 -9999 -9999 -9999 -9999 -9999 -9999 -9999 -9999 -9999 -9999 -9999 -9999 -9999 -9999 0 0 0 -9999 -9999 -9999 352 352 352 352 352 352 352 352 233 233 233 124 124 124 227 227 227 227 227 227 227 227 227 226 226 226 226 226 226
-9999 -9999 -9999 -9999 -9999 -9999 -9999 -9999 -9999 -9999 -9999 -9999 -9999 -9999 -9999 -9999 -9999 -9999 -9999 -9999 -9999 -9999 -9999 -9999 -9999 -9999 -9999 -9999 -9999 -9999 -9999 -9999 -9999 -9999 -9999 -9999 -9999 -9999 -9999 -9999 -9999 -9999 -9999 -9999 -9999 -9999 -9999 -9999 -9999 -9999 -9999 -9999 352 352 352 352 352 352 352 233 233 233 233 124 124 124 124 124 124 227 227 227 227 227 -9999 226 226 226 226 226 226
-9999 -9999 -9999 -9999 -9999 -9999 -9999 -9999 -9999 -9999 -9999 -9999 -9999 -9999 -9999 -9999 -9999 -9999 -9999 -9999 -9999 -9999 -9999 -9999 -9999 -9999 -9999 -9999 -9999 -9999 -9999 -9999 -9999 -9999 -9999 -9999 -9999 -9999 -9999 -9999 -9999 -9999 -9999 -9999 -9999 -9999 -9999 -9999 -9999 -9999 -9999 352 352 352 352 352 352 352 352 233 233 233 233 124 124 124 124 124 124 124 124 124 227 -9999 -9999 -9999 -9999 226 226 226 226
-9999 -9999 -9999 -9999 -9999 -9999 -9999 -9999 -9999 -9999 -9999 -9999 -9999 -9999 -9999 -9999 -9999 -9999 -9999 -9999 -9999 -9999 -9999 -9999 -9999 -9999 -9999 -9999 -9999 -9999 -9999 -9999 -9999 -9999 -9999 -9999 -9999 -9999 -9999 -9999 -9999 -9999 -9999 -9999 -9999 -9999 -9999 -9999 -9999 -9999 -9999 352 352 352 352 352 352 352 352 352 352 352 163 163 163 163 124 124 124 124 124 124 124 -9999 -9999 -9999 -9999 -9999 226 226 226
-9999 -9999 -9999 -9999 -9999 -9999 -9999 -9999 -9999 -9999 -9999 -9999 -9999 -9999 -9999 -9999 -9999 -9999 -9999 -9999 -9999 -9999 -9999 -9999 -9999 -9999 -9999 -9999 -9999 -9999 -9999 -9999 -9999 -9999 -9999 -9999 -9999 -9999 -9999 -9999 -9999 -9999 -9999 -9999 -9999 -9999 -9999 -9999 -9999 -9999 352 352 352 352 352 352 352 352 352 352 352 352 163 163 163 163 163 163 163 124 124 124 -9999 -9999 -9999 -9999 -9999 226 226 226 226
-9999 -9999 -9999 -9999 -9999 -9999 -9999 -9999 -9999 -9999 -9999 -9999 -9999 -9999 -9999 -9999 -9999 -9999 -9999 -9999 -9999 -9999 -9999 -9999 -9999 -9999 -9999 -9999 -9999 -9999 -9999 -9999 -9999 -9999 -9999 -9999 -9999 -9999 -9999 -9999 -9999 -9999 -9999 -9999 -9999 -9999 -9999 -9999 -9999 -9999 0 352 352 352 352 352 352 352 352 352 352 163 163 163 163 163 163 163 163 163 124 -9999 -9999 -9999 -9999 -9999 -9999 226 226 226 226
-9999 -9999 -9999 -9999 -9999 -9999 -9999 -9999 -9999 -9999 -9999 -9999 -9999 -9999 -9999 -9999 -9999 -9999 -9999 -9999 -9999 -9999 -9999 -9999 -9999 -9999 -9999 -9999 -9999 -9999 -9999 -9999 -9999 -9999 -9999 -9999 -9999 -9999 -9999 -9999 -9999 -9999 -9999 -9999 -9999 -9999 -9999 -9999 -9999 0 0 352 352 352 352 352 352 352 352 352 352 163 163 163 163 163 163 163 163 163 163 -9999 -9999 -9999 -9999 -9999 -9999 -9999 226 226 226
-9999 -9999 -9999 -9999 -9999 -9999 -9999 -9999 -9999 -9999 -9999 -9999 -9999 -9999 -9999 -9999 -9999 -9999 -9999 -9999 -9999 -9999 -9999 -9999 -9999 -9999 -9999 -9999 -9999 -9999 -9999 -9999 -9999 -9999 -9999 -9999 -9999 -9999 -9999 -9999 -9999 -9999 -9999 -9999 -9999 -9999 -9999 -9999 -9999 0 0 0 0 0 0 352 352 352 352 352 163 163 163 163 163 163 163 163 163 163 -9999 -9999 -9999 -9999 -9999 -9999 -9999 -9999 -9999 -9999 226
-9999 -9999 -9999 -9999 -9999 -9999 -9999 -9999 -9999 -9999 -9999 -9999 -9999 -9999 -9999 -9999 -9999 -9999 -9999 -9999 -9999 -9999 -9999 -9999 -9999 -9999 -9999 -9999 -9999 -9999 -9999 -9999 -9999 -9999 -9999 -9999 -9999 -9999 -9999 -9999 -9999 -9999 -9999 -9999 -9999 -9999 -9999 -9999 150 150 150 150 0 0 0 352 352 352 352 352 163 163 163 163 163 163 163 163 163 163 -9999 -9999 -9999 -9999 -9999 -9999 -9999 -9999 -9999 -9999 -9999
-9999 -9999 -9999 -9999 -9999 -9999 -9999 -9999 -9999 -9999 -9999 -9999 -9999 -9999 -9999 -9999 -9999 -9999 -9999 -9999 -9999 -9999 -9999 -9999 -9999 -9999 -9999 -9999 -9999 -9999 -9999 -9999 -9999 -9999 -9999 -9999 -9999 -9999 -9999 -9999 -9999 -9999 -9999 -9999 -9999 -9999 -9999 -9999 150 150 150 150 150 150 150 352 352 150 352 352 163 163 163 163 163 163 163 163 163 -9999 137 137 -9999 -9999 -9999 -9999 -9999 -9999 -9999 -9999 142
-9999 -9999 -9999 -9999 -9999 -9999 -9999 -9999 -9999 -9999 -9999 -9999 -9999 -9999 -9999 -9999 -9999 -9999 -9999 -9999 -9999 -9999 -9999 -9999 -9999 -9999 -9999 -9999 -9999 -9999 -9999 -9999 -9999 -9999 -9999 -9999 -9999 -9999 -9999 -9999 -9999 -9999 -9999 -9999 -9999 -9999 -9999 0 0 150 150 150 150 150 150 150 150 150 150 163 163 163 163 163 163 163 163 163 163 -9999 137 137 137 137 -9999 -9999 -9999 -9999 -9999 -9999 142
