04_184A001/twi.asc
ncols 378
nrows 390
xllcorner 613424
yllcorner 6870896
cellsize 16
nodata_value -9999
[rows 320 to 351 of 390, columns 219 to 291 of 378]
-9999 -9999 -9999 -9999 -9999 -9999 -9999 -9999 -9999 -9999 -9999 -9999 9.242664 8.627418 8.569608 7.369767 6.700295 6.827091 6.89587 6.93068 7.171736 7.064204 6.939122 7.355191 7.991136 8.476097 8.318706 8.368135 7.340776 7.31634 8.181965 7.075295 8.876321 7.011597 7.027383 6.605807 6.77446 7.479181 7.255322 7.498917 8.001743 7.060671 7.34288 6.339657 9.246174 9.614114 7.045186 9.692805 9.147922 7.430359 15.79365 9.474731 8.026714 7.618168 8.175296 8.660578 9.194779 10.99938 11.08096 7.744037 7.205957 6.51693 6.588325 6.829184 7.949447 8.532365 10.16684 10.28025 9.332508 7.078771 7.024002 7.295194 7.256788
-9999 -9999 -9999 -9999 -9999 -9999 -9999 -9999 -9999 -9999 -9999 -9999 -9999 9.130406 9.785954 9.510509 8.58546 7.209538 6.614561 7.109218 7.096368 6.591712 6.776119 7.129548 7.600148 8.164858 8.332308 8.294362 7.033549 7.761075 7.821481 6.530916 8.66039 6.583893 6.187364 5.709001 6.591081 6.82675 6.776713 7.188107 7.117626 6.805386 7.274914 8.527126 5.980055 9.020555 9.175252 6.79544 8.595358 6.914089 7.169102 15.30976 15.66995 15.63132 8.576756 10.77437 10.06112 8.669943 7.92998 10.72408 8.365309 7.755634 6.865111 6.405942 7.360257 8.006454 8.054146 7.57495 8.430294 9.467452 7.813904 7.601957 9.078437
-9999 -9999 -9999 -9999 -9999 -9999 -9999 -9999 -9999 -9999 -9999 -9999 -9999 -9999 -9999 -9999 8.217778 7.933006 7.794021 7.737257 7.260679 6.731476 7.046377 6.8041 7.036435 7.596756 7.793069 8.209622 7.364097 7.686089 7.666213 7.58882 8.840516 6.620524 6.139103 6.07204 6.620238 6.436673 6.575954 6.892823 6.608747 7.012526 6.927619 6.897432 7.772826 7.486512 8.291832 7.499382 6.266131 8.694121 10.56906 6.959561 7.443183 7.811207 15.90531 16.29707 8.662538 8.579702 8.050429 11.12412 8.784716 7.940374 8.106745 7.430334 7.003315 7.533654 7.872344 6.657063 8.033495 7.435749 9.646408 9.327029 7.938605
-9999 -9999 -9999 -9999 -9999 -9999 -9999 -9999 -9999 -9999 -9999 -9999 -9999 -9999 -9999 -9999 -9999 -9999 8.430795 10.54902 8.567245 8.275833 7.399338 6.771423 7.061864 7.07126 7.244401 7.511782 7.281576 7.920962 7.210439 8.391744 7.689695 8.46581 7.134322 8.79893 6.586761 6.400508 6.778209 6.675953 6.557024 6.774166 7.171983 7.490868 7.25079 7.324481 7.227643 6.48736 7.487039 7.701666 7.881563 9.920543 9.968342 7.104856 7.286078 7.50876 15.40409 15.53694 7.878346 14.6292 7.744513 8.555969 8.244184 7.875903 7.356256 7.003359 6.890852 7.18566 7.620863 7.323585 7.479181 7.465253 8.293241
-9999 -9999 -9999 -9999 -9999 -9999 -9999 -9999 -9999 -9999 -9999 -9999 -9999 -9999 -9999 -9999 -9999 -9999 10.7677 8.228783 10.31083 7.489795 7.765331 8.76279 7.429628 6.864025 7.046615 7.2091 7.301458 8.128892 6.907053 8.221757 7.215541 8.467805 8.039445 7.722534 7.798727 7.875486 7.031047 6.700673 7.077967 7.146948 7.616573 7.038094 7.130731 7.172239 6.640931 6.809667 6.572521 7.586564 7.528522 7.603919 7.448455 9.430284 8.06872 9.65674 7.012715 7.318551 14.9958 14.23645 14.31798 7.502987 7.438857 8.108544 8.113579 7.606148 7.420585 7.61237 7.693302 7.740445 7.874535 8.531576 9.852687
-9999 -9999 -9999 -9999 -9999 -9999 -9999 -9999 -9999 -9999 -9999 -9999 -9999 -9999 -9999 -9999 -9999 7.816955 8.614183 7.73057 8.651761 9.759603 7.869219 7.465244 7.871995 8.397734 7.827321 7.448914 8.147571 8.284313 7.736062 8.060522 8.277859 8.964472 11.04127 7.729513 8.006951 7.058274 7.982484 7.343909 7.627384 8.190472 7.20854 6.860507 7.308782 6.908304 6.621593 6.922261 7.133909 7.182402 6.918649 7.648981 8.100502 8.21391 7.329893 6.956451 8.926633 12.59518 6.955906 7.111745 14.52415 12.26736 12.66106 8.092525 7.810396 12.15642 11.9347 11.95321 12.05304 8.046139 9.134263 11.5211 11.06188
-9999 -9999 -9999 -9999 -9999 -9999 -9999 -9999 -9999 -9999 -9999 -9999 -9999 -9999 -9999 -9999 6.908416 7.810643 7.263163 6.828188 7.416651 10.81868 9.541403 8.057877 8.175746 8.306915 7.66196 7.316513 8.489861 8.192585 9.248422 8.370459 7.101315 7.569973 8.128185 9.792087 10.05278 10.34924 6.935787 7.559859 8.134596 7.299384 6.799964 6.604264 7.691169 7.052314 7.108737 6.93388 7.097911 7.08597 7.270338 7.568895 7.768321 7.488083 7.110911 8.227211 7.567847 7.014289 12.39879 13.98994 8.623855 6.991433 7.241719 12.38766 12.22882 8.047615 7.47924 9.213052 7.366859 11.42543 11.42848 11.59109 11.62369
-9999 -9999 -9999 -9999 -9999 -9999 -9999 -9999 -9999 -9999 -9999 -9999 -9999 -9999 -9999 7.551458 6.865396 7.378035 8.259056 7.948174 10.31994 7.660054 7.998632 10.26887 9.955008 9.400647 7.658319 7.822447 9.695307 7.927474 8.379581 8.642538 8.203757 7.302241 7.850274 7.180006 7.982198 9.715818 10.75359 7.144665 7.050278 7.202909 7.810804 7.749994 7.09347 7.139658 7.139798 7.278107 7.420317 7.023104 7.159689 7.275479 7.936896 6.933761 7.457716 7.715303 7.457489 6.765764 6.291895 13.86425 6.560443 7.937256 8.670718 9.261011 9.608766 8.103897 7.332254 8.511801 8.441435 7.726293 8.328263 8.359344 6.953085
-9999 -9999 -9999 -9999 -9999 -9999 -9999 -9999 -9999 -9999 -9999 -9999 -9999 -9999 7.174081 9.711499 6.96353 8.695702 10.13065 8.60665 10.24703 10.22333 9.153275 7.447343 8.741389 9.636089 7.287561 7.99498 11.06911 7.641752 7.601708 8.109555 8.410861 8.169803 7.733857 7.848832 7.67907 7.065624 10.20773 12.29661 11.62455 8.267879 7.149415 7.059943 7.430903 7.641282 7.728473 7.980105 7.168612 7.326479 7.091436 6.970615 8.111577 7.472648 6.927606 7.668545 6.621821 6.630477 13.96953 7.096179 7.228268 7.600422 8.375194 9.142765 8.856378 7.505212 6.822152 7.771213 8.13574 7.287841 7.873652 7.590169 6.773514
-9999 -9999 -9999 -9999 -9999 -9999 -9999 -9999 -9999 -9999 -9999 -9999 -9999 -9999 7.737184 7.694778 10.30886 9.688155 8.30994 8.109163 8.109132 11.27079 9.429675 7.592034 7.492088 7.53883 7.134871 7.326545 8.360221 10.3034 6.9758 8.22084 7.708254 7.99278 8.348155 7.323061 7.57774 8.218332 9.652407 9.240046 7.809443 12.64557 7.959656 7.817283 7.655056 7.756402 7.382269 8.52894 7.640333 6.996735 6.670018 7.338156 8.09446 6.861547 7.930678 7.735726 6.662065 6.913118 14.26659 7.44726 7.458339 7.524697 7.848931 8.781631 8.452547 7.4361 6.287331 7.742283 8.289714 7.08882 7.810484 7.425577 6.740099
-9999 -9999 -9999 -9999 -9999 -9999 -9999 -9999 -9999 -9999 -9999 -9999 -9999 -9999 13.8342 14.4753 8.21348 13.46036 7.894687 7.574378 8.128071 11.4111 9.893652 8.879354 7.167471 7.874434 7.992718 7.649404 7.429134 10.39859 8.500096 8.243461 7.669599 9.061364 8.539603 8.079946 7.931313 8.807731 9.231934 7.535565 7.88391 7.83798 12.86827 8.667572 8.814085 8.908022 8.380618 7.526963 7.469164 7.867645 7.2318 6.814346 7.285703 8.234165 6.860568 7.062553 8.744447 14.4814 6.964865 7.436412 7.487434 7.113404 7.370231 8.33075 8.187497 8.249129 7.558922 7.677238 8.242748 7.597518 8.221554 8.067489 7.006653
-9999 -9999 -9999 -9999 -9999 -9999 -9999 -9999 -9999 -9999 -9999 -9999 -9999 -9999 9.99453 10.62969 14.32249 9.081409 13.96544 7.485146 11.07937 9.771544 7.537994 9.311802 7.237371 7.653305 9.025521 8.426981 7.177764 10.46917 9.215997 7.818604 7.462117 9.165037 9.549476 7.536028 8.273608 9.135216 7.668528 8.236783 8.768194 7.805959 8.237647 13.09624 12.27769 12.04369 12.32986 8.556279 7.619883 7.817247 7.969651 7.179327 7.682205 7.218314 6.815772 7.071683 7.148612 14.36156 8.001754 7.733897 7.472957 6.636454 7.490133 8.25402 8.886553 7.619516 8.683161 7.273733 6.68667 8.071888 7.332472 8.360085 7.760829
-9999 -9999 -9999 -9999 -9999 -9999 -9999 -9999 -9999 -9999 -9999 -9999 -9999 -9999 -9999 12.70534 10.63506 12.34773 13.8802 13.90298 13.9478 7.664011 9.027585 8.291321 7.701583 7.490573 8.671935 8.193988 7.357061 10.90169 8.66396 7.261821 6.837008 7.810997 8.430762 9.077549 7.974279 9.098126 8.827843 7.470732 8.203435 9.781127 10.33291 8.315104 8.316583 8.286697 10.69959 11.70183 9.556832 8.940626 7.425983 7.758623 8.214928 8.108368 7.669623 6.705894 7.217464 7.377487 14.52483 7.678157 7.766307 7.234082 7.328531 8.292558 7.863631 10.04673 8.083744 7.415231 6.737809 6.774675 6.927413 7.093115 7.451836
-9999 -9999 -9999 -9999 -9999 -9999 -9999 -9999 -9999 -9999 -9999 -9999 -9999 -9999 -9999 11.23629 12.32313 11.38921 9.553105 13.79408 13.45197 13.5417 14.049 13.51466 13.1606 13.05009 13.10988 10.68732 10.69138 7.955439 8.918804 8.085079 7.737961 6.753495 7.377386 10.05779 8.226691 8.493509 8.406377 7.474315 7.794997 7.692909 8.275159 10.35034 10.13143 7.994667 10.75281 11.44619 11.80622 12.41644 8.340926 8.462188 9.424855 8.419059 9.004922 7.505633 6.96408 7.233994 14.89239 7.724183 8.260776 8.122599 8.02539 7.632495 7.641991 9.679967 8.110831 7.483818 7.492586 7.328808 6.647296 6.523403 6.286705
-9999 -9999 -9999 -9999 -9999 -9999 -9999 -9999 -9999 -9999 -9999 -9999 -9999 -9999 -9999 10.02048 10.29765 9.911224 11.34163 10.6854 8.749391 12.70094 12.63795 8.319076 8.207217 8.259244 7.84983 13.79685 7.597064 9.154735 9.464887 7.868392 8.721327 7.592312 8.684266 6.787074 7.01629 8.326424 7.415709 8.302976 8.074614 7.791907 7.707848 7.527303 9.437953 10.47005 10.73457 7.320119 8.253646 12.45675 10.41616 11.3153 10.75443 9.168842 8.625657 8.261513 7.809758 7.827862 15.42965 9.549189 8.52837 7.750182 7.692326 8.780255 8.168819 9.103681 7.836843 7.013917 8.099957 7.090192 6.868045 6.975488 6.662602
-9999 -9999 -9999 -9999 -9999 -9999 -9999 -9999 -9999 -9999 -9999 -9999 -9999 -9999 -9999 7.550012 9.600208 9.135912 9.891163 9.476483 8.094897 10.30123 8.972574 12.88716 8.019793 8.379556 9.72172 8.694168 14.20766 13.99942 7.971551 8.749063 10.02959 9.010072 9.131786 7.401495 6.833958 8.037488 7.082016 7.93784 8.171472 8.050005 8.053873 7.649483 7.338801 8.088522 11.41224 7.504281 11.71155 7.372377 7.70984 7.864935 7.964555 7.804597 8.900999 8.24105 7.470387 7.390542 15.20182 7.299659 7.399284 7.447326 7.415531 7.130762 8.56524 8.491891 7.322806 8.730256 8.521976 7.809611 7.59692 7.257197 7.200528
-9999 -9999 -9999 -9999 -9999 -9999 -9999 -9999 -9999 -9999 -9999 -9999 -9999 -9999 -9999 7.08263 9.881004 9.500283 8.524242 8.737913 10.74236 9.523527 9.122803 8.880246 12.93005 13.01268 7.820508 8.059023 7.833067 8.194841 13.86426 13.89928 16.09752 13.89723 14.05044 7.379232 7.738751 8.585899 7.904618 8.343058 8.209931 8.114048 8.107454 7.967739 8.037074 7.837996 7.828252 12.09477 12.62325 12.32819 12.1255 12.36079 12.74776 12.84632 12.99955 12.63948 7.781903 6.694434 14.17518 6.52871 10.77509 10.8379 10.67274 7.496283 8.24782 7.304048 8.535122 8.673635 7.680345 8.222305 8.076447 8.068091 7.556005
-9999 -9999 -9999 -9999 -9999 -9999 -9999 -9999 -9999 -9999 -9999 -9999 -9999 -9999 -9999 -9999 10.94216 8.501678 7.553088 8.112666 10.38171 7.477718 7.946738 9.954227 10.35666 9.304335 13.37648 13.31863 7.424647 7.927211 8.148959 7.223916 7.363728 7.442502 7.341646 13.95871 14.01445 14.07925 13.84046 13.51859 13.41741 13.50167 7.127541 7.753453 8.386341 8.227299 7.620804 7.747522 8.106991 8.530949 8.792787 8.537275 8.774863 9.949322 9.014727 7.520187 11.98478 14.24395 6.885952 11.56302 7.407353 8.787667 8.078881 12.11309 7.853517 10.45962 10.10038 7.943496 8.741211 8.39967 7.820199 7.44166 6.961869
-9999 -9999 -9999 -9999 -9999 -9999 -9999 -9999 -9999 -9999 -9999 -9999 -9999 -9999 -9999 -9999 10.86505 7.732289 7.35417 9.780653 9.570801 6.56524 7.597177 9.719948 9.706944 8.197181 12.00226 7.713829 12.98314 7.457782 8.066516 7.901986 7.26581 7.168265 7.256041 7.636489 7.679148 7.651256 7.611254 7.502455 7.232259 7.117518 13.35837 13.32211 13.52882 13.87759 14.19427 14.38222 14.53577 14.86486 8.815726 8.67075 8.182847 8.281908 9.515888 8.066155 14.25439 6.843579 7.806408 11.1168 7.174389 6.983024 6.555367 7.739934 10.3608 6.759292 6.916773 10.48915 10.0961 8.016166 7.006639 7.767165 7.799787
-9999 -9999 -9999 -9999 -9999 -9999 -9999 -9999 -9999 -9999 -9999 -9999 -9999 -9999 -9999 -9999 10.41298 7.694328 10.41291 9.773952 8.403316 8.059011 7.581871 10.046 7.547387 10.09983 11.04016 10.20531 9.330167 13.00323 13.31545 14.13909 15.85848 14.25702 14.17191 14.53604 14.40697 8.21362 8.425862 8.330735 7.824191 7.479278 7.410467 7.51403 7.968642 8.229197 8.379913 8.684691 8.872956 9.666296 15.22339 15.40928 15.44799 15.42797 14.94303 15.93232 7.46635 7.236563 7.764362 6.466686 9.943548 6.489755 6.636262 7.046278 7.05656 8.88153 7.499826 8.380075 8.447089 8.394421 8.545764 8.281863 9.459167
-9999 -9999 -9999 -9999 -9999 -9999 -9999 -9999 -9999 -9999 -9999 -9999 -9999 -9999 -9999 -9999 9.726095 10.34513 9.787066 8.803778 8.148694 8.09444 10.55291 7.267363 8.889027 10.34616 9.485492 8.983728 9.500913 9.88886 10.80519 11.79076 11.52846 10.97375 10.06966 8.824796 8.044434 14.54665 9.536022 15.08488 15.16075 15.70783 15.14407 15.07998 9.351524 10.03998 9.584992 9.145221 8.377242 8.559624 8.67776 8.738499 8.741508 9.286185 9.315854 16.05322 9.202444 7.227766 7.604093 6.953816 6.903947 10.37665 11.11687 10.35887 9.197951 8.843575 10.03983 9.169712 10.94421 9.084147 10.52835 9.59839 10.05167
-9999 -9999 -9999 -9999 -9999 -9999 -9999 -9999 -9999 -9999 -9999 -9999 -9999 -9999 -9999 -9999 8.959238 9.792216 9.043884 7.535044 8.92673 10.87657 7.196827 9.340131 9.891015 9.306512 8.276227 8.935671 9.230552 9.271404 10.6447 11.4157 10.86009 8.868089 8.885364 9.102604 9.914651 8.03167 15.06026 8.616244 9.885412 10.50041 8.805185 11.15236 16.32068 16.14733 16.11538 16.25666 16.73053 16.60498 16.93783 10.00445 15.99471 16.91637 16.49139 8.955759 9.235003 8.712441 8.199572 8.538503 9.002866 8.650653 8.58207 12.88292 9.01052 8.766173 9.497824 10.38066 8.94779 9.324265 9.074549 11.43521 11.29557
-9999 -9999 -9999 -9999 -9999 -9999 -9999 -9999 -9999 -9999 -9999 -9999 -9999 -9999 -9999 -9999 8.740869 8.968741 8.080856 8.105465 9.362439 9.652089 9.660007 9.777582 9.34789 7.659718 8.596915 9.122976 9.34811 8.386762 10.87699 11.24193 7.517436 8.48031 8.481622 9.307612 9.550129 12.08042 7.373322 9.306606 9.710025 8.937805 11.08707 12.03988 13.94266 12.51751 12.74882 9.622536 9.770202 9.261646 9.010592 15.4197 9.356956 9.822851 9.9764 11.69866 11.91901 11.29492 9.421684 10.29543 9.892038 9.457024 8.835959 8.82426 12.96193 8.822596 8.722587 9.130933 11.72087 12.08373 9.319153 9.103087 7.81122
-9999 -9999 -9999 -9999 -9999 -9999 -9999 -9999 -9999 -9999 -9999 -9999 -9999 -9999 -9999 -9999 -9999 8.478224 7.968425 8.779996 8.590781 9.707808 9.895168 9.278317 7.83028 7.964406 8.769029 9.766989 8.249402 8.7917 11.71033 7.552297 7.463035 7.708754 8.559865 8.378596 7.5249 11.70898 6.809731 7.428846 7.999381 10.04195 10.28446 12.79261 14.70965 14.56584 12.78249 10.68923 11.54621 11.45564 13.14189 10.98313 10.5438 10.1787 9.751334 9.786718 10.5822 9.889897 10.686 10.91593 11.55849 9.410297 9.055994 9.643845 9.966002 13.84276 11.71075 9.429701 10.64608 9.453946 11.52631 8.110335 7.442235
-9999 -9999 -9999 -9999 -9999 -9999 -9999 -9999 -9999 -9999 -9999 -9999 -9999 -9999 -9999 -9999 -9999 8.562696 8.096569 8.478544 8.382967 10.16343 9.602111 6.682263 8.30819 8.332505 9.389466 9.085465 9.198251 11.97347 9.107367 6.839072 7.009512 7.723363 8.204601 7.531556 6.72458 11.4821 6.659998 6.574308 7.214191 9.557183 10.89236 11.29222 11.15102 13.61624 12.06665 10.492 10.72297 12.23422 10.77298 9.721625 10.08544 10.239 10.3741 10.16293 11.80086 10.00156 9.698063 9.673457 10.00342 11.28387 11.12265 8.750015 9.352983 9.846996 9.064021 13.67211 9.160125 9.82515 8.714334 10.70017 7.441477
-9999 -9999 -9999 -9999 -9999 -9999 -9999 -9999 -9999 -9999 -9999 -9999 -9999 -9999 -9999 -9999 8.728555 7.532835 7.809633 8.832516 9.601577 9.321666 9.0315 8.448101 8.44332 9.546724 9.073521 9.309131 10.13911 12.02834 7.127463 6.888371 6.98138 7.941005 7.462813 7.596856 11.18641 6.422772 6.992884 6.534635 7.710297 10.43909 8.680723 7.367706 10.53538 12.76472 9.180413 9.44346 12.10335 9.751399 9.525462 10.44898 10.95179 12.02938 9.809852 9.950889 9.859941 10.4008 8.883374 8.85411 8.711373 8.290978 8.337978 11.39022 8.358569 8.468879 9.400041 8.950424 11.94641 10.26273 8.62768 7.561226 10.51009
-9999 -9999 -9999 -9999 -9999 -9999 -9999 -9999 -9999 -9999 -9999 -9999 -9999 -9999 -9999 -9999 -9999 7.696029 8.450101 9.2514 8.961339 8.663973 8.904031 8.561559 9.693485 8.712976 8.647531 9.618114 9.520807 11.76792 7.016938 6.86718 7.468102 7.712995 7.2829 6.998739 10.95801 6.64981 6.063015 6.522428 9.037777 10.08652 6.46154 7.18803 10.39375 11.42883 8.016096 10.57978 11.45579 10.96964 10.52167 10.85501 10.82784 11.92678 10.60118 10.43035 10.83333 10.17375 9.947743 8.057416 8.222744 8.277609 8.798376 9.152907 11.70416 7.973946 8.220747 9.53089 9.623297 10.61101 8.186481 7.532484 7.47902
-9999 -9999 -9999 -9999 -9999 -9999 -9999 -9999 -9999 -9999 -9999 -9999 -9999 -9999 -9999 -9999 7.804336 7.516982 7.668989 8.962817 8.806575 8.726185 8.358613 8.479088 9.136355 8.634688 9.13178 8.961322 8.209857 10.26323 11.53489 7.377952 6.851401 7.774705 6.854949 6.749356 11.0535 6.346716 6.21543 6.847607 8.786036 9.783763 6.270063 7.235416 9.599499 10.45373 9.676164 11.00398 12.12889 13.27795 13.03543 11.60483 12.39694 9.849473 11.49909 9.830698 8.529184 7.784747 9.74369 9.471744 8.209053 8.712671 8.928552 9.287625 9.406054 11.71645 8.023515 7.821266 8.056051 8.272431 9.344019 9.574663 7.589444
-9999 -9999 -9999 -9999 -9999 -9999 -9999 -9999 -9999 -9999 -9999 -9999 -9999 -9999 -9999 -9999 -9999 7.966061 6.8599 9.100806 8.219254 8.681443 8.266969 8.233338 8.560445 8.332084 9.279577 8.012589 9.313949 9.514587 9.788918 11.74751 8.391971 7.339242 6.79867 6.994855 11.17504 6.774845 6.330862 7.266867 8.223091 9.706426 6.330071 6.649066 9.162164 10.32964 8.953114 10.84578 8.729536 9.851409 12.97481 14.85339 9.544034 9.783074 9.549973 9.199668 8.769951 9.272922 8.058726 13.95681 13.70293 8.580006 8.326218 8.529926 9.255797 9.025804 11.71126 7.203701 6.854182 7.067694 7.376693 7.433901 9.967679
-9999 -9999 -9999 -9999 -9999 -9999 -9999 -9999 -9999 -9999 -9999 -9999 -9999 -9999 -9999 -9999 -9999 7.387359 9.142788 9.041618 8.297587 8.518756 7.766666 7.212182 8.634613 8.773832 8.155539 8.543509 9.41997 8.930994 9.411726 10.64025 10.83668 8.961336 8.104003 6.863445 11.57478 7.682531 6.456231 6.77642 6.454034 9.875007 6.711611 6.638649 9.399596 10.30702 10.71987 8.588784 8.354492 8.964308 9.395851 8.993558 16.95956 9.600058 9.650818 10.16028 7.843381 7.698162 14.52294 9.303463 9.419302 13.49118 8.131047 7.180777 6.960125 6.801162 6.781171 9.973166 7.285031 6.439733 6.761755 7.206924 7.515807
-9999 -9999 -9999 -9999 -9999 -9999 -9999 -9999 -9999 -9999 -9999 -9999 -9999 -9999 -9999 -9999 7.625812 8.497194 9.446504 8.577865 9.296788 7.29221 7.902843 8.362146 8.06449 8.376244 7.618536 8.943339 8.793819 9.149792 8.745591 9.562362 8.448344 10.31221 8.6376 10.39677 11.9966 7.552341 7.076548 6.458261 6.333467 9.881242 6.903872 7.813405 9.717674 10.85988 8.468903 8.072309 8.699219 7.844974 7.81246 9.099319 12.40338 13.15121 13.89237 8.096112 9.46419 13.40533 9.599455 9.12391 8.230214 7.813851 13.23336 7.042918 6.78216 7.486416 6.446462 7.216058 10.79013 12.8855 6.675651 6.680868 7.077244
-9999 -9999 -9999 -9999 -9999 -9999 -9999 -9999 -9999 -9999 -9999 -9999 -9999 -9999 -9999 -9999 -9999 8.776138 8.444726 9.042751 8.766109 8.286933 8.5167 7.820343 7.740142 8.312082 8.789558 8.427571 8.907668 8.403635 8.090961 8.396191 7.925964 9.168506 9.800823 10.24994 11.29768 7.642174 7.926775 7.207035 7.312869 9.8224 7.667462 7.53843 11.06316 8.777104 7.583127 8.105948 7.861954 7.230405 8.035707 8.412066 8.772126 7.37972 9.839486 12.59959 12.83567 7.920314 8.205551 8.774051 7.934407 11.55643 7.61478 13.19829 7.402881 8.657435 8.435724 8.505895 13.85222 9.394525 14.12296 13.44417 7.08962
