04_184A001/twi.asc
ncols 378
nrows 390
xllcorner 613424
yllcorner 6870896
cellsize 16
nodata_value -9999
[rows 32 to 63 of 390, columns 73 to 145 of 378]
9.314776 9.087503 8.465619 8.394702 8.334314 8.057622 8.102141 8.270864 15.42626 11.05124 11.6567 10.41123 7.16221 5.903786 5.186452 5.292659 5.654182 5.920073 6.229709 5.977816 6.568003 5.680297 5.219626 5.817865 5.849567 7.264143 8.01964 6.682779 7.290367 7.186697 7.831583 6.32795 6.059563 7.50953 4.854948 4.973568 6.554196 7.512374 6.930245 6.515672 6.859582 6.57032 6.856163 6.948493 12.79207 12.47659 11.77711 5.670231 6.087277 6.182239 6.356895 6.997693 7.184645 12.29012 7.686705 7.871153 7.492912 8.920075 8.373733 5.814625 5.762248 -9999 -9999 -9999 -9999 -9999 -9999 -9999 -9999 -9999 -9999 -9999 -9999
14.09706 14.68382 14.50516 14.45162 14.01938 13.7468 14.03569 14.35902 15.96026 11.78728 10.85697 8.760679 6.776892 5.624257 5.078231 4.752094 5.34184 5.737653 6.067275 7.07662 6.969999 6.769644 6.423076 5.526279 6.148642 7.346087 6.963704 6.443511 6.325291 6.023775 7.462734 8.244239 6.821312 6.03846 4.897788 5.537414 7.580136 7.459503 5.937236 5.768662 6.011621 5.922258 6.252106 6.426894 6.750219 7.772096 6.840558 12.44167 12.20988 12.30539 12.57013 6.809581 7.196423 7.119183 12.79626 7.395219 9.346233 9.075405 6.606403 5.904798 5.834999 5.396776 -9999 -9999 -9999 -9999 -9999 -9999 -9999 -9999 -9999 -9999 -9999
8.016137 8.368677 8.05959 7.976377 8.309702 8.553323 9.752365 9.440021 8.501621 15.29461 9.613006 7.951374 6.643024 6.06368 5.79199 5.557868 5.752137 6.568009 7.107516 7.424438 7.384906 7.559802 7.862957 7.782818 7.859914 7.183216 6.737407 6.337213 6.137948 6.085351 6.051075 7.41213 6.39082 5.745483 4.867453 5.31788 8.257908 6.901185 5.604249 5.653144 5.622104 5.544332 5.94553 6.082478 6.560386 6.419056 8.288124 6.647337 7.57171 7.868246 7.674221 13.39362 13.12114 12.78289 8.046452 11.90718 11.08903 7.264517 7.140915 6.411698 5.848623 5.691376 5.811594 5.336267 -9999 -9999 -9999 -9999 -9999 -9999 -9999 -9999 -9999
8.185247 9.087342 9.298286 8.192319 8.38598 8.509059 8.727267 8.092815 7.380878 14.71442 9.389643 7.351617 6.504109 6.458407 6.204338 6.516139 7.105175 7.545209 6.974624 7.178582 7.624581 7.246507 6.869226 7.095118 7.841127 8.71855 9.913051 6.63171 6.41319 6.673057 5.991694 5.757784 6.758178 6.211897 5.099406 5.264515 7.361778 7.17879 6.803933 6.032373 5.910877 5.776207 5.637386 6.202228 5.825138 6.04443 6.201027 7.769001 8.984523 7.544657 7.9185 8.1935 8.26209 14.93283 8.548135 8.481886 7.882153 7.560378 8.421621 6.774058 6.308656 5.951046 5.963286 5.76733 5.708218 -9999 -9999 -9999 -9999 -9999 -9999 -9999 -9999
12.16734 13.01497 12.68223 12.08525 12.60901 12.27282 12.96457 12.60047 12.47235 15.04095 8.353588 6.407456 5.823007 5.718244 6.065196 5.317021 5.357203 7.194985 7.586172 6.907249 7.814279 6.625185 6.353611 7.135167 6.4768 6.389539 6.858289 10.65444 7.632859 6.294227 5.853961 5.794685 6.310177 7.875975 5.236896 5.186916 6.444016 6.512275 6.292821 6.455915 6.52871 5.949942 5.977866 5.837207 5.725338 5.644738 5.606036 6.447292 6.625587 9.316185 10.32546 7.830614 7.992225 8.709116 15.30515 15.73761 8.861505 7.973252 7.248421 9.123137 6.606421 6.605863 6.211023 6.200855 5.622222 5.539663 5.645856 -9999 -9999 -9999 -9999 -9999 -9999
9.369541 9.209675 9.026348 8.965961 8.289279 8.032108 12.62505 7.273049 6.46166 6.782375 14.53448 6.574057 5.739997 6.40548 6.547657 5.552071 5.957815 5.315808 6.323229 6.612352 6.419295 6.287771 6.644807 6.412309 5.854408 6.267188 6.545704 7.500367 10.15869 5.865529 5.057034 5.643088 6.15643 5.863905 5.14066 5.426543 6.904386 6.841893 6.031838 6.510772 6.737883 6.746629 6.081133 5.674859 5.387755 5.338081 6.128372 5.19167 7.180481 6.242648 7.781704 10.19828 7.126771 8.644321 9.514074 9.194528 15.83873 14.98088 7.937006 7.354163 10.02306 8.382148 7.349014 5.991669 6.090147 5.899854 5.799008 5.602349 -9999 -9999 -9999 -9999 -9999
8.89944 9.17393 9.198174 9.035941 8.927052 9.069096 12.89989 7.606195 6.464365 6.924677 14.31195 7.699663 7.007195 6.696901 6.644262 5.774541 4.896202 5.069215 5.518696 5.378911 6.151548 6.597322 6.725814 7.972032 6.786338 5.867416 6.325866 6.584498 8.081448 9.075334 5.565567 4.850763 5.627805 5.677181 5.576494 5.988358 7.032063 10.53225 6.81764 6.271901 6.177029 6.190915 6.586527 7.017204 7.053156 7.256454 6.940007 7.215755 6.418892 5.736822 8.489937 6.130261 9.977471 10.75771 7.505897 8.784633 8.799939 7.969482 15.03436 15.0174 7.876842 7.119853 6.50319 7.133526 7.752367 6.151944 6.222248 6.183343 6.305772 5.57062 -9999 -9999 -9999
8.453963 8.727786 8.773178 8.920438 8.517812 12.17622 7.009768 6.498622 5.845002 6.46863 13.4938 8.232378 7.470723 7.02283 5.708806 6.424459 5.60425 5.427632 5.017198 5.239645 5.733566 6.964991 6.238764 6.088249 6.453088 6.647207 5.838523 5.831728 6.576121 10.64732 6.661662 5.811251 6.220159 5.776266 5.462465 6.09495 6.024313 6.566812 9.786285 6.582857 5.706723 6.306194 7.012069 6.902171 5.794782 6.226407 6.53234 7.223701 9.878146 11.47818 6.231643 6.618605 6.529663 6.634395 10.53917 11.17101 7.578795 7.687645 8.772947 9.333803 14.92833 14.23181 7.494488 7.327174 6.772736 8.820939 7.593345 6.789313 6.484965 5.649122 5.816082 6.183162 6.495548
8.113765 8.384949 9.938367 7.919129 11.21077 6.611617 6.760292 5.615759 5.579102 5.681481 6.313386 13.88509 7.482554 6.374665 5.475886 6.927503 6.970776 5.632944 5.168149 5.722508 6.761004 6.301455 5.188129 6.295568 5.709064 5.955155 5.815581 5.510656 5.818655 6.349642 10.46763 7.224421 7.039123 6.580118 5.98648 6.078648 6.230903 6.473261 6.693245 8.906619 6.081964 6.031814 6.82875 7.675798 6.518677 5.7275 5.009885 5.89708 8.57207 8.200196 7.304777 5.96088 6.145746 6.849076 7.327653 7.487405 10.80103 11.5639 8.900516 8.104524 8.17699 8.429984 14.50387 14.03826 7.13435 7.217972 10.45593 8.229275 6.328954 6.167421 6.146276 6.999342 7.462643
7.776879 9.139194 12.15145 11.04189 6.311076 5.752112 6.663676 5.826792 5.669388 6.14263 6.111623 6.574221 14.31134 5.824195 5.248395 6.204064 7.796301 5.703786 6.430188 7.100292 6.57785 6.424371 6.320638 6.608822 5.845448 5.808157 5.573306 6.151125 6.748084 6.946466 6.707324 9.597406 7.544577 6.998047 6.368659 5.941895 5.567151 6.194748 6.690354 9.294691 6.820594 5.244814 6.025384 7.146122 7.903152 5.740552 5.314862 6.16333 7.5857 6.303741 6.483852 5.959317 6.190039 6.64572 7.308327 7.45649 7.749249 7.27169 11.19322 12.26415 7.878551 7.961963 8.195677 7.761684 14.28216 11.19465 7.816178 6.947011 7.847724 6.698524 7.124617 7.118011 7.667149
9.140328 12.51957 6.422243 6.297131 6.007655 6.025641 6.526061 6.594001 5.805245 5.806921 6.062208 6.298082 13.5582 6.213424 5.694398 6.811484 8.817353 7.345079 6.581313 5.658469 6.545505 6.991316 8.151852 7.562297 5.891107 5.611078 5.710107 5.946612 6.42182 8.254224 6.544006 9.028371 8.868345 7.240826 5.989272 6.118008 5.65791 6.177598 5.379288 5.539549 8.986464 6.130801 5.295665 6.05524 6.21897 7.700429 6.215371 6.396785 6.179977 6.093376 6.333055 6.388478 5.970445 5.963227 7.817046 7.648485 6.928078 6.381412 5.93205 6.317899 11.91726 7.994137 7.884006 7.955051 15.30836 8.463928 8.135875 9.736789 7.626539 8.781892 7.351042 7.219015 8.411215
14.3259 7.308919 6.270346 5.600223 6.373094 5.988435 6.746133 6.316914 6.43784 6.31187 6.286488 6.489068 7.113214 14.10601 8.291849 6.744169 10.36739 7.311649 6.007404 5.657299 4.937363 6.256059 6.257368 8.937709 7.536919 6.201386 6.207644 6.586342 6.549263 6.565704 8.550745 9.1021 10.51277 8.438768 6.393317 6.742022 6.407438 6.560187 5.661261 5.514534 8.600519 6.43554 5.804237 5.502181 5.781266 5.691426 7.988573 6.260479 6.862591 6.874052 6.798204 6.598196 6.843105 8.521197 7.563117 6.726232 6.324433 6.195662 6.102775 6.177969 9.917066 14.72353 13.68846 15.06875 8.651189 8.504553 10.75215 8.148376 7.873683 7.769606 10.78627 9.537144 6.14869
13.3317 12.27435 6.61983 5.658895 6.497475 5.879968 6.123296 5.788604 5.708467 6.484464 5.670841 5.707189 6.639546 8.459967 16.39581 10.73007 9.588971 7.005607 5.781932 5.056016 5.354325 5.31668 6.463442 6.162197 8.827122 9.607459 7.605285 7.108581 6.163294 6.299716 6.205012 6.450356 6.944641 10.96542 11.39974 11.25906 11.33322 11.10393 10.61187 10.27266 9.031057 6.644704 5.654613 5.484078 6.212428 5.62392 5.701286 8.228984 6.353001 6.950346 9.011527 7.897078 8.285017 6.567285 6.900295 7.344517 7.449088 7.442821 7.782583 9.128361 7.293868 9.201272 8.759649 10.4211 15.89139 15.93639 9.112197 9.278128 9.927852 13.0132 8.494659 10.05045 9.608126
12.94371 8.429806 7.527966 8.076883 7.008533 6.481968 6.03578 5.847497 5.626758 5.726629 5.987603 6.134695 7.294346 15.03854 7.618204 6.288239 5.596131 9.138524 6.415447 5.613732 5.291371 4.948752 6.124416 5.826146 6.150864 7.705319 11.74291 8.14669 6.673558 6.423448 6.278607 6.574006 6.995437 6.904242 6.671733 6.070481 5.692954 5.559349 5.481355 6.659258 11.71977 8.097649 6.125439 5.619214 6.63292 5.892671 5.778128 7.989048 6.893294 5.442929 6.814016 6.866374 6.524734 6.276287 5.845578 5.586266 6.921073 7.473326 8.163401 7.288597 8.710311 7.571333 8.319428 9.250842 9.23621 18.27836 9.47944 9.724325 12.79119 10.13619 11.70294 10.98758 9.448868
10.48019 5.702316 5.200427 5.650627 7.842458 7.151238 5.447446 6.638145 5.928155 5.318072 5.754287 6.515345 6.867579 14.90988 8.990225 5.688818 5.628313 5.789089 8.601455 5.702021 4.719867 5.141494 4.984877 5.825962 6.0739 6.80082 6.858436 10.25058 10.57809 7.387691 7.474254 6.913647 6.427522 5.937004 5.874919 6.024492 6.608956 6.173263 5.959355 5.601535 6.107406 11.64452 7.056588 7.210488 6.858889 5.952785 6.424398 8.272136 7.128728 5.603958 5.08486 5.687198 6.143274 6.118552 6.191817 5.887062 5.961014 6.486551 6.572349 6.713856 5.942674 8.218161 6.709601 8.058883 9.432351 9.598107 16.09203 12.5891 8.475735 8.980044 12.6387 8.250674 6.980502
9.46416 5.967744 5.450449 5.705204 6.73423 6.030424 5.850613 6.874247 6.713689 6.465217 5.576504 6.335617 7.668647 14.48336 6.316759 6.213507 5.752488 5.452938 6.558206 6.705419 5.765908 5.198793 5.2598 5.009809 5.588705 6.047908 6.242362 6.315413 6.300791 10.07774 7.315524 7.653118 5.66296 6.289073 6.433901 5.971445 5.768655 5.849641 5.800191 5.505324 6.240068 11.58765 6.893104 6.79108 6.766238 6.404723 6.297305 6.917602 9.013558 6.227648 5.751094 5.581707 5.705298 5.697776 5.853254 5.381514 5.95329 6.661935 6.453433 6.225095 5.990917 5.676995 8.732205 9.509762 7.275317 8.54798 8.762863 15.94122 8.638123 9.269737 9.646789 11.69189 9.609183
6.835516 5.746468 5.678985 5.659539 6.03744 7.295787 7.789586 8.098962 8.644203 8.921927 8.926703 7.113416 7.203979 13.72662 6.069945 5.507321 6.131379 5.644138 6.399057 7.984338 6.377051 5.827211 5.479053 5.213785 5.032588 5.33311 6.160931 5.853285 5.919481 9.315933 5.473996 7.248465 7.040448 6.684295 7.320188 6.871934 6.114174 6.446891 6.657776 5.677709 6.283077 11.49777 6.065182 6.057324 6.583981 5.633956 5.314297 5.220548 9.011037 8.402395 6.060871 5.291986 5.905659 6.219627 6.428152 5.82256 5.235337 5.791772 6.477454 6.673733 6.506538 6.229428 6.2155 6.502799 9.750805 9.907322 7.296712 8.524601 16.46521 9.335038 9.604107 12.69167 6.670626
5.582976 5.56946 5.729061 5.470584 5.816053 6.816905 6.51188 6.093557 6.573756 7.061138 9.233062 9.776022 10.0353 13.24831 5.184182 4.90429 5.345973 5.210905 5.990653 9.154111 6.39438 6.00959 5.157489 5.89263 5.560607 5.766365 6.257977 5.85221 6.182343 8.764867 8.667341 7.338633 7.785316 7.541878 7.028371 7.926482 7.728741 6.527874 7.182143 6.335385 6.960406 11.6921 6.068208 5.292145 5.901845 5.601058 5.683495 5.672069 9.53126 9.445939 6.218387 5.285207 5.501419 6.152148 7.336331 6.138968 5.588625 5.504595 5.144285 5.643939 6.279433 6.102511 6.216672 6.475035 7.007833 7.807597 10.63862 11.25046 15.98894 8.939389 8.591449 8.407254 10.83377
6.469937 5.968794 6.627686 5.701478 5.783603 5.578675 5.61524 6.006624 5.769547 6.134951 7.061769 10.3979 11.10694 13.21312 5.02307 4.802308 6.435118 4.990445 6.079578 9.055937 7.063008 6.384411 6.531354 5.409856 6.438612 6.772617 5.831482 6.031204 6.283768 6.013529 9.650218 8.555035 7.523342 8.468959 8.012871 8.80747 9.386506 7.738253 7.242361 6.971761 6.337354 7.466661 10.5985 5.454088 5.892684 6.162933 6.651276 9.138506 6.610051 7.407589 9.021829 5.802495 5.697531 5.210042 7.244534 7.695534 6.546412 6.120202 5.667321 5.69296 6.417543 5.234375 5.920209 5.971959 5.645757 5.853384 6.628142 8.059711 7.514629 13.78533 14.62303 15.31946 13.77897
5.734358 6.484297 5.873374 5.209868 5.261245 5.762225 6.214736 5.874094 5.955941 5.836604 6.485946 8.41317 11.0711 13.6163 5.454539 5.153554 5.016725 5.635128 4.956017 5.936668 10.06496 8.452517 7.320612 6.388522 6.941055 7.273583 6.589464 6.264757 5.795075 5.744179 5.648941 9.893905 7.253489 8.467769 7.428379 7.361222 8.724452 9.467637 8.272742 6.578746 7.147209 5.938841 10.06942 10.53694 6.828127 7.372416 9.812341 8.747523 6.128894 6.052781 6.002188 8.482279 5.599767 5.213881 7.254253 9.474219 8.830366 8.120794 6.860114 7.484056 6.546695 6.036702 6.221695 6.454597 6.587229 5.999901 6.725815 6.116751 7.129138 7.201877 6.846365 8.845523 7.730693
6.938147 7.228583 6.254068 6.211141 6.740355 6.350112 6.147 6.310444 5.721197 5.121594 5.845863 7.411542 9.471342 6.791905 13.16374 5.229176 4.55793 4.609625 4.734819 5.225731 10.37939 7.590464 6.054877 7.156113 7.404319 6.176389 8.272554 7.046932 5.769559 5.268925 5.306886 9.753726 7.307479 5.782839 6.232557 6.510164 6.842014 8.76869 9.044905 5.890796 5.594555 5.486578 5.950934 9.694287 11.92414 10.69219 8.053639 6.585609 6.056806 5.636112 5.906493 8.964293 6.437538 6.402659 9.106513 6.469801 6.276238 8.634319 10.1227 9.840776 6.968766 6.839267 6.589481 6.559228 7.64806 7.769794 6.207196 5.049932 5.195774 5.767636 6.889121 8.746075 7.524918
5.161301 6.32451 5.02186 6.18933 8.597507 8.444798 7.140851 6.537867 5.657571 5.198709 5.957343 6.923607 8.365305 10.16179 14.67821 13.6322 12.74788 5.043794 5.294913 8.719411 7.181584 8.117232 8.352167 6.244794 7.540634 6.118431 6.690962 8.946173 6.07579 5.005332 5.65457 9.769021 6.68394 6.058862 5.787178 5.440914 5.69112 9.44371 5.684146 5.650802 6.517264 5.58681 5.787593 6.379976 9.283648 11.75647 6.687124 5.921296 5.675736 6.540097 6.976939 7.447086 9.912731 9.354918 7.670684 5.569167 5.894643 6.598179 9.338902 6.372168 9.2433 5.82022 5.771142 5.88525 5.716894 7.250832 7.639824 5.559749 5.683249 5.640142 5.469509 6.091149 6.859081
5.256141 4.791555 4.712505 7.93002 6.38899 6.369387 6.144843 6.560566 7.035473 5.728707 5.681663 6.492105 7.409111 7.28187 6.595706 5.806869 6.201229 13.74607 13.01828 8.193313 6.781715 5.493834 8.185702 7.704662 7.817914 6.509815 6.517568 8.539372 7.894715 5.488108 8.386027 8.943872 6.283667 5.709272 6.208819 5.6596 5.29434 8.426374 8.810452 5.886964 7.089931 7.058037 6.119913 5.732526 7.122304 11.51593 6.788941 6.555301 6.681418 6.407983 7.19634 7.352948 10.09282 11.08647 6.20761 5.19952 6.820341 6.126281 8.024205 6.743387 9.137257 5.829407 5.117798 5.349579 5.325965 5.403537 7.945163 7.078501 6.241972 5.642413 5.56128 5.534343 5.672937
5.655395 5.151408 5.434092 8.165146 6.08139 5.529516 5.857122 5.668415 7.271608 8.718004 6.87938 5.503571 6.087329 6.114227 6.406777 7.935757 5.950529 5.434547 13.71675 6.505673 7.384377 5.690886 5.297861 6.346353 7.748631 7.981851 5.820943 7.527761 8.87353 7.151876 8.832748 8.901196 6.097966 5.407914 6.072381 6.251838 4.939125 8.580816 8.345422 6.499794 7.653419 5.760136 5.435065 5.941171 7.308201 11.82238 8.190539 8.331446 7.101729 8.206981 8.748558 8.605359 9.181603 12.13099 6.39071 5.121346 5.921067 5.40664 7.347375 7.279875 9.299826 5.294554 5.720752 5.837003 6.022652 6.014538 8.632075 7.94343 6.556866 6.185439 5.729957 5.790836 6.0928
5.660162 6.162138 7.844286 7.096258 6.614077 5.298625 5.237769 5.464894 5.673567 8.864334 6.695951 6.105215 5.885972 6.64334 5.727422 5.476748 5.760805 5.847507 14.26258 12.18422 8.807859 7.285667 6.572191 6.271223 5.878706 8.458261 7.849432 7.68559 9.313294 9.309163 10.28699 9.22916 6.472836 5.778728 5.991498 6.847683 6.660209 8.929982 7.742246 6.422391 7.04403 6.875396 5.998339 6.358636 10.43876 11.62686 6.904836 6.677005 6.434511 7.579741 7.801717 8.650171 9.663639 12.88906 7.699538 5.937173 5.839751 5.356754 5.115133 7.764421 7.130029 9.393505 6.236989 6.883012 7.390179 6.613649 7.052859 10.17694 8.72569 7.961763 7.258811 6.33856 6.08521
5.209996 5.671414 8.543007 5.399322 5.518546 7.044735 5.237274 4.801551 7.310661 6.9813 5.069444 4.892528 5.303525 5.997089 6.103734 6.903512 7.029171 13.9676 6.959327 8.421409 7.360613 6.047979 5.549833 5.072588 5.145336 5.596529 8.06632 9.208505 9.739626 6.683305 9.1119 10.29503 7.944409 6.550377 6.771726 7.709606 8.579602 9.140959 5.552908 7.217607 5.501061 7.744524 8.236896 11.13218 11.9808 7.22602 6.339364 6.314614 6.203036 6.007329 5.840071 6.381885 7.61975 13.1738 8.737857 6.239963 5.930878 6.282131 5.636112 5.906695 8.226834 10.13552 7.27569 8.238245 7.476565 6.777974 7.688858 7.342329 10.72635 6.254898 6.163439 6.110296 6.161602
5.276719 6.776665 8.769009 5.457289 5.753888 7.575761 5.667031 5.461887 7.630233 6.425019 5.22065 5.622505 5.900284 6.077975 5.632132 5.66072 7.299377 13.68131 7.439196 8.928294 6.716414 5.86623 5.32106 4.888212 5.988623 5.416759 5.104328 5.799625 9.747371 6.401803 5.896646 10.30846 9.607639 7.976192 6.206326 6.27897 9.765066 9.121458 5.657724 5.84855 5.447392 6.410013 10.9381 12.23223 7.470158 6.842508 6.493711 6.185242 6.941229 6.865034 8.120206 5.740267 6.493611 8.296573 12.07039 6.718998 5.648381 6.777914 5.614087 6.58803 6.81349 10.97336 9.448212 8.939642 8.145374 6.867177 7.007175 7.75439 10.51041 6.197471 6.788042 6.796896 7.270205
6.900477 5.166794 8.454086 5.251698 6.149197 7.963203 5.389339 6.744319 8.298688 7.5096 6.598003 6.673953 6.882674 6.688827 5.320863 5.243384 13.1471 6.003813 5.444275 6.594088 5.915402 5.431692 5.848487 5.449728 4.80094 4.901433 4.946355 5.309362 9.52416 6.347471 6.656715 9.191028 11.00616 9.360054 6.575157 6.628048 7.717223 9.886303 5.648448 5.242107 5.425491 6.170285 12.39398 7.757745 6.356456 6.72994 6.484086 6.107624 6.197357 6.66943 5.724297 5.559827 5.798865 6.771528 6.282259 10.1483 6.442674 5.410017 7.315068 6.641037 11.10026 7.237942 8.695595 8.000906 7.072938 7.028656 6.4316 8.030393 10.41176 6.082222 7.129014 7.260406 7.90943
7.117431 7.152624 8.41847 6.252095 5.951056 6.975176 7.776166 8.074686 9.478525 8.85476 8.448353 7.908578 8.054684 7.520117 6.044288 5.367536 6.124466 13.14974 5.78795 5.697438 6.301467 6.122642 6.485395 6.351763 5.750623 4.792248 4.673603 9.010433 5.996402 6.771239 7.51061 9.171843 10.55077 10.8792 8.988491 8.699849 6.675398 10.33104 5.874511 6.053711 6.16209 10.54722 12.42414 8.243103 7.141925 6.366784 6.771019 6.794207 6.032005 7.436639 5.933973 6.068252 6.072183 6.185865 5.1959 9.67693 8.79792 5.767229 6.73577 11.05158 7.095285 7.398851 7.016502 7.079256 6.588979 6.270693 6.873417 6.929358 9.962182 10.57063 6.714892 7.629472 8.861207
8.625912 9.22804 7.891994 7.233639 7.157602 6.886705 6.115599 6.578633 8.850904 9.791937 8.154718 7.899465 7.782064 8.134063 7.498591 5.962565 6.76122 13.5668 5.990732 5.547277 6.924885 6.76124 5.738746 7.373736 6.486533 5.678872 5.691055 9.895771 7.655441 7.41009 8.225003 9.506463 7.57868 11.03295 11.95005 9.499117 13.23986 10.51413 7.10078 7.277722 11.02425 12.32067 9.741422 9.146949 7.992186 7.009751 6.763241 5.850358 5.493242 7.024427 6.941433 5.96665 6.687129 6.926499 6.043215 10.06329 9.402775 6.092181 6.649603 11.57876 8.180554 7.242071 7.028652 6.62342 6.658104 7.032346 6.301885 6.552746 6.668658 6.508168 10.72754 9.461013 8.146402
9.122253 7.262309 5.982803 7.638593 6.67793 7.284786 6.410499 6.608871 6.329039 8.409091 9.007743 8.297137 7.621492 8.31287 8.008468 5.884171 6.146082 13.73748 5.98967 5.596297 6.949696 7.057292 6.206482 7.648739 7.177284 6.632339 9.991319 8.191217 8.226144 6.952492 7.591507 10.1007 7.938882 8.104208 14.67647 14.04467 7.328535 13.04705 13.16378 11.70513 12.08363 9.243855 8.019991 7.05581 7.179609 7.017148 8.317924 6.158975 5.335549 7.040272 7.454673 7.089458 7.1236 7.652081 8.559362 10.71534 10.09624 6.409387 11.25138 7.036295 6.999474 6.789541 7.21964 7.003584 7.133946 7.894504 7.362626 6.940744 6.848993 6.597714 6.601449 11.22989 9.831886
7.257535 7.257753 7.275011 7.304842 7.400925 6.464833 6.373991 6.345693 7.210625 7.539808 7.421136 7.989779 7.957654 8.711159 8.489309 5.719781 5.85427 13.70692 5.974934 5.369289 5.82327 7.346948 6.979146 8.169857 6.741736 10.12579 5.825827 5.609975 6.122805 7.18733 6.368597 10.53235 7.539116 13.31472 6.75599 6.726089 5.937336 6.761227 7.185888 11.16047 9.483907 6.264761 5.779586 5.282617 5.791494 5.362682 5.57669 7.334409 6.695631 7.68824 8.422117 7.630023 8.072536 7.793472 9.290355 11.53771 7.042034 12.06546 7.010252 7.072651 6.818182 6.905897 7.576764 8.04848 7.079141 8.56249 7.619957 7.051367 7.459569 7.371275 7.67181 11.71415 7.715678
