04_184A001/twi.asc
ncols 378
nrows 390
xllcorner 613424
yllcorner 6870896
cellsize 16
nodata_value -9999
[rows 288 to 319 of 390, columns 219 to 291 of 378]
7.402273 8.151564 8.323602 8.186222 9.084283 6.429242 6.611497 10.38366 10.36084 9.541026 9.927608 7.256801 8.240604 8.593631 13.43573 12.918 12.38772 12.1632 7.082856 7.721809 7.147476 6.78918 6.892536 6.439533 6.51629 13.74293 7.102168 7.407229 7.536041 7.745115 7.026635 6.544676 6.333639 6.339582 12.18001 10.651 7.601156 7.726478 8.444635 9.468386 7.847662 7.774485 15.99628 9.770363 8.903893 7.970078 7.836107 7.841109 7.364845 8.429729 7.563704 8.192987 8.636787 8.975251 8.551198 7.517706 6.87548 -9999 -9999 -9999 -9999 -9999 -9999 -9999 -9999 -9999 -9999 -9999 7.86125 8.097684 7.951132 19.96153 7.679907
7.922061 7.971916 8.163746 7.985346 7.56426 9.339524 9.974548 6.374983 6.384055 6.274128 10.08331 10.50438 11.08056 11.64855 8.2774 8.47805 8.250024 8.244055 13.0305 12.63873 12.21174 12.02165 6.982139 6.828064 13.61594 7.506189 7.916509 8.330706 7.550803 8.028734 8.106809 7.388119 6.880238 9.988165 6.895554 12.50994 7.565831 7.114476 7.325474 7.726566 7.670092 15.99201 9.217826 8.759358 8.713843 11.0815 8.682478 8.135014 7.340616 8.37065 7.756382 8.413329 9.267683 8.753578 7.659486 8.216131 7.65343 7.051344 19.85412 20.43776 20.2608 7.712157 19.9426 19.8754 11.15039 7.518754 7.585819 7.92504 8.858042 8.731499 20.59143 11.84857 7.180389
8.073145 8.039046 7.779261 7.647847 7.906975 8.543874 7.56579 8.96641 9.540856 9.850163 6.117551 6.326698 6.592868 6.761541 7.986507 9.110349 9.914228 8.423554 8.401539 8.21023 8.114224 7.739624 12.52135 12.29652 14.67406 7.811417 7.477041 8.217249 8.262354 7.945421 8.216154 10.62314 10.0776 6.465046 6.669794 12.06412 7.586885 7.288814 7.426707 7.664543 7.550661 16.18505 8.547933 9.513816 9.184671 8.526535 10.17104 8.166878 9.26392 10.43778 8.308807 9.77808 9.484318 9.019272 7.947495 7.842151 7.704412 8.04355 7.899417 8.705427 8.484582 8.434396 8.552606 8.396088 20.79013 8.681108 8.92131 8.827312 8.633747 20.94594 8.765676 8.616777 12.19498
8.039497 7.883922 7.927969 7.727003 7.820079 8.105602 7.69348 8.000245 7.977087 7.611399 9.151906 10.13703 10.51341 6.554641 6.642703 6.71854 7.008819 9.995517 10.48393 7.969676 8.622037 8.883279 8.065465 7.982563 15.08663 8.184684 7.862973 7.211835 9.695197 9.994646 10.38944 7.436374 6.775661 6.199166 11.1272 6.857088 7.439109 7.334221 7.770527 7.286929 10.90666 7.472247 15.57216 8.052322 9.829007 9.972416 8.615064 10.44187 10.32033 9.601083 14.8506 15.05952 8.404437 9.687706 8.874165 9.364587 8.757561 14.7546 8.020831 8.019241 8.204994 8.423977 8.816539 9.236904 21.1907 8.605139 20.91468 20.8239 20.80791 8.567096 8.968921 9.230987 9.443836
8.040493 7.850801 7.933045 7.95451 8.305853 7.45503 7.559328 7.645214 7.609717 8.096607 8.785222 8.959612 8.345698 10.79228 11.06269 6.485213 6.719669 7.060656 7.411286 13.45716 14.27786 14.73042 7.847365 14.89844 9.414654 8.886985 9.642653 8.967665 6.871588 7.100206 7.78185 8.078751 7.552402 6.800923 6.160942 11.51316 8.24157 8.657984 8.990151 10.71885 7.353804 15.36311 7.511865 7.66619 7.74649 10.86388 12.98488 12.65612 8.731158 14.76226 8.156596 8.135988 14.49513 14.70298 15.24179 14.89641 14.24661 7.91969 13.19973 13.13844 13.46988 14.27925 15.20496 15.45166 8.729267 21.12854 8.743151 8.714067 8.874388 9.088612 9.36867 8.553109 7.739308
7.759129 8.063212 7.715941 8.360178 8.068882 7.912429 7.681949 7.24887 7.733731 8.036397 8.813996 8.434182 8.126492 8.167762 7.529254 10.78504 11.04241 11.41923 12.53145 12.68477 7.349502 7.538194 13.91192 14.55382 12.4953 13.15281 8.308188 8.241204 7.634267 6.905792 6.686083 7.312586 6.855697 11.40638 11.24086 7.353621 7.946743 8.188983 7.23494 10.43825 15.51082 7.707791 7.539829 11.38786 11.50393 12.11923 8.04812 11.91499 15.30956 15.11714 8.41054 8.080258 7.881994 7.871155 8.084381 7.458901 9.55876 6.696993 6.706666 6.539148 6.871513 7.509754 7.752936 7.401558 10.78155 8.10668 11.57484 7.845384 9.269752 9.422711 9.413563 7.516747 9.524787
8.034577 7.699894 8.17393 8.36009 7.961389 7.995174 7.3179 7.91971 8.004443 8.082813 8.786401 8.246739 7.339171 7.705694 7.800213 7.57367 7.711377 6.937129 11.55978 11.17742 7.462382 6.923701 7.205317 11.00049 7.913317 8.908389 11.89077 7.489397 7.270983 7.079638 6.536892 7.09214 12.00719 7.217563 6.992286 7.335451 7.087004 7.087189 10.15293 7.425787 15.57504 7.770241 11.4503 7.247569 8.494725 10.85831 8.04449 10.6624 13.90499 9.85185 15.05721 9.041847 9.09032 8.465408 7.991506 9.440371 7.238596 6.604421 6.527685 6.272593 6.48828 8.612232 10.31936 10.12969 6.256575 6.899505 6.155969 10.87101 11.46493 7.712417 9.260878 9.150613 6.662451
8.065118 7.871423 8.244498 7.751076 8.345168 7.15821 7.476296 8.340752 8.054245 8.955172 8.764826 7.327894 7.142185 7.659484 7.419466 7.343221 7.128284 7.074038 11.27958 6.42462 5.843819 8.288033 9.250084 7.077689 10.52958 7.990667 8.343268 11.76365 7.472222 7.522442 7.046091 11.5684 7.15999 7.802445 7.967963 8.400974 7.189006 9.835431 7.24336 15.25899 7.465941 7.580428 11.3813 7.270889 10.5165 7.409679 9.639088 11.74022 12.15702 8.613152 14.22905 11.96991 8.571783 8.528444 9.407211 7.442576 6.86138 6.830142 6.519491 6.108886 7.474197 8.86053 8.705491 7.69797 6.966097 6.374731 6.017388 7.206146 7.276532 11.24645 7.440515 7.282866 7.050278
7.694642 8.049026 7.721778 8.140121 7.037124 7.906784 8.722124 8.188909 8.557867 9.613317 8.060786 7.016476 7.781427 7.324588 7.047092 7.508605 7.044089 5.799119 11.05396 6.110774 6.459403 7.17014 6.890494 8.485014 8.969028 8.912307 9.762646 10.52623 7.328729 7.278906 11.98133 7.177022 7.518199 7.668997 8.07066 8.524242 9.413202 7.065154 15.14836 7.416599 7.510987 11.43583 7.423767 10.48995 7.425275 10.13211 10.67918 10.41934 11.15381 13.09902 12.84861 7.861279 11.09439 7.263904 6.998116 7.350368 7.091509 6.36756 6.766936 6.160206 6.826111 8.553448 8.280187 6.588388 7.94595 6.572486 6.226109 6.793468 7.166378 10.73077 6.337589 6.023686 6.239166
8.064588 7.765485 8.265506 7.800961 8.458986 9.115076 9.039724 9.059266 10.08591 9.241832 7.145886 7.685839 8.277575 7.236019 7.711837 7.500425 6.031059 11.18446 5.823355 6.160812 6.12998 6.684458 6.921238 6.990664 7.35329 7.715933 7.981596 8.224825 6.922393 6.666942 11.30563 6.659424 6.77615 7.311481 6.734389 7.208438 6.71137 14.80628 7.049378 7.28585 7.414887 11.24003 7.237946 10.27581 10.29896 10.52935 7.012972 10.87697 9.22805 7.106213 13.35835 7.715931 7.483506 10.44165 6.674904 6.552346 7.416749 7.000255 6.714121 6.976993 6.48742 8.43075 7.242547 8.32992 7.368259 7.020673 6.415149 6.860162 8.962327 7.727036 9.926147 6.381902 7.387239
7.789207 8.393536 7.346384 7.451011 8.525793 9.871107 10.37415 10.59077 9.350312 8.188399 7.6475 9.054296 7.810837 7.851892 8.532608 6.219779 5.93194 11.56328 6.067658 5.59843 6.458415 6.635903 6.29669 6.265272 6.718137 6.945667 6.944213 6.887162 6.326033 10.47547 6.066249 6.173366 6.176724 6.130252 6.144258 6.20613 14.27373 6.595821 6.840661 7.035774 7.035649 10.81132 7.055808 10.16717 10.24549 9.8344 10.71157 9.626994 6.825253 6.937056 9.425347 13.04834 7.247189 6.984865 10.13888 10.20429 7.098385 7.147902 6.661435 7.781322 7.557754 8.149147 7.134291 8.055637 6.629387 6.48597 7.16937 9.342044 7.561399 6.946634 7.57391 10.91099 8.287539
8.141767 7.222106 7.247358 7.725903 8.012668 8.643931 8.384946 9.27077 8.062486 8.073325 9.042872 8.571988 9.616685 9.850284 9.517625 10.02764 12.57253 6.349933 6.646455 6.311837 6.804339 6.462297 6.01299 6.398175 6.259533 6.510614 6.414495 6.101583 9.323312 8.804191 7.069305 7.386412 7.978224 13.36708 13.84012 13.80307 5.89755 8.131088 9.108103 9.728002 10.38868 6.856882 9.919623 7.076998 10.56328 8.934421 10.71804 6.705848 6.679374 8.795194 7.836683 6.953177 12.91434 12.77961 7.001313 7.269572 10.4854 7.387885 8.583537 7.861323 6.578468 7.116551 7.153327 6.789526 7.589656 6.704611 7.637246 8.711108 6.41946 6.542394 6.637686 6.424811 10.1385
6.888539 7.065491 7.57745 7.614861 8.050269 8.033121 7.64897 8.437817 7.797206 7.254551 8.563032 8.876343 8.829884 8.448202 9.004258 9.410435 12.63073 6.899678 6.569435 6.511613 7.154752 6.362172 6.421714 6.196603 6.112552 6.530621 5.858922 5.591479 9.856239 5.829124 6.713703 7.018177 6.199284 13.52077 7.058846 6.732754 6.87119 7.2557 7.65444 7.246795 8.528003 6.203351 9.373219 9.562004 10.02077 6.935868 10.72438 6.651736 7.329635 7.809892 6.640176 10.85928 6.910368 6.98375 12.70916 7.130039 7.111942 9.737166 8.691258 7.090527 6.259604 5.833421 6.373605 6.292527 6.63266 6.609404 7.296896 7.934244 5.788839 6.088252 5.834368 7.529034 8.251424
7.071957 6.788356 7.258143 7.56613 8.333784 6.894554 8.025784 7.766721 7.412866 7.338629 8.474384 8.26947 8.426738 8.681496 8.759741 9.238712 12.35888 7.348983 7.497062 6.999978 6.968475 6.967784 6.686334 6.323682 6.606278 5.685508 5.886987 9.969776 6.561363 6.248096 6.601311 6.922915 5.647662 13.47326 7.097476 6.445805 6.469611 6.75925 7.209067 7.532387 6.971269 8.124764 7.885469 8.562262 9.324244 10.13419 8.332023 8.600798 7.943119 6.520723 8.464968 8.19278 10.5271 6.740736 6.757361 12.54166 7.026883 6.976501 7.032443 7.601699 6.417456 6.221401 6.072047 5.645382 5.943617 5.924295 6.181216 7.157138 6.528448 6.094875 7.478215 7.452147 7.3492
6.819346 7.033727 7.202769 7.548457 7.541269 8.073376 7.89946 7.245243 7.337299 7.187645 7.803173 7.843377 8.169379 8.745037 9.138785 10.30812 10.4165 12.01662 7.53444 7.36551 7.399183 7.149871 7.602217 8.307514 8.27872 6.461054 10.28287 6.454894 6.627051 5.914363 6.92588 6.540612 13.49621 6.12587 7.412772 6.382813 5.835588 6.558166 7.251293 7.277846 7.285023 7.122287 6.78406 8.20176 9.059066 8.418083 7.681627 7.867578 8.011445 8.115042 8.267567 9.114839 8.067224 9.943338 10.58482 6.773364 12.36525 6.951181 6.729739 7.759377 8.126276 7.583667 6.332314 5.791001 5.821575 5.422106 5.614931 6.344928 6.619078 6.997397 7.623192 7.504143 6.262508
7.341993 6.991525 7.089734 7.058698 7.601763 7.442464 7.612047 7.568194 7.008355 7.304243 7.481468 7.704752 8.168308 8.454589 9.928375 10.36065 10.164 8.77141 11.25149 7.110353 7.69874 7.558228 7.910073 8.204199 8.642464 11.23087 6.40373 6.797716 6.584168 6.601635 6.530019 6.600798 13.34453 6.373346 7.240176 6.427561 5.942137 7.187724 6.985184 7.195343 7.007953 6.724153 7.105248 8.033781 8.130795 7.890377 7.086 7.308339 7.254128 7.759446 7.969493 8.650747 9.030062 8.870167 6.632501 10.55982 6.813689 12.25907 11.93001 6.392118 7.866968 7.944089 7.334442 6.098217 5.56282 6.378572 5.83138 5.887706 6.320178 6.518331 6.746535 6.894036 6.409328
7.447808 7.406158 7.372756 6.860512 7.518122 7.357973 7.352772 7.088511 7.338404 7.64823 7.403356 7.997113 8.001037 8.540814 10.5165 10.11436 8.393595 8.340364 8.885628 10.73895 6.745205 6.835073 6.745094 7.289015 6.890161 10.97251 7.097172 6.826235 6.528251 6.589047 6.895831 5.745059 13.56617 6.123641 7.057803 6.860271 6.824708 6.741445 7.066559 6.974231 6.637154 6.683136 6.808276 8.03432 7.854726 7.347376 6.625033 6.75231 6.855493 7.191606 7.396931 8.245838 8.680184 8.026098 8.531398 7.321387 9.866775 6.46022 7.640927 11.79436 6.751675 8.688358 8.084282 6.950211 6.283693 5.605294 7.170724 6.222351 5.967816 6.194929 6.816917 6.252473 6.555932
7.834674 7.635229 7.121392 7.624804 7.307385 7.362446 7.114333 7.004659 7.685083 7.563567 8.161061 8.02983 7.846099 9.915113 10.7838 8.329296 8.062959 8.557943 8.805964 8.23131 10.13118 6.636722 6.656654 7.023529 10.72911 9.521895 7.711504 7.085135 6.851472 7.205431 6.996349 14.08712 6.750349 6.904939 7.340286 6.899832 7.016014 7.050891 7.293599 6.50277 6.420021 6.37807 6.605106 8.258215 7.585095 6.39561 6.316673 6.380091 6.484063 6.950144 7.069156 7.717588 8.05514 8.162148 7.994633 8.212375 8.512231 8.254188 8.135042 6.414817 12.14713 6.982874 8.482792 8.038102 6.980768 6.234 5.916752 7.098448 7.001965 7.273121 6.691163 7.109486 6.253426
8.108852 7.630547 8.253882 7.575521 7.895631 7.370396 6.797471 7.273479 7.376205 8.150863 8.183554 8.001865 7.411578 11.23078 9.363677 7.833355 8.505278 8.415218 8.034679 7.307393 6.043747 9.932678 6.503247 8.167271 9.798508 10.37767 9.676297 7.659652 7.437985 7.097115 6.675289 14.54269 7.449426 6.879727 7.60043 7.187739 7.18002 8.188014 7.062662 6.516954 6.325596 6.453071 6.872042 8.665401 6.391315 6.101964 6.486314 6.014458 6.739017 6.356918 6.979175 7.216967 7.53129 7.537838 7.551858 7.683153 7.870191 7.770411 7.935395 8.587778 7.130102 11.86788 6.769957 7.164879 7.547307 6.498695 5.652004 6.1943 7.64588 7.096402 7.696346 8.059119 7.101645
8.211609 8.174789 9.477777 9.182242 8.095575 7.185806 7.436286 6.862993 7.366347 7.822038 8.139652 7.335399 9.950304 11.21247 8.612147 8.819576 8.256282 8.066267 7.278401 7.71811 9.122364 7.51543 7.261973 8.228894 9.018637 9.581302 9.542791 8.623591 7.699303 8.637088 7.214787 15.26508 6.975955 7.061183 7.359777 6.770041 6.87398 7.784214 7.008741 6.53793 6.169723 7.193281 9.532288 7.254099 6.182556 6.232443 6.427535 6.258357 6.527586 6.96654 6.710768 6.939082 7.132903 7.068322 7.151856 7.076627 7.427154 7.45942 7.698618 8.175485 8.730537 6.311515 11.59541 11.64541 6.65465 7.643969 7.09976 7.44095 8.102115 8.092567 6.643806 6.49202 6.400787
11.28214 8.381576 9.39447 9.971644 8.318685 7.986434 7.439057 7.398085 7.62747 7.824518 7.2384 8.869126 11.30383 10.56355 9.046885 8.639382 8.198503 7.268031 7.693715 7.728306 7.976076 7.449377 7.272469 7.757705 8.074125 8.729952 8.443189 9.447385 11.43353 13.41743 15.45479 8.315742 7.212376 7.201517 6.835701 6.509667 6.29546 7.161056 6.453587 6.429581 7.148347 7.363616 10.25626 6.259943 6.503805 6.26983 6.756667 6.347356 6.476988 6.659097 6.787381 7.032597 7.013306 6.8289 6.641472 6.804382 7.119352 7.394827 7.36873 7.932302 7.957843 7.625834 8.046445 6.257954 11.50328 6.713754 8.551086 8.138842 7.823559 8.402987 8.123931 6.885698 6.974484
11.32009 8.799796 8.16891 7.674139 9.350223 7.524942 7.364954 7.962068 7.517887 6.952872 9.241105 11.745 11.43758 6.931412 9.692123 8.25289 7.191278 7.688601 7.63259 7.796042 7.523576 7.186262 7.062202 7.507049 7.664808 7.694843 8.238611 9.613894 10.82113 11.55771 9.659984 15.4249 15.41905 7.377704 6.934244 6.779268 7.550742 7.289028 7.068728 7.059576 6.56163 7.457162 10.34593 6.614559 7.223181 6.604549 6.569496 6.302249 6.066262 6.611485 6.847577 6.955689 7.019871 6.613359 6.43 6.883879 7.027083 6.901306 7.259017 7.462498 7.373683 7.225243 7.361057 7.388659 6.283248 11.10663 6.938644 6.809043 7.977131 7.28249 8.993642 8.328407 7.537952
12.88343 8.333247 8.281541 8.423404 12.49445 12.86687 8.688184 11.8835 11.68575 9.837238 11.83905 11.09026 10.82612 10.51382 8.580452 7.088162 7.59595 7.575315 7.216862 8.056055 7.05282 7.615503 6.709312 7.483009 7.305686 7.38235 7.442914 9.512605 10.92018 9.671916 9.681421 10.2491 7.816578 15.78985 7.693367 7.530415 6.661331 7.419805 7.492586 9.287443 7.155072 7.083154 7.74205 9.80089 8.071462 8.050411 7.301862 6.548167 5.97126 6.554388 6.592918 6.892762 6.923505 7.244927 6.73029 7.271928 6.751938 6.448545 6.92748 6.988625 6.943843 7.021363 6.85306 6.868979 6.549777 10.72798 7.724324 7.577768 8.61195 9.529046 10.33868 7.402076 7.976921
8.191713 12.34028 12.94904 12.70243 10.35141 11.39077 13.09049 7.10035 9.293182 11.99142 7.884856 8.475395 10.93821 8.516743 6.996974 7.435222 7.664866 7.155942 7.641371 7.253772 7.938301 7.008487 7.45362 7.294285 6.90085 7.308248 6.945033 10.48066 9.009057 9.48655 9.475295 9.652548 9.948321 9.348228 15.35295 15.26246 7.791251 7.323184 8.292832 7.738323 7.092987 6.447239 6.770108 6.205831 9.583023 10.19509 7.641895 8.134067 7.607697 6.464532 6.805076 6.77123 6.944863 7.036792 7.196144 7.614115 6.546733 6.278275 6.857055 6.687267 6.59707 6.459021 6.60407 6.103087 6.286623 10.73486 6.208594 7.201461 8.047533 8.253719 7.96853 10.60999 11.11051
7.183071 7.903161 8.875779 8.217309 8.835291 8.18202 8.454123 7.726513 7.24917 7.794265 7.915014 9.861371 10.42727 8.459706 7.460638 7.783578 7.245201 7.915864 7.10312 7.37415 7.525763 7.743648 7.29247 6.997689 7.568464 7.3679 10.43649 9.037757 8.357191 9.451029 9.549631 9.525096 9.66777 9.27111 8.742524 7.602729 15.17574 14.77332 6.982399 7.066869 6.981531 7.018223 7.157081 6.511473 6.576983 7.458239 11.08449 10.0852 7.850892 9.190913 7.228285 6.499654 7.048686 6.4445 7.175611 7.395431 6.368443 6.959433 7.014103 6.754162 6.312376 6.083119 5.937097 5.997816 10.21915 6.600909 7.275179 7.387893 7.495147 7.643651 7.682965 8.256623 8.736045
7.081962 7.124046 8.042903 7.941748 7.134909 7.116742 9.397921 8.982501 7.666788 6.793102 7.283138 9.943645 9.637347 7.440161 8.267482 8.844048 8.4238 7.55358 7.087864 7.252009 7.802941 7.274049 6.833754 7.524068 7.644335 11.18475 9.553761 7.251843 8.582494 9.544983 9.122417 9.492651 8.541899 8.795518 6.61496 8.856876 10.69963 10.4736 15.31519 7.314035 6.937134 6.463376 6.592182 6.859616 6.912471 7.71431 8.380461 7.786784 9.08707 8.975363 8.29177 7.766205 7.02203 6.355405 7.019741 7.067345 7.358863 7.346999 7.434104 6.497706 6.085425 5.869525 5.659735 6.199837 10.12772 6.318548 6.66936 7.144124 7.204881 7.362079 7.119427 7.848944 8.101374
6.85726 7.371754 7.494943 6.95755 6.14678 7.398739 8.662428 10.66348 11.4131 8.15288 7.392546 10.54921 7.164127 7.222125 9.396314 9.894521 10.68816 7.77023 7.622273 7.79077 9.184726 7.657054 7.298432 8.406379 11.48171 10.05514 7.836284 7.90867 9.869448 8.003595 9.575233 8.904886 7.003429 8.101802 8.273709 6.211784 10.29009 6.63618 6.920129 15.4056 15.31256 6.924116 7.174911 6.817019 7.32526 8.691627 8.678399 8.198628 8.885923 8.609903 8.415047 8.218127 7.547586 7.657754 6.745219 7.322497 7.081409 7.803941 8.817609 8.168682 7.542928 7.148726 6.617923 6.095387 10.41767 6.527586 6.547249 6.900534 6.867391 7.031371 6.995878 7.319904 7.60839
-9999 7.443447 7.219343 6.633392 7.129013 6.808095 7.386288 8.116371 8.415627 10.48435 10.60062 7.407031 8.538968 9.359432 8.740777 8.316871 8.542659 10.75964 7.021112 10.23452 10.95411 11.48419 11.75749 11.62067 10.59269 8.214445 9.490905 10.46497 8.06186 8.593009 9.999262 7.518483 6.101969 8.462893 8.637053 8.481356 10.31539 6.917901 6.961804 7.890599 7.328764 15.40668 15.37929 7.205662 8.856978 8.938953 7.705158 8.364096 8.277063 8.875786 9.241276 8.350567 7.752017 9.346579 7.633602 7.045708 7.157689 7.027009 7.962823 10.46259 10.84916 11.48834 8.73572 11.76124 6.498513 7.257596 6.769947 6.453089 6.711458 6.872406 6.557179 6.770833 7.070612
-9999 -9999 -9999 8.010636 7.084188 6.842245 7.357496 7.666735 7.257061 7.660025 6.516094 6.688446 6.909784 7.608149 7.979393 7.253123 7.484519 8.385284 10.62104 10.0478 7.882638 8.408625 8.936975 10.74967 9.351236 9.283715 9.737121 8.529055 8.4566 8.451511 9.138234 9.023234 7.302552 9.208218 6.37515 9.879293 6.782517 8.661515 7.018297 7.453713 8.933979 9.205173 7.606708 15.46138 16.24012 8.910424 8.171998 11.33959 10.93079 10.77286 10.50546 7.735699 8.465342 8.599589 8.66993 7.725966 6.934553 6.594497 7.474108 7.622696 8.176638 8.579916 12.4161 7.91455 8.004476 7.087398 6.885666 6.848412 6.908991 6.50456 6.530663 6.704345 6.752198
-9999 -9999 -9999 -9999 -9999 7.576596 7.739451 7.390517 6.948992 7.412952 6.215798 6.281619 6.363073 6.951198 7.641068 7.171234 6.529384 7.814926 7.906166 7.926628 7.455443 8.040827 9.142493 9.320316 9.309894 10.12334 8.529541 7.182593 8.311339 8.190883 7.824564 9.347026 9.284323 8.519805 6.717909 9.193085 7.104629 8.639566 6.68672 7.22851 8.998996 7.72917 9.22856 7.981575 7.205651 15.70744 16.8813 9.561776 8.114451 7.743344 7.384566 9.997481 9.943419 8.321064 11.18877 7.675882 7.493054 7.041196 6.494579 6.986309 7.376288 8.017871 10.0727 11.19288 7.280388 7.181227 6.956944 7.001462 7.126475 6.784436 6.572965 6.805717 6.672206
-9999 -9999 -9999 -9999 -9999 -9999 8.032126 7.561231 7.419055 7.568815 7.709158 7.326103 6.798763 7.326015 7.139358 6.341304 7.519123 7.333724 7.014896 7.660649 7.268424 8.000958 7.841708 8.061861 8.357121 9.017102 8.04511 8.094783 7.628207 8.115905 6.92397 9.505678 9.840956 7.280378 8.333212 7.85664 8.191561 8.800769 6.92139 8.764628 8.261273 6.909786 8.92088 7.789912 6.86779 10.57291 10.30557 15.82855 16.58722 8.178613 7.701789 7.584953 7.431787 9.020309 8.832768 7.464288 8.730731 8.245675 7.163415 6.513539 6.315023 7.294917 8.163335 9.684031 10.86433 7.085803 7.073753 7.196583 7.20915 6.64152 6.981455 7.480164 6.161349
-9999 -9999 -9999 -9999 -9999 -9999 -9999 -9999 -9999 -9999 8.784223 8.499616 8.418783 7.12546 6.663257 7.151074 6.884144 6.97216 7.119661 7.434612 7.226307 7.685679 7.391289 7.49727 7.890475 8.700742 7.962711 8.120805 7.159983 7.59448 8.695759 8.338891 9.41643 8.443664 8.24774 6.44056 7.770093 8.133491 8.242169 8.516536 6.685285 8.636086 7.388184 6.469638 9.677599 7.097135 10.00617 10.00851 7.646994 16.14278 8.394647 8.002194 7.617928 7.255145 7.598728 9.146814 11.69208 8.478593 8.094766 7.11943 6.473985 6.232718 7.362737 8.014408 9.022168 10.67711 8.879982 7.254036 7.660728 7.073333 6.603335 7.571265 6.398317
