04_184A001/twi.asc
ncols 378
nrows 390
xllcorner 613424
yllcorner 6870896
cellsize 16
nodata_value -9999
[rows 288 to 319 of 390, columns 292 to 364 of 378]
8.220964 8.051098 8.157267 7.38836 6.585536 6.11835 6.544976 6.076231 6.897002 7.185299 7.914765 8.8323 9.551558 9.839304 -9999 -9999 -9999 -9999 -9999 -9999 -9999 -9999 -9999 -9999 -9999 -9999 -9999 -9999 -9999 -9999 -9999 -9999 -9999 -9999 -9999 -9999 -9999 -9999 -9999 -9999 -9999 6.835716 19.22734 7.456776 6.443147 7.015066 7.275275 9.532938 6.006282 -9999 -9999 -9999 -9999 -9999 -9999 -9999 -9999 -9999 -9999 -9999 -9999 -9999 -9999 -9999 -9999 -9999 -9999 -9999 -9999 -9999 -9999 -9999 -9999
7.884199 8.374584 7.86044 8.310297 7.43116 6.5258 6.548596 5.884924 6.00486 7.576528 9.615215 10.33751 10.40485 11.00352 -9999 -9999 -9999 -9999 -9999 -9999 -9999 -9999 -9999 -9999 -9999 -9999 -9999 -9999 -9999 -9999 -9999 -9999 -9999 -9999 -9999 -9999 -9999 -9999 -9999 -9999 -9999 19.35093 7.519404 6.860677 7.050934 7.316042 7.855484 9.430347 5.999904 7.659969 -9999 -9999 -9999 -9999 -9999 -9999 -9999 -9999 -9999 -9999 -9999 -9999 -9999 -9999 -9999 -9999 -9999 -9999 -9999 -9999 -9999 -9999 -9999
7.779959 8.988069 8.87287 7.747229 7.485711 6.770903 6.73866 6.832398 7.080511 8.229336 9.450975 9.61198 10.09342 9.656535 8.331498 -9999 -9999 -9999 -9999 -9999 -9999 -9999 -9999 -9999 -9999 -9999 -9999 -9999 -9999 -9999 -9999 -9999 -9999 -9999 -9999 -9999 -9999 -9999 -9999 -9999 -9999 -9999 -9999 -9999 7.473974 7.078242 7.101719 9.597701 6.109259 8.63014 -9999 -9999 -9999 -9999 -9999 -9999 -9999 -9999 -9999 -9999 -9999 -9999 -9999 -9999 -9999 -9999 -9999 -9999 -9999 -9999 -9999 -9999 -9999
13.35123 10.46511 7.803481 7.966406 6.704502 6.799818 6.642202 7.394009 8.45626 7.788328 8.779502 9.659408 8.91301 8.740348 8.968692 20.16765 -9999 -9999 -9999 -9999 -9999 -9999 -9999 -9999 -9999 -9999 -9999 -9999 -9999 -9999 -9999 -9999 -9999 -9999 -9999 -9999 -9999 -9999 -9999 -9999 -9999 -9999 -9999 -9999 -9999 6.817317 8.98881 7.103637 6.70235 6.882651 -9999 -9999 -9999 -9999 -9999 -9999 -9999 -9999 -9999 -9999 -9999 -9999 -9999 -9999 -9999 -9999 -9999 -9999 -9999 -9999 -9999 -9999 -9999
10.8643 10.5812 10.56027 7.895464 7.578087 7.449233 7.348408 6.468713 7.630517 10.11267 9.023387 12.28168 11.91267 9.332219 8.429322 7.858498 -9999 -9999 -9999 -9999 -9999 -9999 -9999 -9999 -9999 -9999 -9999 -9999 -9999 -9999 18.84278 -9999 -9999 -9999 -9999 -9999 -9999 -9999 -9999 -9999 -9999 -9999 -9999 -9999 -9999 -9999 8.049429 7.320055 6.738769 6.280077 7.111631 -9999 -9999 -9999 -9999 -9999 -9999 -9999 -9999 -9999 -9999 -9999 -9999 -9999 -9999 -9999 -9999 -9999 -9999 -9999 -9999 -9999 -9999
9.506352 7.128332 7.192394 9.947172 9.575142 8.757491 7.411638 6.459757 7.192987 8.354376 11.04919 8.688986 10.53172 11.80696 11.27653 -9999 -9999 -9999 -9999 -9999 -9999 -9999 -9999 -9999 -9999 -9999 -9999 -9999 -9999 6.052133 6.190204 -9999 -9999 -9999 -9999 -9999 -9999 -9999 -9999 -9999 -9999 -9999 -9999 -9999 -9999 8.696863 8.134844 8.065746 7.142355 6.435997 8.049014 -9999 -9999 -9999 -9999 -9999 -9999 -9999 -9999 -9999 -9999 -9999 -9999 -9999 -9999 -9999 -9999 -9999 -9999 -9999 -9999 -9999 -9999
6.737359 9.187644 7.425113 8.175589 7.39047 7.079154 8.53923 6.504478 6.4815 7.096825 8.775737 9.316026 9.208305 8.856195 8.2696 -9999 -9999 -9999 -9999 -9999 -9999 -9999 -9999 -9999 -9999 17.90942 17.42591 6.03149 6.626384 7.440942 6.602173 5.415593 17.98887 -9999 -9999 -9999 -9999 -9999 -9999 -9999 -9999 -9999 -9999 -9999 7.248871 7.673865 6.825778 7.271316 9.385335 7.132107 7.786465 -9999 -9999 -9999 -9999 -9999 -9999 -9999 -9999 -9999 -9999 -9999 -9999 -9999 -9999 -9999 -9999 -9999 -9999 -9999 -9999 -9999 -9999
6.601063 6.16177 8.273932 7.318555 7.839682 7.398071 8.364146 6.990821 6.468537 7.618289 9.080083 8.533287 8.712664 10.40788 10.4648 -9999 -9999 -9999 -9999 7.179817 19.26801 -9999 -9999 7.502231 5.88438 5.897055 5.182206 4.655162 5.945453 6.80784 6.008692 5.773005 7.881052 7.49079 7.142926 18.61042 -9999 -9999 -9999 -9999 -9999 -9999 -9999 19.38653 6.707414 7.458577 7.964964 8.028351 7.410523 7.930927 6.890959 -9999 -9999 -9999 -9999 -9999 -9999 -9999 -9999 -9999 -9999 -9999 -9999 -9999 -9999 -9999 -9999 -9999 -9999 -9999 -9999 -9999 -9999
6.516695 6.526829 6.069766 7.328142 8.057269 10.60232 7.184504 6.930385 6.758983 7.080327 7.961987 9.496371 10.08898 10.60992 8.520854 7.981724 20.17288 -9999 -9999 19.24038 6.610966 7.800458 6.416582 6.200343 6.504793 5.438201 4.548026 4.798907 6.319764 6.224582 5.730027 7.66555 6.613853 6.409879 7.561057 7.142885 18.26096 -9999 -9999 -9999 -9999 -9999 19.16749 7.126666 8.534832 8.500903 7.892916 7.224394 7.170093 8.538443 6.530804 -9999 -9999 -9999 -9999 -9999 -9999 -9999 -9999 -9999 -9999 -9999 -9999 -9999 -9999 -9999 -9999 -9999 -9999 -9999 -9999 -9999 -9999
7.725965 7.835377 6.825795 6.250332 6.416087 6.973942 11.21546 11.34145 7.48255 7.742071 7.440395 7.200219 7.309475 8.195148 8.98427 15.13845 8.963366 8.246079 20.62784 9.052694 6.538731 6.68587 6.250594 5.646504 6.019158 6.006232 5.350267 6.215577 6.229975 6.146478 6.883798 6.506073 5.668352 6.667307 7.356797 7.636611 6.351106 7.126721 -9999 7.63805 7.847187 7.379773 7.186519 6.926246 7.285849 8.346228 8.567101 9.596826 10.92938 9.382581 6.291145 -9999 -9999 -9999 -9999 -9999 -9999 -9999 -9999 -9999 -9999 -9999 -9999 -9999 -9999 -9999 -9999 -9999 -9999 -9999 -9999 -9999 -9999
8.232662 8.674308 7.565602 6.720319 6.427267 6.797693 10.97854 7.73272 11.62121 12.0028 8.563164 7.786561 7.877707 7.691957 7.469219 14.4644 9.378414 10.70273 7.747315 7.970881 6.86047 6.063219 6.336515 5.69175 5.393071 5.947896 6.337351 6.317007 6.780882 6.99754 6.352422 5.443415 5.630712 6.259221 7.793742 6.040072 6.896441 8.302026 8.910543 9.717553 8.141664 7.252581 7.030205 8.269443 7.965247 8.69113 8.330772 7.593515 7.717558 7.205396 8.990923 -9999 -9999 -9999 -9999 -9999 -9999 -9999 -9999 -9999 -9999 -9999 -9999 -9999 -9999 -9999 -9999 -9999 -9999 -9999 -9999 -9999 -9999
9.720275 11.58517 10.19345 6.788457 6.67467 10.65527 7.309959 7.389938 7.362215 7.733341 12.38369 8.008826 9.277943 8.761746 8.704576 7.969321 15.71145 8.183706 6.73197 6.482377 6.21072 6.147114 5.850114 6.105169 5.551883 5.225843 6.554638 5.651497 7.421031 6.280251 5.360681 5.522117 6.125996 7.360363 5.776875 6.426709 7.761234 6.449458 7.051816 7.731805 9.247025 7.375647 8.857641 7.542394 8.66744 9.717225 8.015816 8.192964 8.269815 7.698637 11.63743 6.526447 -9999 -9999 -9999 -9999 -9999 -9999 -9999 -9999 -9999 -9999 -9999 -9999 -9999 -9999 -9999 -9999 -9999 -9999 -9999 -9999 -9999
7.98735 8.473789 7.324349 9.454067 9.985032 7.284157 7.558235 7.665855 7.327487 7.767312 8.712426 12.02388 12.18581 8.620436 12.4052 8.120302 15.28322 8.392181 6.539073 5.645936 5.309297 5.274413 5.770089 5.513293 5.693514 5.565415 6.293197 7.344776 5.87387 5.325927 5.544062 5.983728 7.277146 6.137943 6.531277 6.975066 6.338718 5.896768 6.668016 7.573887 8.489013 7.682479 7.507208 8.008604 10.42922 11.63618 8.770335 7.541386 7.652082 9.02717 11.49111 7.434169 -9999 -9999 -9999 -9999 -9999 -9999 -9999 -9999 -9999 -9999 -9999 -9999 -9999 -9999 -9999 -9999 -9999 -9999 -9999 -9999 -9999
7.202836 7.810556 6.092793 6.910579 7.423566 9.236827 9.843431 7.252346 7.251435 7.407778 8.431049 8.141207 8.340831 12.02206 7.436849 14.03951 8.064407 7.204166 5.916879 5.269177 4.987842 4.972469 5.077198 5.096397 5.403869 6.243808 6.000602 6.978218 5.48214 5.588069 4.884908 5.882225 6.931965 7.079973 6.472826 5.299467 5.450817 6.453147 7.582363 7.300473 6.540539 6.669647 8.637402 8.774275 8.566199 11.14383 11.38659 7.75472 8.142696 8.702723 11.58066 8.136586 -9999 -9999 -9999 -9999 -9999 -9999 -9999 -9999 -9999 -9999 -9999 -9999 -9999 -9999 -9999 -9999 -9999 -9999 -9999 -9999 -9999
6.818435 7.376037 6.171334 6.953474 8.087367 7.065694 6.538842 9.655849 6.864794 7.399153 8.514212 8.563069 8.181876 8.750112 7.941691 13.32571 13.09897 6.715804 5.912435 5.098265 4.935691 4.7319 4.806172 4.918654 5.159278 5.708482 7.362095 6.107025 6.185479 5.972045 5.419429 6.599379 6.919333 5.584204 5.403062 5.025219 6.315763 7.275615 5.908773 6.433683 6.8391 7.847508 9.341135 10.49548 12.03899 8.518203 9.401056 8.808193 8.414369 8.550976 11.80782 6.840795 -9999 -9999 -9999 -9999 -9999 -9999 -9999 -9999 -9999 -9999 -9999 -9999 -9999 -9999 -9999 -9999 -9999 -9999 -9999 -9999 -9999
6.931543 6.535421 6.937295 8.081132 6.746817 6.393839 6.760402 7.278575 9.78272 10.55692 7.498148 7.918204 8.163667 9.210119 14.59571 8.03686 7.784406 11.84628 6.094998 6.649573 6.228199 5.611028 5.284521 6.094022 5.64931 5.961137 5.373204 5.892721 5.988791 5.354844 6.006501 6.055206 5.43949 5.562972 6.428788 6.544428 6.330916 5.34855 6.319205 5.693479 6.997594 6.954786 8.23084 11.37568 12.21731 8.27483 9.343703 10.61361 11.18955 10.3104 12.0694 6.333679 -9999 -9999 -9999 -9999 -9999 -9999 -9999 -9999 -9999 -9999 -9999 -9999 -9999 -9999 -9999 -9999 -9999 -9999 -9999 -9999 -9999
6.455507 6.708534 7.219898 7.716506 6.566579 6.347549 7.359735 6.948734 5.72471 11.80206 12.33258 12.67565 12.93196 7.240665 13.46392 7.81464 7.864416 7.130423 11.76509 8.278577 7.488231 6.605781 6.406242 5.721927 6.175454 5.457075 5.443939 4.905638 5.34265 5.954022 6.029699 5.907316 8.214967 5.582475 5.860513 6.349699 6.397053 6.726952 7.071787 7.623038 5.616251 6.929693 8.029767 10.38912 10.65428 12.90528 12.32992 12.52506 9.435671 8.149243 12.39513 6.053479 -9999 -9999 -9999 -9999 -9999 -9999 -9999 -9999 -9999 -9999 -9999 -9999 -9999 -9999 -9999 -9999 -9999 -9999 -9999 -9999 -9999
6.355678 6.481498 6.280783 6.56017 6.775592 7.698594 7.287558 5.808393 11.30231 6.547516 7.410208 7.995479 7.253599 12.29198 9.139458 6.761816 7.236257 7.40613 12.06466 8.336657 7.266485 6.511989 5.96826 6.30739 6.364904 5.70021 5.842755 5.439024 5.437972 5.885096 6.764142 6.403683 5.310739 6.183978 5.948308 5.012097 5.909262 6.939795 7.718606 8.33823 8.220316 7.813326 8.201907 9.607707 12.17172 9.198577 8.076839 7.691488 14.83406 9.834037 7.065851 11.62968 -9999 -9999 -9999 -9999 -9999 -9999 -9999 -9999 -9999 -9999 -9999 -9999 -9999 -9999 -9999 -9999 -9999 -9999 -9999 -9999 -9999
7.196846 6.317425 5.887536 5.929647 6.460865 6.968385 7.338534 7.309747 11.41666 6.455667 6.909225 7.464124 7.762508 8.132568 6.057053 8.490164 7.894895 6.690682 12.02117 6.704981 6.607965 6.080816 6.335075 7.234 8.274006 7.820878 6.558838 6.297996 5.932197 6.49418 6.950948 7.245325 6.085329 5.69249 5.736857 5.529545 5.109231 5.933332 5.844679 6.413477 6.63851 6.697178 6.51528 9.167555 9.390577 8.419396 9.082479 8.503651 14.22684 8.87089 7.601633 11.49764 6.58007 -9999 -9999 -9999 -9999 -9999 -9999 -9999 -9999 -9999 -9999 -9999 -9999 -9999 -9999 -9999 -9999 -9999 -9999 -9999 -9999
6.627197 7.000152 6.544545 6.690786 6.751844 6.874109 6.692621 11.60596 5.733659 6.012077 6.321278 6.769536 7.343783 7.003696 6.905035 6.006837 6.719326 9.090831 10.3155 11.2737 6.008422 6.555775 7.381018 8.088734 5.723496 6.615837 7.396998 7.550443 6.687299 7.609792 7.603755 6.416497 8.11952 6.981107 5.727374 5.886256 5.771787 5.364232 5.57824 5.93034 7.311452 6.362332 6.195679 9.368498 7.784012 6.637879 7.563221 11.96827 9.370208 15.34772 8.21857 11.43492 7.215256 -9999 -9999 -9999 -9999 -9999 -9999 -9999 -9999 -9999 -9999 -9999 -9999 -9999 -9999 -9999 -9999 -9999 -9999 -9999 -9999
7.388871 7.184875 6.965075 6.246939 7.104512 7.534454 6.999299 11.93996 8.340491 5.319133 5.590284 6.458421 6.517833 6.005983 6.392837 5.526848 7.661639 8.066991 5.829874 9.120011 11.99253 7.816122 8.770634 6.353648 6.058884 6.788891 5.925231 8.029711 7.693085 7.586791 5.944659 5.439537 6.273469 7.878235 7.545446 5.897072 5.912082 6.883729 5.388683 5.443514 6.089485 8.940818 9.681936 7.738408 6.338472 6.75363 11.13735 7.828569 8.342675 13.18653 9.290003 11.44475 8.78505 -9999 -9999 -9999 -9999 -9999 -9999 -9999 -9999 -9999 -9999 -9999 -9999 -9999 -9999 -9999 -9999 -9999 -9999 -9999 -9999
8.893316 7.886593 7.254881 6.61674 6.945983 7.59596 12.27375 6.628219 8.197177 5.502758 5.296884 6.33642 5.658148 5.369802 5.969449 7.221783 8.593033 5.168007 4.946452 5.463777 6.321563 11.45801 11.40908 7.186253 6.831398 7.022432 7.436779 7.889521 7.379204 7.64218 6.338445 6.131996 5.465725 6.211551 8.767108 7.260715 6.290905 5.952469 5.99503 5.008521 6.163269 7.852609 6.2966 7.066713 6.715471 10.95068 7.247829 6.828825 6.41021 7.609685 12.92225 10.10255 7.688151 -9999 -9999 -9999 -9999 -9999 -9999 -9999 -9999 -9999 -9999 -9999 -9999 -9999 -9999 -9999 -9999 -9999 -9999 -9999 -9999
8.432465 11.96359 7.316546 7.180046 7.040683 6.871545 12.25211 6.435138 7.954741 5.982352 6.329823 5.794017 5.642872 5.680766 5.669166 6.946573 8.846504 5.196677 5.63293 4.797703 5.727605 5.998872 6.685004 10.4586 10.95018 12.47309 11.81712 8.012355 8.024178 8.209536 7.77782 6.584656 6.634757 5.998345 6.498944 8.939563 7.506697 6.179784 5.932526 5.05694 5.616829 7.482495 6.284604 6.729283 10.77152 7.337461 6.790154 6.38976 6.958694 6.649076 7.934075 10.33421 6.782585 -9999 -9999 -9999 -9999 -9999 -9999 -9999 -9999 -9999 -9999 -9999 -9999 -9999 -9999 -9999 -9999 -9999 -9999 -9999 -9999
11.29978 7.324148 12.46637 12.51477 12.39784 7.429059 13.04242 6.704633 5.984553 8.20035 9.162007 7.232117 8.507334 6.27681 6.344989 6.299042 9.905671 6.178808 5.544185 6.033335 5.542786 5.113208 6.151686 5.766455 6.163036 7.419076 7.276772 11.93829 12.78889 8.553098 8.221101 7.117716 6.611466 6.195317 6.111158 8.210781 9.037031 6.602204 6.22381 5.806983 7.056108 6.568721 6.341829 5.770928 6.808568 11.79116 10.40119 7.105794 6.553463 6.568182 6.308762 10.38229 6.460701 -9999 -9999 -9999 -9999 -9999 -9999 -9999 -9999 -9999 -9999 -9999 -9999 -9999 -9999 -9999 -9999 -9999 -9999 -9999 -9999
7.762218 9.638261 9.235474 7.091232 7.231158 11.91964 13.18506 7.648794 6.239297 6.207673 6.603871 8.024994 7.921558 6.454401 6.24095 7.125711 8.270262 8.311076 6.962921 5.88154 6.015868 7.165659 6.593542 5.979687 5.556056 6.590731 7.141417 7.22903 7.987319 11.5576 10.02911 6.413301 5.89982 6.341161 6.761926 7.099942 9.971194 7.561683 6.874091 6.853541 6.519605 6.097447 6.226104 6.715057 10.35309 6.964241 6.991737 9.396235 7.047745 6.624792 6.03055 10.27555 6.856597 -9999 -9999 -9999 -9999 -9999 -9999 -9999 -9999 -9999 -9999 -9999 -9999 -9999 -9999 -9999 -9999 -9999 -9999 -9999 -9999
8.378326 8.667731 7.450176 8.418102 9.379234 6.843404 11.882 8.049859 6.734842 6.446343 6.023011 6.678402 7.17452 8.348596 6.398202 6.361216 6.653246 6.350564 6.375341 7.406371 8.94872 6.128982 5.780409 5.929152 6.713812 5.990187 6.172414 7.437218 7.697388 7.030225 10.84821 6.182409 6.056007 6.464203 6.91095 7.818185 9.524932 9.892992 8.197534 8.80883 7.261817 8.03194 9.630071 9.783284 8.034211 6.396517 6.742877 7.299682 10.76676 6.837316 11.67714 7.193492 6.654139 -9999 -9999 -9999 -9999 -9999 -9999 -9999 -9999 -9999 -9999 -9999 -9999 -9999 -9999 -9999 -9999 -9999 -9999 -9999 -9999
7.715727 7.889562 7.334582 7.344695 8.091906 8.869083 11.57633 8.167839 8.344164 7.500106 6.017444 5.914158 6.156264 8.79073 7.76855 6.592041 6.376925 6.509658 6.287968 6.246158 6.483526 9.455035 8.316417 6.712662 6.02033 6.475534 6.47824 7.240899 6.485975 6.349178 7.279744 10.27419 7.059582 7.85302 7.347453 6.831901 7.29685 9.394254 10.56803 10.44172 9.552319 10.34213 6.985573 6.404755 7.669864 6.781271 8.187875 10.47549 9.395682 9.216965 12.26367 6.748085 6.961859 -9999 -9999 -9999 -9999 -9999 -9999 -9999 -9999 -9999 -9999 -9999 -9999 -9999 -9999 -9999 -9999 -9999 -9999 -9999 -9999
7.230543 6.820189 6.911681 7.269955 7.82573 6.962888 8.210386 11.44859 12.51168 8.168716 7.548167 6.773824 8.274831 6.096899 6.137052 6.513343 6.756457 6.716795 6.364821 6.436293 6.46191 7.741848 12.6092 10.99619 10.35295 6.897934 7.235031 8.113816 7.005212 6.544003 6.997973 7.866491 10.69563 7.642571 6.99938 7.013548 7.244693 8.343293 7.558008 10.62788 10.14995 6.765382 6.099521 7.39748 6.17402 6.977648 8.905131 8.852628 7.030284 7.398549 7.528213 12.17471 9.785094 -9999 -9999 -9999 -9999 -9999 -9999 -9999 -9999 -9999 -9999 -9999 -9999 -9999 -9999 -9999 -9999 -9999 -9999 -9999 -9999
6.621892 6.36092 6.664692 6.565604 6.616215 6.591986 7.599764 6.356363 6.99394 11.98512 12.83565 8.419879 9.852098 7.436762 6.910817 6.602933 6.619744 6.177277 6.828186 7.699619 8.769281 9.731019 8.731047 9.343294 8.799231 11.97908 11.22243 7.241195 6.805208 7.131834 6.722199 6.952686 7.810342 9.810141 8.263943 7.438582 7.556122 6.999032 7.099963 7.131114 5.970232 5.676919 5.72734 6.166178 6.025289 6.0623 7.583582 7.509933 6.715276 6.813831 7.496032 9.464728 9.637796 -9999 -9999 -9999 -9999 -9999 -9999 -9999 -9999 -9999 -9999 -9999 -9999 -9999 -9999 -9999 -9999 -9999 -9999 -9999 -9999
6.25023 6.291242 6.566815 5.980718 6.274255 6.574551 7.109068 8.778102 6.748014 7.072875 7.384512 12.0298 11.00401 9.480462 8.893535 7.879543 7.262511 7.352781 6.677637 6.848299 7.433805 7.88212 9.618937 8.387592 8.614053 8.651762 8.097271 11.30418 10.6934 6.728687 7.185084 7.356771 8.782269 10.05295 9.145733 8.581166 6.7532 6.419901 6.504192 6.616183 5.839028 6.020829 7.03315 6.032809 5.817253 5.740014 6.890853 6.34462 6.439245 7.847051 9.640821 8.087831 9.621431 6.660917 9.529571 -9999 -9999 -9999 -9999 -9999 -9999 -9999 -9999 -9999 -9999 -9999 -9999 -9999 -9999 -9999 -9999 -9999 -9999
6.06757 6.314584 6.323904 6.158606 6.570922 7.005727 7.756005 7.595973 10.2536 10.8258 11.07571 7.125234 7.415034 12.49787 13.48346 7.89339 7.577468 9.181607 7.657979 6.934905 6.931014 8.881626 8.179546 8.632734 8.133429 7.932295 9.267809 9.881005 8.551527 11.53255 11.22866 7.214764 13.98826 14.66605 10.5617 8.029974 6.864254 6.116079 6.692677 7.165747 6.432337 5.820006 5.510614 5.804615 6.138445 7.266565 6.50787 5.834797 6.545786 7.453996 7.608408 7.469952 9.592576 6.891798 9.299386 6.119527 -9999 5.631597 -9999 -9999 -9999 -9999 -9999 -9999 -9999 -9999 -9999 -9999 -9999 -9999 -9999 -9999 -9999
6.13092 6.50262 6.3053 6.439496 6.179652 6.703839 6.856936 7.776903 8.689418 8.905599 7.428908 9.816919 11.24037 6.852761 7.191495 12.0512 12.3358 7.694013 7.819056 8.536461 7.839113 9.721205 8.578 8.588437 8.598526 8.418122 8.164215 8.496082 8.869306 7.883971 7.676104 14.62904 9.804049 16.4223 9.937675 8.900846 8.569965 7.778666 7.665379 8.108907 7.687757 6.918029 6.85722 6.434113 6.891651 9.401412 6.426445 6.063441 5.273766 5.946788 6.159899 7.282489 9.608655 7.101588 9.328949 6.132556 8.73019 -9999 -9999 -9999 -9999 -9999 -9999 -9999 -9999 -9999 -9999 -9999 -9999 -9999 -9999 -9999 -9999
